0 83.0644371483795 89.7179184458266 82.8121221055163 86.244333621487 90.7130452308731 89.4146434103275 90.6195279672517 92.746511976424 93.2406480970185 93.8695393608146 95.0268647401715 95.9607138903425 96.3203706635004 97.0739387841968 98.0829733544274 98.2647235644842 98.8024316760961
83.0644371483795 0 83.4237095067911 86.0558491669947 82.9928792721702 86.4849761067141 90.4768913632058 89.5836273883401 90.5462674700917 93.7254882083055 93.3633888075296 93.8052292058596 96.2348133993363 96.0239071843584 96.3028052665422 98.2717352480585 98.0861975585236 98.2970521031312
89.7179184458266 83.4237095067911 0 90.5920828926628 86.4923057750861 83.1753602224 92.8112090992095 90.7044962653889 89.5346011286482 95.0272110560939 93.8831950320952 93.3369148728647 97.0384724719067 96.3241123370808 96.0144223801158 98.8203644038566 98.2979282289972 98.1271587346882
82.8121221055163 86.0558491669947 90.5920828926628 0 82.7904852700986 89.5757259424425 83.0763750247819 86.3707511735891 90.5063875388962 89.5400954610409 90.7181924361618 92.7595107667372 93.3424588451775 93.9088948262716 95.0994276847109 96.0603117337997 96.3233189829981 97.0968420112054
86.244333621487 82.9928792721702 86.4923057750861 82.7904852700986 0 83.4065968778756 86.1839239457162 83.2288531144737 86.3043239742624 90.4701555291777 89.6335357803196 90.5981034418216 93.7543555418885 93.366702795329 93.8610704716629 96.3032632375879 96.0189308332742 96.3366057893889
90.7130452308731 86.4849761067141 83.1753602224 89.5757259424425 83.4065968778756 0 90.6332080362372 86.4597547546431 82.9506319314079 92.7351263761556 90.6258929523465 89.5026067200782 94.9970761473406 93.8194324224601 93.292932568654 97.0732650850057 96.2954794079414 96.0244946073202
89.4146434103275 90.4768913632058 92.8112090992095 83.0763750247819 86.1839239457162 90.6332080362372 0 83.0676454098877 89.5024507362176 83.0626237188121 86.5618947762908 90.5898843584657 89.5620761721923 90.7426829801471 92.8916814934418 93.3876404892071 93.8634863045654 95.111222287759
90.6195279672517 89.5836273883401 90.7044962653889 86.3707511735891 83.2288531144737 86.4597547546431 83.0676454098877 0 82.9992114464176 86.0619845764311 83.0937623154392 86.2054243194001 90.4265064457158 89.5200838254179 90.584560532224 93.7877755111182 93.2809227751176 93.8156512011454
92.746511976424 90.5462674700917 89.5346011286482 90.5063875388962 86.3043239742624 82.9506319314079 89.5024507362176 82.9992114464176 0 90.4602259570971 86.2749031467855 83.1126632580505 92.6764787574579 90.5670925537814 89.5536569995072 95.0550887171418 93.8296389731112 93.3827684771161
93.2406480970185 93.7254882083055 95.0272110560939 89.5400954610409 90.4701555291777 92.7351263761556 83.0626237188121 86.0619845764311 90.4602259570971 0 83.1061746471897 89.4265747795253 83.1173418489648 86.4985295737012 90.6747205920605 89.6362697085246 90.6102264045658 92.8127035934476
93.8695393608146 93.3633888075296 93.8831950320952 90.7181924361618 89.6335357803196 90.6258929523465 86.5618947762908 83.0937623154392 86.2749031467855 83.1061746471897 0 82.8069531576984 86.1367190628376 83.0021981071251 86.2762810810211 90.5767071382166 89.4611637299778 90.5302583021295
95.0268647401715 93.8052292058596 93.3369148728647 92.7595107667372 90.5981034418216 89.5026067200782 90.5898843584657 86.2054243194001 83.1126632580505 89.4265747795253 82.8069531576984 0 90.4332185998703 86.1782324371334 83.05399824627 92.7797802379872 90.5801811595835 89.6028099785569
95.9607138903425 96.2348133993363 97.0384724719067 93.3424588451775 93.7543555418885 94.9970761473406 89.5620761721923 90.4265064457158 92.6764787574579 83.1173418489648 86.1367190628376 90.4332185998703 0 83.1142415485417 89.578776114591 83.2144704034062 86.2225772417472 90.5386993551166
96.3203706635004 96.0239071843584 96.3241123370808 93.9088948262716 93.366702795329 93.8194324224601 90.7426829801471 89.5200838254179 90.5670925537814 86.4985295737012 83.0021981071251 86.1782324371334 83.1142415485417 0 83.1020203599715 86.4402477441197 82.9808442910141 86.1800717318322
97.0739387841968 96.3028052665422 96.0144223801158 95.0994276847109 93.8610704716629 93.292932568654 92.8916814934418 90.584560532224 89.5536569995072 90.6747205920605 86.2762810810211 83.05399824627 89.578776114591 83.1020203599715 0 90.7406716305809 86.5009528454294 83.2194363214858
98.0829733544274 98.2717352480585 98.8203644038566 96.0603117337997 96.3032632375879 97.0732650850057 93.3876404892071 93.7877755111182 95.0550887171418 89.6362697085246 90.5767071382166 92.7797802379872 83.2144704034062 86.4402477441197 90.7406716305809 0 83.0769007395978 89.5736134087337
98.2647235644842 98.0861975585236 98.2979282289972 96.3233189829981 96.0189308332742 96.2954794079414 93.8634863045654 93.2809227751176 93.8296389731112 90.6102264045658 89.4611637299778 90.5801811595835 86.2225772417472 82.9808442910141 86.5009528454294 83.0769007395978 0 83.1264872262882
98.8024316760961 98.2970521031312 98.1271587346882 97.0968420112054 96.3366057893889 96.0244946073202 95.111222287759 93.8156512011454 93.3827684771161 92.8127035934476 90.5302583021295 89.6028099785569 90.5386993551166 86.1800717318322 83.2194363214858 89.5736134087337 83.1264872262882 0
