0 82.7487131733373 89.3828740264571 83.128783871373 86.1741132706116 90.6056350738159 89.6762767876769 90.5972200966801 92.7169789900111 93.3380122641755 93.8521771134996 95.0836362264959 96.0923059410199 96.3102126503934 97.057064291867 98.1315936818725 98.3024195986396 98.8298042564522
82.7487131733373 0 83.0699832951336 86.298363915968 83.0349674601914 86.467300766117 90.605995353398 89.5221279512996 90.5639396386759 93.8056447360475 93.3370186960312 93.876337325117 96.3400134632415 96.0306946273431 96.3191966339541 98.3006116206581 98.1050802575052 98.3218478235295
89.3828740264571 83.0699832951336 0 90.5680311847648 86.2480143539357 82.983652073083 92.7383984100575 90.475170389276 89.4583508354216 95.0174674430886 93.7728538033643 93.3286359017613 97.0669224664347 96.2983535813755 96.0218097251178 98.7980040764927 98.2619347503911 98.1132975336714
83.128783871373 86.298363915968 90.5680311847648 0 83.0869273240264 89.7156603510253 83.2886256143188 86.4579151040103 90.6087959261379 89.5294046209745 90.6719941607058 92.890022868827 93.4146438674672 93.8432869335237 95.0695837809469 96.0427868196867 96.3303266959558 97.1231457747212
86.1741132706116 83.0349674601914 86.2480143539357 83.0869273240264 0 83.397537941668 86.2868703164281 83.067325065835 86.3166514422284 90.5807937960267 89.5733667561085 90.6939299931949 93.8803252175994 93.361603791027 93.8565813157064 96.3307659296255 96.0320980846278 96.358740299093
90.6056350738159 86.467300766117 82.983652073083 89.7156603510253 83.397537941668 0 90.650699956778 86.3090131514725 82.9984018293567 92.8576173791171 90.6037133505782 89.5879012604165 95.1223102632204 93.8846803285481 93.3696497224674 97.1183639454575 96.311982000588 96.0563132490432
89.6762767876769 90.605995353398 92.7383984100575 83.2886256143188 86.2868703164281 90.650699956778 0 83.1048229109275 89.446514671033 82.829146954081 86.2479225884328 90.5852875454117 89.563710748743 90.4677788358534 92.6754896659092 93.2945164445303 93.7757253564047 95.0403810298744
90.5972200966801 89.5221279512996 90.475170389276 86.4579151040103 83.067325065835 86.3090131514725 83.1048229109275 0 82.8429600861315 86.4617888382659 83.1371812667771 86.3788387331409 90.71306458725 89.597818455234 90.5733013881949 93.8974065668373 93.3539773022394 93.8776992518457
92.7169789900111 90.5639396386759 89.4583508354216 90.6087959261379 86.3166514422284 82.9984018293567 89.446514671033 82.8429600861315 0 90.6303164180576 86.2457205489439 83.2384321202064 92.8285840431845 90.6743015466961 89.6404008053622 95.1102939914565 93.8368965334624 93.4091462282402
93.3380122641755 93.8056447360475 95.0174674430886 89.5294046209745 90.5807937960267 92.8576173791171 82.829146954081 86.4617888382659 90.6303164180576 0 83.4013112991176 89.7154996623371 83.3536355854028 86.344054056689 90.60140395774 89.6117210563064 90.6813389159594 92.9076627341693
93.8521771134996 93.3370186960312 93.7728538033643 90.6719941607058 89.5733667561085 90.6037133505782 86.2479225884328 83.1371812667771 86.2457205489439 83.4013112991176 0 83.0826966319062 86.4663340916836 83.1183024026398 86.1616145731851 90.6891117168801 89.5473056602779 90.630608622865
95.0836362264959 93.876337325117 93.3286359017613 92.890022868827 90.6939299931949 89.5879012604165 90.5852875454117 86.3788387331409 83.2384321202064 89.7154996623371 83.0826966319062 0 90.6662650681092 86.4976481997536 83.1083322217238 92.884008705962 90.5757048706763 89.5804396442796
96.0923059410199 96.3400134632415 97.0669224664347 93.4146438674672 93.8803252175994 95.1223102632204 89.563710748743 90.71306458725 92.8285840431845 83.3536355854028 86.4663340916836 90.6662650681092 0 82.8031304678845 89.4125494238845 82.9274386340269 86.2527920258818 90.6058340503044
96.3102126503934 96.0306946273431 96.2983535813755 93.8432869335237 93.361603791027 93.8846803285481 90.4677788358534 89.597818455234 90.6743015466961 86.344054056689 83.1183024026398 86.4976481997536 82.8031304678845 0 83.0768749249709 86.326341874663 83.0462565166762 86.5273054069514
97.057064291867 96.3191966339541 96.0218097251178 95.0695837809469 93.8565813157064 93.3696497224674 92.6754896659092 90.5733013881949 89.6404008053622 90.60140395774 86.1616145731851 83.1083322217238 89.4125494238845 83.0768749249709 0 90.5906297577071 86.0960919903842 83.1227191924407
98.1315936818725 98.3006116206581 98.7980040764927 96.0427868196867 96.3307659296255 97.1183639454575 93.2945164445303 93.8974065668373 95.1102939914565 89.6117210563064 90.6891117168801 92.884008705962 82.9274386340269 86.326341874663 90.5906297577071 0 83.4359132990991 89.7297379646672
98.3024195986396 98.1050802575052 98.2619347503911 96.3303266959558 96.0320980846278 96.311982000588 93.7757253564047 93.3539773022394 93.8368965334624 90.6813389159594 89.5473056602779 90.5757048706763 86.2527920258818 83.0462565166762 86.0960919903842 83.4359132990991 0 83.0765557413999
98.8298042564522 98.3218478235295 98.1132975336714 97.1231457747212 96.358740299093 96.0563132490432 95.0403810298744 93.8776992518457 93.4091462282402 92.9076627341693 90.630608622865 89.5804396442796 90.6058340503044 86.5273054069514 83.1227191924407 89.7297379646672 83.0765557413999 0
