0 83.0005613219601 89.5124467132601 83.3516408991788 86.4619174285617 90.5779372143962 89.6475404933539 90.6658371819937 92.8482637820905 93.4457648755925 93.829763008918 95.0860092905682 96.02810564173 96.3552527727223 97.1357955996624 98.1493405505391 98.2925836185896 98.8102630489234
83.0005613219601 0 83.0799598967219 86.279259244724 83.1050846091165 86.3525250036684 90.6573588836447 89.6431078932041 90.6460239212842 93.9066428587181 93.3258298559234 93.8454329016382 96.2967970345701 96.0468819686651 96.3807818824927 98.3084256744338 98.0940194247674 98.2990052525014
89.5124467132601 83.0799598967219 0 90.5191642762679 86.178638673458 83.2040152032083 92.8339217534464 90.674781993456 89.5503185252231 95.1111684901553 93.8171281849867 93.3283154223297 97.0563970618979 96.3102734013593 96.0975059495185 98.805890471512 98.2704537632134 98.1185466074455
83.3516408991788 86.279259244724 90.5191642762679 0 83.0806166806504 89.3756480338061 83.004328145383 86.1295332150471 90.5383805257885 89.5788423512466 90.4354810611553 92.7125239503275 93.2522123273303 93.7931230624339 95.0391130027091 96.0078213913377 96.2331490048282 96.9977338732385
86.4619174285617 83.1050846091165 86.178638673458 83.0806166806504 0 82.7254981159523 86.5433431986348 83.2467882932647 86.2896541470358 90.7439564600885 89.5245145268913 90.5628710592483 93.8401217828343 93.3609929941186 93.8905062703903 96.3373900445809 96.0018179588665 96.2946339239636
90.5779372143962 86.3525250036684 83.2040152032083 89.3756480338061 82.7254981159523 0 90.5942738310346 86.3391105632245 82.9544883450968 92.8020542948032 90.5148628429857 89.475452088092 95.0062097608685 93.7833630067324 93.3944498829231 97.0356896551859 96.2474815957816 96.0064616110239
89.6475404933539 90.6573588836447 92.8339217534464 83.004328145383 86.5433431986348 90.5942738310346 0 83.087894959004 89.7097849262447 83.2129017633819 86.2639477861582 90.677609412908 89.4637163274774 90.648757917713 92.8592116894719 93.3441861900056 93.7924997585434 95.0344923113399
90.6658371819937 89.6431078932041 90.674781993456 86.1295332150471 83.2467882932647 86.3391105632245 83.087894959004 0 83.3864153997752 86.3207567319553 82.8579846899318 86.3542018175154 90.492886706433 89.5069105146361 90.6618485997823 93.7862309119643 93.2539475782291 93.7893272020586
92.8482637820905 90.6460239212842 89.5503185252231 90.5383805257885 86.2896541470358 82.9544883450968 89.7097849262447 83.3864153997752 0 90.7408344840147 86.4264101049184 83.0551881431207 92.8431580914121 90.6232708981988 89.7011958351884 95.085313994629 93.8191319777884 93.3584040690849
93.4457648755925 93.9066428587181 95.1111684901553 89.5788423512466 90.7439564600885 92.8020542948032 83.2129017633819 86.3207567319553 90.7408344840147 0 83.0665019325912 89.6557395410592 82.765178584304 86.3668082957353 90.6155104980631 89.4942101415541 90.4890319909907 92.7104420156576
93.829763008918 93.3258298559234 93.8171281849867 90.4354810611553 89.5245145268913 90.5148628429857 86.2639477861582 82.8579846899318 86.4264101049184 83.0665019325912 0 83.301811690423 86.3157801180808 83.2096520981364 86.510267489311 90.6126279258353 89.5361681581796 90.614840433183
95.0860092905682 93.8454329016382 93.3283154223297 92.7125239503275 90.5628710592483 89.475452088092 90.677609412908 86.3542018175154 83.0551881431207 89.6557395410592 83.301811690423 0 90.6827669343212 86.341523664783 83.4001963976434 92.817767395283 90.5895301460812 89.5951841387296
96.02810564173 96.2967970345701 97.0563970618979 93.2522123273303 93.8401217828343 95.0062097608685 89.4637163274774 90.492886706433 92.8431580914121 82.765178584304 86.3157801180808 90.6827669343212 0 83.3739551099036 89.5853320754985 83.2745603974638 86.388246661127 90.5838755697505
96.3552527727223 96.0468819686651 96.3102734013593 93.7931230624339 93.3609929941186 93.7833630067324 90.648757917713 89.5069105146361 90.6232708981988 86.3668082957353 83.2096520981364 86.341523664783 83.3739551099036 0 82.845119952081 86.349837403236 82.9208320600314 86.1122775596948
97.1357955996624 96.3807818824927 96.0975059495185 95.0391130027091 93.8905062703903 93.3944498829231 92.8592116894719 90.6618485997823 89.7011958351884 90.6155104980631 86.510267489311 83.4001963976434 89.5853320754985 82.845119952081 0 90.4731636866374 86.0778683474712 82.837413225036
98.1493405505391 98.3084256744338 98.805890471512 96.0078213913377 96.3373900445809 97.0356896551859 93.3441861900056 93.7862309119643 95.085313994629 89.4942101415541 90.6126279258353 92.817767395283 83.2745603974638 86.349837403236 90.4731636866374 0 82.9621015046416 89.3680787877666
98.2925836185896 98.0940194247674 98.2704537632134 96.2331490048282 96.0018179588665 96.2474815957816 93.7924997585434 93.2539475782291 93.8191319777884 90.4890319909907 89.5361681581796 90.5895301460812 86.388246661127 82.9208320600314 86.0778683474712 82.9621015046416 0 82.8325895007364
98.8102630489234 98.2990052525014 98.1185466074455 96.9977338732385 96.2946339239636 96.0064616110239 95.0344923113399 93.7893272020586 93.3584040690849 92.7104420156576 90.614840433183 89.5951841387296 90.5838755697505 86.1122775596948 82.837413225036 89.3680787877666 82.8325895007364 0
