0 83.3567280146036 89.6807842641812 83.1393827230915 86.4073893306885 90.5948971927596 89.5925950167778 90.6193524629113 92.7928702711806 93.3816215826465 93.894596271564 95.1086877386252 96.0808249086458 96.3713610414453 97.1259271466687 98.0991670557609 98.2777638079495 98.8123712761675
83.3567280146036 0 83.065724901492 86.385322439857 83.0321655391454 86.0768912501954 90.5224137570527 89.4809043935937 90.4625840965312 93.8324632732733 93.2988330091331 93.8027289563494 96.319201509731 96.0218190768 96.2912582513352 98.2518598209803 98.0501601489851 98.2526409283397
89.6807842641812 83.065724901492 0 90.7331933569614 86.5657543929496 83.2226740590068 92.8083146491351 90.7174896944112 89.6223206701907 95.1473385793043 93.8808062576395 93.4384019993419 97.1451186948371 96.3789263183497 96.0831441329873 98.8284899537981 98.3058101238079 98.1435162877281
83.1393827230915 86.385322439857 90.7331933569614 0 83.1105614995782 89.5494932765968 83.1053611007096 86.3198776720043 90.5865536975688 89.5877216898792 90.6820304378138 92.8386805089167 93.3937336705721 93.9016678664129 95.1246847850333 95.9985086723851 96.2780421765672 97.0683024075893
86.4073893306885 83.0321655391454 86.5657543929496 83.1105614995782 0 83.0454512387901 86.1011734059387 82.9866725828558 86.2336222015221 90.5835141707164 89.5204011871904 90.6145727072135 93.8384783057593 93.3522831089026 93.852655193552 96.2592489619422 95.9648615323647 96.2841499348329
90.5948971927596 86.0768912501954 83.2226740590068 89.5494932765968 83.0454512387901 0 90.4510637299298 86.3321543609514 83.0790684123065 92.8062994861893 90.5458799427072 89.6328415120125 95.0772999601392 93.852460878061 93.3708711797614 97.0477609956255 96.2790481529344 96.0337943745154
89.5925950167778 90.5224137570527 92.8083146491351 83.1053611007096 86.1011734059387 90.4510637299298 0 82.6980721244987 89.3616070679173 83.1397117218289 86.3216473998466 90.4952703314575 89.6270817395863 90.6269832254685 92.7953043275951 93.2984222784388 93.7511423299858 94.9961770399016
90.6193524629113 89.4809043935937 90.7174896944112 86.3198776720043 82.9866725828558 86.3321543609514 82.6980721244987 0 83.0770279832021 86.3361675555044 83.1136574569353 86.4129756620233 90.628930999368 89.620151454078 90.688645220348 93.7936140825171 93.2899800576996 93.830764947731
92.7928702711806 90.4625840965312 89.6223206701907 90.5865536975688 86.2336222015221 83.0790684123065 89.3616070679173 83.0770279832021 0 90.6037754459983 86.163716712198 83.2417466157822 92.8008944162007 90.6054147751271 89.6022584733747 95.032912952158 93.7930906221776 93.3510876701176
93.3816215826465 93.8324632732733 95.1473385793043 89.5877216898792 90.5835141707164 92.8062994861893 83.1397117218289 86.3361675555044 90.6037754459983 0 83.4194241245557 89.5754809169528 83.176020685377 86.4840360765166 90.7244605340208 89.4646016504741 90.5156051219137 92.7680064890729
93.894596271564 93.2988330091331 93.8808062576395 90.6820304378138 89.5204011871904 90.5458799427072 86.3216473998466 83.1136574569353 86.163716712198 83.4194241245557 0 82.7766926714275 86.4927865827688 83.1875202171011 86.3246757885095 90.6080903869722 89.4679105884972 90.5116203221267
95.1086877386252 93.8027289563494 93.4384019993419 92.8386805089167 90.6145727072135 89.6328415120125 90.4952703314575 86.4129756620233 83.2417466157822 89.5754809169528 82.7766926714275 0 90.5707928515514 86.2107322063338 83.0183674762913 92.7393053239758 90.4905371322949 89.4900420620439
96.0808249086458 96.319201509731 97.1451186948371 93.3937336705721 93.8384783057593 95.0772999601392 89.6270817395863 90.628930999368 92.8008944162007 83.176020685377 86.4927865827688 90.5707928515514 0 83.2242967356067 89.6559625764308 82.8067633742741 86.1141511893871 90.5059554465287
96.3713610414453 96.0218190768 96.3789263183497 93.9016678664129 93.3522831089026 93.852460878061 90.6269832254685 89.620151454078 90.6054147751271 86.4840360765166 83.1875202171011 86.2107322063338 83.2242967356067 0 83.1432304024943 86.3268646139341 82.8008052084326 86.1046441414998
97.1259271466687 96.2912582513352 96.0831441329873 95.1246847850333 93.852655193552 93.3708711797614 92.7953043275951 90.688645220348 89.6022584733747 90.7244605340208 86.3246757885095 83.0183674762913 89.6559625764308 83.1432304024943 0 90.6896200082368 86.3708554284413 83.0282559343317
98.0991670557609 98.2518598209803 98.8284899537981 95.9985086723851 96.2592489619422 97.0477609956255 93.2984222784388 93.7936140825171 95.032912952158 89.4646016504741 90.6080903869722 92.7393053239758 82.8067633742741 86.3268646139341 90.6896200082368 0 83.0970852429224 89.5396084705271
98.2777638079495 98.0501601489851 98.3058101238079 96.2780421765672 95.9648615323647 96.2790481529344 93.7511423299858 93.2899800576996 93.7930906221776 90.5156051219137 89.4679105884972 90.4905371322949 86.1141511893871 82.8008052084326 86.3708554284413 83.0970852429224 0 83.0386048536021
98.8123712761675 98.2526409283397 98.1435162877281 97.0683024075893 96.2841499348329 96.0337943745154 94.9961770399016 93.830764947731 93.3510876701176 92.7680064890729 90.5116203221267 89.4900420620439 90.5059554465287 86.1046441414998 83.0282559343317 89.5396084705271 83.0386048536021 0
