0 82.9646634894831 89.4815238350536 83.2508226548653 86.5573766798695 90.6642204092654 89.7044534447253 90.6567997434144 92.776992998169 93.3521090183573 93.9352196169737 95.0587013909318 96.0270578276284 96.3687159159675 97.083780890962 98.1662938057925 98.3384985008296 98.8663491397191
82.9646634894831 0 83.0572647301496 86.2784967633984 83.1283949182204 86.3427341309385 90.5517385735295 89.5315789439293 90.5090419720806 93.7599175252166 93.3470342627222 93.7804011344011 96.2438245391799 96.0097252522864 96.2813305028973 98.2952850450611 98.0956750703982 98.3134478388913
89.4815238350536 83.0572647301496 0 90.5908211203635 86.2235625667738 82.9400411462135 92.7409237442202 90.6112865407268 89.4798391452752 95.015571358886 93.831631895368 93.3140804134 97.0244355800664 96.2927718607361 96.0205045375128 98.8172374549637 98.2821523604366 98.1393209139308
83.2508226548653 86.2784967633984 90.5908211203635 0 83.392068516392 89.6994081771121 83.2190751231739 86.3431648280883 90.5899372790766 89.4871908912503 90.7061416180524 92.772387050509 93.2845286781639 93.8767510275076 95.0509929002031 96.0546499581218 96.3362059263158 97.1240508571513
86.5573766798695 83.1283949182204 86.2235625667738 83.392068516392 0 83.064050912302 86.315190598375 83.0001294529034 86.0454428242113 90.5422506266257 89.5428120024551 90.4490716796023 93.764812383372 93.3035295434412 93.7532793185295 96.3197333388836 95.9977847763398 96.30971568519
90.6642204092654 86.3427341309385 82.9400411462135 89.6994081771121 83.064050912302 0 90.6413686498504 86.5557177175982 83.0827130233244 92.8526032259064 90.6907992674658 89.5891504638373 95.0834091442241 93.8750140432886 93.3814701454574 97.1427540071071 96.3434602709784 96.0991739880368
89.7044534447253 90.5517385735295 92.7409237442202 83.2190751231739 86.315190598375 90.6413686498504 0 82.7610765811785 89.4237773781008 82.815891545217 86.312229952372 90.4271536177435 89.4041224313426 90.5626898338951 92.6697995547335 93.3341222722346 93.8033752035939 95.0520939409481
90.6567997434144 89.5315789439293 90.6112865407268 86.3431648280883 83.0001294529034 86.5557177175982 82.7610765811785 0 83.1386633817819 86.2018554976597 83.1514704369672 86.2573184674545 90.4929352584094 89.5445266926794 90.5665510230837 93.8463092221232 93.3318622327432 93.8884842792408
92.776992998169 90.5090419720806 89.4798391452752 90.5899372790766 86.0454428242113 83.0827130233244 89.4237773781008 83.1386633817819 0 90.6002457365645 86.3155471586394 83.1520600167328 92.7778051649096 90.6035233617626 89.6164992191125 95.1166901093744 93.8514469730195 93.4381416759365
93.3521090183573 93.7599175252166 95.015571358886 89.4871908912503 90.5422506266257 92.8526032259064 82.815891545217 86.2018554976597 90.6002457365645 0 83.3559102790287 89.5299874821668 83.049133546235 86.5521068014265 90.5947339384234 89.6768718303128 90.720391038883 92.9125495507505
93.9352196169737 93.3470342627222 93.831631895368 90.7061416180524 89.5428120024551 90.6907992674658 86.312229952372 83.1514704369672 86.3155471586394 83.3559102790287 0 82.7551159428483 86.3031269187218 82.9947688346134 86.0820371067017 90.6511666688232 89.5084413537099 90.5978870479159
95.0587013909318 93.7804011344011 93.3140804134 92.772387050509 90.4490716796023 89.5891504638373 90.4271536177435 86.2573184674545 83.1520600167328 89.5299874821668 82.7551159428483 0 90.5448464936984 86.188785793421 83.1366877820579 92.8244853295078 90.5630158019833 89.6667131541729
96.0270578276284 96.2438245391799 97.0244355800664 93.2845286781639 93.764812383372 95.0834091442241 89.4041224313426 90.4929352584094 92.7778051649096 83.049133546235 86.3031269187218 90.5448464936984 0 83.3608838022748 89.5075790617391 83.3578723165398 86.5498421709323 90.7289780426198
96.3687159159675 96.0097252522864 96.2927718607361 93.8767510275076 93.3035295434412 93.8750140432886 90.5626898338951 89.5445266926794 90.6035233617626 86.5521068014265 82.9947688346134 86.188785793421 83.3608838022748 0 82.6997401063236 86.5161893662545 83.0776818155522 86.3283356878713
97.083780890962 96.2813305028973 96.0205045375128 95.0509929002031 93.7532793185295 93.3814701454574 92.6697995547335 90.5665510230837 89.6164992191125 90.5947339384234 86.0820371067017 83.1366877820579 89.5075790617391 82.6997401063236 0 90.5973999578018 86.1519098334556 83.2541208759356
98.1662938057925 98.2952850450611 98.8172374549637 96.0546499581218 96.3197333388836 97.1427540071071 93.3341222722346 93.8463092221232 95.1166901093744 89.6768718303128 90.6511666688232 92.8244853295078 83.3578723165398 86.5161893662545 90.5973999578018 0 83.3888175255834 89.6563776110067
98.3384985008296 98.0956750703982 98.2821523604366 96.3362059263158 95.9977847763398 96.3434602709784 93.8033752035939 93.3318622327432 93.8514469730195 90.720391038883 89.5084413537099 90.5630158019833 86.5498421709323 83.0776818155522 86.1519098334556 83.3888175255834 0 82.9763875138227
98.8663491397191 98.3134478388913 98.1393209139308 97.1240508571513 96.30971568519 96.0991739880368 95.0520939409481 93.8884842792408 93.4381416759365 92.9125495507505 90.5978870479159 89.6667131541729 90.7289780426198 86.3283356878713 83.2541208759356 89.6563776110067 82.9763875138227 0
