0 82.7001971365312 89.3623404717722 83.1386160521705 86.26762752029 90.4466593296506 89.6021189592521 90.5999221752455 92.7092365962797 93.3574327790348 93.8755500899955 95.0841122565147 96.059256506396 96.3337213362819 97.0867059706883 98.1048628570632 98.2805870435904 98.7816645360635
82.7001971365312 0 83.0764990052198 86.3158419840066 82.9704951612982 86.299341804535 90.5431428514418 89.5373241405644 90.5563986367923 93.7961321445027 93.3808561394901 93.8979672872022 96.3261601997621 96.0578426440375 96.3439076390901 98.2646839640917 98.1020123951019 98.2888513522244
89.3623404717722 83.0764990052198 0 90.59361010175 86.0882653404791 83.0587429546702 92.712131697147 90.5100302126667 89.4566586821169 95.0015364982933 93.8409449013372 93.3838600766852 97.0816059771965 96.3359658556156 96.0440204775136 98.7657174277965 98.2870625444185 98.107689516651
83.1386160521705 86.3158419840066 90.59361010175 0 83.4135279383033 89.5489870328451 83.1353773474828 86.4827507726039 90.6364266842455 89.557214193184 90.7029745301034 92.8925468289551 93.3671028697226 93.8773887264963 95.1225323751489 96.0081004162084 96.2994566291594 97.0626838982948
86.26762752029 82.9704951612982 86.0882653404791 83.4135279383033 0 82.7286926782666 86.3893057560704 83.1615784084234 86.2065037398355 90.637564880773 89.6724581905332 90.6818403567849 93.9216250589825 93.4213183483878 93.8851527660113 96.3177797242756 96.0461614906558 96.3120785548588
90.4466593296506 86.299341804535 83.0587429546702 89.5489870328451 82.7286926782666 0 90.4637023773478 86.1273330282262 82.910947640476 92.7043785094597 90.5972700453938 89.631617522836 95.076145895626 93.8707563474406 93.3716368922283 97.0222307614227 96.3075622828357 96.0293896776314
89.6021189592521 90.5431428514418 92.712131697147 83.1353773474828 86.3893057560704 90.4637023773478 0 83.0891512922152 89.4760284297782 83.0377338525055 86.3232639662364 90.5834290821573 89.5727372041969 90.5721330806826 92.7879331145158 93.2996373969043 93.7696497237753 94.9841784959896
90.5999221752455 89.5373241405644 90.5100302126667 86.4827507726039 83.1615784084234 86.1273330282262 83.0891512922152 0 82.9180263989026 86.3367130359577 83.2391454704401 86.3603012699256 90.7095444205166 89.6366987370199 90.6291971708178 93.8209853776881 93.3403094387245 93.8000202102627
92.7092365962797 90.5563986367923 89.4566586821169 90.6364266842455 86.2065037398355 82.910947640476 89.4760284297782 82.9180263989026 0 90.571187669835 86.4354012347242 83.4019957224244 92.9026384471308 90.7516352910286 89.6857320521477 95.0618302798167 93.9023578556422 93.4016277214893
93.3574327790348 93.7961321445027 95.0015364982933 89.557214193184 90.637564880773 92.7043785094597 83.0377338525055 86.3367130359577 90.571187669835 0 83.0087933006225 89.5151229782084 83.166116075947 86.2360085329777 90.5945492611334 89.5155753304838 90.5041562074388 92.6888500661443
93.8755500899955 93.3808561394901 93.8409449013372 90.7029745301034 89.6724581905332 90.5972700453938 86.3232639662364 83.2391454704401 86.4354012347242 83.0087933006225 0 83.0774136139919 86.4289496134275 83.0899533966219 86.3086902225831 90.5033821663432 89.4750030906787 90.477706023128
95.0841122565147 93.8979672872022 93.3838600766852 92.8925468289551 90.6818403567849 89.631617522836 90.5834290821573 86.3603012699256 83.4019957224244 89.5151229782084 83.0774136139919 0 90.6899620380483 86.4271777323964 83.0213413166294 92.7224276710178 90.5929271698135 89.4847430009349
96.059256506396 96.3261601997621 97.0816059771965 93.3671028697226 93.9216250589825 95.076145895626 89.5727372041969 90.7095444205166 92.9026384471308 83.166116075947 86.4289496134275 90.6899620380483 0 83.1243264897187 89.7036329846859 82.9311776767971 86.2353901758488 90.5561807855926
96.3337213362819 96.0578426440375 96.3359658556156 93.8773887264963 93.4213183483878 93.8707563474406 90.5721330806826 89.6366987370199 90.7516352910286 86.2360085329777 83.0899533966219 86.4271777323964 83.1243264897187 0 83.3377456850284 86.0705692407225 82.9153973274115 86.1988697176429
97.0867059706883 96.3439076390901 96.0440204775136 95.1225323751489 93.8851527660113 93.3716368922283 92.7879331145158 90.6291971708178 89.6857320521477 90.5945492611334 86.3086902225831 83.0213413166294 89.7036329846859 83.3377456850284 0 90.5573273378956 86.4426751011468 83.0081154675568
98.1048628570632 98.2646839640917 98.7657174277965 96.0081004162084 96.3177797242756 97.0222307614227 93.2996373969043 93.8209853776881 95.0618302798167 89.5155753304838 90.5033821663432 92.7224276710178 82.9311776767971 86.0705692407225 90.5573273378956 0 82.6996133898163 89.3625441629538
98.2805870435904 98.1020123951019 98.2870625444185 96.2994566291594 96.0461614906558 96.3075622828357 93.7696497237753 93.3403094387245 93.9023578556422 90.5041562074388 89.4750030906787 90.5929271698135 86.2353901758488 82.9153973274115 86.4426751011468 82.6996133898163 0 83.0773721121489
98.7816645360635 98.2888513522244 98.107689516651 97.0626838982948 96.3120785548588 96.0293896776314 94.9841784959896 93.8000202102627 93.4016277214893 92.6888500661443 90.477706023128 89.4847430009349 90.5561807855926 86.1988697176429 83.0081154675568 89.3625441629538 83.0773721121489 0
