0 82.7425439819492 89.3958401065523 83.0225518144109 86.2705211158047 90.4333173656861 89.5512912811047 90.5080655252074 92.7072166069521 93.3670426087564 93.7828196372315 95.0565046233146 96.0188615106542 96.295853883365 97.0151412077902 98.1285061751218 98.2787049728091 98.7684823043112
82.7425439819492 0 83.1018283800669 86.1962418812308 83.1497447637066 86.3127629974997 90.6578653655548 89.6112236104375 90.6620055765289 93.8986695185246 93.375924871047 93.9297945905705 96.317788505581 96.0707623270025 96.3237673878709 98.3376104380427 98.1249882496386 98.3105144200338
89.3958401065523 83.1018283800669 0 90.4925163743387 86.2108646840589 83.0751214410577 92.8444600755248 90.6639131964502 89.6569433426538 95.116214145048 93.8779652971817 93.4438481398932 97.0655623039926 96.3596475982407 96.0508350567901 98.8472534285006 98.3004609702691 98.1350652894068
83.0225518144109 86.1962418812308 90.4925163743387 0 83.0715159732098 89.3960660355752 83.139004198577 86.143076202984 90.4674285916726 89.6244359963669 90.5291550349694 92.7868641956658 93.3499544450386 93.8237997485206 94.9947875802582 96.0644238862715 96.3057316167423 97.0324981977997
86.2705211158047 83.1497447637066 86.2108646840589 83.0715159732098 0 82.7740953864287 86.5340074582454 83.1410518767953 86.2015765976822 90.7239120662782 89.5785365814065 90.6458405970947 93.8476899481377 93.3793860588075 93.7986732315765 96.3680495842492 96.0293357966613 96.2968848397928
90.4333173656861 86.3127629974997 83.0751214410577 89.3960660355752 82.7740953864287 0 90.6522223390422 86.4225523855817 83.2932785792718 92.8574002160512 90.6643293333543 89.7127474082568 95.0438377376144 93.899405611148 93.3751111682541 97.1208522075767 96.3166389906076 96.0595088260094
89.5512912811047 90.6578653655548 92.8444600755248 83.139004198577 86.5340074582454 90.6522223390422 0 83.0741847356728 89.5552628647153 83.1701038810528 86.2986117464464 90.6871936944886 89.5457841490935 90.6139889088168 92.7707760840605 93.3739915451584 93.8499344212891 95.0461067387018
90.5080655252074 89.6112236104375 90.6639131964502 86.143076202984 83.1410518767953 86.4225523855817 83.0741847356728 0 83.0922628233259 86.3478546516901 83.075165450133 86.4843181980428 90.5229860884403 89.5860181644197 90.5784115404302 93.8618067954707 93.3276225540549 93.827320735721
92.7072166069521 90.6620055765289 89.6569433426538 90.4674285916726 86.2015765976822 83.2932785792718 89.5552628647153 83.0922628233259 0 90.5877066384896 86.2864320496781 83.1887347809003 92.6824439164652 90.5930516813513 89.4997845613442 95.0598589334089 93.7640774681663 93.3132399519392
93.3670426087564 93.8986695185246 95.116214145048 89.6244359963669 90.7239120662782 92.8574002160512 83.1701038810528 86.3478546516901 90.5877066384896 0 83.0289098602244 89.6085772450007 82.9783147376829 86.2762270416781 90.5420050122587 89.5608199851375 90.6000221604853 92.7438027206606
93.7828196372315 93.375924871047 93.8779652971817 90.5291550349694 89.5785365814065 90.6643293333543 86.2986117464464 83.075165450133 86.2864320496781 83.0289098602244 0 83.2450583477756 86.1350902851254 83.1524307285077 86.2986510380927 90.6331417911019 89.5394560995003 90.5920892390617
95.0565046233146 93.9297945905705 93.4438481398932 92.7868641956658 90.6458405970947 89.7127474082568 90.6871936944886 86.4843181980428 83.1887347809003 89.6085772450007 83.2450583477756 0 90.4756661239051 86.3364004182559 82.8665325261079 92.7992741227167 90.4681615797653 89.4607597055862
96.0188615106542 96.317788505581 97.0655623039926 93.3499544450386 93.8476899481377 95.0438377376144 89.5457841490935 90.5229860884403 92.6824439164652 82.9783147376829 86.1350902851254 90.4756661239051 0 82.716947177468 89.3617026115197 83.2079279882659 86.2938745315761 90.4384386960512
96.295853883365 96.0707623270025 96.3596475982407 93.8237997485206 93.3793860588075 93.899405611148 90.6139889088168 89.5860181644197 90.5930516813513 86.2762270416781 83.1524307285077 86.3364004182559 82.716947177468 0 83.0597799942106 86.3187927517984 82.9845053935125 86.2670970493835
97.0151412077902 96.3237673878709 96.0508350567901 94.9947875802582 93.7986732315765 93.3751111682541 92.7707760840605 90.5784115404302 89.4997845613442 90.5420050122587 86.2986510380927 82.8665325261079 89.3617026115197 83.0597799942106 0 90.5963161004548 86.1309414364595 83.109879134459
98.1285061751218 98.3376104380427 98.8472534285006 96.0644238862715 96.3680495842492 97.1208522075767 93.3739915451584 93.8618067954707 95.0598589334089 89.5608199851375 90.6331417911019 92.7992741227167 83.2079279882659 86.3187927517984 90.5963161004548 0 83.3714055277426 89.5117814665887
98.2787049728091 98.1249882496386 98.3004609702691 96.3057316167423 96.0293357966613 96.3166389906076 93.8499344212891 93.3276225540549 93.7640774681663 90.6000221604853 89.5394560995003 90.4681615797653 86.2938745315761 82.9845053935125 86.1309414364595 83.3714055277426 0 82.6966231323436
98.7684823043112 98.3105144200338 98.1350652894068 97.0324981977997 96.2968848397928 96.0595088260094 95.0461067387018 93.827320735721 93.3132399519392 92.7438027206606 90.5920892390617 89.4607597055862 90.4384386960512 86.2670970493835 83.109879134459 89.5117814665887 82.6966231323436 0
