0 81.3887347396581 86.4339831229612 85.0299758763721 83.7944074314021 86.1606005086081 86.2325041385106 86.3353531286753 89.0112398515747 90.0308673275794 86.9257690522703 88.9208584222411 91.1603972237937 91.4702765549837 91.3928483973573 92.4061682673299 93.5261172881643 92.8737478572664
81.3887347396581 0 80.1576005458867 86.5787412476285 83.2478263495168 80.2604578063016 86.2478955715808 85.5447953106515 85.61053085255 89.7107101071407 85.0274329204183 85.9635092840055 90.6739225933213 89.9360690089101 89.9022566272888 92.3887678784619 92.793939960948 91.7916013027084
86.4339831229612 80.1576005458867 0 89.8155704493593 87.4019791301175 82.3358293114501 89.2853180813548 88.5854721909589 86.2099600658387 91.5595580581718 87.7580108710713 87.0822836611457 92.1965229169693 90.8504985873363 90.8737294538031 93.7999227114947 93.6873405321495 92.6077862929402
85.0299758763721 86.5787412476285 89.8155704493593 0 78.1901910181076 86.6917490863679 75.604595839916 78.9949461517284 87.7796602409953 83.7593515739906 82.4432217006488 86.9470754473467 86.0621707455228 88.3410377916595 88.1432753994101 87.6758507678725 90.1925879080543 89.725394391079
83.7944074314021 83.2478263495168 87.4019791301175 78.1901910181076 0 82.6002308959102 75.5971656502182 74.4651623168477 84.7254986332328 84.5016820945834 77.3877230304124 83.8146333429251 86.4192383534355 87.0605702158074 86.8966456337874 88.7887968762792 90.0989182898492 89.14994848217
86.1606005086081 80.2604578063016 82.3358293114501 86.6917490863679 82.6002308959102 0 85.1039144283644 83.6115316848253 78.8986615628356 88.0211672696151 81.4683527698718 80.0415708322431 88.8679544492035 86.9208373119925 86.9257690522703 91.1810043553115 90.9712591777227 89.5241953973719
86.2325041385106 86.2478955715808 89.2853180813548 75.604595839916 75.5971656502182 85.1039144283644 0 70.237526392877 85.6811254822013 81.0165466649615 77.7647878994723 84.4632316900903 83.9154690956304 86.0941238864933 85.8464342187456 86.6917490863679 88.7716451877599 87.992560047968
86.3353531286753 85.5447953106515 88.5854721909589 78.9949461517284 74.4651623168477 83.6115316848253 70.237526392877 0 84.0735682389664 81.3887347396581 73.0384872811603 82.6046768387851 83.9242228296478 85.1014144120895 84.8570995274305 87.1217246129041 88.5369933522933 87.4716001613441
89.0112398515747 85.61053085255 86.2099600658387 87.7796602409953 84.7254986332328 78.8986615628356 85.6811254822013 84.0735682389664 0 86.9508886321302 81.2209091826396 70.0814756595712 87.4000155515516 83.341335320205 83.4633673411186 90.2211456292078 89.1084015061976 87.0414148290211
90.0308673275794 89.7107101071407 91.5595580581718 83.7593515739906 84.5016820945834 88.0211672696151 81.0165466649615 81.3887347396581 86.9508886321302 0 82.5570171580838 85.6120133392751 73.4107842329724 83.4107842329724 82.9641315458079 80.943337135734 84.6168963459942 84.3279020717801
86.9257690522703 85.0274329204183 87.7580108710713 82.4432217006488 77.3877230304124 81.4683527698718 77.7647878994723 73.0384872811603 81.2209091826396 82.5570171580838 0 79.1123755294906 84.3368576261899 83.6964506811521 83.4876093511407 87.8007545217567 88.2993261327158 86.8159556326594
88.9208584222411 85.9635092840055 87.0822836611457 86.9470754473467 83.8146333429251 80.0415708322431 84.4632316900903 82.6046768387851 70.0814756595712 85.6120133392751 79.1123755294906 0 86.1396485255302 81.7819451443998 81.8512064152267 89.3255293548103 88.2608359710067 86.0621707455228
91.1603972237937 90.6739225933213 92.1965229169693 86.0621707455228 86.4192383534355 88.8679544492035 83.9154690956304 83.9242228296478 87.4000155515516 73.4107842329724 84.3368576261899 86.1396485255302 0 82.2482830209687 81.7423818124012 79.115684439989 81.8512064152267 82.0103444593576
91.4702765549837 89.9360690089101 90.8504985873363 88.3410377916595 87.0605702158074 86.9208373119925 86.0941238864933 85.1014144120895 83.341335320205 83.4107842329724 83.6964506811521 81.7819451443998 82.2482830209687 0 57.4754622734875 86.5840769255055 82.8884805545587 77.8718063285063
91.3928483973573 89.9022566272888 90.8737294538031 88.1432753994101 86.8966456337874 86.9257690522703 85.8464342187456 84.8570995274305 83.4633673411186 82.9641315458079 83.4876093511407 81.8512064152267 81.7423818124012 57.4754622734875 0 86.299442594822 82.7056971333427 77.7783103125321
92.4061682673299 92.3887678784619 93.7999227114947 87.6758507678725 88.7887968762792 91.1810043553115 86.6917490863679 87.1217246129041 90.2211456292078 80.943337135734 87.8007545217567 89.3255293548103 79.115684439989 86.5840769255055 86.299442594822 0 83.323798167022 85.3208427639379
93.5261172881643 92.793939960948 93.6873405321495 90.1925879080543 90.0989182898492 90.9712591777227 88.7716451877599 88.5369933522933 89.1084015061976 84.6168963459942 88.2993261327158 88.2608359710067 81.8512064152267 82.8884805545587 82.7056971333427 83.323798167022 0 76.5304228410657
92.8737478572664 91.7916013027084 92.6077862929402 89.725394391079 89.14994848217 89.5241953973719 87.992560047968 87.4716001613441 87.0414148290211 84.3279020717801 86.8159556326594 86.0621707455228 82.0103444593576 77.8718063285063 77.7783103125321 85.3208427639379 76.5304228410657 0
