0 79.0220684557673 84.2565976414849 84.4555005891274 82.4738598864051 84.6807303192485 87.9060271031893 86.0279609484676 88.1848665224487 89.8648399147477 89.4839672543982 88.0377328770581 89.6127053130504 90.0782967319053 90.7079832752043 92.6945396358869 90.5634770122259 91.9724741636262
79.0220684557673 0 83.6501254971811 83.9154690956304 76.9639370490137 79.2428040951504 85.7412489376289 81.9504880014648 84.5681618832458 88.1453437638912 86.5141965009949 84.3049314005818 87.3921523472869 87.8492845244343 88.1465843099084 91.0335945566031 88.2993261327158 89.7620318545768
84.2565976414849 83.6501254971811 0 89.6814821156488 79.9360690089101 82.6722841132558 90.6674485222223 88.3893958898764 86.7239959740949 92.0588185334069 89.8989437202673 86.8277350187893 91.3802993584928 91.5474822599575 90.7338104052137 93.5832464625472 91.638908181561 91.4643100451756
84.4555005891274 83.9154690956304 89.6814821156488 0 87.0949437788996 87.334714319435 81.4741215705682 82.7517612822008 88.7698546518372 84.676136068509 87.7783103125321 88.4784017056437 85.4519840595317 86.4736672977584 89.2992917367035 90.0413035658768 87.6295255839015 91.0906420857516
82.4738598864051 76.9639370490137 79.9360690089101 87.0949437788996 0 73.4960621867671 87.7832580001896 84.2979161426279 82.8522543049557 89.6253716921052 86.7804245567905 82.7973419676385 88.6742502381572 88.9038741397594 88.1067100146295 91.5976403219377 89.05908719444 89.3634976124701
84.6807303192485 79.2428040951504 82.6722841132558 87.334714319435 73.4960621867671 0 87.1389657999423 83.051870788883 79.2428040951504 88.9590891203599 84.9374781893717 79.1551959618225 87.7089015591327 87.8475131591322 86.4284596991444 90.6939770966864 87.873567814971 87.8492845244343
87.9060271031893 85.7412489376289 90.6674485222223 81.4741215705682 87.7832580001896 87.1389657999423 0 78.6848557252811 87.0949437788996 75.9948369189331 83.6964506811521 86.6917490863679 76.8092101824516 79.4005173154006 85.7613452311201 85.9955154510521 81.9693890769997 88.3666599593055
86.0279609484676 81.9504880014648 88.3893958898764 82.7517612822008 84.2979161426279 83.051870788883 78.6848557252811 0 83.3513248469073 82.8815373958952 80.9368178278012 82.7402909689791 80.8043333862853 81.7079210128555 84.0417671828947 87.3152313572216 82.7531929436013 87.0012343337597
88.1848665224487 84.5681618832458 86.7239959740949 88.7698546518372 82.8522543049557 79.2428040951504 87.0949437788996 83.3513248469073 0 88.4147351667544 81.2066265229575 60.237526392877 86.6188938446819 86.3995004648654 82.4416841028919 89.0496941384894 85.907097675858 83.9590623832968
89.8648399147477 88.1453437638912 92.0588185334069 84.676136068509 89.6253716921052 88.9590891203599 75.9948369189331 82.8815373958952 88.4147351667544 0 84.5016820945834 88.0740403942904 74.7814907955383 77.4269372455433 85.9298880881852 83.7228656061221 80.6676799053077 88.3666599593055
89.4839672543982 86.5141965009949 89.8989437202673 87.7783103125321 86.7804245567905 84.9374781893717 83.6964506811521 80.9368178278012 81.2066265229575 84.5016820945834 0 80.5622918724125 81.1011246996244 80.0814756595712 73.6033008406848 84.5954081380522 78.4135689102503 81.1136705287218
88.0377328770581 84.3049314005818 86.8277350187893 88.4784017056437 82.7973419676385 79.1551959618225 86.6917490863679 82.7402909689791 60.237526392877 88.0740403942904 80.5622918724125 0 86.2080222604288 85.9948369189331 82.0777566753872 88.8140435255208 85.5138254015903 83.8924062417859
89.6127053130504 87.3921523472869 91.3802993584928 85.4519840595317 88.6742502381572 87.7089015591327 76.8092101824516 80.8043333862853 86.6188938446819 74.7814907955383 81.1011246996244 86.2080222604288 0 67.8452979360192 83.1352515379138 82.4432217006488 75.3915891308315 86.3852582433843
90.0782967319053 87.8492845244343 91.5474822599575 86.4736672977584 88.9038741397594 87.8475131591322 79.4005173154006 81.7079210128555 86.3995004648654 77.4269372455433 80.0814756595712 85.9948369189331 67.8452979360192 0 81.9141740963992 81.0314672262549 70.788610269172 85.4703994008443
90.7079832752043 88.1465843099084 90.7338104052137 89.2992917367035 88.1067100146295 86.4284596991444 85.7613452311201 84.0417671828947 82.4416841028919 85.9298880881852 73.6033008406848 82.0777566753872 83.1352515379138 81.9141740963992 0 84.0097315459766 79.6356543330438 76.6545999065771
92.6945396358869 91.0335945566031 93.5832464625472 90.0413035658768 91.5976403219377 90.6939770966864 85.9955154510521 87.3152313572216 89.0496941384894 83.7228656061221 84.5954081380522 88.8140435255208 82.4432217006488 81.0314672262549 84.0097315459766 0 79.7170505944318 85.6127543929104
90.5634770122259 88.2993261327158 91.638908181561 87.6295255839015 89.05908719444 87.873567814971 81.9693890769997 82.7531929436013 85.907097675858 80.6676799053077 78.4135689102503 85.5138254015903 75.3915891308315 70.788610269172 79.6356543330438 79.7170505944318 0 83.8358812162758
91.9724741636262 89.7620318545768 91.4643100451756 91.0906420857516 89.3634976124701 87.8492845244343 88.3666599593055 87.0012343337597 83.9590623832968 88.3666599593055 81.1136705287218 83.8924062417859 86.3852582433843 85.4703994008443 76.6545999065771 85.6127543929104 83.8358812162758 0
