0 77.7056993033671 86.0380506567595 79.8920337031866 83.9209422467254 86.86121542219 86.6323912855628 87.6383654767775 88.5343471744047 87.1561388112382 87.8779684079293 88.8549783860674 90.3036967046482 90.7171431938524 91.955651003641 93.0685423825576 90.8458374650122 91.7749578758006
77.7056993033671 0 82.2867022452208 84.5954081380522 81.693328996376 85.6591876775859 87.8475131591322 87.5353659103793 87.6836771400466 88.3960373756239 87.9438809920164 87.9486437055199 91.1902457592883 90.8635674133725 91.6483335000871 93.6143501013337 90.93920937716 91.53442531487
86.0380506567595 82.2867022452208 0 88.8115609307259 80.1912970937131 83.1821886544929 89.1189908313318 86.9639370490137 85.4125902481615 89.6385877643063 87.5944545064845 85.4619687279401 91.8573684946497 90.3785296080732 90.2807401307034 93.7999227114947 90.3574575394695 90.3036967046482
79.8920337031866 84.5954081380522 88.8115609307259 0 86.0621707455228 87.7453320532942 84.0672266294399 87.2180198603311 88.9467268115867 84.4613002047043 87.202632062897 89.3144846208891 88.2305263647626 89.8254129807625 91.6951556819209 91.6630772267669 90.0308673275794 91.424840769058
83.9209422467254 81.693328996376 80.1912970937131 86.0621707455228 0 76.9476203930553 85.27783507335 82.2819183877674 81.6418673468703 86.0728479354589 83.237595614941 82.1572939428063 89.2521096068381 87.683217155423 88.3784347830183 91.8784294928163 87.7239661854775 88.2531775206893
86.86121542219 85.6591876775859 83.1821886544929 87.7453320532942 76.9476203930553 0 84.8216828596421 78.3823526405858 74.0608757462916 85.5859964760748 80.0522480221793 75.289026176076 88.3666599593055 85.3962648299937 85.7152734467552 90.8595844810741 85.3563600026657 85.5971656502182
86.6323912855628 87.8475131591322 89.1189908313318 84.0672266294399 85.27783507335 84.8216828596421 0 80.8110544783965 85.2125142745422 64.9227372224544 79.8920337031866 85.7813489603389 81.2795848479266 83.7411469057037 87.650433087972 87.4546629212388 84.2066957450215 87.1159623066478
87.6383654767775 87.5353659103793 86.9639370490137 87.2180198603311 82.2819183877674 78.3823526405858 80.8110544783965 0 77.3630331127546 81.7532076048429 64.9227372224544 78.6555361552294 85.13049210439 81.0314672262549 83.9209422467254 88.5358594734777 81.1881938127257 83.3749582867445
88.5343471744047 87.6836771400466 85.4125902481615 88.9467268115867 81.6418673468703 74.0608757462916 85.2125142745422 77.3630331127546 0 85.8323679884117 78.9949461517284 62.0827706588024 87.9538334430254 83.6033008406848 83.1352515379138 90.1497871498019 83.4291995742851 83.051870788883
87.1561388112382 88.3960373756239 89.6385877643063 84.4613002047043 86.0728479354589 85.5859964760748 64.9227372224544 81.7532076048429 85.8323679884117 0 80.8110544783965 86.3547594729504 80.0308673275794 83.7182832318441 87.8007545217567 86.940530759705 84.2169264795973 87.2501578496618
87.8779684079293 87.9438809920164 87.5944545064845 87.202632062897 83.237595614941 80.0522480221793 79.8920337031866 64.9227372224544 78.9949461517284 80.8110544783965 0 80.0308673275794 84.2525454416864 79.9769504982872 83.8213544350363 87.9629005876621 80.2528274474092 83.1718019354755
88.8549783860674 87.9486437055199 85.4619687279401 89.3144846208891 82.1572939428063 75.289026176076 85.7813489603389 78.6555361552294 62.0827706588024 86.3547594729504 80.0308673275794 0 88.2905355522908 83.8924062417859 82.9092436769071 90.3210228062334 83.6814491297281 82.9188992672694
90.3036967046482 91.1902457592883 91.8573684946497 88.2305263647626 89.2521096068381 88.3666599593055 81.2795848479266 85.13049210439 87.9538334430254 80.0308673275794 84.2525454416864 88.2905355522908 0 82.7531929436013 87.6164654886837 81.9401435468265 83.3699935021867 86.965022649524
90.7171431938524 90.8635674133725 90.3785296080732 89.8254129807625 87.683217155423 85.3962648299937 83.7411469057037 81.0314672262549 83.6033008406848 83.7182832318441 79.9769504982872 83.8924062417859 82.7531929436013 0 80.2807401307034 84.7544879428325 60.237526392877 78.6957997331364
91.955651003641 91.6483335000871 90.2807401307034 91.6951556819209 88.3784347830183 85.7152734467552 87.650433087972 83.9209422467254 83.1352515379138 87.8007545217567 83.8213544350363 82.9092436769071 87.6164654886837 80.2807401307034 0 87.9955576927879 79.3756649167141 64.8349979793794
93.0685423825576 93.6143501013337 93.7999227114947 91.6630772267669 91.8784294928163 90.8595844810741 87.4546629212388 88.5358594734777 90.1497871498019 86.940530759705 87.9629005876621 90.3210228062334 81.9401435468265 84.7544879428325 87.9955576927879 0 85.0435132177645 87.4298640870463
90.8458374650122 90.93920937716 90.3574575394695 90.0308673275794 87.7239661854775 85.3563600026657 84.2066957450215 81.1881938127257 83.4291995742851 84.2169264795973 80.2528274474092 83.6814491297281 83.3699935021867 60.237526392877 79.3756649167141 85.0435132177645 0 77.5944545064845
91.7749578758006 91.53442531487 90.3036967046482 91.424840769058 88.2531775206893 85.5971656502182 87.1159623066478 83.3749582867445 83.051870788883 87.2501578496618 83.1718019354755 82.9188992672694 86.965022649524 78.6957997331364 64.8349979793794 87.4298640870463 77.5944545064845 0
