0 82.240236057727 87.4802850888848 75.1757958751021 86.801327225864 88.9566880924795 82.5942958832762 87.4059036258722 90.5962950938506 88.8409064585869 87.274485297019 90.7683108277111 89.1551959618225 89.4144345441064 92.4022902915217 92.8395033890698 93.528033751241 92.6962803532965
82.240236057727 0 80.6047544631244 81.8810549507213 82.21762491425 84.0161576060675 79.2716184311275 83.0129444272911 87.2699342686732 87.3546064637691 82.8255888627868 87.6131943190306 88.8058810936318 87.9317341001769 90.2996691661283 92.2378190584147 92.3184606669553 90.8708599823944
87.4802850888848 80.6047544631244 0 87.0264575627073 81.8564887327063 77.6457956664753 84.0022224385771 81.9002599641319 84.2737774339689 87.7580108710713 81.8512064152267 84.8913549073611 89.7342959307347 88.1121311380611 88.7698546518372 92.2839920396771 91.6951556819209 89.6628590741529
75.1757958751021 81.8810549507213 87.0264575627073 0 85.0325173442018 88.0916622600674 79.1551959618225 85.7756430047551 89.56524744625 86.9164488363693 85.6186782742299 89.7170505944318 87.2169957016613 87.6295255839015 91.3614075482585 91.6238963873093 92.4711112837065 91.6335395498429
86.801327225864 82.21762491425 81.8564887327063 85.0325173442018 0 79.7170505944318 78.8707549940815 64.0608757462916 81.7532076048429 81.6566330043375 61.9124372658146 82.1226754861304 85.2698237358651 82.4555029242986 86.0974388586556 89.3258445062795 89.0831478920987 86.9076585592248
88.9566880924795 84.0161576060675 77.6457956664753 88.0916622600674 79.7170505944318 0 84.5916601811258 78.8426679450515 78.8461887760664 86.0601658467479 78.9949461517284 79.9850808185757 88.662150337635 86.294378673748 85.9955154510521 90.9790194425306 89.9491930022336 87.2501578496618
82.5942958832762 79.2716184311275 84.0022224385771 79.1551959618225 78.8707549940815 84.5916601811258 0 80.3185160559075 86.4511223213766 83.6501254971811 80.0228223518567 86.6633352997047 85.3563600026657 84.6168963459942 89.0119174309222 90.2487524343784 90.7617496324463 89.4497994875647
87.4059036258722 83.0129444272911 81.9002599641319 85.7756430047551 64.0608757462916 78.8426679450515 80.3185160559075 0 80.5456658670191 81.6065963893544 50.943337135734 80.9628365465767 85.4125902481615 82.2787262194362 85.4519840595317 89.1885004158061 88.7612497884875 86.3691018983393
90.5962950938506 87.2699342686732 84.2737774339689 89.56524744625 81.7532076048429 78.8461887760664 86.4511223213766 80.5456658670191 0 84.6401331313322 80.8222332357115 62.0827706588024 87.7348895485676 84.5007249717544 81.0314672262549 89.2725756242738 87.3749017919311 83.2388757755454
88.8409064585869 87.3546064637691 87.7580108710713 86.9164488363693 81.6566330043375 86.0601658467479 83.6501254971811 81.6065963893544 84.6401331313322 0 81.6326132525547 84.4039314662598 77.3031982537424 65.5673171147236 84.8615063718665 84.9105599207718 85.9628257324468 84.8118924275813
87.274485297019 82.8255888627868 81.8512064152267 85.6186782742299 61.9124372658146 78.9949461517284 80.0228223518567 50.943337135734 80.8222332357115 81.6326132525547 0 81.2310824007349 85.3939276096562 82.3326765383033 85.604595839916 89.2280026092608 88.8409064585869 86.4979093077805
90.7683108277111 87.6131943190306 84.8913549073611 89.7170505944318 82.1226754861304 79.9850808185757 86.6633352997047 80.9628365465767 62.0827706588024 84.4039314662598 81.2310824007349 0 87.5519919157727 84.1913043119513 79.9985976200845 88.9522255158984 86.8982993539898 82.4432217006488
89.1551959618225 88.8058810936318 89.7342959307347 87.2169957016613 85.2698237358651 88.662150337635 85.3563600026657 85.4125902481615 87.7348895485676 77.3031982537424 85.3939276096562 87.5519919157727 0 77.7783103125321 87.3605563833923 83.6952985535903 86.7956877693918 86.9882976634447
89.4144345441064 87.9317341001769 88.1121311380611 87.6295255839015 82.4555029242986 86.294378673748 84.6168963459942 82.2787262194362 84.5007249717544 65.5673171147236 82.3326765383033 84.1913043119513 77.7783103125321 0 84.1406420790363 84.1323142820089 85.0905643473228 83.9536370923738
92.4022902915217 90.2996691661283 88.7698546518372 91.3614075482585 86.0974388586556 85.9955154510521 89.0119174309222 85.4519840595317 81.0314672262549 84.8615063718665 85.604595839916 79.9985976200845 87.3605563833923 84.1406420790363 0 86.6998332832862 82.2867022452208 71.1136705287218
92.8395033890698 92.2378190584147 92.2839920396771 91.6238963873093 89.3258445062795 90.9790194425306 90.2487524343784 89.1885004158061 89.2725756242738 84.9105599207718 89.2280026092608 88.9522255158984 83.6952985535903 84.1323142820089 86.6998332832862 0 81.4063373322637 85.3962648299937
93.528033751241 92.3184606669553 91.6951556819209 92.4711112837065 89.0831478920987 89.9491930022336 90.7617496324463 88.7612497884875 87.3749017919311 85.9628257324468 88.8409064585869 86.8982993539898 86.7956877693918 85.0905643473228 82.2867022452208 81.4063373322637 0 79.4833594670039
92.6962803532965 90.8708599823944 89.6628590741529 91.6335395498429 86.9076585592248 87.2501578496618 89.4497994875647 86.3691018983393 83.2388757755454 84.8118924275813 86.4979093077805 82.4432217006488 86.9882976634447 83.9536370923738 71.1136705287218 85.3962648299937 79.4833594670039 0
