0 79.9742370056535 85.8246120982086 75.3681348263785 82.1259843966288 83.3011458390096 84.4351407256978 80.943337135734 87.3107228495936 86.4924666414174 84.5473776830334 88.8913534284775 88.7716451877599 88.6208308091898 90.3985153565124 89.8085263877069 91.0397579283954 91.9141740963992
79.9742370056535 0 84.0161576060675 79.3002428506583 73.6150544197642 73.7989102258118 84.6475427212192 77.8275353557611 82.4432217006488 85.2962052581353 80.6047544631244 85.2674174500048 88.456898132988 85.9975504115668 87.8248646916497 88.49025984393 89.747185141637 89.9921148053681
85.8246120982086 84.0161576060675 0 87.2353937067571 81.1963957883817 83.091775616211 90.2946294848908 87.4648331897505 86.2151233237737 90.6849985969505 88.2993261327158 88.7698546518372 92.5378058696087 90.5227604901881 91.0335945566031 92.4060132147649 93.1419318844458 92.7140825948348
75.3681348263785 79.3002428506583 87.2353937067571 0 82.6751998198568 82.9463689655499 80.7683108277111 75.7863355292019 86.5214156933801 83.6814491297281 81.6251957531956 87.8101466103973 86.7159566715922 86.8461811729156 89.1754702685607 88.0194646547471 89.5241953973719 90.7750878561122
82.1259843966288 73.6150544197642 81.1963957883817 82.6751998198568 0 70.943337135734 86.7894758974519 81.9504880014648 81.8512064152267 87.1556194134239 83.2478263495168 85.4342624469282 89.8329905787374 87.1143894407578 88.3136724490728 89.6347739171569 90.6711491730883 90.4790012783041
83.3011458390096 73.7989102258118 83.091775616211 82.9463689655499 70.943337135734 0 86.299442594822 81.1011246996244 79.2073249576102 86.3019723428585 81.5879170280032 83.6442999499373 89.2607554721904 85.7620612388407 87.0520671395345 88.7827300638441 89.8634479006266 89.5178683060867
84.4351407256978 84.6475427212192 90.2946294848908 80.7683108277111 86.7894758974519 86.299442594822 0 79.4344587975798 87.6726240401613 76.2581263061566 80.8222332357115 87.7783103125321 80.6676799053077 84.7354855495203 88.0635171402465 84.2107909313872 86.4979093077805 89.2853180813548
80.943337135734 77.8275353557611 87.4648331897505 75.7863355292019 81.9504880014648 81.1011246996244 79.4344587975798 0 84.2888798422065 80.857813115772 75.4304003347848 85.4864490172097 85.4841598430449 84.0438945132429 87.0849242308258 86.1080297977718 87.8740080749763 89.0891422958372
87.3107228495936 82.4432217006488 86.2151233237737 86.5214156933801 81.8512064152267 79.2073249576102 87.6726240401613 84.2888798422065 0 86.6917490863679 82.4738598864051 76.8982993539898 89.4733186751262 83.7182832318441 83.6952985535903 87.9994087697801 88.8108513571896 87.2072541295984
86.4924666414174 85.2962052581353 90.6849985969505 83.6814491297281 87.1556194134239 86.3019723428585 76.2581263061566 80.857813115772 86.6917490863679 0 78.940188044825 86.108690874692 78.5210920458533 81.1157579812105 85.8040981094599 80.0708701724473 83.4984742639294 87.1347923991944
84.5473776830334 80.6047544631244 88.2993261327158 81.6251957531956 83.2478263495168 81.5879170280032 80.8222332357115 75.4304003347848 82.4738598864051 78.940188044825 0 82.8255888627868 84.752681769041 80.0867687069284 84.4805765116235 84.0150872561375 86.0252663959884 87.0775265860798
88.8913534284775 85.2674174500048 88.7698546518372 87.8101466103973 85.4342624469282 83.6442999499373 87.7783103125321 85.4864490172097 76.8982993539898 86.108690874692 82.8255888627868 0 88.774150698501 80.6953567583125 78.5210920458533 86.3802934588265 86.9834364598563 84.0956912319113
88.7716451877599 88.456898132988 92.5378058696087 86.7159566715922 89.8329905787374 89.2607554721904 80.6676799053077 85.4841598430449 89.4733186751262 78.5210920458533 84.752681769041 88.774150698501 0 84.7109310897828 87.8718063285063 79.966086340479 82.8759748657475 88.1778938560859
88.6208308091898 85.9975504115668 90.5227604901881 86.8461811729156 87.1143894407578 85.7620612388407 84.7354855495203 84.0438945132429 83.7182832318441 81.1157579812105 80.0867687069284 80.6953567583125 84.7109310897828 0 78.2106092259997 80.0415708322431 81.7729850735115 82.0052461083682
90.3985153565124 87.8248646916497 91.0335945566031 89.1754702685607 88.3136724490728 87.0520671395345 88.0635171402465 87.0849242308258 83.6952985535903 85.8040981094599 84.4805765116235 78.5210920458533 87.8718063285063 78.2106092259997 0 84.0830633243401 84.0150872561375 77.6457956664753
89.8085263877069 88.49025984393 92.4060132147649 88.0194646547471 89.6347739171569 88.7827300638441 84.2107909313872 86.1080297977718 87.9994087697801 80.0708701724473 84.0150872561375 86.3802934588265 79.966086340479 80.0415708322431 84.0830633243401 0 73.7989102258118 83.9416775421926
91.0397579283954 89.747185141637 93.1419318844458 89.5241953973719 90.6711491730883 89.8634479006266 86.4979093077805 87.8740080749763 88.8108513571896 83.4984742639294 86.0252663959884 86.9834364598563 82.8759748657475 81.7729850735115 84.0150872561375 73.7989102258118 0 82.4738598864051
91.9141740963992 89.9921148053681 92.7140825948348 90.7750878561122 90.4790012783041 89.5178683060867 89.2853180813548 89.0891422958372 87.2072541295984 87.1347923991944 87.0775265860798 84.0956912319113 88.1778938560859 82.0052461083682 77.6457956664753 83.9416775421926 82.4738598864051 0
