0 75.5523155632995 87.3406915354064 79.0355663526282 85.2125142745422 86.4413367775795 83.7411469057037 86.8678806412791 88.4349006758478 85.5949341121958 88.9467268115867 90.1812155530446 90.2244779759935 89.4809274664817 89.9003244053271 91.1157579812105 92.483618631766 92.3722351901244
75.5523155632995 0 84.7571957958678 80.3509914920462 82.6708255255615 83.6442999499373 84.8394272962539 84.6844022237742 86.3397427924283 85.8939214659009 87.6202009537621 88.9412211364096 89.804012184929 88.3784347830183 88.4944597996847 90.9994315893368 91.7060996897762 91.4529317334505
87.3406915354064 84.7571957958678 0 87.8025450576794 82.420100378145 75.5523155632995 89.6426912422026 81.9124372658146 78.5776170713634 89.4809274664817 86.0981015495578 86.6580961725535 90.4649628778786 87.3466605362118 85.4496766417041 92.0500758131539 90.3457618781112 89.4550030024363
79.0355663526282 80.3509914920462 87.8025450576794 0 83.3313227628732 86.1350517739506 76.9639370490137 85.3555738781601 87.8417512271091 80.0867687069284 86.9301481248057 88.5626155199393 87.5944545064845 87.3406915354064 88.4718850830411 88.6463330476976 90.948762426657 91.0176141209872
85.2125142745422 82.6708255255615 82.420100378145 83.3313227628732 0 77.3382020284199 85.435034457386 71.9124372658146 80.2119042252309 84.6354957098355 80.5527990930723 83.1679005025265 86.4309154214711 82.4247345007462 82.3247845775289 88.6976210562157 88.0194646547471 87.5296508818292
86.4413367775795 83.6442999499373 75.5523155632995 86.1350517739506 77.3382020284199 0 88.0908247429846 76.3715914053258 75.042668369047 87.7047839392961 83.323798167022 84.4632316900903 88.7608908822587 84.9788316760572 83.0718690352051 90.6433171217174 89.0068330071387 88.1552582241713
83.7411469057037 84.8394272962539 89.6426912422026 76.9639370490137 85.435034457386 88.0908247429846 0 86.8784130290517 89.22735792065 74.3872598725851 87.3471575828297 88.9090804678383 86.2899428940185 87.4000155515516 89.0594222852791 86.8678806412791 90.7262838335203 91.0431546689071
86.8678806412791 84.6844022237742 81.9124372658146 85.3555738781601 71.9124372658146 76.3715914053258 86.8784130290517 0 77.0711757029314 85.9415820941298 78.4018890874713 81.0208149157414 86.4050608189035 81.0653800960415 79.5317156500199 88.8409064585869 87.0440803571346 86.2689701190788
88.4349006758478 86.3397427924283 78.5776170713634 87.8417512271091 80.2119042252309 75.042668369047 89.22735792065 77.0711757029314 0 88.6052340688356 82.099442252477 82.4416841028919 88.57836579041 83.9763779101233 80.2908458823698 90.6059280734055 87.781459493147 86.5310226538999
85.5949341121958 85.8939214659009 89.4809274664817 80.0867687069284 84.6354957098355 87.7047839392961 74.3872598725851 85.9415820941298 88.6052340688356 0 85.7520263726057 87.5453491495408 83.7445660987571 85.6038533927274 87.8634294971633 84.7100189938393 89.3809579640714 89.838875138866
88.9467268115867 87.6202009537621 86.0981015495578 86.9301481248057 80.5527990930723 83.323798167022 87.3471575828297 78.4018890874713 82.099442252477 85.7520263726057 0 73.323798167022 83.1548703552811 69.8920337031865 74.7904545651168 86.6842288337199 83.2388757755454 82.6415504243554
90.1812155530446 88.9412211364096 86.6580961725535 88.5626155199393 83.1679005025265 84.4632316900903 88.9090804678383 81.0208149157414 82.4416841028919 87.5453491495408 73.323798167022 0 84.3774230737726 74.3774230737726 69.6648998632169 87.5124605335482 81.2066265229575 79.4589779583689
90.2244779759935 89.804012184929 90.4649628778786 87.5944545064845 86.4309154214711 88.7608908822587 86.2899428940185 86.4050608189035 88.57836579041 83.7445660987571 83.1548703552811 84.3774230737726 0 81.3671231171328 85.6127543929104 77.2016042685911 84.1913043119513 85.8040981094599
89.4809274664817 88.3784347830183 87.3466605362118 87.3406915354064 82.4247345007462 84.9788316760572 87.4000155515516 81.0653800960415 83.9763779101233 85.6038533927274 69.8920337031865 74.3774230737726 81.3671231171328 0 77.3975598292249 85.5523155632995 81.8069354424815 81.8246980227395
89.9003244053271 88.4944597996847 85.4496766417041 88.4718850830411 82.3247845775289 83.0718690352051 89.0594222852791 79.5317156500199 80.2908458823698 87.8634294971633 74.7904545651168 69.6648998632169 85.6127543929104 77.3975598292249 0 88.4065647866336 83.0331223084966 81.1011246996244
91.1157579812105 90.9994315893368 92.0500758131539 88.6463330476976 88.6976210562157 90.6433171217174 86.8678806412791 88.8409064585869 90.6059280734055 84.7100189938393 86.6842288337199 87.5124605335482 77.2016042685911 85.5523155632995 88.4065647866336 0 86.706750637792 88.1901910181076
92.483618631766 91.7060996897762 90.3457618781112 90.948762426657 88.0194646547471 89.0068330071387 90.7262838335203 87.0440803571346 87.781459493147 89.3809579640714 83.2388757755454 81.2066265229575 84.1913043119513 81.8069354424815 83.0331223084966 86.706750637792 0 74.0608757462916
92.3722351901244 91.4529317334505 89.4550030024363 91.0176141209872 87.5296508818292 88.1552582241713 91.0431546689071 86.2689701190788 86.5310226538999 89.838875138866 82.6415504243554 79.4589779583689 85.8040981094599 81.8246980227395 81.1011246996244 88.1901910181076 74.0608757462916 0
