0 72.9845369622933 83.3288160125473 81.9280437922403 81.604732064441 85.6120133392751 84.8887294494561 85.6745557686413 88.5865931919939 88.5127394962013 87.9594486690946 90.5378057623684 90.0880909614124 89.4516367342193 91.4789230578666 91.7360542821461 92.4545830362408 92.4887940599431
72.9845369622933 0 81.1303421223965 83.8625728945729 77.650433087972 83.323798167022 85.5740509438565 84.8394272962539 87.1716919309492 88.4018890874713 86.8299750935361 89.5386228001698 90.0455778552729 88.8819391491607 90.7079832752043 91.4364866615848 92.0215398082145 91.8670341320252
83.3288160125473 81.1303421223965 0 88.5899544600269 80.2196067601836 82.3105428072981 89.5851835781975 88.1387215271078 87.2820597623173 91.0809756830733 88.4810821813038 89.9734226271495 92.327785212262 90.8222332357115 91.4565991907925 93.0546760931499 93.2462932749045 92.658261408263
81.9280437922403 83.8625728945729 88.5899544600269 0 86.5364172448041 88.8253744927482 78.3073021585004 85.27783507335 90.1925879080543 86.1080297977718 88.5716226676249 91.3239724057126 87.7575586929441 88.6917901316925 91.7213751164949 90.535659626244 91.7964213426693 92.4430679653678
81.604732064441 77.650433087972 80.2196067601836 86.5364172448041 0 76.9693623399366 86.8761978059386 83.7262992166468 83.8714337899069 88.2708923475165 84.4786527265116 87.3590696675158 89.9399009387904 87.7958267381541 89.0704658033877 90.8061266947939 91.1097016026592 90.5549367782243
85.6120133392751 83.323798167022 82.3105428072981 88.8253744927482 76.9693623399366 0 88.6639858242517 84.7680103558923 80.0708701724473 89.0105621664958 83.4291995742851 85.3374536285919 90.4773093945009 87.6689334133668 87.7940334296455 90.7445075993385 90.6727672167897 89.593191742332
84.8887294494561 85.5740509438565 89.5851835781975 78.3073021585004 86.8761978059386 88.6639858242517 0 82.3859648733539 89.3081607103155 81.6492564508544 86.8327735631342 90.1052437355394 84.1923321062572 86.0601658467479 90.2441634696577 88.1573208909491 89.8878824094319 90.9244041165344
85.6745557686413 84.8394272962539 88.1387215271078 85.27783507335 83.7262992166468 84.7680103558923 82.3859648733539 0 84.348769710876 80.7683108277111 78.9021373091748 85.5266933956535 84.2169264795973 80.4004842763326 86.108690874692 85.9744315024477 87.1327041939281 87.5524660105081
88.5865931919939 87.1716919309492 87.2820597623173 90.1925879080543 83.8714337899069 80.0708701724473 89.3081607103155 84.348769710876 0 88.2688829342483 79.2970716604341 78.5663707686117 89.5970422648449 85.4102617994493 83.4827717624266 88.9891607759621 88.3453844908085 86.3114457956494
88.5127394962013 88.4018890874713 91.0809756830733 86.1080297977718 88.2708923475165 89.0105621664958 81.6492564508544 80.7683108277111 88.2688829342483 0 84.5160136821761 88.102117618815 74.8615063718665 80.1288824412368 87.481730889759 82.6002308959102 85.8005514005498 87.9330371790942
87.9594486690946 86.8299750935361 88.4810821813038 88.5716226676249 84.4786527265116 83.4291995742851 86.8327735631342 78.9021373091748 79.2970716604341 84.5160136821761 0 80.0814756595712 86.4309154214711 79.7657356159223 81.9401435468265 85.9291992239092 85.7870474290181 84.7391114690121
90.5378057623684 89.5386228001698 89.9734226271495 91.3239724057126 87.3590696675158 85.3374536285919 90.1052437355394 85.5266933956535 78.5663707686117 88.102117618815 80.0814756595712 0 89.0764777251924 84.0661687936488 76.8092101824516 87.3975598292249 85.8464342187456 82.0103444593576
90.0880909614124 90.0455778552729 92.327785212262 87.7575586929441 89.9399009387904 90.4773093945009 84.1923321062572 84.2169264795973 89.5970422648449 74.8615063718665 86.4309154214711 89.0764777251924 0 81.9141740963992 88.103370572082 80.8110544783965 85.1994943815033 88.108795863005
89.4516367342193 88.8819391491607 90.8222332357115 88.6917901316925 87.7958267381541 87.6689334133668 86.0601658467479 80.4004842763326 85.4102617994493 80.1288824412368 79.7657356159223 84.0661687936488 81.9141740963992 0 82.6179874241649 80.2604578063016 81.7819451443998 83.6127062473257
91.4789230578666 90.7079832752043 91.4565991907925 91.7213751164949 89.0704658033877 87.7940334296455 90.2441634696577 86.108690874692 83.4827717624266 87.481730889759 81.9401435468265 76.8092101824516 88.103370572082 82.6179874241649 0 85.2408599357581 82.41855457111 75.2003092693599
91.7360542821461 91.4364866615848 93.0546760931499 90.535659626244 90.8061266947939 90.7445075993385 88.1573208909491 85.9744315024477 88.9891607759621 82.6002308959102 85.9291992239092 87.3975598292249 80.8110544783965 80.2604578063016 85.2408599357581 0 77.5944545064845 84.2565976414849
92.4545830362408 92.0215398082145 93.2462932749045 91.7964213426693 91.1097016026592 90.6727672167897 89.8878824094319 87.1327041939281 88.3453844908085 85.8005514005498 85.7870474290181 85.8464342187456 85.1994943815033 81.7819451443998 82.41855457111 77.5944545064845 0 79.6356543330438
92.4887940599431 91.8670341320252 92.658261408263 92.4430679653678 90.5549367782243 89.593191742332 90.9244041165344 87.5524660105081 86.3114457956494 87.9330371790942 84.7391114690121 82.0103444593576 88.108795863005 83.6127062473257 75.2003092693599 84.2565976414849 79.6356543330438 0
