0 83.4291995742851 87.1659955856493 82.0509172245329 81.0843403509302 85.6942351696241 80.2807401307034 86.9666505416474 88.0635171402465 88.3516992063071 88.7168802665761 89.6907637751096 90.715999260007 89.5085114348723 91.5768584024763 90.4245313795394 92.7886899739228 93.0983909180522
83.4291995742851 0 82.764629276264 81.5313920024931 75.4535216572886 76.9693623399366 81.4741215705682 82.0827706588024 80.5050214404877 86.4266169957072 85.4925475891355 84.3279020717801 90.218323952666 85.2970022018606 88.3192387985912 88.6389564942146 90.6122600944054 90.7262838335203
87.1659955856493 82.764629276264 0 88.0715171378125 85.6186782742299 76.9693623399366 87.8568047770822 88.0706757264335 84.5016820945834 90.7033960608153 89.8878824094319 87.3031982537424 93.258670162439 89.1806870197213 90.8873886026257 91.9972466388404 92.9455473976528 92.8299507328588
82.0509172245329 81.5313920024931 88.0715171378125 0 75.891837352535 85.5560708119719 67.4754622734875 80.788610269172 85.4719304936925 82.6179874241649 83.4876093511407 86.7696515306304 87.1535412007659 85.4304003347848 88.4638216139284 86.2613184744878 89.8715153788298 90.3834729184003
81.0843403509302 75.4535216572886 85.6186782742299 75.891837352535 0 82.1654959184623 75.4535216572886 81.1655581808111 83.3848708612483 84.9105599207718 84.6429132091945 85.7326076915633 89.0058154076919 85.4496766417041 88.5494465197111 87.7239661854775 90.4228181380207 90.7242288662954
85.6942351696241 76.9693623399366 76.9693623399366 85.5560708119719 82.1654959184623 0 85.4373496656962 85.2416670995592 80.7501868793672 88.7045351262639 87.6836771400466 84.8852263681457 91.822570344987 86.9164488363693 89.2251007565695 90.3104847178461 91.5738545932049 91.5127665924628
80.2807401307034 81.4741215705682 87.8568047770822 67.4754622734875 75.4535216572886 85.4373496656962 0 82.3105428072981 85.9539297579115 83.9893193991704 84.7499710991399 87.3877230304124 87.8492845244343 86.3653649600743 89.1551959618225 87.188736274528 90.5050214404877 90.9729848797546
86.9666505416474 82.0827706588024 88.0706757264335 80.788610269172 81.1655581808111 85.2416670995592 82.3105428072981 0 81.4510002480644 79.4221471101878 75.7217818991216 81.5879170280032 86.592955180357 77.8007545217567 83.9209422467254 83.2286239093058 86.7707867926468 87.2195556456312
88.0635171402465 80.5050214404877 84.5016820945834 85.4719304936925 83.3848708612483 80.7501868793672 85.9539297579115 81.4510002480644 0 86.4511223213766 84.2928982971025 76.4578371154628 90.3577060414476 81.8529679016913 85.2198208476034 87.9247777349791 88.8461887760664 88.6315673902305
88.3516992063071 86.4266169957072 90.7033960608153 82.6179874241649 84.9105599207718 88.7045351262639 83.9893193991704 79.4221471101878 86.4511223213766 0 75.1757958751021 85.8688458527758 81.5879170280032 81.7441879861927 84.8358842042205 76.9639370490137 85.4588989664983 86.6499338359494
88.7168802665761 85.4925475891355 89.8878824094319 83.4876093511407 84.6429132091945 87.6836771400466 84.7499710991399 75.7217818991216 84.2928982971025 75.1757958751021 0 82.9967343500493 84.5321991797927 76.2389238659457 81.9002599641319 78.7320818557614 84.2525454416864 85.16595164387
89.6907637751096 84.3279020717801 87.3031982537424 86.7696515306304 85.7326076915633 84.8852263681457 87.3877230304124 81.5879170280032 76.4578371154628 85.8688458527758 82.9967343500493 0 89.7949696782977 78.3073021585004 81.6065963893544 86.7325930303217 86.8249332995649 86.3522602958887
90.715999260007 90.218323952666 93.258670162439 87.1535412007659 89.0058154076919 91.822570344987 87.8492845244343 86.592955180357 90.3577060414476 81.5879170280032 84.5321991797927 89.7949696782977 0 87.1659955856493 88.034764211962 80.0174507434799 86.5310226538999 88.0402758330119
89.5085114348723 85.2970022018606 89.1806870197213 85.4304003347848 85.4496766417041 86.9164488363693 86.3653649600743 77.8007545217567 81.8529679016913 81.7441879861927 76.2389238659457 78.3073021585004 87.1659955856493 0 78.103370572082 82.5942958832762 83.947117784441 84.074624274186
91.5768584024763 88.3192387985912 90.8873886026257 88.4638216139284 88.5494465197111 89.2251007565695 89.1551959618225 83.9209422467254 85.2198208476034 84.8358842042205 81.9002599641319 81.6065963893544 88.034764211962 78.103370572082 0 83.6442999499373 80.1497871498019 78.8707549940815
90.4245313795394 88.6389564942146 91.9972466388404 86.2613184744878 87.7239661854775 90.3104847178461 87.188736274528 83.2286239093058 87.9247777349791 76.9639370490137 78.7320818557614 86.7325930303217 80.0174507434799 82.5942958832762 83.6442999499373 0 82.2289452013272 84.3059326558759
92.7886899739228 90.6122600944054 92.9455473976528 89.8715153788298 90.4228181380207 91.5738545932049 90.5050214404877 86.7707867926468 88.8461887760664 85.4588989664983 84.2525454416864 86.8249332995649 86.5310226538999 83.947117784441 80.1497871498019 82.2289452013272 0 72.5420156066597
93.0983909180522 90.7262838335203 92.8299507328588 90.3834729184003 90.7242288662954 91.5127665924628 90.9729848797546 87.2195556456312 88.6315673902305 86.6499338359494 85.16595164387 86.3522602958887 88.0402758330119 84.074624274186 78.8707549940815 84.3059326558759 72.5420156066597 0
