0 82.6488877209461 88.1067100146295 75.4535216572886 85.5740509438565 88.0466267161603 84.598216984643 81.828241837558 88.7998381164405 84.0608757462916 87.7935849867912 87.8475131591322 89.6356543330438 88.607465606858 91.0314672262549 89.0163191217561 91.6255669291985 91.2373778491913
82.6488877209461 0 82.764629276264 79.4221471101878 81.693328996376 82.1177073885602 88.18363686509 82.7531929436013 85.8464342187456 87.7998589768893 86.3653649600743 85.9628257324468 91.004144962895 88.3065052147751 90.141437337436 91.1355388979585 91.6036130852226 91.2292529792868
88.1067100146295 82.764629276264 0 85.8966987288694 79.4833594670039 67.9762509169206 89.8620554401899 85.2408599357581 79.5317156500199 89.5943768821453 83.8879993973499 82.7973419676385 91.0818170944523 86.8982993539898 87.6689334133668 91.8106716153098 90.2807401307034 89.9209821808502
75.4535216572886 79.4221471101878 85.8966987288694 0 82.3452739215203 85.9126336164662 84.535049192901 77.7239661854775 86.7159566715922 83.9416775421926 85.6716327028611 85.6445006672441 89.0741407444131 87.0227101832781 89.7081136010434 88.8707549940815 90.6655970136117 90.229855602271
85.5740509438565 81.693328996376 79.4833594670039 82.3452739215203 0 80.788610269172 86.7554356592824 79.3223765816634 78.6738840693766 86.3821559182156 78.940188044825 77.7647878994723 88.6256470419417 83.3699935021867 86.0198722703839 89.4387596557842 88.458052813232 87.9399803377578
88.0466267161603 82.1177073885602 67.9762509169206 85.9126336164662 80.788610269172 0 90.1863884972796 85.7065803099363 81.5653952239311 89.9176835328134 85.053638603705 84.1323142820089 91.539917799401 87.7344349565518 88.522229786283 92.1690998863059 90.9007856464973 90.5608692776019
84.598216984643 88.18363686509 89.8620554401899 84.535049192901 86.7554356592824 90.1863884972796 0 82.3358293114501 88.8083669364351 60.943337135734 86.2504555155506 86.83445177974 83.091775616211 85.289026176076 88.8707549940815 81.0314672262549 88.2905355522908 87.7778602431168
81.828241837558 82.7531929436013 85.2408599357581 77.7239661854775 79.3223765816634 85.7065803099363 82.3358293114501 0 84.4892230145064 81.6326132525547 81.8069354424815 82.0977779700964 86.7707867926468 83.4033961764943 87.3352127350916 87.0589771566153 88.447649622336 87.8810461720402
88.7998381164405 85.8464342187456 79.5317156500199 86.7159566715922 78.6738840693766 81.5653952239311 88.8083669364351 84.4892230145064 0 88.5779914470215 78.0402758330119 75.6854997764966 89.1679601933207 82.93128213749 83.3500774119371 90.4004842763326 87.4059036258722 86.9388930455938
84.0608757462916 87.7998589768893 89.5943768821453 83.9416775421926 86.3821559182156 89.9176835328134 60.943337135734 81.6326132525547 88.5779914470215 0 86.0056807318553 86.5811134693557 83.5201228844259 85.1757958751021 88.8143980660997 81.8015924709415 88.3666599593055 87.8475131591322
87.7935849867912 86.3653649600743 83.8879993973499 85.6716327028611 78.940188044825 85.053638603705 86.2504555155506 81.8069354424815 78.0402758330119 86.0056807318553 0 65.7863355292019 86.3616248035471 76.2325041385106 81.2493343553935 88.0211672696151 84.9590655924985 84.1954140305632
87.8475131591322 85.9628257324468 82.7973419676385 85.6445006672441 77.7647878994723 84.1323142820089 86.83445177974 82.0977779700964 75.6854997764966 86.5811134693557 65.7863355292019 0 87.1368796008778 78.444562403568 81.780154608477 88.6378489297544 85.6745557686413 85.0002150024618
89.6356543330438 91.004144962895 91.0818170944523 89.0741407444131 88.6256470419417 91.539917799401 83.091775616211 86.7707867926468 89.1679601933207 83.5201228844259 86.3616248035471 87.1368796008778 0 83.4960621867671 86.5840769255055 77.1394871931621 83.4984742639294 82.93128213749
88.607465606858 88.3065052147751 86.8982993539898 87.0227101832781 83.3699935021867 87.7344349565518 85.289026176076 83.4033961764943 82.93128213749 85.1757958751021 76.2325041385106 78.444562403568 83.4960621867671 0 79.546717201444 86.1396485255302 81.6065963893544 80.3509914920462
91.0314672262549 90.141437337436 87.6689334133668 89.7081136010434 86.0198722703839 88.522229786283 88.8707549940815 87.3352127350916 83.3500774119371 88.8143980660997 81.2493343553935 81.780154608477 86.5840769255055 79.546717201444 0 88.9080397014111 79.9742370056535 79.4098004215052
89.0163191217561 91.1355388979585 91.8106716153098 88.8707549940815 89.4387596557842 92.1690998863059 81.0314672262549 87.0589771566153 90.4004842763326 81.8015924709415 88.0211672696151 88.6378489297544 77.1394871931621 86.1396485255302 88.9080397014111 0 86.9054582071479 86.5063621434069
91.6255669291985 91.6036130852226 90.2807401307034 90.6655970136117 88.458052813232 90.9007856464973 88.2905355522908 88.447649622336 87.4059036258722 88.3666599593055 84.9590655924985 85.6745557686413 83.4984742639294 81.6065963893544 79.9742370056535 86.9054582071479 0 64.4651623168477
91.2373778491913 91.2292529792868 89.9209821808502 90.229855602271 87.9399803377578 90.5608692776019 87.7778602431168 87.8810461720402 86.9388930455938 87.8475131591322 84.1954140305632 85.0002150024618 82.93128213749 80.3509914920462 79.4098004215052 86.5063621434069 64.4651623168477 0
