0 82.2531040517902 89.1992209343237 79.9985976200845 84.9582041534757 88.1914188213912 85.5859964760748 86.86121542219 90.2234529108282 88.5663707686117 89.0382609051074 90.3596935455468 88.3362909710914 88.5644935501606 92.3195680162513 91.0002889469191 91.8510302272789 93.507748273612
82.2531040517902 0 84.407844910831 83.9547226928842 73.5081091981508 82.0911144554496 86.8545399581078 84.0279140776271 87.0205673709395 88.1142143850042 86.9693623399366 87.1410509973508 87.858130529772 87.3047042162445 90.7987245196668 91.7365970032622 90.6078051904347 92.4022902915217
89.1992209343237 84.407844910831 0 90.1450923558343 81.9504880014648 78.1117143687293 91.3671231171328 88.3327274477688 87.6689334133668 91.4596851756052 89.6872854769974 87.5803463896305 91.3084284210613 90.5451899017801 91.917298642149 94.379884363053 92.1900093127201 93.424051144926
79.9985976200845 83.9547226928842 90.1450923558343 0 85.8737330189105 88.5188156704265 79.1123755294906 83.964480905296 88.8840329755504 84.8145647350099 86.4511223213766 89.0891422958372 84.484421527208 85.2650098301599 90.5150984397825 88.1750195011629 89.7480430637718 91.8001665676802
84.9582041534757 73.5081091981508 81.9504880014648 85.8737330189105 0 78.0529683256868 87.8770886459859 84.0075874112409 85.8737330189105 88.4856734369361 86.7257167473403 85.952559527637 88.2511598923979 87.4454406823376 90.4201245351034 92.2022143179024 90.3930962198545 92.1441384770285
88.1914188213912 82.0911144554496 78.1117143687293 88.5188156704265 78.0529683256868 0 89.6038463758268 85.2585829776085 84.3872598725851 89.4427494997203 87.0312708756033 84.3139343989393 89.259475688825 88.2195629154254 90.0093808529838 93.0343300053132 90.2943773472485 91.8512064152267
85.5859964760748 86.8545399581078 91.3671231171328 79.1123755294906 87.8770886459859 89.6038463758268 0 82.9763862971189 88.2993261327158 79.7657356159223 84.4429081229287 88.5513302520412 79.3443980803016 81.9089615194754 88.8030383870541 84.6028943623908 87.5803463896305 90.0543803137744
86.86121542219 84.0279140776271 88.3327274477688 83.964480905296 84.0075874112409 85.2585829776085 82.9763862971189 0 81.7819451443998 81.0906420857516 76.3653649600743 82.2787262194362 80.6047544631244 77.7738075181225 85.8005514005498 88.5115992665131 85.1675938994461 88.3390605802349
90.2234529108282 87.0205673709395 87.6689334133668 88.8840329755504 85.8737330189105 84.3872598725851 88.2993261327158 81.7819451443998 0 86.1053844833492 80.497809241511 57.9330371790942 85.9785202629748 83.8146333429251 83.6964506811521 90.9686693382667 84.7200415290772 87.1394871931621
88.5663707686117 88.1142143850042 91.4596851756052 84.8145647350099 88.4856734369361 89.4427494997203 79.7657356159223 81.0906420857516 86.1053844833492 0 79.6707254104607 86.436435724929 57.4754622734875 73.4107842329724 85.1536148924089 83.8325331923513 83.0718690352051 86.8833931536174
89.0382609051074 86.9693623399366 89.6872854769974 86.4511223213766 86.7257167473403 87.0312708756033 84.4429081229287 76.3653649600743 80.497809241511 79.6707254104607 0 81.1157579812105 79.4467356815688 73.9209422467254 82.2867022452208 87.8955263247855 81.2956326992361 85.8182560513189
90.3596935455468 87.1410509973508 87.5803463896305 89.0891422958372 85.952559527637 84.3139343989393 88.5513302520412 82.2787262194362 57.9330371790942 86.436435724929 81.1157579812105 0 86.3152293981705 84.2434141444616 83.8924062417859 91.1554369284057 84.9796890336395 87.2598037653182
88.3362909710914 87.858130529772 91.3084284210613 84.484421527208 88.2511598923979 89.259475688825 79.3443980803016 80.6047544631244 85.9785202629748 57.4754622734875 79.4467356815688 86.3152293981705 0 72.9023336598264 85.2970022018606 84.1082825279571 83.323798167022 87.0764687502886
88.5644935501606 87.3047042162445 90.5451899017801 85.2650098301599 87.4454406823376 88.2195629154254 81.9089615194754 77.7738075181225 83.8146333429251 73.4107842329724 73.9209422467254 84.2434141444616 72.9023336598264 0 83.7262992166468 86.0601658467479 81.8810549507213 86.2937452682456
92.3195680162513 90.7987245196668 91.917298642149 90.5150984397825 90.4201245351034 90.0093808529838 88.8030383870541 85.8005514005498 83.6964506811521 85.1536148924089 82.2867022452208 83.8924062417859 85.2970022018606 83.7262992166468 0 89.1272458135151 73.6150544197642 77.4754622734875
91.0002889469191 91.7365970032622 94.379884363053 88.1750195011629 92.2022143179024 93.0343300053132 84.6028943623908 88.5115992665131 90.9686693382667 83.8325331923513 87.8955263247855 91.1554369284057 84.1082825279571 86.0601658467479 89.1272458135151 0 87.5353659103793 89.1666527665572
91.8510302272789 90.6078051904347 92.1900093127201 89.7480430637718 90.3930962198545 90.2943773472485 87.5803463896305 85.1675938994461 84.7200415290772 83.0718690352051 81.2956326992361 84.9796890336395 83.323798167022 81.8810549507213 73.6150544197642 87.5353659103793 0 78.3073021585004
93.507748273612 92.4022902915217 93.424051144926 91.8001665676802 92.1441384770285 91.8512064152267 90.0543803137744 88.3390605802349 87.1394871931621 86.8833931536174 85.8182560513189 87.2598037653182 87.0764687502886 86.2937452682456 77.4754622734875 89.1666527665572 78.3073021585004 0
