0 85.3208427639379 87.188736274528 75.9126336164662 84.9409393928377 86.9476203930553 83.6033008406848 85.3649979935812 86.6563483913967 83.4499763303665 87.3031982537424 88.9132410411909 88.1860958317419 87.679995898191 89.6953971767029 91.3432254546546 91.2357540907693 92.018997943722
85.3208427639379 0 76.7239959740949 81.828241837558 79.2970716604341 81.8810549507213 88.7168802665761 88.5142593369233 86.5597166813801 89.2125036075832 88.1407920610298 89.7158984668699 92.2608065867428 90.3089771870867 90.3567119482086 94.1244924425546 92.9448626389961 93.1893151412131
87.188736274528 76.7239959740949 0 84.4351407256978 77.3382020284199 77.5944545064845 89.0068330071387 88.3505158963269 85.3461292680899 89.6476688299326 87.2501578496618 88.8394967548274 92.5457708553321 90.0423725326704 89.4589779583689 94.1806008072875 92.557316661192 92.6441932793929
75.9126336164662 81.828241837558 84.4351407256978 0 81.5597464763509 84.4786527265116 84.7109310897828 85.4673355948484 85.3657824142135 85.1014144120895 86.5650757693805 88.4407002914246 89.4839672543982 87.9477781460115 89.2674681545852 92.1373808241886 91.438812097267 92.0332132611247
84.9409393928377 79.2970716604341 77.3382020284199 81.5597464763509 0 73.6964506811521 86.3995004648654 85.5047191012369 81.676854159603 87.2886136300243 84.348769710876 86.6376614949834 90.9051691389906 87.8208556136306 87.5186760113139 92.8334651817364 91.0501520670485 91.2719412952555
86.9476203930553 81.8810549507213 77.5944545064845 84.4786527265116 73.6964506811521 0 87.3382020284199 86.0715147213828 81.0653800960415 88.2495451146068 83.9968508302003 86.1192544428531 91.4529317334505 88.0309443726372 86.9230298879921 93.0998449331625 90.9426856451481 90.9807420643268
83.6033008406848 88.7168802665761 89.0068330071387 84.7109310897828 86.3995004648654 87.3382020284199 0 75.2408599357581 83.5547758127407 69.6356543330438 82.5868656935784 84.2250937501173 83.051870788883 79.5765657369386 85.3563600026657 87.4546629212388 86.6188938446819 88.0652025753386
85.3649979935812 88.5142593369233 88.3505158963269 85.4673355948484 85.5047191012369 86.0715147213828 75.2408599357581 0 80.1990362311678 78.8179418809182 77.8718063285063 80.4761005024071 85.0325173442018 75.9539297579115 82.2354007132093 87.9955576927879 85.372052683946 86.6188938446819
86.6563483913967 86.5597166813801 85.3461292680899 85.3657824142135 81.676854159603 81.0653800960415 83.5547758127407 80.1990362311678 0 85.13049210439 73.1574795141574 79.4098004215052 88.9673111529219 83.0718690352051 81.3454034114811 90.7683108277111 87.5944545064845 87.7864035964503
83.4499763303665 89.2125036075832 89.6476688299326 85.1014144120895 87.2886136300243 88.2495451146068 69.6356543330438 78.8179418809182 85.13049210439 0 84.3398387118709 85.604595839916 81.6951556819209 81.1963957883817 86.5382139537117 87.0269926387653 87.0949437788996 88.6167513594206
87.3031982537424 88.1407920610298 87.2501578496618 86.5650757693805 84.348769710876 83.9968508302003 82.5868656935784 77.8718063285063 73.1574795141574 84.3398387118709 0 74.3872598725851 87.989131632697 80.1964580507305 77.8673994840703 89.7081136010434 85.7670699903198 86.0761791811688
88.9132410411909 89.7158984668699 88.8394967548274 88.4407002914246 86.6376614949834 86.1192544428531 84.2250937501173 80.4761005024071 79.4098004215052 85.604595839916 74.3872598725851 0 88.0983565886669 79.6648998632169 68.4638216139284 89.2031127528075 83.7365837901601 83.6442999499373
88.1860958317419 92.2608065867428 92.5457708553321 89.4839672543982 90.9051691389906 91.4529317334505 83.051870788883 85.0325173442018 88.9673111529219 81.6951556819209 87.989131632697 88.0983565886669 0 83.964480905296 88.5115992665131 81.3513377482993 86.2766083062783 88.3819610138378
87.679995898191 90.3089771870867 90.0423725326704 87.9477781460115 87.8208556136306 88.0309443726372 79.5765657369386 75.9539297579115 83.0718690352051 81.1963957883817 80.1964580507305 79.6648998632169 83.964480905296 0 80.8222332357115 86.1762484276019 81.8512064152267 83.9763779101233
89.6953971767029 90.3567119482086 89.4589779583689 89.2674681545852 87.5186760113139 86.9230298879921 85.3563600026657 82.2354007132093 81.3454034114811 86.5382139537117 77.8673994840703 68.4638216139284 88.5115992665131 80.8222332357115 0 89.259475688825 83.0970686635682 82.4570356382086
91.3432254546546 94.1244924425546 94.1806008072875 92.1373808241886 92.8334651817364 93.0998449331625 87.4546629212388 87.9955576927879 90.7683108277111 87.0269926387653 89.7081136010434 89.2031127528075 81.3513377482993 86.1762484276019 89.259475688825 0 84.8172353991213 87.2016042685911
91.2357540907693 92.9448626389961 92.557316661192 91.438812097267 91.0501520670485 90.9426856451481 86.6188938446819 85.372052683946 87.5944545064845 87.0949437788996 85.7670699903198 83.7365837901601 86.2766083062783 81.8512064152267 83.0970686635682 84.8172353991213 0 75.2408599357581
92.018997943722 93.1893151412131 92.6441932793929 92.0332132611247 91.2719412952555 90.9807420643268 88.0652025753386 86.6188938446819 87.7864035964503 88.6167513594206 86.0761791811688 83.6442999499373 88.3819610138378 83.9763779101233 82.4570356382086 87.2016042685911 75.2408599357581 0
