0 82.8354320315571 86.8982993539898 80.9541809486562 80.5622918724125 85.2003092693599 77.8007545217567 85.3563600026657 87.7580108710713 86.7325930303217 85.0265849374382 90.1430041505679 89.6614007803213 89.8581541741292 88.9038741397594 90.5482827438209 90.7242288662954 93.201597050353
82.8354320315571 0 80.738820882775 87.9438809920164 84.877334088665 84.4632316900903 86.0178477447537 87.5827009274052 87.1368796008778 90.2234529108282 87.4078645446634 90.6843071736753 92.1576223194136 91.2956326992361 89.838875138866 92.7049734901154 92.2305599791183 94.0773687645987
86.8982993539898 80.738820882775 0 90.3785296080732 86.2170579640101 82.6488877209461 88.2390343987537 87.5143739358566 84.7100189938393 90.93920937716 87.4430105189823 89.444283079601 92.4784370287424 90.7917594497868 88.8633997085458 92.8535133525695 91.8607099656506 93.424051144926
80.9541809486562 87.9438809920164 90.3785296080732 0 84.3368576261899 88.458052813232 79.3223765816634 86.9639370490137 90.0415708322431 85.2970022018606 86.6998332832862 91.1554369284057 88.49025984393 90.1718886978531 89.9796622965764 89.6338933227531 90.6951268451428 93.3017766683838
80.5622918724125 84.877334088665 86.2170579640101 84.3368576261899 0 80.2528274474092 77.2272264362371 77.9719488414633 83.6952985535903 83.6256055123803 77.2016042685911 86.6545999065771 87.2415090959192 86.3653649600743 84.7136662288377 88.1865055241925 87.7629817256808 90.971043416746
85.2003092693599 84.4632316900903 82.6488877209461 88.458052813232 80.2528274474092 0 84.8385417941978 80.4004842763326 76.2899428940185 87.1784143568491 80.3509914920462 84.877334088665 89.2073249576102 86.5376151333289 83.3550650034345 89.6814821156488 88.2032697249812 90.6953567583125
77.8007545217567 86.0178477447537 88.2390343987537 79.3223765816634 77.2272264362371 84.8385417941978 0 82.5525221311318 87.0589771566153 82.8981823660717 82.0911144554496 88.7608908822587 87.1143894407578 87.8718063285063 87.1928581823652 88.3061066880651 88.7973473856579 91.8751016326965
85.3563600026657 87.5827009274052 87.5143739358566 86.9639370490137 77.9719488414633 80.4004842763326 82.5525221311318 0 81.4548623602078 82.1654959184623 56.9639370490137 82.93128213749 85.2962052581353 82.3184606669553 79.5765657369386 86.0981015495578 84.6066326409251 88.7912925143016
87.7580108710713 87.1368796008778 84.7100189938393 90.0415708322431 83.6952985535903 76.2899428940185 87.0589771566153 81.4548623602078 0 87.8007545217567 81.6951556819209 81.9141740963992 89.1940264119802 85.2930160200121 80.8776994407101 89.4387596557842 87.2216025149133 89.4635599297653
86.7325930303217 90.2234529108282 90.93920937716 85.2970022018606 83.6256055123803 87.1784143568491 82.8981823660717 82.1654959184623 87.8007545217567 0 82.045866309268 86.975322342495 78.8285560079588 83.8714337899069 85.2003092693599 81.7423818124012 84.3169312557476 89.0607623901479
85.0265849374382 87.4078645446634 87.4430105189823 86.6998332832862 77.2016042685911 80.3509914920462 82.0911144554496 56.9639370490137 81.6951556819209 82.045866309268 0 83.3550650034345 85.3563600026657 82.7114819424818 80.1964580507305 86.2028505482141 84.8782117172058 88.9905227343641
90.1430041505679 90.6843071736753 89.444283079601 91.1554369284057 86.6545999065771 84.877334088665 88.7608908822587 82.93128213749 81.9141740963992 86.975322342495 83.3550650034345 0 87.0679967752654 79.0051368755729 73.2093361878076 86.7894758974519 82.099442252477 84.7544879428325
89.6614007803213 92.1576223194136 92.4784370287424 88.49025984393 87.2415090959192 89.2073249576102 87.1143894407578 85.2962052581353 89.1940264119802 78.8285560079588 85.3563600026657 87.0679967752654 0 82.8550516930196 85.854852140591 71.6065963893544 81.676854159603 87.1426142386487
89.8581541741292 91.2956326992361 90.7917594497868 90.1718886978531 86.3653649600743 86.5376151333289 87.8718063285063 82.3184606669553 85.2930160200121 83.8714337899069 82.7114819424818 79.0051368755729 82.8550516930196 0 77.3827962632147 82.2354007132093 73.2222041818708 83.2910400873432
88.9038741397594 89.838875138866 88.8633997085458 89.9796622965764 84.7136662288377 83.3550650034345 87.1928581823652 79.5765657369386 80.8776994407101 85.2003092693599 80.1964580507305 73.2093361878076 85.854852140591 77.3827962632147 0 85.8415162187485 81.5370777263936 85.8323679884117
90.5482827438209 92.7049734901154 92.8535133525695 89.6338933227531 88.1865055241925 89.6814821156488 88.3061066880651 86.0981015495578 89.4387596557842 81.7423818124012 86.2028505482141 86.7894758974519 71.6065963893544 82.2354007132093 85.8415162187485 0 80.0415708322431 85.8182560513189
90.7242288662954 92.2305599791183 91.8607099656506 90.6951268451428 87.7629817256808 88.2032697249812 88.7973473856579 84.6066326409251 87.2216025149133 84.3169312557476 84.8782117172058 82.099442252477 81.676854159603 73.2222041818708 81.5370777263936 80.0415708322431 0 81.5879170280032
93.201597050353 94.0773687645987 93.424051144926 93.3017766683838 90.971043416746 90.6953567583125 91.8751016326965 88.7912925143016 89.4635599297653 89.0607623901479 88.9905227343641 84.7544879428325 87.1426142386487 83.2910400873432 85.8323679884117 85.8182560513189 81.5879170280032 0
