0 84.9607879581046 88.4599765983439 85.7152734467552 87.2272264362371 88.9724420299244 82.6179874241649 89.5413226105397 90.0287234574536 89.4017562099516 88.6230543495502 91.6630772267669 91.1902457592883 91.3307306167815 92.721875220957 92.0262806451349 93.6501254971811 94.8924046462743
84.9607879581046 0 80.2528274474092 83.3350801775148 78.0360367454923 80.4761005024071 80.1471795575176 82.764629276264 83.555965823659 88.4638216139284 84.3774230737726 86.4706275098419 88.1407920610298 86.6917490863679 89.126256043734 90.3852017485709 91.350942378021 92.2595237792253
88.4599765983439 80.2528274474092 0 87.5921063340461 82.7760355725621 73.5201228844259 86.1866491386205 83.4181597425046 83.3836330260342 90.843616123437 87.210845672568 84.9822600913282 89.5765657369386 86.9639370490137 89.2684262627964 91.8736996651857 92.0509172245329 92.1808738232924
85.7152734467552 83.3350801775148 87.5921063340461 0 81.0738170968863 86.8545399581078 76.4578371154628 84.4892230145064 85.4925475891355 81.715198676593 78.7284672531233 88.1573208909491 84.7027153220418 86.3372349564591 88.2692848912868 86.4486780017291 89.2263907082591 91.4896591649483
87.2272264362371 78.0360367454923 82.7760355725621 81.0738170968863 0 80.7750878561122 80.7683108277111 76.9747808619358 79.0119174309222 86.5087742205692 79.4005173154006 83.9590623832968 84.9659509602808 83.0196808096236 86.4345964033151 88.2688829342483 89.2428040951504 90.48383160337
88.9724420299244 80.4761005024071 73.5201228844259 86.8545399581078 80.7750878561122 0 85.8883616061958 80.3134982103822 80.0867687069284 90.0962799659609 85.8019704317074 82.3999618428095 88.2745069501547 84.9105599207718 87.7239661854775 90.971043416746 90.9994315893368 91.1078203183244
82.6179874241649 80.1471795575176 86.1866491386205 76.4578371154628 80.7683108277111 85.8883616061958 0 85.0265849374382 85.9298880881852 85.4032689536105 82.5942958832762 88.5241253582302 87.1784143568491 87.5410734282119 89.5241953973719 88.8211288437071 90.8237959680764 92.4877290346708
89.5413226105397 82.764629276264 83.4181597425046 84.4892230145064 76.9747808619358 80.3134982103822 85.0265849374382 0 66.2581263061566 87.5339378581434 80.738820882775 79.0220684557673 83.8924062417859 78.103370572082 83.5725918290523 88.0908247429846 88.0402758330119 88.7515488942688
90.0287234574536 83.555965823659 83.3836330260342 85.4925475891355 79.0119174309222 80.0867687069284 85.9298880881852 66.2581263061566 0 88.1573208909491 82.0827706588024 76.7923005771085 84.3872598725851 77.5519919157727 83.201597050353 88.47226868458 88.1008643039626 88.4691989231381
89.4017562099516 88.4638216139284 90.843616123437 81.715198676593 86.5087742205692 90.0962799659609 85.4032689536105 87.5339378581434 88.1573208909491 0 82.2305599791183 89.864561547615 83.051870788883 87.491838041348 88.251967056199 81.1303421223965 87.210845672568 90.8422827729217
88.6230543495502 84.3774230737726 87.210845672568 78.7284672531233 79.4005173154006 85.8019704317074 82.5942958832762 80.738820882775 82.0827706588024 82.2305599791183 0 85.4373496656962 79.5765657369386 81.9401435468265 84.7490671664029 84.4088227212188 86.6218316414651 89.2408763249838
91.6630772267669 86.4706275098419 84.9822600913282 88.1573208909491 83.9590623832968 82.3999618428095 88.5241253582302 79.0220684557673 76.7923005771085 89.864561547615 85.4373496656962 0 85.9518742503466 78.5962964327146 82.3121275344892 89.542222174492 88.2402484726988 87.334714319435
91.1902457592883 88.1407920610298 89.5765657369386 84.7027153220418 84.9659509602808 88.2745069501547 87.1784143568491 83.8924062417859 84.3872598725851 83.051870788883 79.5765657369386 85.9518742503466 0 81.1303421223965 81.3887347396581 80.1497871498019 81.5313920024931 86.5172059563291
91.3307306167815 86.6917490863679 86.9639370490137 86.3372349564591 83.0196808096236 84.9105599207718 87.5410734282119 78.103370572082 77.5519919157727 87.491838041348 81.9401435468265 78.5962964327146 81.1303421223965 0 76.9639370490137 86.6545999065771 85.1872526798368 85.7620612388407
92.721875220957 89.126256043734 89.2684262627964 88.2692848912868 86.4345964033151 87.7239661854775 89.5241953973719 83.5725918290523 83.201597050353 88.251967056199 84.7490671664029 82.3121275344892 81.3887347396581 76.9639370490137 0 86.1821018921153 82.3073716170739 81.9089615194754
92.0262806451349 90.3852017485709 91.8736996651857 86.4486780017291 88.2688829342483 90.971043416746 88.8211288437071 88.0908247429846 88.47226868458 81.1303421223965 84.4088227212188 89.542222174492 80.1497871498019 86.6545999065771 86.1821018921153 0 82.1027689051246 88.3073021585004
93.6501254971811 91.350942378021 92.0509172245329 89.2263907082591 89.2428040951504 90.9994315893368 90.8237959680764 88.0402758330119 88.1008643039626 87.210845672568 86.6218316414651 88.2402484726988 81.5313920024931 85.1872526798368 82.3073716170739 82.1027689051246 0 82.7273505510716
94.8924046462743 92.2595237792253 92.1808738232924 91.4896591649483 90.48383160337 91.1078203183244 92.4877290346708 88.7515488942688 88.4691989231381 90.8422827729217 89.2408763249838 87.334714319435 86.5172059563291 85.7620612388407 81.9089615194754 88.3073021585004 82.7273505510716 0
