0 82.7574850982769 86.2118970069928 76.3715914053258 80.715999260007 88.940188044825 86.4924666414174 84.658633456727 89.0728047619927 88.2853327425963 90.3029418256257 90.0923194724934 89.8848356034133 91.4486813311353 90.0330101399179 92.9463689655499 92.1900093127201 92.8674782664287
82.7574850982769 0 77.3031982537424 80.5456658670191 80.0735239732136 83.7182832318441 86.4930717190664 79.3756649167141 85.0813623034275 87.650433087972 88.1750195011629 87.5186760113139 89.7529014238957 90.2875640917264 86.86121542219 92.7320998491449 91.3951973106443 91.1224310947009
86.2118970069928 77.3031982537424 0 85.0947406576928 84.6595564074942 82.5420156066597 88.6389564942146 82.9913175176426 85.3248034982015 89.3068948224339 88.9180900111074 88.1254466830527 91.1040553030743 91.1044737993231 87.1269564468328 93.5858469576037 92.1939186474548 91.3621963499351
76.3715914053258 80.5456658670191 85.0947406576928 0 72.6459542896836 87.1217246129041 83.6442999499373 80.7683108277111 86.960135308793 85.9298880881852 88.3532764515829 88.1054580245707 88.1200421657566 89.8042944601115 88.0933368098544 91.7485197410052 90.7369995596956 91.4604563293017
80.715999260007 80.0735239732136 84.6595564074942 72.6459542896836 0 85.7376505077114 81.6492564508544 76.9476203930553 85.2287344421139 84.1954140305632 86.804707388042 86.5021377821021 86.9639370490137 88.5962964327146 86.5256213537673 90.9800961612219 89.7170505944318 90.4051568865153
88.940188044825 83.7182832318441 82.5420156066597 87.1217246129041 85.7376505077114 0 87.3307249336277 81.955651003641 76.5364172448041 87.2195556456312 84.5832154332189 82.9532093273657 89.2837273173287 88.1540201537056 80.3485019850597 91.7844506551408 89.7170505944318 87.6850568016727
86.4924666414174 86.4930717190664 88.6389564942146 83.6442999499373 81.6492564508544 87.3307249336277 0 82.3105428072981 85.3681348263785 74.2066957450215 83.928593088954 84.4613002047043 80.229855602271 84.6844022237742 85.6097894193738 87.4078645446634 85.9271319752455 88.3784347830183
84.658633456727 79.3756649167141 82.9913175176426 80.7683108277111 76.9476203930553 81.955651003641 82.3105428072981 0 81.1136705287218 83.6150544197642 84.5121965473938 83.7445660987571 86.7939945034717 87.396085729029 83.3350801775148 90.662818269831 88.8899600074921 88.8461887760664
89.0728047619927 85.0813623034275 85.3248034982015 86.960135308793 85.2287344421139 76.5364172448041 85.3681348263785 81.1136705287218 0 84.7200415290772 80.2196067601836 77.3975598292249 87.2195556456312 85.5107920892135 72.6017133826353 90.1458751740211 87.5676097802613 85.3681348263785
88.2853327425963 87.650433087972 89.3068948224339 85.9298880881852 84.1954140305632 87.2195556456312 74.2066957450215 83.6150544197642 84.7200415290772 0 81.4296970200605 82.5868656935784 76.5364172448041 81.604732064441 84.4039314662598 85.7152734467552 83.379917402121 86.6766955363947
90.3029418256257 88.1750195011629 88.9180900111074 88.3532764515829 86.804707388042 84.5832154332189 83.928593088954 84.5121965473938 80.2196067601836 81.4296970200605 0 69.546717201444 83.6663955797549 78.7320818557614 76.9639370490137 86.9345227862877 82.7273505510716 81.0399703025278
90.0923194724934 87.5186760113139 88.1254466830527 88.1054580245707 86.5021377821021 82.9532093273657 84.4613002047043 83.7445660987571 77.3975598292249 82.5868656935784 69.546717201444 0 84.9788316760572 81.3036344422995 72.1654959184623 88.034764211962 84.4351407256978 81.8069354424815
89.8848356034133 89.7529014238957 91.1040553030743 88.1200421657566 86.9639370490137 89.2837273173287 80.229855602271 86.7939945034717 87.2195556456312 76.5364172448041 83.6663955797549 84.9788316760572 0 80.8776994407101 86.6394168112023 82.420100378145 81.0632682823266 86.975322342495
91.4486813311353 90.2875640917264 91.1044737993231 89.8042944601115 88.5962964327146 88.1540201537056 84.6844022237742 87.396085729029 85.5107920892135 81.604732064441 78.7320818557614 81.3036344422995 80.8776994407101 0 83.8681130724119 82.79025144391 74.0608757462916 81.1324215788973
90.0330101399179 86.86121542219 87.1269564468328 88.0933368098544 86.5256213537673 80.3485019850597 85.6097894193738 83.3350801775148 72.6017133826353 84.4039314662598 76.9639370490137 72.1654959184623 86.6394168112023 83.8681130724119 0 89.3274199206759 86.2937452682456 83.0983909180522
92.9463689655499 92.7320998491449 93.5858469576037 91.7485197410052 90.9800961612219 91.7844506551408 87.4078645446634 90.662818269831 90.1458751740211 85.7152734467552 86.9345227862877 88.034764211962 82.420100378145 82.79025144391 89.3274199206759 0 79.1453517305904 87.1514619931528
92.1900093127201 91.3951973106443 92.1939186474548 90.7369995596956 89.7170505944318 89.7170505944318 85.9271319752455 88.8899600074921 87.5676097802613 83.379917402121 82.7273505510716 84.4351407256978 81.0632682823266 74.0608757462916 86.2937452682456 79.1453517305904 0 83.0075477881139
92.8674782664287 91.1224310947009 91.3621963499351 91.4604563293017 90.4051568865153 87.6850568016727 88.3784347830183 88.8461887760664 85.3681348263785 86.6766955363947 81.0399703025278 81.8069354424815 86.975322342495 81.1324215788973 83.0983909180522 87.1514619931528 83.0075477881139 0
