0 84.4555005891274 86.83445177974 75.5971656502182 86.9076585592248 86.2581263061566 82.7417264159659 83.2910400873432 88.8409064585869 88.9218961216174 87.2704401740636 89.2251007565695 91.3176021151403 89.1420653552395 90.7027075605651 91.9235409978307 92.5922167112136 93.6150544197642
84.4555005891274 0 75.4841598430449 85.9744315024477 82.7460299124228 75.1757958751021 86.706750637792 84.4341688235299 83.6256055123803 91.0107778642651 85.583013171943 87.0312708756033 92.5489227568096 89.5943768821453 89.371924760187 92.3887678784619 91.7412977474576 92.5704743915648
86.83445177974 75.4841598430449 0 87.6979125521461 81.1303421223965 67.2272264362371 87.6758507678725 85.2287344421139 80.237526392877 91.3164066447049 84.9227372224544 85.8246120982086 92.6024544362706 89.4427494997203 88.4826131392183 92.1924530592832 91.0406073626202 91.7971349679133
75.5971656502182 85.9744315024477 87.6979125521461 0 86.6235933661133 87.0200315026164 78.6148957965558 81.3295387552311 88.8927464025314 86.8678806412791 86.3120766250236 88.5343471744047 89.8419543483159 87.5906968209211 89.8781805979189 90.6967359817886 91.7990968329191 92.9714885454098
86.9076585592248 82.7460299124228 81.1303421223965 86.6235933661133 0 79.4467356815688 84.8358842042205 80.8222332357115 76.8982993539898 88.6643528285041 76.1020755728508 78.8461887760664 90.0764412822916 85.3783139138199 83.9198481681658 89.358496019957 87.9334714518628 89.2160603507377
86.2581263061566 75.1757958751021 67.2272264362371 87.0200315026164 79.4467356815688 0 86.8461811729156 84.0756800526813 79.5317156500199 90.7563121714795 83.8045321616377 85.0129946433235 92.1292907879716 88.7716451877599 87.8990294060959 91.7250042174156 90.6272325542047 91.4741215705682
82.7417264159659 86.706750637792 87.6758507678725 78.6148957965558 84.8358842042205 86.8461811729156 0 76.2581263061566 87.7580108710713 83.4242964466753 83.1925505915743 86.1448960051827 87.3391980024683 83.785387812752 87.4735316467302 88.2390343987537 89.7634567520006 91.2586335937683
83.2910400873432 84.4341688235299 85.2287344421139 81.3295387552311 80.8222332357115 84.0756800526813 76.2581263061566 0 85.0805247863448 85.5198856779186 79.115684439989 83.5595339012134 88.2905355522908 83.5153213971275 85.9209243186067 88.444562403568 88.9484459046777 90.4649628778786
88.8409064585869 83.6256055123803 80.237526392877 88.8927464025314 76.8982993539898 79.5317156500199 87.7580108710713 85.0805247863448 0 90.5227604901881 81.7711908388985 80.9302887188506 91.4789230578666 87.597739816387 84.9305474959894 90.577673521143 88.3991592697787 89.2379830643289
88.9218961216174 91.0107778642651 91.3164066447049 86.8678806412791 88.6643528285041 90.7563121714795 83.4242964466753 85.5198856779186 90.5227604901881 0 86.5840769255055 87.9016548640009 79.3475349130989 81.4063373322637 87.5353659103793 83.6115316848253 88.5115992665131 90.2825103356211
87.2704401740636 85.583013171943 84.9227372224544 86.3120766250236 76.1020755728508 83.8045321616377 83.1925505915743 79.115684439989 81.7711908388985 86.5840769255055 0 75.6120133392751 88.1552582241713 81.7224641652286 81.1655581808111 87.2643654163616 86.1866491386205 88.0211672696151
89.2251007565695 87.0312708756033 85.8246120982086 88.5343471744047 78.8461887760664 85.0129946433235 86.1448960051827 83.5595339012134 80.9302887188506 87.9016548640009 75.6120133392751 0 88.6742502381572 82.8255888627868 76.9257690522703 87.1410509973508 84.1954140305632 86.1053844833492
91.3176021151403 92.5489227568096 92.6024544362706 89.8419543483159 90.0764412822916 92.1292907879716 87.3391980024683 88.2905355522908 91.4789230578666 79.3475349130989 88.1552582241713 88.6742502381572 0 82.6135550936366 87.4802850888848 78.607465606858 87.2598037653182 89.1123755294906
89.1420653552395 89.5943768821453 89.4427494997203 87.5906968209211 85.3783139138199 88.7716451877599 83.785387812752 83.5153213971275 87.597739816387 81.4063373322637 81.7224641652286 82.8255888627868 82.6135550936366 0 81.6251957531956 81.2493343553935 84.2169264795973 86.9693623399366
90.7027075605651 89.371924760187 88.4826131392183 89.8781805979189 83.9198481681658 87.8990294060959 87.4735316467302 85.9209243186067 84.9305474959894 87.5353659103793 81.1655581808111 76.9257690522703 87.4802850888848 81.6251957531956 0 84.924474053039 79.3002428506583 82.764629276264
91.9235409978307 92.3887678784619 92.1924530592832 90.6967359817886 89.358496019957 91.7250042174156 88.2390343987537 88.444562403568 90.577673521143 83.6115316848253 87.2643654163616 87.1410509973508 78.607465606858 81.2493343553935 84.924474053039 0 83.5008850021645 86.0914700857269
92.5922167112136 91.7412977474576 91.0406073626202 91.7990968329191 87.9334714518628 90.6272325542047 89.7634567520006 88.9484459046777 88.3991592697787 88.5115992665131 86.1866491386205 84.1954140305632 87.2598037653182 84.2169264795973 79.3002428506583 83.5008850021645 0 75.6854997764966
93.6150544197642 92.5704743915648 91.7971349679133 92.9714885454098 89.2160603507377 91.4741215705682 91.2586335937683 90.4649628778786 89.2379830643289 90.2825103356211 88.0211672696151 86.1053844833492 89.1123755294906 86.9693623399366 82.764629276264 86.0914700857269 75.6854997764966 0
