0 82.5824014703115 89.3018275778494 73.9209422467254 84.906202596418 88.356823160493 75.8987805111985 85.3287606235951 88.5944321078012 87.0859800093211 87.3630331127546 89.0105621664958 88.1465843099084 90.2375263928769 92.634789145646 90.9426856451481 92.8680359300447 92.0867776818322
82.5824014703115 0 83.947117784441 82.1292907879716 73.447537158823 82.0861101013499 83.4972683928071 77.4802850888848 83.4694405414077 87.274485297019 86.0279609484676 85.13049210439 89.4854863508561 88.1171292529149 91.0073556962917 90.9058262814253 91.7819451443998 90.1925879080543
89.3018275778494 83.947117784441 0 89.0220684557673 81.4238688668901 69.9742370056535 89.6253716921052 83.0718690352051 80.9865508735604 90.3606869566152 88.7698546518372 84.5007249717544 92.3049917038795 88.4887315797041 90.6153055557405 92.5163934390137 91.9967355337869 89.6745078300645
73.9209422467254 82.1292907879716 89.0220684557673 0 84.8172353991213 88.002829084837 67.2272264362371 83.9893193991704 87.657842677859 84.9374781893717 85.3563600026657 87.8368697681565 86.4730595103641 88.9508514923739 91.6593959849114 89.6356543330438 91.8564887327063 91.0752918883592
84.906202596418 73.447537158823 81.4238688668901 84.8172353991213 0 79.0924689484848 85.854852140591 79.062436939935 82.9436298012717 88.6197186119532 87.2926418689859 85.2866305091113 90.6563276118344 88.6167513594206 91.2535821301762 91.7060996897762 92.1766258049975 90.419879579249
88.356823160493 82.0861101013499 69.9742370056535 88.002829084837 79.0924689484848 0 88.6742502381572 80.9972874546011 79.5765657369386 89.586370905064 87.9003423334457 83.5926953535609 91.667490602074 87.9178102094593 90.3507426055555 92.0089854842017 91.6801541304969 89.3784679218221
75.8987805111985 83.4972683928071 89.6253716921052 67.2272264362371 85.854852140591 88.6742502381572 0 84.8385417941978 88.1750195011629 84.4632316900903 85.289026176076 88.2000037388758 85.7217818991216 89.0382609051074 91.693328996376 89.3081607103155 91.7899934331998 91.1490214837476
85.3287606235951 77.4802850888848 83.0718690352051 83.9893193991704 79.062436939935 80.9972874546011 84.8385417941978 0 78.5210920458533 85.6635841127368 83.2478263495168 80.5289759679537 88.6760806191086 85.2003092693599 88.9731256890866 89.5145504330212 90.0380950859039 87.9165025530579
88.5944321078012 83.4694405414077 80.9865508735604 87.657842677859 82.9436298012717 79.5765657369386 88.1750195011629 78.5210920458533 0 87.3486483814549 84.7136662288377 75.0002150024618 90.0859751609594 83.7593515739906 87.4352248455128 89.9267487930091 89.2021401250958 86.0494573936257
87.0859800093211 87.274485297019 90.3606869566152 84.9374781893717 88.6197186119532 89.586370905064 84.4632316900903 85.6635841127368 87.3486483814549 0 76.2196361444474 85.8987805111985 78.7966354858417 84.1613919743094 87.7917907521781 82.111074405493 87.2684161988113 87.3001847612063
87.3630331127546 86.0279609484676 88.7698546518372 85.3563600026657 87.2926418689859 87.9003423334457 85.289026176076 83.2478263495168 84.7136662288377 76.2196361444474 0 82.4692779150087 83.6033008406848 80.5098229277861 86.108690874692 83.7365837901601 86.299442594822 85.2068228736091
89.0105621664958 85.13049210439 84.5007249717544 87.8368697681565 85.2866305091113 83.5926953535609 88.2000037388758 80.5289759679537 75.0002150024618 85.8987805111985 82.4692779150087 0 89.0724707021626 79.8195101390914 85.2408599357581 88.4022789213946 87.334714319435 83.447537158823
88.1465843099084 89.4854863508561 92.3049917038795 86.4730595103641 90.6563276118344 91.667490602074 85.7217818991216 88.6760806191086 90.0859751609594 78.7966354858417 83.6033008406848 89.0724707021626 0 87.5859951372108 89.7799514872702 82.1900093127201 88.7984150166263 89.593191742332
90.2375263928769 88.1171292529149 88.4887315797041 88.9508514923739 88.6167513594206 87.9178102094593 89.0382609051074 85.2003092693599 83.7593515739906 84.1613919743094 80.5098229277861 79.8195101390914 87.5859951372108 0 80.3185160559075 85.1601988539792 82.7460299124228 77.8275353557611
92.634789145646 91.0073556962917 90.6153055557405 91.6593959849114 91.2535821301762 90.3507426055555 91.693328996376 88.9731256890866 87.4352248455128 87.7917907521781 86.108690874692 85.2408599357581 89.7799514872702 80.3185160559075 0 86.4486780017291 77.5944545064845 70.855597892659
90.9426856451481 90.9058262814253 92.5163934390137 89.6356543330438 91.7060996897762 92.0089854842017 89.3081607103155 89.5145504330212 89.9267487930091 82.111074405493 83.7365837901601 88.4022789213946 82.1900093127201 85.1601988539792 86.4486780017291 0 83.9968508302003 86.6819122875553
92.8680359300447 91.7819451443998 91.9967355337869 91.8564887327063 92.1766258049975 91.6801541304969 91.7899934331998 90.0380950859039 89.2021401250958 87.2684161988113 86.299442594822 87.334714319435 88.7984150166263 82.7460299124228 77.5944545064845 83.9968508302003 0 80.2604578063016
92.0867776818322 90.1925879080543 89.6745078300645 91.0752918883592 90.419879579249 89.3784679218221 91.1490214837476 87.9165025530579 86.0494573936257 87.3001847612063 85.2068228736091 83.447537158823 89.593191742332 77.8275353557611 70.855597892659 86.6819122875553 80.2604578063016 0
