0 83.4682265805839 87.8779684079293 84.6401331313322 83.555965823659 88.3140702821532 86.5953196528907 87.7783103125321 87.6592305696904 87.2628453983262 90.3814962694186 91.2194830285333 90.7942322049978 91.4825686412198 92.944314754324 93.596469161277 92.3725477108902 93.3200309745183
83.4682265805839 0 79.8781805979189 83.8213544350363 80.3708563400322 82.1654959184623 88.0538131744044 85.1437201970658 81.9504880014648 88.0313689651798 88.5626155199393 88.5369933522933 90.3104847178461 89.3018275778494 90.7841074747623 93.3143740516009 91.0727633677003 91.1488143760522
87.8779684079293 79.8781805979189 0 86.5453933654346 84.3872598725851 78.3666599593055 90.0101885171499 85.907097675858 80.7228583477486 89.7617468189833 88.5358594734777 87.4293764170868 90.9086727501878 88.6141533493672 89.6838043908563 93.6009463029101 90.8882683645691 89.9404480814455
84.6401331313322 83.8213544350363 86.5453933654346 0 74.1758581374509 84.4555005891274 80.3534795727897 78.3666599593055 82.4324470668276 79.7997758540917 84.1406420790363 86.3616248035471 85.289026176076 86.4803473512336 89.0724707021626 90.0986545295735 87.781459493147 89.7161865274158
83.555965823659 80.3708563400322 84.3872598725851 74.1758581374509 0 82.5163934390137 83.6814491297281 79.7170505944318 80.3210228062334 83.447537158823 85.381441146948 86.5811134693557 87.1535412007659 87.0637545821867 89.3447118655565 91.2266091204097 88.7737928568809 89.9085993106296
88.3140702821532 82.1654959184623 78.3666599593055 84.4555005891274 82.5163934390137 0 88.5369933522933 82.0171329637785 71.1963957883817 88.0313689651798 85.3915891308315 83.7331583043885 88.8030383870541 85.4342624469282 87.1185824845969 92.0196759197323 88.5494465197111 87.55625690639
86.5953196528907 88.0538131744044 90.0101885171499 80.3534795727897 83.6814491297281 88.5369933522933 0 83.8714337899069 87.2820597623173 69.546717201444 85.7102045651905 88.5150190578767 83.7056567149524 88.0870539161237 90.3649064204089 88.6947065725435 88.0024016927371 90.9790194425306
87.7783103125321 85.1437201970658 85.907097675858 78.3666599593055 79.7170505944318 82.0171329637785 83.8714337899069 0 79.2073249576102 82.5809123755536 79.062436939935 81.9487656358587 83.7593515739906 82.3073716170739 86.1053844833492 89.1176685768479 85.0830368532146 86.9834364598563
87.6592305696904 81.9504880014648 80.7228583477486 82.4324470668276 80.3210228062334 71.1963957883817 87.2820597623173 79.2073249576102 0 86.6819122875553 84.0502702591676 83.0838239298534 87.7203189504791 84.6289949893373 86.8861574238521 91.3645618957168 87.7886490568277 87.4546629212388
87.2628453983262 88.0313689651798 89.7617468189833 79.7997758540917 83.447537158823 88.0313689651798 69.546717201444 82.5809123755536 86.6819122875553 0 84.2888798422065 87.5789330539932 81.9625254725383 87.0382140342669 89.5637559991324 87.9347740096789 86.9027061984258 90.2375263928769
90.3814962694186 88.5626155199393 88.5358594734777 84.1406420790363 85.381441146948 85.3915891308315 85.7102045651905 79.062436939935 84.0502702591676 84.2888798422065 0 78.5626155199393 80.3485019850597 75.7505909256189 82.7273505510716 86.592955180357 79.0891422958372 84.1458388545984
91.2194830285333 88.5369933522933 87.4293764170868 86.3616248035471 86.5811134693557 83.7331583043885 88.5150190578767 81.9487656358587 83.0838239298534 87.5789330539932 78.5626155199393 0 85.4304003347848 72.1654959184623 78.1200421657566 88.8591910885098 82.1900093127201 79.966086340479
90.7942322049978 90.3104847178461 90.9086727501878 85.289026176076 87.1535412007659 88.8030383870541 83.7056567149524 83.7593515739906 87.7203189504791 81.9625254725383 80.3485019850597 85.4304003347848 0 83.7820006204687 86.8092101824516 82.6941043474961 80.8222332357115 87.7143856530771
91.4825686412198 89.3018275778494 88.6141533493672 86.4803473512336 87.0637545821867 85.4342624469282 88.0870539161237 82.3073716170739 84.6289949893373 87.0382140342669 75.7505909256189 72.1654959184623 83.7820006204687 0 77.650433087972 87.4995229711462 78.9021373091748 80.0228223518567
92.944314754324 90.7841074747623 89.6838043908563 89.0724707021626 89.3447118655565 87.1185824845969 90.3649064204089 86.1053844833492 86.8861574238521 89.5637559991324 82.7273505510716 78.1200421657566 86.8092101824516 77.650433087972 0 88.6389564942146 81.8015924709415 67.8007545217567
93.596469161277 93.3143740516009 93.6009463029101 90.0986545295735 91.2266091204097 92.0196759197323 88.6947065725435 89.1176685768479 91.3645618957168 87.9347740096789 86.592955180357 88.8591910885098 82.6941043474961 87.4995229711462 88.6389564942146 0 83.6150544197642 89.2183222170686
92.3725477108902 91.0727633677003 90.8882683645691 87.781459493147 88.7737928568809 88.5494465197111 88.0024016927371 85.0830368532146 87.7886490568277 86.9027061984258 79.0891422958372 82.1900093127201 80.8222332357115 78.9021373091748 81.8015924709415 83.6150544197642 0 83.2067580073703
93.3200309745183 91.1488143760522 89.9404480814455 89.7161865274158 89.9085993106296 87.55625690639 90.9790194425306 86.9834364598563 87.4546629212388 90.2375263928769 84.1458388545984 79.966086340479 87.7143856530771 80.0228223518567 67.8007545217567 89.2183222170686 83.2067580073703 0
