0 82.4616305370527 86.2099600658387 74.598216984643 76.8428331489911 86.7872148302036 82.3326765383033 85.0813623034275 88.0377328770581 86.1133155976868 88.5369933522933 87.4298640870463 89.941542160005 89.1924018487551 90.178108826365 90.5549367782243 90.539950838469 92.3460600460259
82.4616305370527 0 82.3578348697387 84.3646018352913 77.5944545064845 85.2003092693599 88.2933344856596 84.7463542387859 88.2418667101909 89.7657356159223 89.6733443594745 86.7188295597164 92.3183024511474 90.5444758561009 90.6861507245123 92.8413272421323 91.9781244701272 93.0962751175992
86.2099600658387 82.3578348697387 0 88.1254466830527 82.7916704750675 76.2581263061566 89.3933868051192 79.115684439989 83.9242228296478 89.4313841462521 86.9054582071479 80.4201245351034 91.5851081814124 88.2580160076653 87.59539342008 92.1812004218877 90.1956842980511 90.9865508735604
74.598216984643 84.3646018352913 88.1254466830527 0 81.3769599159453 88.6903311765032 82.4936594236437 87.3511319091826 89.6648998632169 87.0589771566153 89.9448227429275 89.2125036075832 90.5527990930723 90.4245313795394 91.4108243497479 91.0702333740451 91.4990315363439 93.230547978518
76.8428331489911 77.5944545064845 82.7916704750675 81.3769599159453 0 84.2403661072662 85.4304003347848 82.5390090680702 86.7239959740949 87.3307249336277 87.9408474526292 85.4673355948484 90.6117913722832 88.8707549940815 89.432921744009 91.2349419838399 90.4857622301273 92.0196759197323
86.7872148302036 85.2003092693599 76.2581263061566 88.6903311765032 84.2403661072662 0 88.9782497052775 73.9209422467254 79.3475349130989 88.2993261327158 84.0830633243401 72.0323684124072 90.3874235194519 85.9271319752455 84.8491559212384 91.0641131310442 88.3819610138378 89.22735792065
82.3326765383033 88.2933344856596 89.3933868051192 82.4936594236437 85.4304003347848 88.9782497052775 0 87.3082160992677 88.6289782308698 80.5456658670191 87.9165025530579 88.922933573106 86.4979093077805 88.0402758330119 89.8989437202673 87.2072541295984 88.8965747790272 91.4434592364886
85.0813623034275 84.7463542387859 79.115684439989 87.3511319091826 82.5390090680702 73.9209422467254 87.3082160992677 0 78.6738840693766 86.5430015466662 82.7417264159659 74.9227372224544 89.2408763249838 84.7544879428325 84.5841545498447 90.013417672626 87.4908764682633 88.9467268115867
88.0377328770581 88.2418667101909 83.9242228296478 89.6648998632169 86.7239959740949 79.3475349130989 88.6289782308698 78.6738840693766 0 86.6353199692122 77.1342704420015 74.6168963459942 88.2753097867997 80.7841074747623 78.5513302520412 89.0967897908913 84.7544879428325 85.9298880881852
86.1133155976868 89.7657356159223 89.4313841462521 87.0589771566153 87.3307249336277 88.2993261327158 80.5456658670191 86.5430015466662 86.6353199692122 0 84.6066326409251 87.7198628306637 81.0058576494277 84.1706971804335 87.3082160992677 82.6046768387851 84.8887294494561 88.7479504643512
88.5369933522933 89.6733443594745 86.9054582071479 89.9448227429275 87.9408474526292 84.0830633243401 87.9165025530579 82.7417264159659 77.1342704420015 84.6066326409251 0 81.8529679016913 85.6825840698956 71.5879170280032 76.108690874692 86.7325930303217 80.2119042252309 83.4972683928071
87.4298640870463 86.7188295597164 80.4201245351034 89.2125036075832 85.4673355948484 72.0323684124072 88.922933573106 74.9227372224544 74.6168963459942 87.7198628306637 81.8529679016913 0 89.6338933227531 84.1758581374509 82.5942958832762 90.3596935455468 87.0775265860798 87.9369440715933
89.941542160005 92.3183024511474 91.5851081814124 90.5527990930723 90.6117913722832 90.3874235194519 86.4979093077805 89.2408763249838 88.2753097867997 81.0058576494277 85.6825840698956 89.6338933227531 0 84.2434141444616 87.5047984831427 68.6148957965558 82.420100378145 87.1368796008778
89.1924018487551 90.5444758561009 88.2580160076653 90.4245313795394 88.8707549940815 85.9271319752455 88.0402758330119 84.7544879428325 80.7841074747623 84.1706971804335 71.5879170280032 84.1758581374509 84.2434141444616 0 77.5944545064845 85.4001574042608 76.2196361444474 82.0509172245329
90.178108826365 90.6861507245123 87.59539342008 91.4108243497479 89.432921744009 84.8491559212384 89.8989437202673 84.5841545498447 78.5513302520412 87.3082160992677 76.108690874692 82.5942958832762 87.5047984831427 77.5944545064845 0 88.2737039650698 81.4913821379436 81.1881938127257
90.5549367782243 92.8413272421323 92.1812004218877 91.0702333740451 91.2349419838399 91.0641131310442 87.2072541295984 90.013417672626 89.0967897908913 82.6046768387851 86.7325930303217 90.3596935455468 68.6148957965558 85.4001574042608 88.2737039650698 0 83.4730803892132 87.59539342008
90.539950838469 91.9781244701272 90.1956842980511 91.4990315363439 90.4857622301273 88.3819610138378 88.8965747790272 87.4908764682633 84.7544879428325 84.8887294494561 80.2119042252309 87.0775265860798 82.420100378145 76.2196361444474 81.4913821379436 83.4730803892132 0 80.0415708322431
92.3460600460259 93.0962751175992 90.9865508735604 93.230547978518 92.0196759197323 89.22735792065 91.4434592364886 88.9467268115867 85.9298880881852 88.7479504643512 83.4972683928071 87.9369440715933 87.1368796008778 82.0509172245329 81.1881938127257 87.59539342008 80.0415708322431 0
