0 84.7136662288377 86.1821018921153 79.2202600224785 79.0891422958372 86.9866778667631 86.4186229003318 87.4759447961055 88.2993261327158 83.6687149094864 89.5943768821453 90.5273034449647 89.4809274664817 91.1490214837476 90.5984114814373 89.6953971767029 92.93128213749 92.9255078581754
84.7136662288377 0 74.5700464329907 83.9903961178617 82.5057990397075 75.4841598430449 88.7813013460685 86.4136961331341 83.6442999499373 86.999080896344 89.2444099168803 88.7429076482031 91.1637009427332 91.3066312991077 89.0924689484848 91.3128182576868 92.2833540983856 91.7792590636096
86.1821018921153 74.5700464329907 0 86.3120766250236 85.1994943815033 78.4407002914246 90.3049545448456 88.3410377916595 85.7217818991216 88.7966354858417 90.6695305263302 90.0796215678934 92.3578348697387 92.4600994442045 90.4110519541959 92.4889461850922 93.237595614941 92.7184135576832
79.2202600224785 83.9903961178617 86.3120766250236 0 67.9330371790942 85.5770404086581 82.4921395829216 83.2910400873432 85.5016794196997 77.4995229711462 86.4706275098419 87.8594558778782 87.0312708756033 88.7078063741376 87.9165025530579 87.3031982537424 90.9270204797757 90.9296352677644
79.0891422958372 82.5057990397075 85.1994943815033 67.9330371790942 0 84.4467866182246 83.7593515739906 83.4206154648313 84.8676684512895 79.7428929869615 86.8030176358052 87.8293148865457 87.7958267381541 89.0981184164677 87.9477781460115 88.0402758330119 91.0937895274782 90.9970729828946
86.9866778667631 75.4841598430449 78.4407002914246 85.5770404086581 84.4467866182246 0 89.1551959618225 85.8604550374417 80.9994315893368 87.7357985898726 88.7429076482031 87.6014914156434 91.2904236491447 90.951147409269 88.0803421291117 91.4201736537717 91.6303893326534 90.9193850103386
86.4186229003318 88.7813013460685 90.3049545448456 82.4921395829216 83.7593515739906 89.1551959618225 0 82.111074405493 87.2415090959192 75.3681348263785 82.5570171580838 86.5382139537117 79.2234877779738 84.3059326558759 86.2022036509434 79.8781805979189 88.456898132988 89.1017700423667
87.4759447961055 86.4136961331341 88.3410377916595 83.2910400873432 83.4206154648313 85.8604550374417 82.111074405493 0 80.8222332357115 81.8722972449526 78.1407920610298 80.2119042252309 85.2287344421139 84.0022224385771 80.237526392877 85.4211172286802 86.5597166813801 86.299442594822
88.2993261327158 83.6442999499373 85.7217818991216 85.5016794196997 84.8676684512895 80.9994315893368 87.2415090959192 80.8222332357115 0 86.3303309311581 84.8349979793794 82.1441384770285 89.3223765816634 88.0402758330119 83.0612147647429 89.4427494997203 88.6289782308698 87.5859951372108
83.6687149094864 86.999080896344 88.7966354858417 77.4995229711462 79.7428929869615 87.7357985898726 75.3681348263785 81.8722972449526 86.3303309311581 0 84.2495038086784 86.9882976634447 83.5201228844259 86.4967004156867 86.8456233481356 83.928593088954 89.6239007539644 89.9333298446319
89.5943768821453 89.2444099168803 90.6695305263302 86.4706275098419 86.8030176358052 88.7429076482031 82.5570171580838 78.1407920610298 84.8349979793794 84.2495038086784 0 79.1420653552395 83.1155436921792 77.9762509169206 77.7602710557797 83.1821886544929 83.0196808096236 83.6337942323103
90.5273034449647 88.7429076482031 90.0796215678934 87.8594558778782 87.8293148865457 87.6014914156434 86.5382139537117 80.2119042252309 82.1441384770285 86.9882976634447 79.1420653552395 0 87.3744079106752 83.443875830952 64.9227372224544 87.4142314228996 83.0612147647429 81.2066265229575
89.4809274664817 91.1637009427332 92.3578348697387 87.0312708756033 87.7958267381541 91.2904236491447 79.2234877779738 85.2287344421139 89.3223765816634 83.5201228844259 83.1155436921792 87.3744079106752 0 81.7711908388985 86.850083941486 57.4754622734875 87.3082160992677 88.6141533493672
91.1490214837476 91.3066312991077 92.4600994442045 88.7078063741376 89.0981184164677 90.951147409269 84.3059326558759 84.0022224385771 88.0402758330119 86.4967004156867 77.9762509169206 83.443875830952 81.7711908388985 0 82.3687959765968 81.5446471310445 80.7841074747623 83.4984742639294
90.5984114814373 89.0924689484848 90.4110519541959 87.9165025530579 87.9477781460115 88.0803421291117 86.2022036509434 80.237526392877 83.0612147647429 86.8456233481356 77.7602710557797 64.9227372224544 86.850083941486 82.3687959765968 0 86.8784130290517 82.1441384770285 80.5456658670191
89.6953971767029 91.3128182576868 92.4889461850922 87.3031982537424 88.0402758330119 91.4201736537717 79.8781805979189 85.4211172286802 89.4427494997203 83.928593088954 83.1821886544929 87.4142314228996 57.4754622734875 81.5446471310445 86.8784130290517 0 87.1784143568491 88.5434130797284
92.93128213749 92.2833540983856 93.237595614941 90.9270204797757 91.0937895274782 91.6303893326534 88.456898132988 86.5597166813801 88.6289782308698 89.6239007539644 83.0196808096236 83.0612147647429 87.3082160992677 80.7841074747623 82.1441384770285 87.1784143568491 0 75.4304003347848
92.9255078581754 91.7792590636096 92.7184135576832 90.9296352677644 90.9970729828946 90.9193850103386 89.1017700423667 86.299442594822 87.5859951372108 89.9333298446319 83.6337942323103 81.2066265229575 88.6141533493672 83.4984742639294 80.5456658670191 88.5434130797284 75.4304003347848 0
