0 81.8512064152267 87.0184235008138 80.237526392877 79.8559233047754 87.4546629212388 83.2028878646942 79.4467356815688 87.3127272086087 87.7047839392961 87.0055380079075 89.3305690360477 87.2704401740636 89.645619925852 91.0632682823266 91.6801541304969 91.2105078916188 91.9035686092753
81.8512064152267 0 82.2337877346136 86.3120766250236 72.9023336598264 84.5700464329907 87.2709460205284 81.7962429180347 85.2585829776085 90.7208017586507 87.6910302758883 88.857787308354 89.4906473078734 90.0594403144425 91.4341599800779 93.3359564400376 92.0215398082145 92.1503922923168
87.0184235008138 82.2337877346136 0 88.5479389453424 82.1654959184623 75.8987805111985 88.5513302520412 84.2169264795973 79.3756649167141 91.5813602244859 86.2899428940185 85.8966987288694 89.553301503306 88.3583985463156 89.8231652250966 93.317894780678 90.9641333996652 90.4905850455247
80.237526392877 86.3120766250236 88.5479389453424 0 84.4815380847081 88.102117618815 74.0075874112409 80.4299114571472 87.4894337093267 82.968220306335 84.8145647350099 88.2737039650698 82.9092436769071 87.753034320393 89.3255293548103 89.0112398515747 89.0754763159833 90.3606869566152
79.8559233047754 72.9023336598264 82.1654959184623 84.4815380847081 0 83.6477962159136 85.4887369853822 77.9330371790942 84.0097315459766 89.5899309392704 86.0914700857269 87.7580108710713 88.0983565886669 88.9218961216174 90.4831073970118 92.4688194518784 91.0653800960415 91.3036344422995
87.4546629212388 84.5700464329907 75.8987805111985 88.102117618815 83.6477962159136 0 87.7047839392961 83.785387812752 70.4857622301273 90.8300412803813 83.8481352690408 82.6179874241649 88.2495451146068 86.1317653985997 87.9178102094593 92.3723914533185 89.3949379122535 88.7110751598551
83.2028878646942 87.2709460205284 88.5513302520412 74.0075874112409 85.4887369853822 87.7047839392961 0 81.0632682823266 86.8517554835501 81.1902457592883 82.6459542896836 86.9926141700185 79.0724707021626 85.9819246253181 87.7940334296455 87.6089849058131 87.3985422847928 89.0112398515747
79.4467356815688 81.7962429180347 84.2169264795973 80.4299114571472 77.9330371790942 83.785387812752 81.0632682823266 0 83.1600871064417 87.1473005892469 82.6810253671005 85.9846461950885 84.877334088665 86.7050223318121 88.669854173857 90.6646709632177 89.1420653552395 89.7314264593261
87.3127272086087 85.2585829776085 79.3756649167141 87.4894337093267 84.0097315459766 70.4857622301273 86.8517554835501 83.1600871064417 0 90.1354259784382 81.828241837558 80.4004842763326 87.1716919309492 84.5841545498447 86.7211265026863 91.667490602074 88.3572170605267 87.6726240401613
87.7047839392961 90.7208017586507 91.5813602244859 82.968220306335 89.5899309392704 90.8300412803813 81.1902457592883 87.1473005892469 90.1354259784382 0 86.5141965009949 89.4153607755433 80.6024062906859 87.7239661854775 88.6665542029632 83.8946079882559 87.3526213444023 89.6488391984148
87.0055380079075 87.6910302758883 86.2899428940185 84.8145647350099 86.0914700857269 83.8481352690408 82.6459542896836 82.6810253671005 81.828241837558 86.5141965009949 0 78.940188044825 80.7750878561122 78.0908247429846 82.6179874241649 88.2933344856596 83.9209422467254 84.6373512727003
89.3305690360477 88.857787308354 85.8966987288694 88.2737039650698 87.7580108710713 82.6179874241649 86.9926141700185 85.9846461950885 80.4004842763326 89.4153607755433 78.940188044825 0 85.5440425686756 77.8007545217567 81.2209091826396 89.9573754039865 84.5083760546741 82.7632013805355
87.2704401740636 89.4906473078734 89.553301503306 82.9092436769071 88.0983565886669 88.2495451146068 79.0724707021626 84.877334088665 87.1716919309492 80.6024062906859 80.7750878561122 85.5440425686756 0 82.7574850982769 84.6953993467273 84.469985132245 83.4304244917432 86.3152293981705
89.645619925852 90.0594403144425 88.3583985463156 87.753034320393 88.9218961216174 86.1317653985997 85.9819246253181 86.7050223318121 84.5841545498447 87.7239661854775 78.0908247429846 77.8007545217567 82.7574850982769 0 74.8349979793794 87.5822301219606 79.3349739648805 79.115684439989
91.0632682823266 91.4341599800779 89.8231652250966 89.3255293548103 90.4831073970118 87.9178102094593 87.7940334296455 88.669854173857 86.7211265026863 88.6665542029632 82.6179874241649 81.2209091826396 84.6953993467273 74.8349979793794 0 87.3590696675158 76.082168991845 71.3769599159453
91.6801541304969 93.3359564400376 93.317894780678 89.0112398515747 92.4688194518784 92.3723914533185 87.6089849058131 90.6646709632177 91.667490602074 83.8946079882559 88.2933344856596 89.9573754039865 84.469985132245 87.5822301219606 87.3590696675158 0 84.6953993467273 87.9869874979613
91.2105078916188 92.0215398082145 90.9641333996652 89.0754763159833 91.0653800960415 89.3949379122535 87.3985422847928 89.1420653552395 88.3572170605267 87.3526213444023 83.9209422467254 84.5083760546741 83.4304244917432 79.3349739648805 76.082168991845 84.6953993467273 0 78.0529683256868
91.9035686092753 92.1503922923168 90.4905850455247 90.3606869566152 91.3036344422995 88.7110751598551 89.0112398515747 89.7314264593261 87.6726240401613 89.6488391984148 84.6373512727003 82.7632013805355 86.3152293981705 79.115684439989 71.3769599159453 87.9869874979613 78.0529683256868 0
