0 86.5507701462811 88.4856734369361 76.1677794707972 87.5196314496235 87.9719488414633 79.6736352563445 87.2180198603311 88.2789207162305 84.0841170535261 87.6457956664753 89.043308689356 90.1638411574058 90.3834729184003 91.2940305799451 90.9600253690121 90.7633342770328 93.4095537626939
86.5507701462811 0 74.5321991797927 84.5416919591329 75.7863355292019 76.8092101824516 88.1403780332094 84.8172353991213 80.7953557193797 85.3208427639379 82.7417264159659 83.1821886544929 90.971043416746 89.7643114661082 88.6562715620246 92.2378190584147 91.1902457592883 92.1120699990065
88.4856734369361 74.5321991797927 0 86.9098577970584 77.3431796161499 77.1394871931621 89.7428929869615 86.0974388586556 81.3176021151403 87.1410509973508 83.9154690956304 83.361291448686 91.7033662721979 90.3574575394695 88.7641199710416 92.9255078581754 91.8326675434531 92.2313671429193
76.1677794707972 84.5416919591329 86.9098577970584 0 85.2003092693599 85.7777836167194 79.115684439989 84.3872598725851 85.9463881358397 80.0281873245205 84.9728254291781 86.86121542219 88.8122703883472 88.7338880295529 89.6356543330438 89.9538315891681 89.4344587975798 92.2124400817356
87.5196314496235 75.7863355292019 77.3431796161499 85.2003092693599 0 62.0827706588024 88.2207824440951 82.1654959184623 73.6964506811521 84.2169264795973 78.4407002914246 78.3666599593055 89.8648399147477 88.1799458026485 86.4541757875918 91.3621963499351 90.0174507434799 90.7192015157725
87.9719488414633 76.8092101824516 77.1394871931621 85.7777836167194 62.0827706588024 0 88.6063499811759 82.4600994442045 73.051870788883 84.7054556385607 78.6738840693766 77.8319828162819 89.9796622965764 88.2240328473296 86.2734273606889 91.4743137320169 90.1010277955709 90.6272325542047
79.6736352563445 88.1403780332094 89.7428929869615 79.115684439989 88.2207824440951 88.6063499811759 0 85.9298880881852 88.3603669753114 81.5218992231529 87.1659955856493 88.7966354858417 87.55625690639 88.447649622336 90.2825103356211 88.3666599593055 88.4395409877334 92.19505820753
87.2180198603311 84.8172353991213 86.0974388586556 84.3872598725851 82.1654959184623 82.4600994442045 85.9298880881852 0 79.7428929869615 77.9330371790942 73.88799939735 79.1551959618225 85.2505360143668 82.5942958832762 82.7674836600796 87.6758507678725 85.5447953106515 87.9607434601061
88.2789207162305 80.7953557193797 81.3176021151403 85.9463881358397 73.6964506811521 73.051870788883 88.3603669753114 79.7428929869615 0 83.6582681575906 73.555965823659 70.8110544783965 88.8409064585869 86.6394168112023 84.1830731892428 90.5556491061807 88.9177438356005 89.4082546144702
84.0841170535261 85.3208427639379 87.1410509973508 80.0281873245205 84.2169264795973 84.7054556385607 81.5218992231529 77.9330371790942 83.6582681575906 0 81.0165466649615 84.0661687936488 85.3461292680899 84.7680103558923 86.5087742205692 87.3406915354064 86.108690874692 89.7810867492866
87.6457956664753 82.7417264159659 83.9154690956304 84.9728254291781 78.4407002914246 78.6738840693766 87.1659955856493 73.88799939735 73.555965823659 81.0165466649615 0 73.5081091981508 87.2425274907694 84.7571957958678 83.0196808096236 89.2521096068381 87.3877230304124 88.5962964327146
89.043308689356 83.1821886544929 83.361291448686 86.86121542219 78.3666599593055 77.8319828162819 88.7966354858417 79.1551959618225 70.8110544783965 84.0661687936488 73.5081091981508 0 88.2789207162305 85.61053085255 82.1441384770285 90.1262622632876 88.2580160076653 88.370981102352
90.1638411574058 90.971043416746 91.7033662721979 88.8122703883472 89.8648399147477 89.9796622965764 87.55625690639 85.2505360143668 88.8409064585869 85.3461292680899 87.2425274907694 88.2789207162305 0 78.6848557252811 86.0299807662634 75.8358888194266 69.0724707021626 86.1020755728508
90.3834729184003 89.7643114661082 90.3574575394695 88.7338880295529 88.1799458026485 88.2240328473296 88.447649622336 82.5942958832762 86.6394168112023 84.7680103558923 84.7571957958678 85.61053085255 78.6848557252811 0 81.1655581808111 83.2222041818708 77.3031982537424 83.1089544862133
91.2940305799451 88.6562715620246 88.7641199710416 89.6356543330438 86.4541757875918 86.2734273606889 90.2825103356211 82.7674836600796 84.1830731892428 86.5087742205692 83.0196808096236 82.1441384770285 86.0299807662634 81.1655581808111 0 88.2628491100679 85.3978222783945 82.5809123755536
90.9600253690121 92.2378190584147 92.9255078581754 89.9538315891681 91.3621963499351 91.4743137320169 88.3666599593055 87.6758507678725 90.5556491061807 87.3406915354064 89.2521096068381 90.1262622632876 75.8358888194266 83.2222041818708 88.2628491100679 0 77.3031982537424 87.55625690639
90.7633342770328 91.1902457592883 91.8326675434531 89.4344587975798 90.0174507434799 90.1010277955709 88.4395409877334 85.5447953106515 88.9177438356005 86.108690874692 87.3877230304124 88.2580160076653 69.0724707021626 77.3031982537424 85.3978222783945 77.3031982537424 0 84.8615063718665
93.4095537626939 92.1120699990065 92.2313671429193 92.2124400817356 90.7192015157725 90.6272325542047 92.19505820753 87.9607434601061 89.4082546144702 89.7810867492866 88.5962964327146 88.370981102352 86.1020755728508 83.1089544862133 82.5809123755536 87.55625690639 84.8615063718665 0
