0 72.5269620566865 86.0655101880703 75.891837352535 76.8092101824516 84.4166372889035 83.6033008406848 82.6999046085507 86.5214156933801 86.2581263061566 85.5138254015903 88.4515055622316 86.9296009821506 89.966086340479 89.2073249576102 90.0244325396595 90.8311555702704 89.9179585158647
72.5269620566865 0 84.3368576261899 79.7314264593261 77.0711757029314 82.4324470668276 85.7102045651905 84.3328796595101 86.4486780017291 87.7047839392961 85.7784969196394 88.6148957965558 88.127108259283 90.6080397730269 89.4784941033033 91.0314672262549 91.5127665924628 90.3569604928516
86.0655101880703 84.3368576261899 0 88.3390605802349 84.2199910062345 71.4548623602078 90.4188996176453 88.2301208042432 85.4963548523048 90.9919224819373 86.3000751699915 88.1154638536733 90.7953557193797 91.7193778175902 89.3170116089997 93.4148423131745 92.7994668693293 90.7780212873747
75.891837352535 79.7314264593261 88.3390605802349 0 82.0777566753872 87.1368796008778 82.1900093127201 84.0311148723812 88.444562403568 86.0117684991275 87.4532080795685 89.8343923878645 87.1561388112382 90.4966060430495 90.3596935455468 89.5649491977989 91.1063565335532 90.7590317529402
76.8092101824516 77.0711757029314 84.2199910062345 82.0777566753872 0 81.9504880014648 84.5775764649058 80.5456658670191 83.1247518173108 85.9209243186067 81.8512064152267 85.9948369189331 86.0009398949349 88.6906959612515 87.1059911885511 89.9157581637877 89.9047396501542 88.251967056199
84.4166372889035 82.4324470668276 71.4548623602078 87.1368796008778 81.9504880014648 0 89.3818913619656 86.9076585592248 84.3328796595101 90.0415708322431 84.9822600913282 87.3272312123874 89.8578753781208 91.0165466649615 88.607465606858 92.7123489996475 92.1523653118793 90.1036632376197
83.6033008406848 85.7102045651905 90.4188996176453 82.1900093127201 84.5775764649058 89.3818913619656 0 80.4201245351034 88.0194646547471 77.9762509169206 86.5310226538999 88.634894042878 81.5218992231529 87.4889526831515 88.7852291895436 84.716399646416 87.8718063285063 88.5731220444114
82.6999046085507 84.3328796595101 88.2301208042432 84.0311148723812 80.5456658670191 86.9076585592248 80.4201245351034 0 83.361291448686 79.7428929869615 80.6047544631244 84.5083760546741 79.3756649167141 85.0603757697937 85.0265849374382 86.4706275098419 86.5310226538999 85.4125902481615
86.5214156933801 86.4486780017291 85.4963548523048 88.444562403568 83.1247518173108 84.3328796595101 88.0194646547471 83.361291448686 0 87.2704401740636 72.2787262194362 76.6545999065771 86.1468621765672 86.1970250009704 80.4004842763326 90.3367821486765 88.2547909487078 83.9677287764326
86.2581263061566 87.7047839392961 90.9919224819373 86.0117684991275 85.9209243186067 90.0415708322431 77.9762509169206 79.7428929869615 87.2704401740636 0 85.5740509438565 87.210845672568 73.2093361878076 84.2169264795973 87.0125223952169 81.2493343553935 84.5321991797927 86.2028505482141
85.5138254015903 85.7784969196394 86.3000751699915 87.4532080795685 81.8512064152267 84.9822600913282 86.5310226538999 80.6047544631244 72.2787262194362 85.5740509438565 0 77.6131943190306 84.2596343120333 85.053638603705 80.3210228062334 89.2379830643289 87.2663912798707 83.2132005909862
88.4515055622316 88.6148957965558 88.1154638536733 89.8343923878645 85.9948369189331 87.3272312123874 88.634894042878 84.5083760546741 76.6545999065771 87.210845672568 77.6131943190306 0 85.6393484568723 83.8146333429251 71.6251957531956 89.7997758540917 86.5075683494469 79.7342959307347
86.9296009821506 88.127108259283 90.7953557193797 87.1561388112382 86.0009398949349 89.8578753781208 81.5218992231529 79.3756649167141 86.1468621765672 73.2093361878076 84.2596343120333 85.6393484568723 0 81.4452006324876 85.2125142745422 82.0509172245329 82.3875223217547 84.0150872561375
89.966086340479 90.6080397730269 91.7193778175902 90.4966060430495 88.6906959612515 91.0165466649615 87.4889526831515 85.0603757697937 86.1970250009704 84.2169264795973 85.053638603705 83.8146333429251 81.4452006324876 0 81.9124372658146 85.3303424647414 75.0257367888525 76.8316543916761
89.2073249576102 89.4784941033033 89.3170116089997 90.3596935455468 87.1059911885511 88.607465606858 88.7852291895436 85.0265849374382 80.4004842763326 87.0125223952169 80.3210228062334 71.6251957531956 85.2125142745422 81.9124372658146 0 89.291357676221 85.1362843532686 75.6854997764966
90.0244325396595 91.0314672262549 93.4148423131745 89.5649491977989 89.9157581637877 92.7123489996475 84.716399646416 86.4706275098419 90.3367821486765 81.2493343553935 89.2379830643289 89.7997758540917 82.0509172245329 85.3303424647414 89.291357676221 0 83.6895333266464 87.9486437055199
90.8311555702704 91.5127665924628 92.7994668693293 91.1063565335532 89.9047396501542 92.1523653118793 87.8718063285063 86.5310226538999 88.2547909487078 84.5321991797927 87.2663912798707 86.5075683494469 82.3875223217547 75.0257367888525 85.1362843532686 83.6895333266464 0 81.8069354424815
89.9179585158647 90.3569604928516 90.7780212873747 90.7590317529402 88.251967056199 90.1036632376197 88.5731220444114 85.4125902481615 83.9677287764326 86.2028505482141 83.2132005909862 79.7342959307347 84.0150872561375 76.8316543916761 75.6854997764966 87.9486437055199 81.8069354424815 0
