0 77.7239661854775 84.3596604935146 76.082168991845 81.8015924709415 84.8002933898396 80.6792333700066 83.0930994829547 85.1872526798368 85.8295492670283 86.392075568082 87.753034320393 88.3603669753114 88.5119793763395 88.5028475457753 90.6676799053077 91.3390645016617 91.4372619451713
77.7239661854775 0 83.9154690956304 79.546717201444 81.828241837558 84.5416919591329 85.3469171038869 86.3202690794079 86.0117684991275 88.6877768249837 88.7666298257024 88.7698546518372 90.4724718057868 90.0880909614124 89.9209821808502 92.3056264749288 92.8602221155717 92.6786960858331
84.3596604935146 83.9154690956304 0 87.0205673709395 72.5420156066597 61.9124372658146 87.1311373807962 84.8358842042205 76.5662657802988 89.8589904547863 87.0589771566153 83.1574795141574 89.56524744625 87.0764687502886 86.3453801341546 91.2343328039695 91.7819451443998 90.5158173315245
76.082168991845 79.546717201444 87.0205673709395 0 85.2585829776085 87.3827962632147 82.2675351167102 85.7634929002411 87.7940334296455 86.107368620208 88.1639148490487 89.747185141637 89.4818396262818 90.1615019788357 90.2285758189056 91.5557879769254 92.1650042365003 92.5621059040169
81.8015924709415 81.828241837558 72.5420156066597 85.2585829776085 0 74.1239704853616 85.5016794196997 83.361291448686 77.8673994840703 88.7716451877599 86.2581263061566 83.8714337899069 88.9038741397594 86.9208373119925 86.3771875838325 90.825581259636 91.4302794054382 90.4790012783041
84.8002933898396 84.5416919591329 61.9124372658146 87.3827962632147 74.1239704853616 0 87.2704401740636 84.7761036398105 75.2970022018606 89.9179585158647 86.9027061984258 82.4738598864051 89.4586723216596 86.7554356592824 85.9546147109638 91.1038460398261 91.6498101271808 90.2771975547646
80.6792333700066 85.3469171038869 87.1311373807962 82.2675351167102 85.5016794196997 87.2704401740636 0 79.6385877643063 86.440724448383 79.0758101447101 82.9092436769071 87.669856364134 84.5719301653208 86.8316543916761 87.2699342686732 87.9347740096789 88.8398492236681 89.804012184929
83.0930994829547 86.3202690794079 84.8358842042205 85.7634929002411 83.361291448686 84.7761036398105 79.6385877643063 0 82.5344953540117 83.6150544197642 76.5662657802988 83.4291995742851 82.4982157571468 82.2289452013272 82.7114819424818 86.3522602958887 87.4000155515516 87.2749906725731
85.1872526798368 86.0117684991275 76.5662657802988 87.7940334296455 77.8673994840703 75.2970022018606 86.440724448383 82.5344953540117 0 89.0406172678931 84.658633456727 77.9330371790942 87.8488417508376 84.0608757462916 82.9463689655499 89.6683961291933 90.2868064031166 88.5749955377406
85.8295492670283 88.6877768249837 89.8589904547863 86.107368620208 88.7716451877599 89.9179585158647 79.0758101447101 83.6150544197642 89.0406172678931 0 83.964480905296 89.4452029676588 83.0930994829547 87.7326161125009 88.4193970634207 86.5117874343298 87.4778743506497 89.703782638195
86.392075568082 88.7666298257024 87.0589771566153 88.1639148490487 86.2581263061566 86.9027061984258 82.9092436769071 76.5662657802988 84.658633456727 83.964480905296 0 83.6442999499373 77.6131943190306 78.6994416157976 80.5170152200493 83.0930994829547 84.5426400968551 84.6168963459942
87.753034320393 88.7698546518372 83.1574795141574 89.747185141637 83.8714337899069 82.4738598864051 87.669856364134 83.4291995742851 77.9330371790942 89.4452029676588 83.6442999499373 0 86.8806271228131 80.237526392877 77.627196302634 88.3279715303536 88.9208584222411 86.0036495782666
88.3603669753114 90.4724718057868 89.56524744625 89.4818396262818 88.9038741397594 89.4586723216596 84.5719301653208 82.4982157571468 87.8488417508376 83.0930994829547 77.6131943190306 86.8806271228131 0 82.4108172720404 84.0608757462916 78.103370572082 80.6607330446118 84.3288980458285
88.5119793763395 90.0880909614124 87.0764687502886 90.1615019788357 86.9208373119925 86.7554356592824 86.8316543916761 82.2289452013272 84.0608757462916 87.7326161125009 78.6994416157976 80.237526392877 82.4108172720404 0 69.2684262627964 84.0268466216013 84.9383437488801 81.0314672262549
88.5028475457753 89.9209821808502 86.3453801341546 90.2285758189056 86.3771875838325 85.9546147109638 87.2699342686732 82.7114819424818 82.9463689655499 88.4193970634207 80.5170152200493 77.627196302634 84.0608757462916 69.2684262627964 0 85.4673355948484 86.213187821334 82.1441384770285
90.6676799053077 92.3056264749288 91.2343328039695 91.5557879769254 90.825581259636 91.1038460398261 87.9347740096789 86.3522602958887 89.6683961291933 86.5117874343298 83.0930994829547 88.3279715303536 78.103370572082 84.0268466216013 85.4673355948484 0 68.7966354858417 82.2675351167102
91.3390645016617 92.8602221155717 91.7819451443998 92.1650042365003 91.4302794054382 91.6498101271808 88.8398492236681 87.4000155515516 90.2868064031166 87.4778743506497 84.5426400968551 88.9208584222411 80.6607330446118 84.9383437488801 86.213187821334 68.7966354858417 0 82.1900093127201
91.4372619451713 92.6786960858331 90.5158173315245 92.5621059040169 90.4790012783041 90.2771975547646 89.804012184929 87.2749906725731 88.5749955377406 89.703782638195 84.6168963459942 86.0036495782666 84.3288980458285 81.0314672262549 82.1441384770285 82.2675351167102 82.1900093127201 0
