0 77.6131943190306 86.6563483913967 78.1200421657566 78.1573208909491 84.6953993467273 82.240236057727 82.240236057727 86.6112462595499 80.4103155081914 85.1544384336684 87.0312708756033 87.6457956664753 88.7984150166263 90.3534795727897 88.8253744927482 88.1975526364766 89.941542160005
77.6131943190306 0 83.1365622199274 83.7684253716377 79.5765657369386 81.1676208475889 84.906202596418 80.6861507245123 86.0009398949349 83.6150544197642 86.0036495782666 87.0711757029314 89.2610753591142 89.6085733910625 90.6293339226697 90.6024062906859 89.3958683106901 90.3596935455468
86.6563483913967 83.1365622199274 0 89.4144345441064 85.435034457386 76.8316543916761 88.6018846103919 83.2286239093058 85.6657806624687 87.9994087697801 87.9003423334457 87.5263136388159 91.3661382107176 90.7100459419821 90.8014176796843 92.8354320315571 91.0167601771573 90.7969281513794
78.1200421657566 83.7684253716377 89.4144345441064 0 83.0983909180522 87.9904176056085 83.2222041818708 85.9975504115668 88.7320818557614 82.1375457701549 86.7696515306304 88.6947065725435 87.3877230304124 89.3809579640714 91.175038346948 87.7143856530771 88.4407002914246 90.7013302325281
78.1573208909491 79.5765657369386 85.435034457386 83.0983909180522 0 81.9504880014648 78.6994416157976 75.2970022018606 82.5344953540117 76.2581263061566 80.593000884045 83.201597050353 85.932642453154 86.3691018983393 88.0635171402465 88.1407920610298 86.0117684991275 87.6014914156434
84.6953993467273 81.1676208475889 76.8316543916761 87.9904176056085 81.9504880014648 0 86.1527553555146 77.7056993033671 82.1900093127201 85.435034457386 85.053638603705 84.7109310897828 89.5721015136717 88.7859429613949 89.0808144988098 91.3855979068609 89.1312026384664 89.0068330071387
82.240236057727 84.906202596418 88.6018846103919 83.2222041818708 78.6994416157976 86.1527553555146 0 82.0693871510798 83.8924062417859 67.9762509169206 77.9762509169206 82.8312162621087 81.1963957883817 83.5832464625472 86.7434582610283 84.5954081380522 82.1292907879716 85.9291992239092
82.240236057727 80.6861507245123 83.2286239093058 85.9975504115668 75.2970022018606 77.7056993033671 82.0693871510798 0 79.2428040951504 81.0399703025278 80.6607330446118 81.5446471310445 87.0541944698827 86.4192383534355 87.4269372455433 89.3709892175519 86.6136007973246 87.1342704420015
86.6112462595499 86.0009398949349 85.6657806624687 88.7320818557614 82.5344953540117 82.1900093127201 83.8924062417859 79.2428040951504 0 83.9198481681658 78.9021373091748 73.6501254971811 86.5256213537673 83.9416775421926 83.8525827295616 89.387176830773 85.1757958751021 83.785387812752
80.4103155081914 83.6150544197642 87.9994087697801 82.1375457701549 76.2581263061566 85.435034457386 67.9762509169206 81.0399703025278 83.9198481681658 0 79.115684439989 83.323798167022 82.8981823660717 84.752681769041 87.4196115005074 85.604595839916 83.6442999499373 86.7211265026863
85.1544384336684 86.0036495782666 87.9003423334457 86.7696515306304 80.593000884045 85.053638603705 77.9762509169206 80.6607330446118 78.9021373091748 79.115684439989 0 75.5447953106515 82.099442252477 80.2807401307034 83.4304244917432 86.3397427924283 80.6047544631244 82.5057990397075
87.0312708756033 87.0711757029314 87.5263136388159 88.6947065725435 83.201597050353 84.7109310897828 82.8312162621087 81.5446471310445 73.6501254971811 83.323798167022 75.5447953106515 0 84.6475427212192 80.7750878561122 81.2795848479266 88.1540201537056 82.6591391550547 80.857813115772
87.6457956664753 89.2610753591142 91.3661382107176 87.3877230304124 85.932642453154 89.5721015136717 81.1963957883817 87.0541944698827 86.5256213537673 82.8981823660717 82.099442252477 84.6475427212192 0 79.7657356159223 85.1097422091168 78.6994416157976 73.9968508302003 83.8213544350363
88.7984150166263 89.6085733910625 90.7100459419821 89.3809579640714 86.3691018983393 88.7859429613949 83.5832464625472 86.4192383534355 83.9416775421926 84.752681769041 80.2807401307034 80.7750878561122 79.7657356159223 0 78.3666599593055 85.0612171811727 73.5081091981508 75.2970022018606
90.3534795727897 90.6293339226697 90.8014176796843 91.175038346948 88.0635171402465 89.0808144988098 86.7434582610283 87.4269372455433 83.8525827295616 87.4196115005074 83.4304244917432 81.2795848479266 85.1097422091168 78.3666599593055 0 88.2933344856596 82.2787262194362 67.9330371790942
88.8253744927482 90.6024062906859 92.8354320315571 87.7143856530771 88.1407920610298 91.3855979068609 84.5954081380522 89.3709892175519 89.387176830773 85.604595839916 86.3397427924283 88.1540201537056 78.6994416157976 85.0612171811727 88.2933344856596 0 82.4432217006488 87.4196115005074
88.1975526364766 89.3958683106901 91.0167601771573 88.4407002914246 86.0117684991275 89.1312026384664 82.1292907879716 86.6136007973246 85.1757958751021 83.6442999499373 80.6047544631244 82.6591391550547 73.9968508302003 73.5081091981508 82.2787262194362 82.4432217006488 0 80.4372372021832
89.941542160005 90.3596935455468 90.7969281513794 90.7013302325281 87.6014914156434 89.0068330071387 85.9291992239092 87.1342704420015 83.785387812752 86.7211265026863 82.5057990397075 80.857813115772 83.8213544350363 75.2970022018606 67.9330371790942 87.4196115005074 80.4372372021832 0
