0 83.8658978492988 84.4632316900903 79.6356543330438 85.6745557686413 86.0090638782592 85.5673171147236 86.1606005086081 87.3406915354064 87.5676097802613 87.4604774192432 88.0975203616846 90.9865508735604 90.8840879071923 90.5527990930723 92.4392228136115 92.0397974466437 93.3068200073963
83.8658978492988 0 78.2753097867997 79.6356543330438 75.891837352535 72.9436298012717 87.5519919157727 82.3812891741917 78.5962964327146 88.3410377916595 83.9979256835207 81.6951556819209 89.8352332562048 87.85282508904 87.0711757029314 91.5001777849282 90.802090708818 90.9712591777227
84.4632316900903 78.2753097867997 0 83.6964506811521 83.0612147647429 80.4201245351034 89.6174227009619 86.5716167979339 83.5547758127407 90.4520948838155 87.6202009537621 85.7777836167194 91.8680872649938 90.2244779759935 89.5890412042683 93.2132005909862 92.6450738737967 92.6142941295984
79.6356543330438 79.6356543330438 83.6964506811521 0 80.497809241511 82.2930725357932 83.4960621867671 80.6676799053077 83.5737769688657 85.2481190150545 82.9913175176426 84.2495038086784 88.6548006238839 88.108795863005 87.6457956664753 90.5527990930723 89.950284880258 91.2930289551755
85.6745557686413 75.891837352535 83.0612147647429 80.497809241511 0 73.8658978492988 86.7894758974519 78.1860958317419 73.2478263495168 87.1809971370733 80.1497871498019 76.082168991845 88.1121311380611 85.3303424647414 84.2928982971025 90.0711356255092 89.1992209343237 89.3173273791542
86.0090638782592 72.9436298012717 80.4201245351034 82.2930725357932 73.8658978492988 0 88.3315389565909 82.3105428072981 73.2478263495168 88.8030383870541 83.5273151766891 79.062436939935 89.6076874675251 86.8784130290517 85.8966987288694 91.2656957863559 90.4869684361672 90.1659193700637
85.5673171147236 87.5519919157727 89.6174227009619 83.4960621867671 86.7894758974519 88.3315389565909 0 83.8090244763067 88.3410377916595 74.8615063718665 84.5121965473938 87.8568047770822 86.0487872378001 88.4826131392183 88.5475619699661 88.1465843099084 87.873567814971 91.2543907592934
86.1606005086081 82.3812891741917 86.5716167979339 80.6676799053077 78.1860958317419 82.3105428072981 83.8090244763067 0 81.1303421223965 83.6964506811521 70.4372372021832 79.2970716604341 85.0637404376506 83.3588019416995 82.7114819424818 87.7886490568277 86.7554356592824 88.2905355522908
87.3406915354064 78.5962964327146 83.5547758127407 83.5737769688657 73.2478263495168 73.2478263495168 88.3410377916595 81.1303421223965 0 88.5119793763395 81.8810549507213 73.361291448686 88.669854173857 85.0053313723672 83.7136960174551 90.4365051835025 89.5326172058794 88.8482999054051
87.5676097802613 88.3410377916595 90.4520948838155 85.2481190150545 87.1809971370733 88.8030383870541 74.8615063718665 83.6964506811521 88.5119793763395 0 83.7989102258118 87.7125583911088 83.4827717624266 87.3749017919311 87.6295255839015 86.0655101880703 85.8182560513189 90.2405909195141
87.4604774192432 83.9979256835207 87.6202009537621 82.9913175176426 80.1497871498019 83.5273151766891 84.5121965473938 70.4372372021832 81.8810549507213 83.7989102258118 0 79.1551959618225 83.6814491297281 81.2493343553935 80.6305009104019 86.7554356592824 85.5016794196997 87.1426142386487
88.0975203616846 81.6951556819209 85.7777836167194 84.2495038086784 76.082168991845 79.062436939935 87.8568047770822 79.2970716604341 73.361291448686 87.7125583911088 79.1551959618225 0 87.205713987203 82.3812891741917 80.6234942756704 89.2073249576102 88.1341628747489 87.3526213444023
90.9865508735604 89.8352332562048 91.8680872649938 88.6548006238839 88.1121311380611 89.6076874675251 86.0487872378001 85.0637404376506 88.669854173857 83.4827717624266 83.6814491297281 87.205713987203 0 82.9037165430793 84.1406420790363 76.4578371154628 73.4960621867671 85.7181672964835
90.8840879071923 87.85282508904 90.2244779759935 88.108795863005 85.3303424647414 86.8784130290517 88.4826131392183 83.3588019416995 85.0053313723672 87.3749017919311 81.2493343553935 82.3812891741917 82.9037165430793 0 68.6148957965558 85.1601988539792 83.2388757755454 81.0335945566031
90.5527990930723 87.0711757029314 89.5890412042683 87.6457956664753 84.2928982971025 85.8966987288694 88.5475619699661 82.7114819424818 83.7136960174551 87.6295255839015 80.6305009104019 80.6234942756704 84.1406420790363 68.6148957965558 0 86.2937452682456 84.6354957098355 82.1965229169693
92.4392228136115 91.5001777849282 93.2132005909862 90.5527990930723 90.0711356255092 91.2656957863559 88.1465843099084 87.7886490568277 90.4365051835025 86.0655101880703 86.7554356592824 89.2073249576102 76.4578371154628 85.1601988539792 86.2937452682456 0 71.1136705287218 85.885579004903
92.0397974466437 90.802090708818 92.6450738737967 89.950284880258 89.1992209343237 90.4869684361672 87.873567814971 86.7554356592824 89.5326172058794 85.8182560513189 85.5016794196997 88.1341628747489 73.4960621867671 83.2388757755454 84.6354957098355 71.1136705287218 0 84.5160136821761
93.3068200073963 90.9712591777227 92.6142941295984 91.2930289551755 89.3173273791542 90.1659193700637 91.2543907592934 88.2905355522908 88.8482999054051 90.2405909195141 87.1426142386487 87.3526213444023 85.7181672964835 81.0335945566031 82.1965229169693 85.885579004903 84.5160136821761 0
