0 84.9305474959894 87.5181982133246 77.0711757029314 85.2585829776085 86.2196361444474 84.3328796595101 82.7760355725621 88.9714163393503 86.0788423391974 87.6481149962068 88.5241253582302 88.9260444414288 89.1325207794034 91.158744421407 89.1901264388207 90.1718886978531 92.5852293444861
84.9305474959894 0 76.6136007973246 87.4000155515516 81.4452006324876 77.3031982537424 89.2234877779738 85.372052683946 86.6136007973246 88.6643528285041 89.5220873909696 86.592955180357 91.8246980227395 89.4516367342193 90.6560956231151 91.4121890441111 91.7148350829037 92.6751998198568
87.5181982133246 76.6136007973246 0 89.2095913768463 81.693328996376 75.2650098301599 90.3150041728844 86.6141892323664 85.4963548523048 89.3456530853151 89.950284880258 85.7756430047551 92.4321388270163 89.3756649167141 90.1659193700637 91.8512064152267 91.9515210930494 92.3887678784619
77.0711757029314 87.4000155515516 89.2095913768463 0 86.3453801341546 87.8168428313143 80.1887143134889 82.1259843966288 89.1862229603295 84.1291872365223 86.0414086904991 88.634894042878 86.6516841999762 88.326781736779 90.6868418543686 87.3307249336277 88.7266588230247 91.8959026397782
85.2585829776085 81.4452006324876 81.693328996376 86.3453801341546 0 76.0621707455228 86.7894758974519 80.0814756595712 80.6305009104019 84.7608036422386 85.7065803099363 80.0814756595712 89.5241953973719 85.0805247863448 87.0312708756033 88.6256470419417 88.7898666110404 89.8934165864394
86.2196361444474 77.3031982537424 75.2650098301599 87.8168428313143 76.0621707455228 0 88.7698546518372 84.0075874112409 83.087801592918 87.4488406281281 88.1799458026485 83.2093361878076 91.1603972237937 87.55625690639 88.7338880295529 90.4598687984162 90.5833391563248 91.2543907592934
84.3328796595101 89.2234877779738 90.3150041728844 80.1887143134889 86.7894758974519 88.7698546518372 0 81.4063373322637 88.375297950221 78.6148957965558 81.3769599159453 87.6573799486679 81.1963957883817 85.6811254822013 88.8179418809182 82.3859648733539 84.8913549073611 89.8026005337483
82.7760355725621 85.372052683946 86.6141892323664 82.1259843966288 80.0814756595712 84.0075874112409 81.4063373322637 0 84.1416819317454 78.7429076482031 81.5597464763509 83.091775616211 86.2613184744878 83.4827717624266 86.999080896344 85.4558270336954 86.3145990266157 89.2572351600704
88.9714163393503 86.6136007973246 85.4963548523048 89.1862229603295 80.6305009104019 83.087801592918 88.375297950221 84.1416819317454 0 85.4658028809384 85.3287606235951 66.5662657802988 89.7170505944318 82.1523653118793 82.5809123755536 88.2753097867997 87.7430640785082 87.2272264362371
86.0788423391974 88.6643528285041 89.3456530853151 84.1291872365223 84.7608036422386 87.4488406281281 78.6148957965558 78.7429076482031 85.4658028809384 0 72.0827706588024 84.4195641304064 82.0727368965748 80.6188168979226 85.6282873808047 80.0867687069284 81.8246980227395 87.3352127350916
87.6481149962068 89.5220873909696 89.950284880258 86.0414086904991 85.7065803099363 88.1799458026485 81.3769599159453 81.5597464763509 85.3287606235951 72.0827706588024 0 84.2888798422065 81.6951556819209 78.0529683256868 84.1593214403875 77.8718063285063 78.8179418809182 85.7563298690626
88.5241253582302 86.592955180357 85.7756430047551 88.634894042878 80.0814756595712 83.2093361878076 87.6573799486679 83.091775616211 66.5662657802988 84.4195641304064 84.2888798422065 0 89.1007744488532 80.8843080316161 82.1900093127201 87.5694990439426 87.0589771566153 86.9230298879921
88.9260444414288 91.8246980227395 92.4321388270163 86.6516841999762 89.5241953973719 91.1603972237937 81.1963957883817 86.2613184744878 89.7170505944318 82.0727368965748 81.6951556819209 89.1007744488532 0 85.7620612388407 88.4638216139284 75.5673171147236 80.738820882775 88.3073021585004
89.1325207794034 89.4516367342193 89.3756649167141 88.326781736779 85.0805247863448 87.55625690639 85.6811254822013 83.4827717624266 82.1523653118793 80.6188168979226 78.0529683256868 80.8843080316161 85.7620612388407 0 78.4638216139284 82.8884805545587 81.3136159332918 83.0196808096236
91.158744421407 90.6560956231151 90.1659193700637 90.6868418543686 87.0312708756033 88.7338880295529 88.8179418809182 86.999080896344 82.5809123755536 85.6282873808047 84.1593214403875 82.1900093127201 88.4638216139284 78.4638216139284 0 86.2734273606889 84.4613002047043 79.6356543330438
89.1901264388207 91.4121890441111 91.8512064152267 87.3307249336277 88.6256470419417 90.4598687984162 82.3859648733539 85.4558270336954 88.2753097867997 80.0867687069284 77.8718063285063 87.5694990439426 75.5673171147236 82.8884805545587 86.2734273606889 0 74.2066957450215 86.1020755728508
90.1718886978531 91.7148350829037 91.9515210930494 88.7266588230247 88.7898666110404 90.5833391563248 84.8913549073611 86.3145990266157 87.7430640785082 81.8246980227395 78.8179418809182 87.0589771566153 80.738820882775 81.3136159332918 84.4613002047043 74.2066957450215 0 83.6009463029101
92.5852293444861 92.6751998198568 92.3887678784619 91.8959026397782 89.8934165864394 91.2543907592934 89.8026005337483 89.2572351600704 87.2272264362371 87.3352127350916 85.7563298690626 86.9230298879921 88.3073021585004 83.0196808096236 79.6356543330438 86.1020755728508 83.6009463029101 0
