0 85.0830368532146 85.7505909256189 78.7608908822587 85.6803960046117 88.0652025753386 84.4224890007509 87.6541394631225 88.8200667826089 88.9453510470012 90.584282710686 90.8966172265081 89.815288906147 92.0196759197323 92.1187014628374 92.0807657600275 91.4494544410294 93.3099691227681
85.0830368532146 0 68.1860958317419 86.8817337465467 83.2796429373787 83.9590623832968 88.2753097867997 88.0639385603448 84.8615063718665 90.6423863078428 89.230258266053 89.299608797833 91.1810043553115 91.8128051289986 91.1011246996244 93.3925375748586 91.3926525972256 92.1177073885602
85.7505909256189 68.1860958317419 0 87.0859800093211 82.3121275344892 82.5824014703115 88.18363686509 87.5822301219606 83.5725918290523 90.3874235194519 88.5584809925589 88.6030013835912 90.9051691389906 91.3779423715131 90.5513733848517 93.1821886544929 90.959376377232 91.5968931486337
78.7608908822587 86.8817337465467 87.0859800093211 0 84.5083760546741 87.4488406281281 78.3073021585004 84.9607879581046 88.2106092259997 85.8883616061958 89.1744914297107 89.6333061606054 87.1222480800076 90.3596935455468 90.7953557193797 89.9921148053681 89.6338933227531 92.2305599791183
85.6803960046117 83.2796429373787 82.3121275344892 84.5083760546741 0 76.625354376404 83.8714337899069 80.7683108277111 79.0220684557673 86.223500547626 83.8946079882559 84.3408319525428 86.9476203930553 87.8221923842211 87.0949437788996 90.302690170124 87.0949437788996 88.9384656792189
88.0652025753386 83.9590623832968 82.5824014703115 87.4488406281281 76.625354376404 0 86.8232514000465 83.2286239093058 67.2272264362371 87.8355375083724 82.6017133826353 82.5942958832762 88.2293095695683 87.7303414857171 86.1448960051827 91.1030088859863 87.2256933616249 87.8119332790717
84.4224890007509 88.2753097867997 88.18363686509 78.3073021585004 83.8714337899069 86.8232514000465 0 81.1510920176696 87.4995229711462 81.1902457592883 87.2946545882058 87.9477781460115 83.2132005909862 88.1121311380611 89.0051368755729 87.4502969333401 87.1426142386487 90.7683108277111
87.6541394631225 88.0639385603448 87.5822301219606 84.9607879581046 80.7683108277111 83.2286239093058 81.1510920176696 0 83.785387812752 80.1262622632876 81.4063373322637 82.6751998198568 81.1902457592883 83.9677287764326 84.6150320210808 86.801327225864 82.4936594236437 87.3501386685107
88.8200667826089 84.8615063718665 83.5725918290523 88.2106092259997 79.0220684557673 67.2272264362371 87.4995229711462 83.785387812752 0 88.1519559182853 81.9693890769997 81.7423818124012 88.4534322491089 87.5143739358566 85.604595839916 91.2082612062624 87.0849242308258 87.2169957016613
88.9453510470012 90.6423863078428 90.3874235194519 85.8883616061958 86.223500547626 87.8355375083724 81.1902457592883 80.1262622632876 88.1519559182853 0 85.5762932353541 86.4486780017291 69.6356543330438 84.2169264795973 86.6235933661133 82.1572939428063 82.7114819424818 88.7984150166263
90.584282710686 89.230258266053 88.5584809925589 89.1744914297107 83.8946079882559 82.6017133826353 87.2946545882058 81.4063373322637 81.9693890769997 85.5762932353541 0 66.0621707455228 85.3461292680899 81.1510920176696 76.9257690522703 88.502466635823 80.6584149528466 81.9280437922403
90.8966172265081 89.299608797833 88.6030013835912 89.6333061606054 84.3408319525428 82.5942958832762 87.9477781460115 82.6751998198568 81.7423818124012 86.4486780017291 66.0621707455228 0 86.2254314605081 81.9487656358587 76.706750637792 89.062436939935 81.7532076048429 81.2209091826396
89.815288906147 91.1810043553115 90.9051691389906 87.1222480800076 86.9476203930553 88.2293095695683 83.2132005909862 81.1902457592883 88.4534322491089 69.6356543330438 85.3461292680899 86.2254314605081 0 82.9436298012717 86.0036495782666 80.4396763737266 81.2876161859881 88.2418667101909
92.0196759197323 91.8128051289986 91.3779423715131 90.3596935455468 87.8221923842211 87.7303414857171 88.1121311380611 83.9677287764326 87.5143739358566 84.2169264795973 81.1510920176696 81.9487656358587 82.9436298012717 0 77.8497272528937 85.0872204050448 68.6148957965558 81.8512064152267
92.1187014628374 91.1011246996244 90.5513733848517 90.7953557193797 87.0949437788996 86.1448960051827 89.0051368755729 84.6150320210808 85.604595839916 86.6235933661133 76.9257690522703 76.706750637792 86.0036495782666 77.8497272528937 0 88.1647383903082 79.05908719444 76.0621707455228
92.0807657600275 93.3925375748586 93.1821886544929 89.9921148053681 90.302690170124 91.1030088859863 87.4502969333401 86.801327225864 91.2082612062624 82.1572939428063 88.502466635823 89.062436939935 80.4396763737266 85.0872204050448 88.1647383903082 0 84.4651623168477 89.5961539856901
91.4494544410294 91.3926525972256 90.959376377232 89.6338933227531 87.0949437788996 87.2256933616249 87.1426142386487 82.4936594236437 87.0849242308258 82.7114819424818 80.6584149528466 81.7532076048429 81.2876161859881 68.6148957965558 79.05908719444 84.4651623168477 0 83.1365622199274
93.3099691227681 92.1177073885602 91.5968931486337 92.2305599791183 88.9384656792189 87.8119332790717 90.7683108277111 87.3501386685107 87.2169957016613 88.7984150166263 81.9280437922403 81.2209091826396 88.2418667101909 81.8512064152267 76.0621707455228 89.5961539856901 83.1365622199274 0
