0 75.3681348263785 83.6663955797549 78.8986615628356 82.4982157571468 87.0949437788996 87.1394871931621 88.5884608842856 88.6315673902305 89.3283648950736 89.6239007539644 90.3147532153957 89.8712374392553 92.0982773217807 93.0950845267094 92.7078673398436 93.6784425911386 92.7032362542567
75.3681348263785 0 79.4497994875647 81.3036344422995 77.5944545064845 84.5954081380522 87.1217246129041 87.7344349565518 87.0589771566153 89.278951526203 88.8115609307259 89.2572351600704 90.1312392505666 91.6119984102423 92.3842510347692 92.678841702518 93.3049294415307 91.9485933617231
83.6663955797549 79.4497994875647 0 85.7326076915633 69.6648998632169 78.7716451877599 88.2390343987537 87.3406915354064 84.8394272962539 89.9538315891681 88.2382248275296 87.9680733265196 91.0904321751776 91.2592393747506 91.4604563293017 93.0063326195754 93.0072777800428 90.9712591777227
78.8986615628356 81.3036344422995 85.7326076915633 0 84.3616377049391 87.6910302758883 83.4291995742851 86.625354376404 87.9199887622108 86.5364172448041 87.9212953694971 89.2221969636326 87.0414148290211 90.5892330106331 92.1464435620986 90.8635674133725 92.3692651206643 91.7358733600348
82.4982157571468 77.5944545064845 69.6648998632169 84.3616377049391 0 79.4681370721026 87.1928581823652 86.4541757875918 84.2959097000793 89.140092335677 87.5181982133246 87.4802850888848 90.3450142760748 90.7633342770328 91.1770965171296 92.4738598864051 92.6142941295984 90.6695305263302
87.0949437788996 84.5954081380522 78.7716451877599 87.6910302758883 79.4681370721026 0 88.1963265663177 85.8415162187485 80.6374962592738 89.561070102921 86.5214156933801 85.3350845341687 90.9972874546011 89.9360690089101 89.5914134259955 92.450594601596 91.866507469759 88.9949461517284
87.1394871931621 87.1217246129041 88.2390343987537 83.4291995742851 87.1928581823652 88.1963265663177 0 80.6861507245123 85.9546147109638 76.2899428940185 82.6017133826353 85.8688458527758 80.0415708322431 85.9819246253181 89.1469939861664 86.230576368344 88.6614159257251 88.6595793524246
88.5884608842856 87.7344349565518 87.3406915354064 86.625354376404 86.4541757875918 85.8415162187485 80.6861507245123 0 80.5098229277861 81.4548623602078 70.788610269172 78.922933573106 85.1130688617644 82.7531929436013 85.6149767954249 86.9834364598563 86.8277350187893 84.7490671664029
88.6315673902305 87.0589771566153 84.8394272962539 87.9199887622108 84.2959097000793 80.6374962592738 85.9546147109638 80.5098229277861 0 86.9747808619358 80.9193850103386 77.8007545217567 89.062436939935 86.341622719513 86.0016174742824 90.2196067601836 89.0848138343567 85.0612171811727
89.3283648950736 89.278951526203 89.9538315891681 86.5364172448041 89.140092335677 89.561070102921 76.2899428940185 81.4548623602078 86.9747808619358 0 82.2675351167102 85.9029410845511 75.9539297579115 83.8481352690408 88.2969304657511 82.9106243619669 86.7599898029102 87.8779684079293
89.6239007539644 88.8115609307259 88.2382248275296 87.9212953694971 87.5181982133246 86.5214156933801 82.6017133826353 70.788610269172 80.9193850103386 82.2675351167102 0 76.5840769255055 85.6891416591578 80.6398255405413 83.9154690956304 86.5858540290503 85.5613227109851 82.8815373958952
90.3147532153957 89.2572351600704 87.9680733265196 89.2221969636326 87.4802850888848 85.3350845341687 85.8688458527758 78.922933573106 77.8007545217567 85.9029410845511 76.5840769255055 0 88.2993261327158 82.6839352129843 82.0154368322127 88.6148957965558 86.411847153548 80.4761005024071
89.8712374392553 90.1312392505666 91.0904321751776 87.0414148290211 90.3450142760748 90.9972874546011 80.0415708322431 85.1130688617644 89.062436939935 75.9539297579115 85.6891416591578 88.2993261327158 0 86.1924886111327 89.9742370056535 82.5570171580838 88.0313689651798 89.6788680708702
92.0982773217807 91.6119984102423 91.2592393747506 90.5892330106331 90.7633342770328 89.9360690089101 85.9819246253181 82.7531929436013 86.341622719513 83.8481352690408 80.6398255405413 82.6839352129843 86.1924886111327 0 81.3926525972256 83.622091328923 78.303315976652 81.0505757896518
93.0950845267094 92.3842510347692 91.4604563293017 92.1464435620986 91.1770965171296 89.5914134259955 89.1469939861664 85.6149767954249 86.0016174742824 88.2969304657511 83.9154690956304 82.0154368322127 89.9742370056535 81.3926525972256 0 88.4944597996847 82.8592443995261 66.2581263061566
92.7078673398436 92.678841702518 93.0063326195754 90.8635674133725 92.4738598864051 92.450594601596 86.230576368344 86.9834364598563 90.2196067601836 82.9106243619669 86.5858540290503 88.6148957965558 82.5570171580838 83.622091328923 88.4944597996847 0 83.7365837901601 88.43141718532
93.6784425911386 93.3049294415307 93.0072777800428 92.3692651206643 92.6142941295984 91.866507469759 88.6614159257251 86.8277350187893 89.0848138343567 86.7599898029102 85.5613227109851 86.411847153548 88.0313689651798 78.303315976652 82.8592443995261 83.7365837901601 0 83.3350801775148
92.7032362542567 91.9485933617231 90.9712591777227 91.7358733600348 90.6695305263302 88.9949461517284 88.6595793524246 84.7490671664029 85.0612171811727 87.8779684079293 82.8815373958952 80.4761005024071 89.6788680708702 81.0505757896518 66.2581263061566 88.43141718532 83.3350801775148 0
