0 86.7696515306304 89.1272458135151 86.1159560870942 88.8030383870541 89.4144345441064 86.2331465384554 86.8461811729156 89.2379830643289 88.2801236925049 91.2082612062624 90.6367972312144 90.6695305263302 92.4848369345495 93.8757469301777 92.3578348697387 92.8052696349375 94.9047201096929
86.7696515306304 0 81.989915045822 80.4396763737266 77.2169957016613 78.3666599593055 84.3288980458285 69.2684262627964 77.7783103125321 87.8105933464794 85.1986793407167 83.087801592918 89.2837273173287 89.4042329393139 89.6907637751096 90.6305009104019 89.593191742332 91.6015608742169
89.1272458135151 81.989915045822 0 87.2668975981248 84.5236379015036 79.178079427437 89.2408763249838 83.7182832318441 83.785387812752 91.3975449541912 88.5569765516262 86.8517554835501 92.3573644892318 92.0615050642138 91.2811923041563 93.2238742241213 92.1042650678744 93.0390234140934
86.1159560870942 80.4396763737266 87.2668975981248 0 80.4201245351034 84.8615063718665 75.5971656502182 77.9719488414633 82.0861101013499 82.9586738701678 84.2928982971025 83.555965823659 85.6657806624687 87.1659955856493 89.3556800907944 87.9577216803775 87.6406887769019 90.9800961612219
88.8030383870541 77.2169957016613 84.5236379015036 80.4201245351034 0 78.7284672531233 84.1082825279571 75.0930706154422 67.2272264362371 87.2425274907694 80.8378353124009 76.9476203930553 88.1432753994101 87.3620425904971 87.3406915354064 89.2970716604341 87.4947214838478 89.7631718099135
89.4144345441064 78.3666599593055 79.178079427437 84.8615063718665 78.7284672531233 0 87.4181448674708 79.8559233047754 76.625354376404 89.8556443655146 84.9788316760572 82.240236057727 90.6674485222223 89.9176835328134 88.8679544492035 91.5323401402152 89.935247441013 91.1036367664943
86.2331465384554 84.3288980458285 89.2408763249838 75.5971656502182 84.1082825279571 87.4181448674708 0 82.8815373958952 85.2650098301599 78.3666599593055 85.7094799560591 85.7044043041359 83.379917402121 86.7325930303217 89.9753226061638 86.6516841999762 87.3901843196928 91.2408263214024
86.8461811729156 69.2684262627964 83.7182832318441 77.9719488414633 75.0930706154422 79.8559233047754 82.8815373958952 0 76.8817337465467 86.8148321182775 84.1323142820089 82.0171329637785 88.3784347830183 88.5626155199393 89.1810128586995 89.8559233047754 88.7966354858417 91.1330452217415
89.2379830643289 77.7783103125321 83.785387812752 82.0861101013499 67.2272264362371 76.625354376404 85.2650098301599 76.8817337465467 0 88.0635171402465 81.2392038520386 76.8982993539898 88.8239597375214 87.8368697681565 87.250666063906 89.815288906147 87.9003423334457 89.7754074692579
88.2801236925049 87.8105933464794 91.3975449541912 82.9586738701678 87.2425274907694 89.8556443655146 78.3666599593055 86.8148321182775 88.0635171402465 0 87.2016042685911 87.7688490461521 78.4944597996847 85.9084823227115 90.4316219032679 84.0608757462916 86.7923005771085 91.2325047514966
91.2082612062624 85.1986793407167 88.5569765516262 84.2928982971025 80.8378353124009 84.9788316760572 85.7094799560591 84.1323142820089 81.2392038520386 87.2016042685911 0 73.6501254971811 86.6580961725535 83.0277507001197 82.3247845775289 86.9780287330724 82.8298100957312 85.9955154510521
90.6367972312144 83.087801592918 86.8517554835501 83.555965823659 76.9476203930553 82.240236057727 85.7044043041359 82.0171329637785 76.8982993539898 87.7688490461521 73.6501254971811 0 87.8119332790717 85.4864490172097 84.2169264795973 88.4302554006186 85.4001574042608 87.5519919157727
90.6695305263302 89.2837273173287 92.3573644892318 85.6657806624687 88.1432753994101 90.6674485222223 83.379917402121 88.3784347830183 88.8239597375214 78.4944597996847 86.6580961725535 87.8119332790717 0 82.5269620566865 89.2444099168803 77.5803463896305 83.8658978492988 89.6988689867491
92.4848369345495 89.4042329393139 92.0615050642138 87.1659955856493 87.3620425904971 89.9176835328134 86.7325930303217 88.5626155199393 87.8368697681565 85.9084823227115 83.0277507001197 85.4864490172097 82.5269620566865 0 84.3249127784517 79.8251320749173 66.9639370490137 84.6953993467273
93.8757469301777 89.6907637751096 91.2811923041563 89.3556800907944 87.3406915354064 88.8679544492035 89.9753226061638 89.1810128586995 87.250666063906 90.4316219032679 82.3247845775289 84.2169264795973 89.2444099168803 84.3249127784517 0 88.370981102352 83.233752867468 78.4018890874713
92.3578348697387 90.6305009104019 93.2238742241213 87.9577216803775 89.2970716604341 91.5323401402152 86.6516841999762 89.8559233047754 89.815288906147 84.0608757462916 86.9780287330724 88.4302554006186 77.5803463896305 79.8251320749173 88.370981102352 0 81.3769599159453 88.2386296320058
92.8052696349375 89.593191742332 92.1042650678744 87.6406887769019 87.4947214838478 89.935247441013 87.3901843196928 88.7966354858417 87.9003423334457 86.7923005771085 82.8298100957312 85.4001574042608 83.8658978492988 66.9639370490137 83.233752867468 81.3769599159453 0 83.4876093511407
94.9047201096929 91.6015608742169 93.0390234140934 90.9800961612219 89.7631718099135 91.1036367664943 91.2408263214024 91.1330452217415 89.7754074692579 91.2325047514966 85.9955154510521 87.5519919157727 89.6988689867491 84.6953993467273 78.4018890874713 88.2386296320058 83.4876093511407 0
