0 85.8246120982086 89.6032551369968 82.8884805545587 87.6253319777206 89.5073026268987 85.7548958440144 88.4638216139284 90.5289759679537 88.1171292529149 90.8966172265081 91.1603972237937 91.5942770293055 92.0949472255251 91.4980760980343 90.7490516173508 91.3938272656236 92.6941043474961
85.8246120982086 0 80.5527990930723 84.1779208042287 79.7799514872702 80.7683108277111 84.8118924275813 84.2413823573747 84.5775764649058 87.3526213444023 87.9399803377578 86.1970250009704 90.4372372021832 89.3772223651149 87.8634294971633 90.1364720300647 88.7666298257024 89.9883286897122
89.6032551369968 80.5527990930723 0 87.9330371790942 81.8810549507213 73.051870788883 87.679995898191 85.4535216572886 81.7819451443998 89.0874780134566 87.8928971582322 84.0661687936488 90.9580781026514 88.9218961216174 86.9818148487283 91.0431546689071 88.6694876342257 89.3040452248854
82.8884805545587 84.1779208042287 87.9330371790942 0 83.0625479788191 87.0822836611457 74.7635075614827 82.7760355725621 87.3391980024683 81.3513377482993 86.6604254538209 87.9090850536988 87.669856364134 88.5252623043911 87.8634294971633 86.4486780017291 87.3975598292249 89.4387596557842
87.6253319777206 79.7799514872702 81.8810549507213 83.0625479788191 0 79.0220684557673 81.6841840260165 76.8316543916761 79.6356543330438 84.116656490193 83.6408008670417 81.7079210128555 87.650433087972 85.8939214659009 83.6536170783573 87.5047984831427 84.9590655924985 86.8282951458061
89.5073026268987 80.7683108277111 73.051870788883 87.0822836611457 79.0220684557673 0 86.4706275098419 83.3099691227681 78.0402758330119 87.8497272528937 86.1606005086081 81.3926525972256 89.8028829006948 87.4093346529378 85.0612171811727 89.9508307163448 87.097050215133 87.8898277842104
85.7548958440144 84.8118924275813 87.679995898191 74.7635075614827 81.6841840260165 86.4706275098419 0 79.3818913619656 85.9975504115668 76.5840769255055 84.2005457159281 86.392075568082 85.5628220877716 86.5811134693557 85.9298880881852 84.2077199036913 85.1213743621328 87.7203189504791
88.4638216139284 84.2413823573747 85.4535216572886 82.7760355725621 76.8316543916761 83.3099691227681 79.3818913619656 0 80.943337135734 80.3210228062334 79.2234877779738 81.2876161859881 84.7036289530158 83.0290942252098 80.9106422900855 84.5841545498447 81.2493343553935 84.5321991797927
90.5289759679537 84.5775764649058 81.7819451443998 87.3391980024683 79.6356543330438 78.0402758330119 85.9975504115668 80.943337135734 0 86.5953196528907 82.6135550936366 71.5313920024931 87.8532674567327 83.9979256835207 80.1471795575176 88.356823160493 83.8414555269102 84.5700464329907
88.1171292529149 87.3526213444023 89.0874780134566 81.3513377482993 84.116656490193 87.8497272528937 76.5840769255055 80.3210228062334 86.5953196528907 0 82.2867022452208 86.4797404980476 81.9625254725383 84.875578299347 85.0053313723672 79.5407227977055 82.9641315458079 86.2613184744878
90.8966172265081 87.9399803377578 87.8928971582322 86.6604254538209 83.6408008670417 86.1606005086081 84.2005457159281 79.2234877779738 82.6135550936366 82.2867022452208 0 80.9628365465767 81.0632682823266 74.2979161426279 74.5321991797927 82.7056971333427 67.9330371790942 78.1860958317419
91.1603972237937 86.1970250009704 84.0661687936488 87.9090850536988 81.7079210128555 81.3926525972256 86.392075568082 81.2876161859881 71.5313920024931 86.4797404980476 80.9628365465767 0 87.0312708756033 82.0052461083682 76.8092101824516 87.8007545217567 82.1965229169693 82.5163934390137
91.5942770293055 90.4372372021832 90.9580781026514 87.669856364134 87.650433087972 89.8028829006948 85.5628220877716 84.7036289530158 87.8532674567327 81.9625254725383 81.0632682823266 87.0312708756033 0 81.5218992231529 84.1458388545984 73.8325331923513 79.8531331056309 82.9463689655499
92.0949472255251 89.3772223651149 88.9218961216174 88.5252623043911 85.8939214659009 87.4093346529378 86.5811134693557 83.0290942252098 83.9979256835207 84.875578299347 74.2979161426279 82.0052461083682 81.5218992231529 0 75.1097422091168 83.9296849669784 70.788610269172 69.6648998632169
91.4980760980343 87.8634294971633 86.9818148487283 87.8634294971633 83.6536170783573 85.0612171811727 85.9298880881852 80.9106422900855 80.1471795575176 85.0053313723672 74.5321991797927 76.8092101824516 84.1458388545984 75.1097422091168 0 85.5372620133263 75.9744315024477 76.8817337465467
90.7490516173508 90.1364720300647 91.0431546689071 86.4486780017291 87.5047984831427 89.9508307163448 84.2077199036913 84.5841545498447 88.356823160493 79.5407227977055 82.7056971333427 87.8007545217567 73.8325331923513 83.9296849669784 85.5372620133263 0 82.2482830209687 85.2125142745422
91.3938272656236 88.7666298257024 88.6694876342257 87.3975598292249 84.9590655924985 87.097050215133 85.1213743621328 81.2493343553935 83.8414555269102 82.9641315458079 67.9330371790942 82.1965229169693 79.8531331056309 70.788610269172 75.9744315024477 82.2482830209687 0 76.2581263061566
92.6941043474961 89.9883286897122 89.3040452248854 89.4387596557842 86.8282951458061 87.8898277842104 87.7203189504791 84.5321991797927 84.5700464329907 86.2613184744878 78.1860958317419 82.5163934390137 82.9463689655499 69.6648998632169 76.8817337465467 85.2125142745422 76.2581263061566 0
