0 85.9298880881852 89.6127053130504 75.7863355292019 85.0813623034275 89.4839672543982 86.8282951458061 86.5650757693805 91.2462976848451 88.6148957965558 89.5485139103515 90.4455248021527 90.0174507434799 92.2124400817356 92.6286065976609 91.6238963873093 92.0332132611247 92.884038211945
85.9298880881852 0 80.4004842763326 85.6127543929104 80.2807401307034 82.93128213749 88.6463330476976 83.8045321616377 87.8319828162819 89.3784679218221 89.1285651557654 87.5827009274052 90.0026444706513 91.2365660458675 91.0176141209872 92.6230052696902 90.8873886026257 90.7888352863902
89.6127053130504 80.4004842763326 0 89.2581955282206 84.6871541162429 81.1011246996244 90.5906463462703 86.2325041385106 87.0184235008138 90.843616123437 90.1964580507305 87.5519919157727 91.026357377854 91.4929130958581 90.8776994407101 93.5840740617094 91.1097016026592 90.2908458823698
75.7863355292019 85.6127543929104 89.2581955282206 0 82.9845369622933 88.4228902048013 83.9968508302003 84.2312091392794 90.0101885171499 86.3653649600743 87.5822301219606 88.9642297145514 88.1441028634154 90.8258043694878 91.3706669319512 90.1615019788357 90.6293339226697 91.7282678173998
85.0813623034275 80.2807401307034 84.6871541162429 82.9845369622933 0 81.7819451443998 84.6354957098355 74.8172353991213 85.528960265554 85.6282873808047 85.3461292680899 84.3279020717801 86.6218316414651 88.7168802665761 88.7666298257024 90.2234529108282 88.2981284644215 88.8143980660997
89.4839672543982 82.93128213749 81.1011246996244 88.4228902048013 81.7819451443998 0 88.2195629154254 81.9089615194754 81.1324215788973 88.1200421657566 86.8461811729156 81.9504880014648 88.0377328770581 88.3784347830183 87.491838041348 91.5247492362612 87.8208556136306 86.7365991732866
86.8282951458061 88.6463330476976 90.5906463462703 83.9968508302003 84.6354957098355 88.2195629154254 0 82.6459542896836 87.85282508904 74.5416919591329 80.2272956583012 85.9948369189331 80.4905850455247 86.4050608189035 87.8718063285063 84.4892230145064 86.2791513863211 88.8651520972308
86.5650757693805 83.8045321616377 86.2325041385106 84.2312091392794 74.8172353991213 81.9089615194754 82.6459542896836 0 83.7411469057037 83.1990142701287 82.3546980369414 81.5879170280032 84.1593214403875 86.7787253282775 86.9747808619358 88.8324413640806 86.2689701190788 87.2180198603311
91.2462976848451 87.8319828162819 87.0184235008138 90.0101885171499 85.528960265554 81.1324215788973 87.85282508904 83.7411469057037 0 86.8745356467734 84.5083760546741 73.6964506811521 85.8040981094599 84.3724963065749 82.1177073885602 89.9921148053681 83.4499763303665 80.2807401307034
88.6148957965558 89.3784679218221 90.843616123437 86.3653649600743 85.6282873808047 88.1200421657566 74.5416919591329 83.1990142701287 86.8745356467734 0 75.2408599357581 84.7254986332328 74.484421527208 83.9536370923738 86.0393941818496 82.4982157571468 83.8714337899069 87.4093346529378
89.5485139103515 89.1285651557654 90.1964580507305 87.5822301219606 85.3461292680899 86.8461811729156 80.2272956583012 82.3546980369414 84.5083760546741 75.2408599357581 0 81.6177655634978 70.237526392877 80.788610269172 83.2222041818708 83.9242228296478 80.3708563400322 84.9659509602808
90.4455248021527 87.5827009274052 87.5519919157727 88.9642297145514 84.3279020717801 81.9504880014648 85.9948369189331 81.5879170280032 73.6964506811521 84.7254986332328 81.6177655634978 0 83.4499763303665 82.7531929436013 81.3176021151403 88.6830290397362 81.6492564508544 80.9302887188506
90.0174507434799 90.0026444706513 91.026357377854 88.1441028634154 86.6218316414651 88.0377328770581 80.4905850455247 84.1593214403875 85.8040981094599 74.484421527208 70.237526392877 83.4499763303665 0 80.4372372021832 83.622091328923 81.9487656358587 80.4299114571472 85.5762932353541
92.2124400817356 91.2365660458675 91.4929130958581 90.8258043694878 88.7168802665761 88.3784347830183 86.4050608189035 86.7787253282775 84.3724963065749 83.9536370923738 80.788610269172 82.7531929436013 80.4372372021832 0 75.5523155632995 85.1238629181091 64.4651623168477 80.6188168979226
92.6286065976609 91.0176141209872 90.8776994407101 91.3706669319512 88.7666298257024 87.491838041348 87.8718063285063 86.9747808619358 82.1177073885602 86.0393941818496 83.2222041818708 81.3176021151403 83.622091328923 75.5523155632995 0 87.6071127450689 73.964480905296 73.6150544197642
91.6238963873093 92.6230052696902 93.5840740617094 90.1615019788357 90.2234529108282 91.5247492362612 84.4892230145064 88.8324413640806 89.9921148053681 82.4982157571468 83.9242228296478 88.6830290397362 81.9487656358587 85.1238629181091 87.6071127450689 0 85.6238550502764 89.14568023139
92.0332132611247 90.8873886026257 91.1097016026592 90.6293339226697 88.2981284644215 87.8208556136306 86.2791513863211 86.2689701190788 83.4499763303665 83.8714337899069 80.3708563400322 81.6492564508544 80.4299114571472 64.4651623168477 73.964480905296 85.6238550502764 0 79.6032551369968
92.884038211945 90.7888352863902 90.2908458823698 91.7282678173998 88.8143980660997 86.7365991732866 88.8651520972308 87.2180198603311 80.2807401307034 87.4093346529378 84.9659509602808 80.9302887188506 85.5762932353541 80.6188168979226 73.6150544197642 89.14568023139 79.6032551369968 0
