0 85.7863355292019 85.9195436335469 83.5081091981508 84.6401331313322 87.3660033247608 80.4761005024071 83.8924062417859 88.0402758330119 84.6289949893373 86.7872148302036 89.703782638195 89.0517086471389 91.8821046896345 91.1040553030743 92.5935534360876 92.8488950590857 93.3254296028306
85.7863355292019 0 71.4741215705682 88.8030383870541 71.3769599159453 75.9126336164662 85.2505360143668 80.8110544783965 82.1654959184623 88.4718850830411 87.5751619087924 85.2585829776085 90.0029141266583 91.4929130958581 89.4467356815688 93.2845853750046 92.4936594236437 92.1794038255962
85.9195436335469 71.4741215705682 0 88.2106092259997 68.9021373091748 71.3176021151403 84.3774230737726 78.3073021585004 79.2684262627964 87.6905710694571 86.3397427924283 83.4181597425046 89.0496941384894 90.5925300786004 88.2753097867997 92.6083783175901 91.6918670945465 91.3432254546546
83.5081091981508 88.8030383870541 88.2106092259997 0 87.5921063340461 89.019363834899 79.3255293548103 85.0274329204183 88.2753097867997 72.1654959184623 82.1900093127201 89.3255293548103 84.1239704853616 89.0496941384894 89.1361436054588 89.1666527665572 90.2359933182647 91.4162805560981
84.6401331313322 71.3769599159453 68.9021373091748 87.5921063340461 0 76.213187821334 83.3550650034345 77.3031982537424 80.9541809486562 87.1716919309492 86.1703870630815 84.5803968642813 88.976883891973 90.7780212873747 88.7048987199532 92.6179874241649 91.8735243874208 91.6684094910221
87.3660033247608 75.9126336164662 71.3176021151403 89.019363834899 76.213187821334 0 85.6942351696241 80.3485019850597 77.3082160992677 88.4147351667544 86.7348827073585 81.8246980227395 89.2357314171479 90.4004842763326 87.7711035988784 92.6296376337253 91.4879355081281 90.9313775855528
80.4761005024071 85.2505360143668 84.3774230737726 79.3255293548103 83.3550650034345 85.6942351696241 0 79.0724707021626 85.1478457267947 78.8143980660997 81.0653800960415 87.0253872127773 85.2003092693599 89.1656719381225 88.1901910181076 90.3427706974942 90.4673865315043 91.1038460398261
83.8924062417859 80.8110544783965 78.3073021585004 85.0274329204183 77.3031982537424 80.3485019850597 79.0724707021626 0 79.7342959307347 84.1124715273839 82.3121275344892 83.4694405414077 86.3802934588265 89.0031006429096 86.8817337465467 91.0278483714552 90.3485019850597 90.4041735968028
88.0402758330119 82.1654959184623 79.2684262627964 88.2753097867997 80.9541809486562 77.3082160992677 85.1478457267947 79.7342959307347 0 87.2946545882058 84.407844910831 75.289026176076 87.2516823140145 88.2737039650698 84.676136068509 91.1603972237937 89.619779474765 88.9205124673424
84.6289949893373 88.4718850830411 87.6905710694571 72.1654959184623 87.1716919309492 88.4147351667544 78.8143980660997 84.1124715273839 87.2946545882058 0 79.0051368755729 88.2933344856596 81.780154608477 87.7525816237939 87.8226378829976 88.2000037388758 89.1430515289906 90.4181645013032
86.7872148302036 87.5751619087924 86.3397427924283 82.1900093127201 86.1703870630815 86.7348827073585 81.0653800960415 82.3121275344892 84.407844910831 79.0051368755729 0 85.1470209343093 77.8673994840703 84.8252375517326 83.9763779101233 87.1227714840238 86.8745356467734 87.992560047968
89.703782638195 85.2585829776085 83.4181597425046 89.3255293548103 84.5803968642813 81.8246980227395 87.0253872127773 83.4694405414077 75.289026176076 88.2933344856596 85.1470209343093 0 87.2272264362371 87.2169957016613 82.3859648733539 90.7244572440106 88.5873403652979 87.3227351513231
89.0517086471389 90.0029141266583 89.0496941384894 84.1239704853616 88.976883891973 89.2357314171479 85.2003092693599 86.3802934588265 87.2516823140145 81.780154608477 77.8673994840703 87.2272264362371 0 81.8564887327063 83.8924062417859 83.4827717624266 84.3059326558759 86.7849525851627
91.8821046896345 91.4929130958581 90.5925300786004 89.0496941384894 90.7780212873747 90.4004842763326 89.1656719381225 89.0031006429096 88.2737039650698 87.7525816237939 84.8252375517326 87.2169957016613 81.8564887327063 0 80.1964580507305 82.0977779700964 73.5201228844259 80.0415708322431
91.1040553030743 89.4467356815688 88.2753097867997 89.1361436054588 88.7048987199532 87.7711035988784 88.1901910181076 86.8817337465467 84.676136068509 87.8226378829976 83.9763779101233 82.3859648733539 83.8924062417859 80.1964580507305 0 87.0886183332094 82.7760355725621 80.9106422900855
92.5935534360876 93.2845853750046 92.6083783175901 89.1666527665572 92.6179874241649 92.6296376337253 90.3427706974942 91.0278483714552 91.1603972237937 88.2000037388758 87.1227714840238 90.7244572440106 83.4827717624266 82.0977779700964 87.0886183332094 0 81.5597464763509 86.4284596991444
92.8488950590857 92.4936594236437 91.6918670945465 90.2359933182647 91.8735243874208 91.4879355081281 90.4673865315043 90.3485019850597 89.619779474765 89.1430515289906 86.8745356467734 88.5873403652979 84.3059326558759 73.5201228844259 82.7760355725621 81.5597464763509 0 79.0891422958372
93.3254296028306 92.1794038255962 91.3432254546546 91.4162805560981 91.6684094910221 90.9313775855528 91.1038460398261 90.4041735968028 88.9205124673424 90.4181645013032 87.992560047968 87.3227351513231 86.7849525851627 80.0415708322431 80.9106422900855 86.4284596991444 79.0891422958372 0
