0 85.9195436335469 88.2207824440951 84.7895590202495 88.5494465197111 89.2521096068381 87.9490764205922 87.7235104485739 89.9929256866187 88.4761028375782 89.0058154076919 91.7358733600348 90.7015598175369 91.4741215705682 92.3921913186054 92.5421658789671 93.9198481681658 93.6033008406848
85.9195436335469 0 76.4394995309249 86.8634382986654 81.1655581808111 79.4467356815688 86.86121542219 85.1437201970658 84.0576968186256 87.4802850888848 85.0830368532146 87.9165025530579 90.5889974099701 89.4467356815688 89.6291938013217 93.0722680623391 93.1679005025265 91.3828513183668
88.2207824440951 76.4394995309249 0 87.7157555952006 77.0711757029314 71.1963957883817 86.6917490863679 84.6595564074942 80.3930962198545 87.2277373408691 83.5547758127407 85.8125984119335 90.3494979591081 88.4162896884064 88.1552582241713 92.9714885454098 92.6066020014732 90.1718886978531
84.7895590202495 86.8634382986654 87.7157555952006 0 86.2093142267685 88.9021373091748 79.4005173154006 81.1676208475889 87.4995229711462 80.3509914920462 84.4429081229287 88.6976210562157 84.5719301653208 86.8833931536174 88.9177438356005 88.1860958317419 90.2234529108282 90.4247760731653
88.5494465197111 81.1655581808111 77.0711757029314 86.2093142267685 0 79.4681370721026 83.8681130724119 80.8422827729217 73.88799939735 84.4815380847081 78.0908247429846 82.6002308959102 88.4065647866336 85.6745557686413 85.5410302954014 91.5946508571361 91.0176141209872 88.1963265663177
89.2521096068381 79.4467356815688 71.1963957883817 88.9021373091748 79.4681370721026 0 87.8461841608603 86.0661777685526 81.0505757896518 88.2853327425963 84.8145647350099 86.0117684991275 91.0531172574814 88.9891607759621 88.4426317768107 93.5081091981508 92.9770661037758 90.3507426055555
87.9490764205922 86.86121542219 86.6917490863679 79.4005173154006 83.8681130724119 87.8461841608603 0 73.2478263495168 84.7200415290772 64.8349979793794 79.1551959618225 85.381441146948 81.4548623602078 82.1900093127201 85.4001574042608 87.2709460205284 88.0567688513191 87.5694990439426
87.7235104485739 85.1437201970658 84.6595564074942 81.1676208475889 80.8422827729217 86.0661777685526 73.2478263495168 0 82.240236057727 75.3915891308315 74.4166372889035 83.9979256835207 84.0502702591676 82.5344953540117 84.8465048204424 88.7716451877599 88.9205124673424 87.4410654087408
89.9929256866187 84.0576968186256 80.3930962198545 87.4995229711462 73.88799939735 81.0505757896518 84.7200415290772 82.240236057727 0 85.0805247863448 78.3351034548413 79.1551959618225 88.456898132988 84.7027153220418 83.6442999499373 91.6121845670317 90.5062223100706 86.7804245567905
88.4761028375782 87.4802850888848 87.2277373408691 80.3509914920462 84.4815380847081 88.2853327425963 64.8349979793794 75.3915891308315 85.0805247863448 0 79.7342959307347 85.3208427639379 80.1576005458867 81.3493605368748 85.042668369047 86.6842288337199 87.4454406823376 87.1716919309492
89.0058154076919 85.0830368532146 83.5547758127407 84.4429081229287 78.0908247429846 84.8145647350099 79.1551959618225 74.4166372889035 78.3351034548413 79.7342959307347 0 80.6792333700066 85.3563600026657 81.3769599159453 82.6839352129843 89.6005935657466 88.8756516062992 86.1033994395945
91.7358733600348 87.9165025530579 85.8125984119335 88.6976210562157 82.6002308959102 86.0117684991275 85.381441146948 83.9979256835207 79.1551959618225 85.3208427639379 80.6792333700066 0 87.5789330539932 81.4121890441111 76.625354376404 90.7987245196668 88.5513302520412 82.2531040517902
90.7015598175369 90.5889974099701 90.3494979591081 84.5719301653208 88.4065647866336 91.0531172574814 81.4548623602078 84.0502702591676 88.456898132988 80.1576005458867 85.3563600026657 87.5789330539932 0 82.1900093127201 86.1684315156628 81.3493605368748 84.0065149467783 87.0589771566153
91.4741215705682 89.4467356815688 88.4162896884064 86.8833931536174 85.6745557686413 88.9891607759621 82.1900093127201 82.5344953540117 84.7027153220418 81.3493605368748 81.3769599159453 81.4121890441111 82.1900093127201 0 77.4947214838478 87.2256933616249 84.2979161426279 80.9865508735604
92.3921913186054 89.6291938013217 88.1552582241713 88.9177438356005 85.5410302954014 88.4426317768107 85.4001574042608 84.8465048204424 83.6442999499373 85.042668369047 82.6839352129843 76.625354376404 86.1684315156628 77.4947214838478 0 89.5278067438365 86.1455514945536 76.625354376404
92.5421658789671 93.0722680623391 92.9714885454098 88.1860958317419 91.5946508571361 93.5081091981508 87.2709460205284 88.7716451877599 91.6121845670317 86.6842288337199 89.6005935657466 90.7987245196668 81.3493605368748 87.2256933616249 89.5278067438365 0 84.1706971804335 89.5649491977989
93.9198481681658 93.1679005025265 92.6066020014732 90.2234529108282 91.0176141209872 92.9770661037758 88.0567688513191 88.9205124673424 90.5062223100706 87.4454406823376 88.8756516062992 88.5513302520412 84.0065149467783 84.2979161426279 86.1455514945536 84.1706971804335 0 84.7182209694953
93.6033008406848 91.3828513183668 90.1718886978531 90.4247760731653 88.1963265663177 90.3507426055555 87.5694990439426 87.4410654087408 86.7804245567905 87.1716919309492 86.1033994395945 82.2531040517902 87.0589771566153 80.9865508735604 76.625354376404 89.5649491977989 84.7182209694953 0
