0 79.7342959307347 84.6028943623908 79.3475349130989 85.3152916605193 87.6960783446142 84.0608757462916 84.9340142252247 89.6648998632169 89.2572351600704 89.3500427490681 91.4186168334588 90.7628815804338 89.813317592445 92.9118666033385 92.0237415546845 92.419018370995 92.3761400842168
79.7342959307347 0 81.3513377482993 79.0891422958372 79.6032551369968 83.5261172881643 78.2106092259997 78.3823526405858 86.4050608189035 87.5486718027149 85.9539297579115 88.7984150166263 88.8335004036678 86.8226906220976 90.7644658121266 89.8989437202673 90.1874223471492 90.0827995263149
84.6028943623908 81.3513377482993 0 86.2325041385106 84.7544879428325 81.7387672097631 85.0637404376506 79.4005173154006 85.3563600026657 90.5911173559578 87.21135850776 88.5301856345584 91.0963058395484 88.5494465197111 90.6787718210589 91.1742148056885 90.6967359817886 90.2160139438428
79.3475349130989 79.0891422958372 86.2325041385106 0 82.1523653118793 87.1809971370733 79.5914134259955 84.3139343989393 88.9177438356005 85.9635092840055 87.6014914156434 90.4299114571472 88.2483336371284 87.7453320532942 91.9266588142109 90.2528274474093 91.1019622167072 91.2493343553935
85.3152916605193 79.6032551369968 84.7544879428325 82.1523653118793 0 81.9193804244781 70.5098229277861 78.5626155199393 84.0534546255469 84.484421527208 81.0314672262549 86.2170579640101 85.4864490172097 81.955651003641 88.5263989529871 86.737743107132 87.4181448674708 87.5224965040336
87.6960783446142 83.5261172881643 81.7387672097631 87.1809971370733 81.9193804244781 0 83.6396338793095 76.5304228410657 76.3152293981705 88.9669688788295 81.5218992231529 83.2478263495168 88.8140435255208 84.2969130372258 86.8584352256806 88.0402758330119 86.9257690522703 86.108690874692
84.0608757462916 78.2106092259997 85.0637404376506 79.5914134259955 70.5098229277861 83.6396338793095 0 80.1052437355394 85.6562542463234 84.116656490193 83.1990142701287 87.5315567270903 85.8076419242784 83.622091328923 89.5241953973719 87.5902268815364 88.458052813232 88.6197186119532
84.9340142252247 78.3823526405858 79.4005173154006 84.3139343989393 78.5626155199393 76.5304228410657 80.1052437355394 0 82.1375457701549 88.0377328770581 83.0075477881139 86.0299807662634 88.5070353517548 84.906202596418 88.7320818557614 88.6643528285041 88.3572170605267 87.9719488414633
89.6648998632169 86.4050608189035 85.3563600026657 88.9177438356005 84.0534546255469 76.3152293981705 85.6562542463234 82.1375457701549 0 89.2379830643289 79.8026005337483 78.3192387985912 88.5119793763395 83.1679005025265 83.9198481681658 86.7234222314666 84.535049192901 83.0612147647429
89.2572351600704 87.5486718027149 90.5911173559578 85.9635092840055 84.484421527208 88.9669688788295 84.116656490193 88.0377328770581 89.2379830643289 0 85.9105584656013 89.291357676221 77.9719488414633 84.1913043119513 90.1320245695439 85.4288545277498 88.3255916171591 89.2125036075832
89.3500427490681 85.9539297579115 87.21135850776 87.6014914156434 81.0314672262549 81.5218992231529 83.1990142701287 83.0075477881139 79.8026005337483 85.9105584656013 0 80.0415708322431 84.5416919591329 73.447537158823 83.8090244763067 82.5344953540117 81.9141740963992 81.955651003641
91.4186168334588 88.7984150166263 88.5301856345584 90.4299114571472 86.2170579640101 83.2478263495168 87.5315567270903 86.0299807662634 78.3192387985912 89.291357676221 80.0415708322431 0 87.8475131591322 82.2482830209687 77.4947214838478 84.4166372889035 79.5943768821453 75.7863355292019
90.7628815804338 88.8335004036678 91.0963058395484 88.2483336371284 85.4864490172097 88.8140435255208 85.8076419242784 88.5070353517548 88.5119793763395 77.9719488414633 84.5416919591329 87.8475131591322 0 81.8211513138294 88.3410377916595 81.0906420857516 85.8604550374417 87.2481243977604
89.813317592445 86.8226906220976 88.5494465197111 87.7453320532942 81.955651003641 84.2969130372258 83.622091328923 84.906202596418 83.1679005025265 84.1913043119513 73.447537158823 82.2482830209687 81.8211513138294 0 84.3764381673574 79.6032551369968 81.3513377482993 82.486054895665
92.9118666033385 90.7644658121266 90.6787718210589 91.9266588142109 88.5263989529871 86.8584352256806 89.5241953973719 88.7320818557614 83.9198481681658 90.1320245695439 83.8090244763067 77.4947214838478 88.3410377916595 84.3764381673574 0 83.9296849669784 76.5662657802988 70.237526392877
92.0237415546845 89.8989437202673 91.1742148056885 90.2528274474093 86.737743107132 88.0402758330119 87.5902268815364 88.6643528285041 86.7234222314666 85.4288545277498 82.5344953540117 84.4166372889035 81.0906420857516 79.6032551369968 83.9296849669784 0 79.0724707021626 82.2787262194362
92.419018370995 90.1874223471492 90.6967359817886 91.1019622167072 87.4181448674708 86.9257690522703 88.458052813232 88.3572170605267 84.535049192901 88.3255916171591 81.9141740963992 79.5943768821453 85.8604550374417 81.3513377482993 76.5662657802988 79.0724707021626 0 72.5868656935784
92.3761400842168 90.0827995263149 90.2160139438428 91.2493343553935 87.5224965040336 86.108690874692 88.6197186119532 87.9719488414633 83.0612147647429 89.2125036075832 81.955651003641 75.7863355292019 87.2481243977604 82.486054895665 70.237526392877 82.2787262194362 72.5868656935784 0
