0 80.7501868793672 84.6354957098355 75.6562542463234 82.93128213749 84.3288980458285 78.0402758330119 80.7228583477486 85.4304003347848 85.3208427639379 88.0211672696151 87.3031982537424 90.8451711818302 89.7779640643784 88.3073021585004 92.3897018116189 90.0222854898969 90.1925879080543
80.7501868793672 0 78.7429076482031 84.5916601811258 76.5662657802988 77.4658005457673 84.2250937501173 78.0105149591016 81.3513377482993 85.7412489376289 88.0740403942904 84.5916601811258 91.2940305799451 88.7737928568809 85.8125984119335 92.9002585089615 89.8242892483495 88.7429076482031
84.6354957098355 78.7429076482031 0 87.1217246129041 83.1089544862133 82.5704743915648 87.5921063340461 84.3764381673574 85.2408599357581 88.922933573106 90.5473313346887 87.3630331127546 93.0998449331625 90.7969281513794 88.1117143687293 94.4341688235299 91.8257614708497 90.5634770122259
75.6562542463234 84.5916601811258 87.1217246129041 0 85.8182560513189 86.9208373119925 77.2628453983262 83.9763779101233 87.5424991364325 86.2325041385106 88.6152669725587 88.8958789615428 90.9209131785366 90.6293339226697 89.7342959307347 92.3219399572626 90.5150984397825 91.1637009427332
82.93128213749 76.5662657802988 83.1089544862133 85.8182560513189 0 69.5166621000467 84.1613919743094 73.0384872811603 74.2169264795973 83.0983909180522 85.8005514005498 80.2908458823698 89.8609411503007 86.3453801341546 82.2867022452208 91.7512248953516 87.8598975707155 86.301340043983
84.3288980458285 77.4658005457673 82.5704743915648 86.9208373119925 69.5166621000467 0 85.6238550502764 77.4754622734875 73.6964506811521 84.4039314662598 86.5495758812333 79.9769504982872 90.3534795727897 86.5364172448041 81.8015924709415 92.155815940736 88.2933344856596 86.2093142267685
78.0402758330119 84.2250937501173 87.5921063340461 77.2628453983262 84.1613919743094 85.6238550502764 0 81.3887347396581 85.7326076915633 82.5344953540117 85.8987805111985 87.0312708756033 88.939499180549 88.6877768249837 88.0211672696151 90.7226298859364 88.3991592697787 89.4681370721026
80.7228583477486 78.0105149591016 84.3764381673574 83.9763779101233 73.0384872811603 77.4754622734875 81.3887347396581 0 78.0908247429846 81.1490214837476 84.8632678583311 81.8087149732661 89.178079427437 86.3902173587608 83.6115316848253 91.1760675539626 87.3901843196928 86.7548660553969
85.4304003347848 81.3513377482993 85.2408599357581 87.5424991364325 74.2169264795973 73.6964506811521 85.7326076915633 78.0908247429846 0 82.5570171580838 84.6623240835214 74.4651623168477 89.1679601933207 84.2888798422065 77.9330371790942 91.2037643457854 86.5982734344227 83.9373204364155
85.3208427639379 85.7412489376289 88.922933573106 86.2325041385106 83.0983909180522 84.4039314662598 82.5344953540117 81.1490214837476 82.5570171580838 0 76.560312462274 82.420100378145 84.8074349245531 82.93128213749 83.6150544197642 87.8876340453048 82.4570356382086 84.7136662288377
88.0211672696151 88.0740403942904 90.5473313346887 88.6152669725587 85.8005514005498 86.5495758812333 85.8987805111985 84.8632678583311 84.6623240835214 76.560312462274 0 83.3550650034345 81.3493605368748 79.7342959307347 83.8314166105688 85.7007752032153 76.3902173587608 82.9463689655499
87.3031982537424 84.5916601811258 87.3630331127546 88.8958789615428 80.2908458823698 79.9769504982872 87.0312708756033 81.8087149732661 74.4651623168477 82.420100378145 83.3550650034345 0 88.2402484726988 81.3036344422995 69.0724707021626 90.4455248021527 84.9296803811179 80.4004842763326
90.8451711818302 91.2940305799451 93.0998449331625 90.9209131785366 89.8609411503007 90.3534795727897 88.939499180549 89.178079427437 89.1679601933207 84.8074349245531 81.3493605368748 88.2402484726988 0 84.5473776830334 88.3108865966306 77.6131943190306 79.1551959618225 86.6580961725535
89.7779640643784 88.7737928568809 90.7969281513794 90.6293339226697 86.3453801341546 86.5364172448041 88.6877768249837 86.3902173587608 84.2888798422065 82.93128213749 79.7342959307347 81.3036344422995 84.5473776830334 0 80.4396763737266 87.4701509833698 77.8497272528937 73.5201228844259
88.3073021585004 85.8125984119335 88.1117143687293 89.7342959307347 82.2867022452208 81.8015924709415 88.0211672696151 83.6115316848253 77.9330371790942 83.6150544197642 83.8314166105688 69.0724707021626 88.3108865966306 80.4396763737266 0 90.4557406389774 84.8118924275813 78.444562403568
92.3897018116189 92.9002585089615 94.4341688235299 92.3219399572626 91.7512248953516 92.155815940736 90.7226298859364 91.1760675539626 91.2037643457854 87.8876340453048 85.7007752032153 90.4455248021527 77.6131943190306 87.4701509833698 90.4557406389774 0 84.0756800526813 88.9590891203599
90.0222854898969 89.8242892483495 91.8257614708497 90.5150984397825 87.8598975707155 88.2933344856596 88.3991592697787 87.3901843196928 86.5982734344227 82.4570356382086 76.3902173587608 84.9296803811179 79.1551959618225 77.8497272528937 84.8118924275813 84.0756800526813 0 81.9141740963992
90.1925879080543 88.7429076482031 90.5634770122259 91.1637009427332 86.301340043983 86.2093142267685 89.4681370721026 86.7548660553969 83.9373204364155 84.7136662288377 82.9463689655499 80.4004842763326 86.6580961725535 73.5201228844259 78.444562403568 88.9590891203599 81.9141740963992 0
