0 78.0062467083217 83.4682265805839 80.1990362311678 81.9401435468265 83.3513248469073 85.8040981094599 82.8354320315571 87.4059036258722 88.5663707686117 85.3248034982015 87.1410509973508 87.1530214921769 88.9038741397594 91.1568842665482 89.7992106976306 89.3706773252167 91.3692891253393
78.0062467083217 0 78.8461887760664 84.2959097000793 82.0171329637785 81.0906420857516 88.7147042607757 84.7391114690121 88.1441028634154 90.6822322431318 87.9016548640009 87.7157555952006 89.5060934823739 90.3604386251505 91.9664733703987 91.6704303626087 91.0727633677003 92.1533514856304
83.4682265805839 78.8461887760664 0 87.8319828162819 80.4396763737266 74.8615063718665 90.1241649821559 84.6623240835214 87.0520671395345 91.539917799401 88.6643528285041 86.3902173587608 90.3646583301047 90.3310353635652 91.424840769058 92.4289009874699 91.4465545690222 91.6065963893544
80.1990362311678 84.2959097000793 87.8319828162819 0 86.9926141700185 87.9369440715933 85.1097422091168 86.821007853661 89.9921148053681 88.3960373756239 86.804707388042 89.9085993106296 87.5181982133246 90.2375263928769 92.5240959739663 89.5193755926805 89.9961676984538 92.7056971333427
81.9401435468265 82.0171329637785 80.4396763737266 86.9926141700185 0 75.1757958751021 87.5047984831427 76.5063621434069 82.2867022452208 89.0112398515747 84.7136662288377 81.3671231171328 87.3501386685107 86.9818148487283 88.7780850115565 90.1497871498019 88.6223132959149 89.0379241774609
83.3513248469073 81.0906420857516 74.8615063718665 87.9369440715933 75.1757958751021 0 89.2674681545852 81.8670341320252 84.6066326409251 90.6056933767198 87.2093068035438 83.7136960174551 89.2511478917976 88.8493550853623 90.0308673275794 91.5687809491987 90.2807401307034 90.2428878962297
85.8040981094599 88.7147042607757 90.1241649821559 85.1097422091168 87.5047984831427 89.2674681545852 0 85.2866305091113 87.8461841608603 78.3666599593055 79.5765657369386 88.1316743187726 76.7468837467999 85.3681348263785 89.3859337696357 81.5747935068004 83.4095537626939 89.619779474765
82.8354320315571 84.7391114690121 84.6623240835214 86.821007853661 76.5063621434069 81.8670341320252 85.2866305091113 0 79.7657356159223 86.801327225864 80.6305009104019 79.4344587975798 84.575695180571 84.0830633243401 87.0775265860798 88.2106092259997 86.1494823545164 87.4098245784636
87.4059036258722 88.1441028634154 87.0520671395345 89.9921148053681 82.2867022452208 84.6066326409251 87.8461841608603 79.7657356159223 0 88.010941553554 83.6687149094864 65.5673171147236 86.2842330833397 82.3200425081016 83.3699935021867 89.0068330071387 86.0601658467479 83.8213544350363
88.5663707686117 90.6822322431318 91.539917799401 88.3960373756239 89.0112398515747 90.6056933767198 78.3666599593055 86.801327225864 88.010941553554 0 80.9368178278012 88.458052813232 73.88799939735 83.5261172881643 88.1142143850042 72.3105428072981 78.6738840693766 88.3410377916595
85.3248034982015 87.9016548640009 88.6643528285041 86.804707388042 84.7136662288377 87.2093068035438 79.5765657369386 80.6305009104019 83.6687149094864 80.9368178278012 0 84.2066957450215 75.8358888194266 80.5622918724125 86.4706275098419 83.5165222667104 80.8222332357115 86.8193244329465
87.1410509973508 87.7157555952006 86.3902173587608 89.9085993106296 81.3671231171328 83.7136960174551 88.1316743187726 79.4344587975798 65.5673171147236 88.458052813232 84.2066957450215 0 86.7826891611015 83.447537158823 84.3249127784517 89.4439764069448 86.7554356592824 84.7182209694953
87.1530214921769 89.5060934823739 90.3646583301047 87.5181982133246 87.3501386685107 89.2511478917976 76.7468837467999 84.575695180571 86.2842330833397 73.88799939735 75.8358888194266 86.7826891611015 0 81.6418673468703 87.2272264362371 78.9642297145514 78.103370572082 87.5124605335482
88.9038741397594 90.3604386251505 90.3310353635652 90.2375263928769 86.9818148487283 88.8493550853623 85.3681348263785 84.0830633243401 82.3200425081016 83.5261172881643 80.5622918724125 83.447537158823 81.6418673468703 0 80.7683108277111 84.5502177560408 77.6689334133668 81.3769599159453
91.1568842665482 91.9664733703987 91.424840769058 92.5240959739663 88.7780850115565 90.0308673275794 89.3859337696357 87.0775265860798 83.3699935021867 88.1142143850042 86.4706275098419 84.3249127784517 87.2272264362371 80.7683108277111 0 88.4776355514882 84.676136068509 59.0724707021626
89.7992106976306 91.6704303626087 92.4289009874699 89.5193755926805 90.1497871498019 91.5687809491987 81.5747935068004 88.2106092259997 89.0068330071387 72.3105428072981 83.5165222667104 89.4439764069448 78.9642297145514 84.5502177560408 88.4776355514882 0 79.5287091114304 88.6639858242517
89.3706773252167 91.0727633677003 91.4465545690222 89.9961676984538 88.6223132959149 90.2807401307034 83.4095537626939 86.1494823545164 86.0601658467479 78.6738840693766 80.8222332357115 86.7554356592824 78.103370572082 77.6689334133668 84.676136068509 79.5287091114304 0 84.9822600913282
91.3692891253393 92.1533514856304 91.6065963893544 92.7056971333427 89.0379241774609 90.2428878962297 89.619779474765 87.4098245784636 83.8213544350363 88.3410377916595 86.8193244329465 84.7182209694953 87.5124605335482 81.3769599159453 59.0724707021626 88.6639858242517 84.9822600913282 0
