0 82.5942958832762 86.9388930455938 73.8213544350363 84.7904545651168 84.1706971804335 84.4786527265116 86.1527553555146 89.6838043908563 86.299442594822 89.8581541741292 89.6648998632169 88.742547222889 89.96118858877 90.01879426857 92.2699356390112 92.1957092504903 92.4779795315263
82.5942958832762 0 78.8567341753854 83.3500774119371 74.2169264795973 68.7966354858417 84.4815380847081 79.3818913619656 85.7044043041359 88.1117143687293 87.4894337093267 86.436435724929 89.5341193832037 88.7121642085888 87.3630331127546 92.1900093127201 91.2848069067945 90.6792333700066
86.9388930455938 78.8567341753854 0 87.3431796161499 76.8316543916761 75.6635841127368 86.9639370490137 79.0891422958372 83.4972683928071 90.0615690785653 87.1861580940907 85.3790959332366 90.8937628426926 89.115684439989 86.7325930303217 92.7584859909586 91.4201736537717 90.0775016362782
73.8213544350363 83.3500774119371 87.3431796161499 0 84.7904545651168 84.8358842042205 82.0323684124072 85.7556129157272 89.2674681545852 83.9416775421926 88.9867763205327 89.0078503682066 87.0419480655395 88.8179418809182 89.2521096068381 91.212957496282 91.2729477947893 91.8113829030023
84.7904545651168 74.2169264795973 76.8316543916761 84.7904545651168 0 73.1574795141574 83.7491208394148 72.6017133826353 83.0237176292658 87.9265178711614 85.5762932353541 84.0502702591676 89.0406172678931 87.3749017919311 85.3248034982015 91.5057137255363 90.2551179630574 89.3283648950736
84.1706971804335 68.7966354858417 75.6635841127368 84.8358842042205 73.1574795141574 0 85.3783139138199 78.8179418809182 85.0930706154422 88.8228983685733 87.4352248455128 86.1448960051827 90.0367575193471 88.8913534284775 87.2087937260053 92.4250432665079 91.3828513183668 90.5513733848517
84.4786527265116 84.4815380847081 86.9639370490137 82.0323684124072 83.7491208394148 85.3783139138199 0 83.1247518173108 86.3597535167021 79.7657356159223 84.3872598725851 85.1872526798368 82.4247345007462 83.5081091981508 85.0805247863448 87.9577216803775 87.6089849058131 88.6018846103919
86.1527553555146 79.3818913619656 79.0891422958372 85.7556129157272 72.6017133826353 78.8179418809182 83.1247518173108 0 80.273145354966 87.627196302634 83.4291995742851 81.3513377482993 88.444562403568 85.9050198774838 83.051870788883 90.7447349131916 89.1597823111562 87.9607434601061
89.6838043908563 85.7044043041359 83.4972683928071 89.2674681545852 83.0237176292658 85.0930706154422 86.3597535167021 80.273145354966 0 89.4809274664817 80.4004842763326 74.2169264795973 89.4705762436461 85.1039144283644 78.5475619699661 90.4557406389774 87.8673994840703 84.7254986332328
86.299442594822 88.1117143687293 90.0615690785653 83.9416775421926 87.9265178711614 88.8228983685733 79.7657356159223 87.627196302634 89.4809274664817 0 87.3605563833923 88.4193970634207 77.1861580940907 85.3783139138199 88.0402758330119 86.7696515306304 88.0664662225477 90.1047169668058
89.8581541741292 87.4894337093267 87.1861580940907 88.9867763205327 85.5762932353541 87.4352248455128 84.3872598725851 83.4291995742851 80.4004842763326 87.3605563833923 0 74.5416919591329 86.5597166813801 77.7647878994723 67.2272264362371 87.1907977174617 83.2796429373787 80.8043333862853
89.6648998632169 86.436435724929 85.3790959332366 89.0078503682066 84.0502702591676 86.1448960051827 85.1872526798368 81.3513377482993 74.2169264795973 88.4193970634207 74.5416919591329 0 88.1154638536733 82.2337877346136 70.6047544631244 89.0068330071387 85.8883616061958 82.5824014703115
88.742547222889 89.5341193832037 90.8937628426926 87.0419480655395 89.0406172678931 90.0367575193471 82.4247345007462 88.444562403568 89.4705762436461 77.1861580940907 86.5597166813801 88.1154638536733 0 83.3699935021867 87.4132525105052 83.2834453116058 85.7563298690626 88.9374319318853
89.96118858877 88.7121642085888 89.115684439989 88.8179418809182 87.3749017919311 88.8913534284775 83.5081091981508 85.9050198774838 85.1039144283644 85.3783139138199 77.7647878994723 82.2337877346136 83.3699935021867 0 80.0093808529838 83.7593515739906 79.5556933220744 82.5942958832762
90.01879426857 87.3630331127546 86.7325930303217 89.2521096068381 85.3248034982015 87.2087937260053 85.0805247863448 83.051870788883 78.5475619699661 88.0402758330119 67.2272264362371 70.6047544631244 87.4132525105052 80.0093808529838 0 87.9762509169206 84.2495038086784 80.715999260007
92.2699356390112 92.1900093127201 92.7584859909586 91.212957496282 91.5057137255363 92.4250432665079 87.9577216803775 90.7447349131916 90.4557406389774 86.7696515306304 87.1907977174617 89.0068330071387 83.2834453116058 83.7593515739906 87.9762509169206 0 80.9994315893368 87.3431796161499
92.1957092504903 91.2848069067945 91.4201736537717 91.2729477947893 90.2551179630574 91.3828513183668 87.6089849058131 89.1597823111562 87.8673994840703 88.0664662225477 83.2796429373787 85.8883616061958 85.7563298690626 79.5556933220744 84.2495038086784 80.9994315893368 0 81.676854159603
92.4779795315263 90.6792333700066 90.0775016362782 91.8113829030023 89.3283648950736 90.5513733848517 88.6018846103919 87.9607434601061 84.7254986332328 90.1047169668058 80.8043333862853 82.5824014703115 88.9374319318853 82.5942958832762 80.715999260007 87.3431796161499 81.676854159603 0
