0 87.2820597623173 89.0112398515747 83.1194924223973 87.3975598292249 88.7887968762792 84.8349979793794 88.2171228302489 89.8178221382336 87.4337634765958 89.2674681545852 89.9961676984538 88.3564292247297 92.1021037784185 91.1752442078643 90.3775402704485 92.9937559283477 92.7067100313343
87.2820597623173 0 76.9747808619358 85.1039144283644 78.922933573106 74.4651623168477 84.4029525538654 83.5201228844259 80.3733330693944 86.5364172448041 86.5382139537117 85.0872204050448 88.4806993574841 89.3756649167141 87.6758507678725 89.8634479006266 91.9532423664337 89.1992209343237
89.0112398515747 76.9747808619358 0 87.9438809920164 83.6964506811521 78.6957997331364 87.4802850888848 86.5650757693805 82.5868656935784 88.9792737834475 88.774150698501 87.28054592573 90.4881743072895 90.7338104052137 89.3144846208891 91.5262684788563 93.1478177864372 90.2946294848908
83.1194924223973 85.1039144283644 87.9438809920164 0 82.2675351167102 86.0036495782666 70.788610269172 82.0103444593576 86.5238194265639 79.3349739648805 83.4304244917432 85.2970022018606 82.0911144554496 88.3140702821532 86.9399849236182 85.7505909256189 89.747185141637 89.3650594295902
87.3975598292249 78.922933573106 83.6964506811521 82.2675351167102 0 77.8718063285063 80.237526392877 75.8005514005498 78.3073021585004 82.3073716170739 81.8652783427072 80.0093808529838 85.2698237358651 86.5376151333289 84.1291872365223 87.0076882467528 89.7754074692579 86.7440293629844
88.7887968762792 74.4651623168477 78.6957997331364 86.0036495782666 77.8718063285063 0 84.9796890336395 82.420100378145 74.598216984643 86.3715914053258 85.6657806624687 83.2388757755454 88.3287645450219 88.2390343987537 86.2867717037943 89.4427494997203 91.3386680124279 87.7580108710713
84.8349979793794 84.4029525538654 87.4802850888848 70.788610269172 80.237526392877 84.9796890336395 0 79.2428040951504 85.2650098301599 76.6136007973246 81.3036344422995 83.4876093511407 81.0208149157414 87.1716919309492 85.5107920892135 84.8358842042205 89.0537222217762 88.2933344856596
88.2171228302489 83.5201228844259 86.5650757693805 82.0103444593576 75.8005514005498 82.420100378145 79.2428040951504 0 81.0505757896518 78.4638216139284 75.891837352535 75.3915891308315 82.4600994442045 83.9536370923738 80.7683108277111 84.3288980458285 87.8452979360192 84.8711857179884
89.8178221382336 80.3733330693944 82.5868656935784 86.5238194265639 78.3073021585004 74.598216984643 85.2650098301599 81.0505757896518 0 85.8541512699659 84.2928982971025 80.4103155081914 87.7998589768893 86.5364172448041 84.1706971804335 88.6212014783164 90.3509914920462 85.6891416591578
87.4337634765958 86.5364172448041 88.9792737834475 79.3349739648805 82.3073716170739 86.3715914053258 76.6136007973246 78.4638216139284 85.8541512699659 0 76.3653649600743 81.9141740963992 74.5416919591329 84.7544879428325 83.087801592918 80.6398255405413 86.6917490863679 86.6586786100007
89.2674681545852 86.5382139537117 88.774150698501 83.4304244917432 81.8652783427072 85.6657806624687 81.3036344422995 75.891837352535 84.2928982971025 76.3653649600743 0 76.8316543916761 79.4098004215052 80.9972874546011 77.7285209261352 80.5050214404877 85.3563600026657 83.5008850021645
89.9961676984538 85.0872204050448 87.28054592573 85.2970022018606 80.0093808529838 83.2388757755454 83.4876093511407 75.3915891308315 80.4103155081914 81.9141740963992 76.8316543916761 0 84.1913043119513 81.1902457592883 75.8987805111985 84.6354957098355 87.0419480655395 81.5047597563245
88.3564292247297 88.4806993574841 90.4881743072895 82.0911144554496 85.2698237358651 88.3287645450219 81.0208149157414 82.4600994442045 87.7998589768893 74.5416919591329 79.4098004215052 84.1913043119513 0 84.9192614761152 84.1416819317454 76.7239959740949 85.3555738781601 87.2256933616249
92.1021037784185 89.3756649167141 90.7338104052137 88.3140702821532 86.5376151333289 88.2390343987537 87.1716919309492 83.9536370923738 86.5364172448041 84.7544879428325 80.9972874546011 81.1902457592883 84.9192614761152 0 74.3774230737726 82.7632013805355 82.0827706588024 76.1350517739506
91.1752442078643 87.6758507678725 89.3144846208891 86.9399849236182 84.1291872365223 86.2867717037943 85.5107920892135 80.7683108277111 84.1706971804335 83.087801592918 77.7285209261352 75.8987805111985 84.1416819317454 74.3774230737726 0 83.1365622199274 84.5954081380522 77.2272264362371
90.3775402704485 89.8634479006266 91.5262684788563 85.7505909256189 87.0076882467528 89.4427494997203 84.8358842042205 84.3288980458285 88.6212014783164 80.6398255405413 80.5050214404877 84.6354957098355 76.7239959740949 82.7632013805355 83.1365622199274 0 81.3671231171328 85.9975504115668
92.9937559283477 91.9532423664337 93.1478177864372 89.747185141637 89.7754074692579 91.3386680124279 89.0537222217762 87.8452979360192 90.3509914920462 86.6917490863679 85.3563600026657 87.0419480655395 85.3555738781601 82.0827706588024 84.5954081380522 81.3671231171328 0 85.2706255349662
92.7067100313343 89.1992209343237 90.2946294848908 89.3650594295902 86.7440293629844 87.7580108710713 88.2933344856596 84.8711857179884 85.6891416591578 86.6586786100007 83.5008850021645 81.5047597563245 87.2256933616249 76.1350517739506 77.2272264362371 85.9975504115668 85.2706255349662 0
