0 80.6234942756704 84.4555005891274 77.9762509169206 75.4304003347848 82.3875223217547 86.4730595103641 86.5364172448041 88.4065647866336 86.8506411936609 87.2709460205284 87.7935849867912 90.0158379645473 90.083858329226 89.1561791587823 92.4559627952715 91.0771873132309 92.4956344217589
80.6234942756704 0 75.5673171147236 85.289026176076 79.9742370056535 74.4555005891274 88.9508514923739 86.9487100793787 86.9693623399366 88.5263989529871 86.4210841896122 86.2899428940185 90.7669541520655 90.1364720300647 88.0870539161237 93.3464578229948 90.738820882775 91.943076978089
84.4555005891274 75.5673171147236 0 87.669856364134 83.5201228844259 75.8076419242784 90.1718886978531 87.6457956664753 86.5268222233502 89.53712217999 86.5111849588043 85.9195436335469 91.2711359276465 90.337780813773 87.7688490461521 93.8187792456434 90.6792333700066 91.688027259288
77.9762509169206 85.289026176076 87.669856364134 0 80.1445703986413 85.8966987288694 83.9893193991704 86.5087742205692 89.2970716604341 85.4703994008443 87.9762509169206 88.7773699469597 89.259475688825 89.9176835328134 89.7904413548438 91.4873608037997 91.1486072584796 92.6753455538149
75.4304003347848 79.9742370056535 83.5201228844259 80.1445703986413 0 79.7997758540917 85.1994943815033 83.8525827295616 86.2440528241078 84.9504435034663 84.7054556385607 85.4535216572886 88.5369933522933 88.3882228079391 87.1639223335182 91.545214304911 89.5287091114304 91.1851140739234
82.3875223217547 74.4555005891274 75.8076419242784 85.8966987288694 79.7997758540917 0 88.3666599593055 85.189703782236 84.6401331313322 87.5353659103793 84.0830633243401 83.7548075559783 89.7299910123393 88.7780850115565 86.0914700857269 92.6722841132558 89.3709892175519 90.715999260007
86.4730595103641 88.9508514923739 90.1718886978531 83.9893193991704 85.1994943815033 88.3666599593055 0 82.9641315458079 88.0466267161603 75.7505909256189 86.2254314605081 87.6703177659745 83.5261172881643 86.1455514945536 88.036884894078 86.737743107132 88.2981284644215 90.4396763737266
86.5364172448041 86.9487100793787 87.6457956664753 86.5087742205692 83.8525827295616 85.189703782236 82.9641315458079 0 80.9994315893368 78.6223132959149 76.2581263061566 80.2528274474092 81.9332335297458 80.593000884045 81.0399703025278 87.9852714276756 83.5008850021645 86.8030176358052
88.4065647866336 86.9693623399366 86.5268222233502 89.2970716604341 86.2440528241078 84.6401331313322 88.0466267161603 80.9994315893368 0 85.891837352535 73.6150544197642 65.0930706154422 86.1350517739506 82.6708255255615 70.3134982103822 90.3577060414476 82.4447587542196 84.7680103558923
86.8506411936609 88.5263989529871 89.53712217999 85.4703994008443 84.9504435034663 87.5353659103793 75.7505909256189 78.6223132959149 85.891837352535 0 83.5392759245935 85.4963548523048 80.237526392877 83.1089544862133 85.7354900177477 86.0655101880703 85.9948369189331 88.6976210562157
87.2709460205284 86.4210841896122 86.5111849588043 87.9762509169206 84.7054556385607 84.0830633243401 86.2254314605081 76.2581263061566 73.6150544197642 83.5392759245935 0 71.6251957531956 84.575695180571 81.4063373322637 75.2970022018606 89.4842711162013 82.6046768387851 85.6511159690853
87.7935849867912 86.2899428940185 85.9195436335469 88.7773699469597 85.4535216572886 83.7548075559783 87.6703177659745 80.2528274474092 65.0930706154422 85.4963548523048 71.6251957531956 0 86.1455514945536 83.0290942252098 73.555965823659 90.3953139567674 83.2093361878076 85.5440425686756
90.0158379645473 90.7669541520655 91.2711359276465 89.259475688825 88.5369933522933 89.7299910123393 83.5261172881643 81.9332335297458 86.1350517739506 80.237526392877 84.575695180571 86.1455514945536 0 78.3192387985912 85.2481190150545 82.1900093127201 82.6751998198568 86.1317653985997
90.083858329226 90.1364720300647 90.337780813773 89.9176835328134 88.3882228079391 88.7780850115565 86.1455514945536 80.593000884045 82.6708255255615 83.1089544862133 81.4063373322637 83.0290942252098 78.3192387985912 0 80.8110544783965 85.9566689221897 75.2650098301599 82.2787262194362
89.1561791587823 88.0870539161237 87.7688490461521 89.7904413548438 87.1639223335182 86.0914700857269 88.036884894078 81.0399703025278 70.3134982103822 85.7354900177477 75.2970022018606 73.555965823659 85.2481190150545 80.8110544783965 0 89.7434655194017 80.0093808529838 83.0331223084966
92.4559627952715 93.3464578229948 93.8187792456434 91.4873608037997 91.545214304911 92.6722841132558 86.737743107132 87.9852714276756 90.3577060414476 86.0655101880703 89.4842711162013 90.3953139567674 82.1900093127201 85.9566689221897 89.7434655194017 0 87.5067152634095 89.1044238431331
91.0771873132309 90.738820882775 90.6792333700066 91.1486072584796 89.5287091114304 89.3709892175519 88.2981284644215 83.5008850021645 82.4447587542196 85.9948369189331 82.6046768387851 83.2093361878076 82.6751998198568 75.2650098301599 80.0093808529838 87.5067152634095 0 77.2425274907694
92.4956344217589 91.943076978089 91.688027259288 92.6753455538149 91.1851140739234 90.715999260007 90.4396763737266 86.8030176358052 84.7680103558923 88.6976210562157 85.6511159690853 85.5440425686756 86.1317653985997 82.2787262194362 83.0331223084966 89.1044238431331 77.2425274907694 0
