0 82.9641315458079 87.4952018715281 84.8852263681457 87.7348895485676 90.3494979591081 87.9525365899369 88.7382197843654 91.0904321751776 89.1797093560803 91.7353305484746 90.7445075993385 91.9202475393495 91.3493605368748 91.5946508571361 92.2378190584147 92.4239624902884 93.0192769212077
82.9641315458079 0 82.2337877346136 82.5659932787142 80.8222332357115 85.516856596841 85.4795778716485 82.9023336598264 86.9476203930553 87.5186760113139 88.7887968762792 86.2440528241078 91.0002889469191 88.7698546518372 88.1403780332094 91.2840039217096 89.8531331056309 90.4819001179839
87.4952018715281 82.2337877346136 0 88.2616413386156 84.1706971804335 84.6028943623908 89.4900404546874 85.0053313723672 87.2016042685911 90.843616123437 90.3688739390761 85.8695443561659 93.3152545014854 90.8637885803228 89.2225197031875 93.4965447093851 91.3008355089306 91.5766707252515
84.8852263681457 82.5659932787142 88.2616413386156 0 83.3699935021867 87.7580108710713 77.4269372455433 84.4786527265116 87.7157555952006 81.2209091826396 87.0711757029314 87.8221923842211 87.2016042685911 85.9682911348595 87.4759447961055 87.694702180414 88.0538131744044 89.1368019765385
87.7348895485676 80.8222332357115 84.1706971804335 83.3699935021867 0 79.8251320749173 83.7228656061221 69.546717201444 81.2066265229575 86.0414086904991 84.8429675000929 80.4299114571472 89.8006234509104 85.4841598430449 83.3313227628732 90.0284553992602 86.5238194265639 87.2460899933109
90.3494979591081 85.516856596841 84.6028943623908 87.7580108710713 79.8251320749173 0 87.5067152634095 77.8319828162819 76.0016174742824 88.8773990592738 85.3532146504956 68.7608908822587 91.4326081662888 86.9574177410809 82.4416841028919 91.5497490312598 86.8366883935755 86.9230298879921
87.9525365899369 85.4795778716485 89.4900404546874 77.4269372455433 83.7228656061221 87.5067152634095 0 84.1406420790363 86.728583188484 74.0608757462916 84.3616377049391 87.2628453983262 84.4651623168477 82.2289452013272 85.5770404086581 85.042668369047 85.4304003347848 86.9574177410809
88.7382197843654 82.9023336598264 85.0053313723672 84.4786527265116 69.546717201444 77.8319828162819 84.1406420790363 0 78.6148957965558 86.2080222604288 83.6687149094864 77.9762509169206 89.7388831451238 84.7680103558923 81.5218992231529 89.9316855164168 85.5762932353541 86.2504555155506
91.0904321751776 86.9476203930553 87.2016042685911 87.7157555952006 81.2066265229575 76.0016174742824 86.728583188484 78.6148957965558 0 87.9347740096789 82.1226754861304 71.1963957883817 90.4024523039268 84.7136662288377 77.0764687502886 90.4823830698686 84.0756800526813 84.0417671828947
89.1797093560803 87.5186760113139 90.843616123437 81.2209091826396 86.0414086904991 88.8773990592738 74.0608757462916 86.2080222604288 87.9347740096789 0 84.7054556385607 88.5626155199393 81.3769599159453 81.8512064152267 86.4339831229612 82.2305599791183 85.2970022018606 86.921385559777
91.7353305484746 88.7887968762792 90.3688739390761 87.0711757029314 84.8429675000929 85.3532146504956 84.3616377049391 83.6687149094864 82.1226754861304 84.7054556385607 0 84.1779208042287 86.8282951458061 74.8615063718665 75.3287606235951 86.8148321182775 71.4741215705682 75.7863355292019
90.7445075993385 86.2440528241078 85.8695443561659 87.8221923842211 80.4299114571472 68.7608908822587 87.2628453983262 77.9762509169206 71.1963957883817 88.5626155199393 84.1779208042287 0 91.0653800960415 86.137022406134 80.593000884045 91.1655581808111 85.8076419242784 85.8246120982086
91.9202475393495 91.0002889469191 93.3152545014854 87.2016042685911 89.8006234509104 91.4326081662888 84.4651623168477 89.7388831451238 90.4024523039268 81.3769599159453 86.8282951458061 91.0653800960415 0 84.3368576261899 88.7439887447076 63.9536370923738 86.4578371154628 87.7593671230427
91.3493605368748 88.7698546518372 90.8637885803228 85.9682911348595 85.4841598430449 86.9574177410809 82.2289452013272 84.7680103558923 84.7136662288377 81.8512064152267 74.8615063718665 86.137022406134 84.3368576261899 0 80.7750878561122 84.3646018352913 75.604595839916 79.8335513566863
91.5946508571361 88.1403780332094 89.2225197031875 87.4759447961055 83.3313227628732 82.4416841028919 85.5770404086581 81.5218992231529 77.0764687502886 86.4339831229612 75.3287606235951 80.593000884045 88.7439887447076 80.7750878561122 0 88.774150698501 78.940188044825 79.1420653552395
92.2378190584147 91.2840039217096 93.4965447093851 87.694702180414 90.0284553992602 91.5497490312598 85.042668369047 89.9316855164168 90.4823830698686 82.2305599791183 86.8148321182775 91.1655581808111 63.9536370923738 84.3646018352913 88.774150698501 0 86.3340981236618 87.6085169412828
92.4239624902884 89.8531331056309 91.3008355089306 88.0538131744044 86.5238194265639 86.8366883935755 85.4304003347848 85.5762932353541 84.0756800526813 85.2970022018606 71.4741215705682 85.8076419242784 86.4578371154628 75.604595839916 78.940188044825 86.3340981236618 0 71.5879170280032
93.0192769212077 90.4819001179839 91.5766707252515 89.1368019765385 87.2460899933109 86.9230298879921 86.9574177410809 86.2504555155506 84.0417671828947 86.921385559777 75.7863355292019 85.8246120982086 87.7593671230427 79.8335513566863 79.1420653552395 87.6085169412828 71.5879170280032 0
