0 80.5456658670191 87.094417010166 79.4833594670039 81.1676208475889 87.188736274528 83.5153213971275 85.8716391925209 87.3630331127546 89.2482614682249 88.3913503225718 89.8026005337483 88.940188044825 90.8050059637565 91.9858176056385 91.4550553756884 91.604732064441 92.4177814612158
80.5456658670191 0 82.7574850982769 63.4960621867671 72.3578348697387 82.9106243619669 82.6591391550547 79.2492238225855 82.0844407010529 87.6541394631225 84.1779208042287 86.1632124135547 87.0205673709395 88.251967056199 89.5085114348723 90.3629213010421 89.4513305804129 90.229855602271
87.094417010166 82.7574850982769 0 83.6396338793095 81.0165466649615 47.9330371790942 88.4018890874713 81.5218992231529 79.0924689484848 90.3327851902636 84.5121965473938 84.1239704853616 89.7314264593261 88.9467268115867 89.0220684557673 92.2986388853116 90.2010976741015 90.2121611966117
79.4833594670039 63.4960621867671 83.6396338793095 0 74.1758581374509 83.778610784351 81.955651003641 80.2119042252309 82.9532093273657 87.5186760113139 84.6354957098355 86.6446785071237 86.9164488363693 88.4135689102503 89.741461325561 90.2604578063016 89.560174434925 90.3985153565124
81.1676208475889 72.3578348697387 81.0165466649615 74.1758581374509 0 81.2066265229575 84.924474053039 80.8043333862853 82.3105428072981 88.9864355771471 85.2190096129285 86.5650757693805 88.4205617560891 89.1561791587823 90.0740545388265 91.3566717271859 90.2943773472485 90.8611338332671
87.188736274528 82.9106243619669 47.9330371790942 83.778610784351 81.2066265229575 0 88.4749529470585 81.6326132525547 79.1551959618225 90.3733330693944 84.5473776830334 84.1082825279571 89.7734179653631 88.9628594842768 89.0163191217561 92.3276273357941 90.2152436677784 90.2129320195368
83.5153213971275 82.6591391550547 88.4018890874713 81.955651003641 84.924474053039 88.4749529470585 0 84.2928982971025 86.6218316414651 83.1247518173108 85.7613452311201 88.2106092259997 82.764629276264 87.4196115005074 89.645619925852 87.0227101832781 88.2390343987537 89.8006234509104
85.8716391925209 79.2492238225855 81.5218992231529 80.2119042252309 80.8043333862853 81.6326132525547 84.2928982971025 0 74.0502702591676 86.4210841896122 77.2272264362371 81.0399703025278 85.4588989664983 85.1097422091168 86.4266169957072 89.3456530853151 86.9230298879921 87.5935153898588
87.3630331127546 82.0844407010529 79.0924689484848 82.9532093273657 82.3105428072981 79.1551959618225 86.6218316414651 74.0502702591676 0 87.9090850536988 77.8497272528937 78.4638216139284 87.0669366154118 85.583013171943 86.000262209856 90.3217745492729 87.3719376615789 87.5181982133246
89.2482614682249 87.6541394631225 90.3327851902636 87.5186760113139 88.9864355771471 90.3733330693944 83.1247518173108 86.4210841896122 87.9090850536988 0 85.3287606235951 87.7198628306637 67.4269372455433 83.2478263495168 87.0611011057071 78.922933573106 83.3049294415307 86.4309154214711
88.3913503225718 84.1779208042287 84.5121965473938 84.6354957098355 85.2190096129285 84.5473776830334 85.7613452311201 77.2272264362371 77.8497272528937 85.3287606235951 0 76.2389238659457 84.1458388545984 81.0505757896518 82.7517612822008 88.2097943381431 83.8714337899069 84.4786527265116
89.8026005337483 86.1632124135547 84.1239704853616 86.6446785071237 86.5650757693805 84.1082825279571 88.2106092259997 81.0399703025278 78.4638216139284 87.7198628306637 76.2389238659457 0 86.8461811729156 82.8143121415688 81.7387672097631 89.7734179653631 85.088056632027 84.4039314662598
88.940188044825 87.0205673709395 89.7314264593261 86.9164488363693 88.4205617560891 89.7734179653631 82.764629276264 85.4588989664983 87.0669366154118 67.4269372455433 84.1458388545984 86.8461811729156 0 82.1177073885602 86.3340981236618 80.593000884045 82.5570171580838 85.8182560513189
90.8050059637565 88.251967056199 88.9467268115867 88.4135689102503 89.1561791587823 88.9628594842768 87.4196115005074 85.1097422091168 85.583013171943 83.2478263495168 81.0505757896518 82.8143121415688 82.1177073885602 0 78.0740403942904 85.26340400843 72.7760355725621 77.3975598292249
91.9858176056385 89.5085114348723 89.0220684557673 89.741461325561 90.0740545388265 89.0163191217561 89.645619925852 86.4266169957072 86.000262209856 87.0611011057071 82.7517612822008 81.7387672097631 86.3340981236618 78.0740403942904 0 88.1963265663177 79.6707254104607 73.8325331923513
91.4550553756884 90.3629213010421 92.2986388853116 90.2604578063016 91.3566717271859 92.3276273357941 87.0227101832781 89.3456530853151 90.3217745492729 78.922933573106 88.2097943381431 89.7734179653631 80.593000884045 85.26340400843 88.1963265663177 0 84.1830731892428 87.0520671395345
91.604732064441 89.4513305804129 90.2010976741015 89.560174434925 90.2943773472485 90.2152436677784 88.2390343987537 86.9230298879921 87.3719376615789 83.3049294415307 83.8714337899069 85.088056632027 82.5570171580838 72.7760355725621 79.6707254104607 84.1830731892428 0 76.2899428940185
92.4177814612158 90.229855602271 90.2121611966117 90.3985153565124 90.8611338332671 90.2129320195368 89.8006234509104 87.5935153898588 87.5181982133246 86.4309154214711 84.4786527265116 84.4039314662598 85.8182560513189 77.3975598292249 73.8325331923513 87.0520671395345 76.2899428940185 0
