0 85.6511159690853 88.5115992665131 75.9195436335469 84.0417671828947 89.5060934823739 85.9029410845511 86.9666505416474 89.3456530853151 86.6394168112023 90.4982904275753 90.3534795727897 89.8934165864394 89.9132814344254 91.6355767087045 92.9279834894532 92.6497673640951 92.890283959074
85.6511159690853 0 78.4944597996847 84.8385417941978 70.6047544631244 80.9994315893368 86.5021377821021 72.3105428072981 80.9628365465767 84.3764381673574 85.13049210439 84.1124715273839 88.5475619699661 84.7832850301513 86.5453933654346 91.6593959849114 90.849611140116 89.3002428506583
88.5115992665131 78.4944597996847 0 88.2000037388758 80.8043333862853 70.4857622301273 89.230258266053 78.5776170713634 80.4591405847679 87.4410654087408 85.6393484568723 84.0661687936488 90.2807401307034 85.9621420732846 86.0761791811688 92.6314045548491 91.7641862325149 89.3122722994984
75.9195436335469 84.8385417941978 88.2000037388758 0 83.3947608622636 89.1473223627738 82.5942958832762 85.8695443561659 88.3362909710914 83.8714337899069 89.2379830643289 89.230258266053 87.9710879147445 88.456898132988 90.6330671801448 91.6142317652445 91.3193947040061 91.8501491803079
84.0417671828947 70.6047544631244 80.8043333862853 83.3947608622636 0 82.9641315458079 86.2170579640101 77.2425274907694 83.2093361878076 84.5245899885005 86.3951708178881 85.6459716053848 88.7912925143016 85.9463881358397 87.7494114256519 91.9532423664337 91.2493343553935 90.114451860671
89.5060934823739 80.9994315893368 70.4857622301273 89.1473223627738 82.9641315458079 0 89.7949696782977 80.237526392877 79.9333298446319 87.9938450062552 85.280235595651 83.4827717624266 90.4997336659665 85.8541512699659 85.3184645883821 92.6455141040503 91.7251855928805 88.8482999054051
85.9029410845511 86.5021377821021 89.230258266053 82.5942958832762 86.2170579640101 89.7949696782977 0 86.2867717037943 87.6243995150613 76.5662657802988 87.0764687502886 87.679995898191 81.5446471310445 85.7613452311201 88.9922245819579 87.8858782559868 87.6327844803114 89.6394674074553
86.9666505416474 72.3105428072981 78.5776170713634 85.8695443561659 77.2425274907694 80.237526392877 86.2867717037943 0 77.1809971370733 83.5595339012134 82.9037165430793 81.5370777263936 87.7494114256519 82.5868656935784 84.6844022237742 90.9418168389799 89.9821014681199 87.9822666720595
89.3456530853151 80.9628365465767 80.4591405847679 88.3362909710914 83.2093361878076 79.9333298446319 87.6243995150613 77.1809971370733 0 84.877334088665 78.6957997331364 74.8172353991213 87.7089015591327 79.7428929869615 80.237526392877 90.3708563400322 89.1420653552395 85.5440425686756
86.6394168112023 84.3764381673574 87.4410654087408 83.8714337899069 84.5245899885005 87.9938450062552 76.5662657802988 83.5595339012134 84.877334088665 0 84.0608757462916 84.8491559212384 80.7501868793672 82.176952723197 86.6580961725535 87.4879904709355 86.6917490863679 87.7778602431168
90.4982904275753 85.13049210439 85.6393484568723 89.2379830643289 86.3951708178881 85.280235595651 87.0764687502886 82.9037165430793 78.6957997331364 84.0608757462916 0 71.1136705287218 85.4373496656962 70.2119042252309 74.9227372224544 88.0232945999633 86.2491757321852 80.9541809486562
90.3534795727897 84.1124715273839 84.0661687936488 89.230258266053 85.6459716053848 83.4827717624266 87.679995898191 81.5370777263936 74.8172353991213 84.8491559212384 71.1136705287218 0 86.7440293629844 75.604595839916 74.484421527208 89.1787314723026 87.650433087972 82.5704743915648
89.8934165864394 88.5475619699661 90.2807401307034 87.9710879147445 88.7912925143016 90.4997336659665 81.5446471310445 87.7494114256519 87.7089015591327 80.7501868793672 85.4373496656962 86.7440293629844 0 83.9296849669784 87.4720831132288 82.3310992930275 81.715198676593 86.9312422033652
89.9132814344254 84.7832850301513 85.9621420732846 88.456898132988 85.9463881358397 85.8541512699659 85.7613452311201 82.5868656935784 79.7428929869615 82.176952723197 70.2119042252309 75.604595839916 83.9296849669784 0 78.8707549940815 87.3486483814549 85.5560708119719 82.1523653118793
91.6355767087045 86.5453933654346 86.0761791811688 90.6330671801448 87.7494114256519 85.3184645883821 88.9922245819579 84.6844022237742 80.237526392877 86.6580961725535 74.9227372224544 74.484421527208 87.4720831132288 78.8707549940815 0 89.0220684557673 87.3352127350916 79.3475349130989
92.9279834894532 91.6593959849114 92.6314045548491 91.6142317652445 91.9532423664337 92.6455141040503 87.8858782559868 90.9418168389799 90.3708563400322 87.4879904709355 88.0232945999633 89.1787314723026 82.3310992930275 87.3486483814549 89.0220684557673 0 74.2066957450215 86.9666505416474
92.6497673640951 90.849611140116 91.7641862325149 91.3193947040061 91.2493343553935 91.7251855928805 87.6327844803114 89.9821014681199 89.1420653552395 86.6917490863679 86.2491757321852 87.650433087972 81.715198676593 85.5560708119719 87.3352127350916 74.2066957450215 0 84.7027153220418
92.890283959074 89.3002428506583 89.3122722994984 91.8501491803079 90.114451860671 88.8482999054051 89.6394674074553 87.9822666720595 85.5440425686756 87.7778602431168 80.9541809486562 82.5704743915648 86.9312422033652 82.1523653118793 79.3475349130989 86.9666505416474 84.7027153220418 0
