0 84.1291872365223 88.1171292529149 78.3666599593055 85.932642453154 85.3461292680899 83.1155436921792 83.0237176292658 87.9212953694971 87.0178873678807 88.6167513594206 88.3741210535554 86.4633233262241 87.9693655491383 89.5839959266364 91.0399703025278 90.5456658670192 92.0323684124072
84.1291872365223 0 83.1365622199274 87.3975598292249 85.2505360143668 84.0065149467783 88.8885661392882 87.9443141818646 89.0173342633289 91.172773232603 90.1990362311678 89.4467356815688 90.2031581390051 89.815288906147 90.9994315893368 93.7927176791654 93.0493310940825 93.4481470801524
88.1171292529149 83.1365622199274 0 89.5244964576347 82.0323684124072 80.8843080316161 89.9799333832978 88.5865931919939 87.042481236594 91.7878486807867 88.7479504643512 87.4658005457673 90.3494979591081 88.5569765516262 89.4954990830677 93.9363394849019 92.7994668693293 92.347946164467
78.3666599593055 87.3975598292249 89.5244964576347 0 86.4136961331341 86.2664210684882 76.3653649600743 78.9021373091748 86.9487100793787 83.0718690352051 87.1809971370733 87.3590696675158 82.9436298012717 86.3821559182156 88.2106092259997 88.7698546518372 88.3362909710914 90.6433171217174
85.932642453154 85.2505360143668 82.0323684124072 86.4136961331341 0 67.8007545217567 86.2613184744878 83.760486836007 80.4372372021832 88.6182352391033 83.6408008670417 81.4702765549837 86.2747000185204 83.1352515379138 85.1097422091168 91.4186168334588 89.8310272854925 89.4745369779097
85.3461292680899 84.0065149467783 80.8843080316161 86.2664210684882 67.8007545217567 0 86.4394995309249 84.1082825279571 82.1900093127201 88.9132410411909 84.8429675000929 83.0612147647429 86.7894758974519 84.3398387118709 86.1684315156628 91.7528471795289 90.3150041728844 90.1288824412368
83.1155436921792 88.8885661392882 89.9799333832978 76.3653649600743 86.2613184744878 86.4394995309249 0 74.4555005891274 85.4342624469282 78.4944597996847 85.1437201970658 85.7927384304143 77.6131943190306 84.1593214403875 86.2766083062783 86.6440941889501 85.823200447028 88.8986615628356
83.0237176292658 87.9443141818646 88.5865931919939 78.9021373091748 83.760486836007 84.1082825279571 74.4555005891274 0 82.8100758107315 81.604732064441 82.9518421166448 83.3836330260342 77.4754622734875 81.6121845670317 84.5775764649058 87.6295255839015 86.1265020198987 88.2580160076653
87.9212953694971 89.0173342633289 87.042481236594 86.9487100793787 80.4372372021832 82.1900093127201 85.4342624469282 82.8100758107315 0 86.86121542219 73.7989102258118 63.2478263495168 83.440211413787 73.6033008406848 77.4947214838478 89.3809579640714 86.8966456337874 85.6891416591578
87.0178873678807 91.172773232603 91.7878486807867 83.0718690352051 88.6182352391033 88.9132410411909 78.4944597996847 81.604732064441 86.86121542219 0 85.8040981094599 86.9688201157248 77.1185824845969 85.1130688617644 86.42415884094 82.420100378145 82.3578348697387 87.7917907521781
88.6167513594206 90.1990362311678 88.7479504643512 87.1809971370733 83.6408008670417 84.8429675000929 85.1437201970658 82.9518421166448 73.7989102258118 85.8040981094599 0 72.0827706588024 81.9401435468265 66.0621707455228 70.237526392877 88.0466267161603 84.8887294494561 83.3550650034345
88.3741210535554 89.4467356815688 87.4658005457673 87.3590696675158 81.4702765549837 83.0612147647429 85.7927384304143 83.3836330260342 63.2478263495168 86.9688201157248 72.0827706588024 0 83.6009463029101 73.051870788883 75.8987805111985 89.2738515537193 86.6633352997047 85.0872204050448
86.4633233262241 90.2031581390051 90.3494979591081 82.9436298012717 86.2747000185204 86.7894758974519 77.6131943190306 77.4754622734875 83.440211413787 77.1185824845969 81.9401435468265 83.6009463029101 0 80.7501868793672 83.1155436921792 84.6028943623908 82.1441384770285 86.1527553555146
87.9693655491383 89.815288906147 88.5569765516262 86.3821559182156 83.1352515379138 84.3398387118709 84.1593214403875 81.6121845670317 73.6033008406848 85.1130688617644 66.0621707455228 73.051870788883 80.7501868793672 0 74.1758581374509 87.8461841608603 84.7904545651168 84.1323142820089
89.5839959266364 90.9994315893368 89.4954990830677 88.2106092259997 85.1097422091168 86.1684315156628 86.2766083062783 84.5775764649058 77.4947214838478 86.42415884094 70.237526392877 75.8987805111985 83.1155436921792 74.1758581374509 0 87.9438809920164 84.5007249717544 81.4063373322637
91.0399703025278 93.7927176791654 93.9363394849019 88.7698546518372 91.4186168334588 91.7528471795289 86.6440941889501 87.6295255839015 89.3809579640714 82.420100378145 88.0466267161603 89.2738515537193 84.6028943623908 87.8461841608603 87.9438809920164 0 78.607465606858 86.7696515306304
90.5456658670192 93.0493310940825 92.7994668693293 88.3362909710914 89.8310272854925 90.3150041728844 85.823200447028 86.1265020198987 86.8966456337874 82.3578348697387 84.8887294494561 86.6633352997047 82.1441384770285 84.7904545651168 84.5007249717544 78.607465606858 0 82.7531929436013
92.0323684124072 93.4481470801524 92.347946164467 90.6433171217174 89.4745369779097 90.1288824412368 88.8986615628356 88.2580160076653 85.6891416591578 87.7917907521781 83.3550650034345 85.0872204050448 86.1527553555146 84.1323142820089 81.4063373322637 86.7696515306304 82.7531929436013 0
