0 77.8673994840703 85.3681348263785 82.764629276264 81.2147937934774 85.7181672964835 82.8884805545587 87.4754622734875 87.3302260026353 85.0129946433235 86.332214935881 89.5839959266364 89.4098004215052 90.4819001179839 91.3645618957168 92.3949903092406 93.1623023295548 92.1664791154221
77.8673994840703 0 81.4990315363439 78.940188044825 71.3176021151403 81.4702765549837 83.9590623832968 84.535049192901 83.7684253716377 84.2169264795973 83.9209422467254 87.0838681956062 88.0466267161603 88.9755176489986 89.5485139103515 91.7273615078284 92.1900093127201 90.5473313346887
85.3681348263785 81.4990315363439 0 84.6150320210808 79.3349739648805 71.4548623602078 88.6819326595009 85.1757958751021 80.0708701724473 88.2240328473296 86.592955180357 85.6745557686413 89.6666483480365 89.8520165238484 89.043308689356 92.9630405592245 92.8022984552937 90.0862396923935
82.764629276264 78.940188044825 84.6150320210808 0 78.5210920458533 83.4876093511407 81.5653952239311 80.5289759679537 83.361291448686 78.8707549940815 77.0125223952169 85.2930160200121 84.3279020717801 85.9195436335469 87.5353659103793 89.4681370721026 90.1364720300647 88.7088962427666
81.2147937934774 71.3176021151403 79.3349739648805 78.5210920458533 0 78.5626155199393 85.0637404376506 83.0129444272911 81.4063373322637 84.5681618832458 83.1600871064417 85.6635841127368 87.6071127450689 88.356823160493 88.6223132959149 91.539917799401 91.798383529999 89.735729955783
85.7181672964835 81.4702765549837 71.4548623602078 83.4876093511407 78.5626155199393 0 88.2981284644215 83.2796429373787 76.1350517739506 87.4889526831515 85.289026176076 83.8325331923513 88.6742502381572 88.7898666110404 87.8221923842211 92.2941863765941 92.045866309268 89.0163191217561
82.8884805545587 83.9590623832968 88.6819326595009 81.5653952239311 85.0637404376506 88.2981284644215 0 86.6265279866851 88.5210920458533 77.2016042685911 83.6256055123803 89.4623385433215 86.2196361444474 88.2390343987537 90.4744074879489 89.4936803024929 91.1280535696592 91.2209091826396
87.4754622734875 84.535049192901 85.1757958751021 80.5289759679537 83.0129444272911 83.2796429373787 86.6265279866851 0 79.9085993106296 83.8358812162758 76.8817337465467 78.444562403568 82.3200425081016 82.240236057727 82.5163934390137 88.5933131285828 88.1552582241713 84.5775764649058
87.3302260026353 83.7684253716377 80.0708701724473 83.361291448686 81.4063373322637 76.1350517739506 88.5210920458533 79.9085993106296 0 87.109667422368 83.8179951891663 79.2202600224785 87.2180198603311 86.9639370490137 85.2287344421139 91.3036344422995 90.7426886600651 86.7923005771085
85.0129946433235 84.2169264795973 88.2240328473296 78.8707549940815 84.5681618832458 87.4889526831515 77.2016042685911 83.8358812162758 87.109667422368 0 78.7966354858417 87.5680821732371 82.4738598864051 85.3783139138199 88.4776355514882 87.5789330539932 89.2684262627964 89.3622477542504
86.332214935881 83.9209422467254 86.592955180357 77.0125223952169 83.1600871064417 85.289026176076 83.6256055123803 76.8817337465467 83.8179951891663 78.7966354858417 0 83.6687149094864 79.6736352563445 82.0777566753872 85.2279248708898 87.3941194834633 87.9762509169206 86.6024053564106
89.5839959266364 87.0838681956062 85.6745557686413 85.2930160200121 85.6635841127368 83.8325331923513 89.4623385433215 78.444562403568 79.2202600224785 87.5680821732371 83.6687149094864 0 85.5016794196997 84.1082825279571 79.3002428506583 89.8989437202673 88.5873403652979 82.111074405493
89.4098004215052 88.0466267161603 89.6666483480365 84.3279020717801 87.6071127450689 88.6742502381572 86.2196361444474 82.3200425081016 87.2180198603311 82.4738598864051 79.6736352563445 85.5016794196997 0 75.4304003347848 84.469985132245 82.9518421166448 84.0956912319113 85.3429764949431
90.4819001179839 88.9755176489986 89.8520165238484 85.9195436335469 88.356823160493 88.7898666110404 88.2390343987537 82.240236057727 86.9639370490137 85.3783139138199 82.0777566753872 84.1082825279571 75.4304003347848 0 81.2876161859881 83.6501254971811 82.111074405493 82.1654959184623
91.3645618957168 89.5485139103515 89.043308689356 87.5353659103793 88.6223132959149 87.8221923842211 90.4744074879489 82.5163934390137 85.2287344421139 88.4776355514882 85.2279248708898 79.3002428506583 84.469985132245 81.2876161859881 0 88.2531775206893 85.6149767954249 71.3769599159453
92.3949903092406 91.7273615078284 92.9630405592245 89.4681370721026 91.539917799401 92.2941863765941 89.4936803024929 88.5933131285828 91.3036344422995 87.5789330539932 87.3941194834633 89.8989437202673 82.9518421166448 83.6501254971811 88.2531775206893 0 80.9281101660991 88.1975526364766
93.1623023295548 92.1900093127201 92.8022984552937 90.1364720300647 91.798383529999 92.045866309268 91.1280535696592 88.1552582241713 90.7426886600651 89.2684262627964 87.9762509169206 88.5873403652979 84.0956912319113 82.111074405493 85.6149767954249 80.9281101660991 0 84.8887294494561
92.1664791154221 90.5473313346887 90.0862396923935 88.7088962427666 89.735729955783 89.0163191217561 91.2209091826396 84.5775764649058 86.7923005771085 89.3622477542504 86.6024053564106 82.111074405493 85.3429764949431 82.1654959184623 71.3769599159453 88.1975526364766 84.8887294494561 0
