0 86.8075221815937 88.4638216139284 82.4309056489519 85.5859964760748 88.43141718532 87.4468981278971 89.4221471101878 90.1718886978531 87.9347740096789 89.2444099168803 90.2814988783078 90.6321341665918 90.2029006343464 93.6595463316178 92.0262806451349 94.0830633243401 94.0486771999755
86.8075221815937 0 79.0758101447101 80.4078597858648 72.5868656935784 76.5364172448041 85.5971656502182 85.13049210439 83.2093361878076 88.1848665224487 85.7159970899826 82.8438513133261 90.6902958548309 86.082168991845 90.0989182898492 91.6982592851353 91.6276078303579 90.9615393061173
88.4638216139284 79.0758101447101 0 85.1536148924089 82.2547098735201 69.6356543330438 88.9549722594917 88.4383813744954 86.436435724929 90.7841074747623 88.9177438356005 85.9298880881852 92.7148047219742 89.0014030527622 91.5156226031002 93.5081091981508 93.087801592918 92.3366171472471
82.4309056489519 80.4078597858648 85.1536148924089 0 76.3340981236618 84.4467866182246 82.7273505510716 84.8252375517326 85.5927014269514 85.3089388419514 84.8190149299059 85.7735013371753 88.9021373091748 86.0981015495578 90.9800961612219 90.3844609056238 91.807113428376 91.5766707252515
85.5859964760748 72.5868656935784 82.2547098735201 76.3340981236618 0 80.7683108277111 83.7262992166468 83.9590623832968 83.1574795141574 86.7234222314666 84.4166372889035 83.1155436921792 89.6916329145312 85.2003092693599 90.0244325396595 90.8840879071923 91.3185980891887 90.8110544783965
88.43141718532 76.5364172448041 69.6356543330438 84.4467866182246 80.7683108277111 0 88.1552582241713 87.4337634765958 85.0805247863448 90.1871639077538 87.9938450062552 84.4892230145064 92.19505820753 88.0398521104086 90.8014176796843 93.0040363731359 92.483618631766 91.6836347149523
87.4468981278971 85.5971656502182 88.9549722594917 82.7273505510716 83.7262992166468 88.1552582241713 0 78.222814231182 83.9209422467254 77.1185824845969 76.1677794707972 84.7182209694953 83.6337942323103 80.3733330693944 88.47226868458 85.9050198774838 88.6917901316925 88.9132410411909
89.4221471101878 85.13049210439 88.4383813744954 84.8252375517326 83.9590623832968 87.4337634765958 78.222814231182 0 78.8426679450515 83.0625479788191 67.2272264362371 80.4299114571472 85.7065803099363 68.9021373091748 85.5198856779186 86.8193244329465 86.6580961725535 86.3697244088856
90.1718886978531 83.2093361878076 86.436435724929 85.5927014269514 83.1574795141574 85.0805247863448 83.9209422467254 78.8426679450515 0 87.0611011057071 80.855597892659 65.0930706154422 88.9484459046777 78.9642297145514 84.877334088665 89.6241949814514 87.6573799486679 86.3902173587608
87.9347740096789 88.1848665224487 90.7841074747623 85.3089388419514 86.7234222314666 90.1871639077538 77.1185824845969 83.0625479788191 87.0611011057071 0 81.604732064441 87.6573799486679 79.5914134259955 83.9677287764326 89.735729955783 83.6150544197642 89.2357314171479 89.8856667625148
89.2444099168803 85.7159970899826 88.9177438356005 84.8190149299059 84.4166372889035 87.9938450062552 76.1677794707972 67.2272264362371 80.855597892659 81.604732064441 0 82.1292907879716 84.6373512727003 72.0827706588024 86.0728479354589 85.9873660604156 86.7211265026863 86.7239959740949
90.2814988783078 82.8438513133261 85.9298880881852 85.7735013371753 83.1155436921792 84.4892230145064 84.7182209694953 80.4299114571472 65.0930706154422 87.6573799486679 82.1292907879716 0 89.4809274664817 80.5622918724125 85.1986793407167 90.124951581274 88.0870539161237 86.737743107132
90.6321341665918 90.6902958548309 92.7148047219742 88.9021373091748 89.6916329145312 92.19505820753 83.6337942323103 85.7065803099363 88.9484459046777 79.5914134259955 84.6373512727003 89.4809274664817 0 85.8246120982086 89.7428929869615 75.604595839916 88.2272808196744 89.5287091114304
90.2029006343464 86.082168991845 89.0014030527622 86.0981015495578 85.2003092693599 88.0398521104086 80.3733330693944 68.9021373091748 78.9642297145514 83.9677287764326 72.0827706588024 80.5622918724125 85.8246120982086 0 84.1984937693655 86.6212442410694 85.4925475891355 85.1280073452
93.6595463316178 90.0989182898492 91.5156226031002 90.9800961612219 90.0244325396595 90.8014176796843 88.47226868458 85.5198856779186 84.877334088665 89.735729955783 86.0728479354589 85.1986793407167 89.7428929869615 84.1984937693655 0 89.3709892175519 80.3509914920462 72.3105428072981
92.0262806451349 91.6982592851353 93.5081091981508 90.3844609056238 90.8840879071923 93.0040363731359 85.9050198774838 86.8193244329465 89.6241949814514 83.6150544197642 85.9873660604156 90.124951581274 75.604595839916 86.6212442410694 89.3709892175519 0 87.1227714840238 88.9080397014111
94.0830633243401 91.6276078303579 93.087801592918 91.807113428376 91.3185980891887 92.483618631766 88.6917901316925 86.6580961725535 87.6573799486679 89.2357314171479 86.7211265026863 88.0870539161237 88.2272808196744 85.4925475891355 80.3509914920462 87.1227714840238 0 76.6545999065771
94.0486771999755 90.9615393061173 92.3366171472471 91.5766707252515 90.8110544783965 91.6836347149523 88.9132410411909 86.3697244088856 86.3902173587608 89.8856667625148 86.7239959740949 86.737743107132 89.5287091114304 85.1280073452 72.3105428072981 88.9080397014111 76.6545999065771 0
