0 84.1239704853616 86.9866778667631 81.7962429180347 86.1944333584534 88.4383813744954 86.440724448383 87.9559940046435 88.751189185417 88.6548006238839 90.9919224819373 91.709195484692 90.00991931245 91.7769297823422 92.1661514078332 90.8611338332671 92.0296637915388 92.9184858962502
84.1239704853616 0 77.8718063285063 85.27783507335 80.8311555702704 82.099442252477 89.1924018487551 86.6235933661133 86.2331465384554 90.0174507434799 90.5397125489943 90.4041735968028 90.9994315893368 91.7017253954809 90.9865508735604 92.1924530592832 91.3769599159453 91.9271782327319
86.9866778667631 77.8718063285063 0 86.2402066734632 76.9693623399366 73.8658978492988 89.5027665980572 85.0637404376506 83.6814491297281 89.7907245134303 89.4193721639877 88.7784424997091 90.6174127017087 90.8222332357115 89.468746993432 91.9945200498906 90.1762955422891 90.5738923206482
81.7962429180347 85.27783507335 86.2402066734632 0 83.5261172881643 87.0859800093211 80.5098229277861 83.0718690352051 85.1338029067756 83.6501254971811 87.378357389014 88.7382197843654 85.8862748223873 88.47226868458 89.3248989832555 87.499043061226 88.9429424097939 90.2875640917264
86.1944333584534 80.8311555702704 76.9693623399366 83.5261172881643 0 77.6689334133668 87.378357389014 80.8776994407101 79.546717201444 87.5581511141702 87.2598037653182 86.8982993539898 88.5944321078012 88.9782497052775 87.7562018760149 90.3049545448456 88.3631212778937 89.0891422958372
88.4383813744954 82.099442252477 73.8658978492988 87.0859800093211 77.6689334133668 0 89.7975147868434 84.3764381673574 82.0977779700964 89.7428929869615 88.6976210562157 87.6014914156434 90.4299114571472 90.2482427887967 88.3666599593055 91.8931116561458 89.3475349130989 89.5899309392704
86.440724448383 89.1924018487551 89.5027665980572 80.5098229277861 87.378357389014 89.7975147868434 0 84.7427343637532 86.999080896344 77.4754622734875 86.2254314605081 88.6419086192796 81.4510002480644 86.6511008236815 89.0496941384894 82.8981823660717 88.015631329007 89.7779640643784
87.9559940046435 86.6235933661133 85.0637404376506 83.0718690352051 80.8776994407101 84.3764381673574 84.7427343637532 0 74.3279020717801 83.3749582867445 81.7387672097631 82.6135550936366 84.4776905142957 84.658633456727 83.8758574672123 87.210845672568 84.0279140776271 85.7634929002411
88.751189185417 86.2331465384554 83.6814491297281 85.1338029067756 79.546717201444 82.0977779700964 86.999080896344 74.3279020717801 0 85.9518742503466 83.2299067168234 82.0323684124072 86.6282878076665 85.9381459480379 83.4827717624266 88.8560319448367 84.6066326409251 85.5673171147236
88.6548006238839 90.0174507434799 89.7907245134303 83.6501254971811 87.5581511141702 89.7428929869615 77.4754622734875 83.3749582867445 85.9518742503466 0 82.7973419676385 86.5214156933801 73.2478263495168 82.9953807752155 86.8982993539898 79.115684439989 85.2408599357581 87.6481149962068
90.9919224819373 90.5397125489943 89.4193721639877 87.378357389014 87.2598037653182 88.6976210562157 86.2254314605081 81.7387672097631 83.2299067168234 82.7973419676385 0 78.1860958317419 81.5597464763509 74.5700464329907 78.5962964327146 84.8615063718665 73.555965823659 80.3134982103822
91.709195484692 90.4041735968028 88.7784424997091 88.7382197843654 86.8982993539898 87.6014914156434 88.6419086192796 82.6135550936366 82.0323684124072 86.5214156933801 78.1860958317419 0 86.0117684991275 81.715198676593 67.2272264362371 88.170498810619 76.2899428940185 76.0621707455228
90.00991931245 90.9994315893368 90.6174127017087 85.8862748223873 88.5944321078012 90.4299114571472 81.4510002480644 84.4776905142957 86.6282878076665 73.2478263495168 81.5597464763509 86.0117684991275 0 80.5906463462703 86.2196361444474 75.9744315024477 83.9968508302003 86.7554356592824
91.7769297823422 91.7017253954809 90.8222332357115 88.47226868458 88.9782497052775 90.2482427887967 86.6511008236815 84.658633456727 85.9381459480379 82.9953807752155 74.5700464329907 81.715198676593 80.5906463462703 0 81.3414426772175 83.3947608622636 75.8005514005498 81.3749943378086
92.1661514078332 90.9865508735604 89.468746993432 89.3248989832555 87.7562018760149 88.3666599593055 89.0496941384894 83.8758574672123 83.4827717624266 86.8982993539898 78.5962964327146 67.2272264362371 86.2196361444474 81.3414426772175 0 88.2305263647626 74.9227372224544 72.1654959184623
90.8611338332671 92.1924530592832 91.9945200498906 87.499043061226 90.3049545448456 91.8931116561458 82.8981823660717 87.210845672568 88.8560319448367 79.115684439989 84.8615063718665 88.170498810619 75.9744315024477 83.3947608622636 88.2305263647626 0 86.3145990266157 88.4530469801072
92.0296637915388 91.3769599159453 90.1762955422891 88.9429424097939 88.3631212778937 89.3475349130989 88.015631329007 84.0279140776271 84.6066326409251 85.2408599357581 73.555965823659 76.2899428940185 83.9968508302003 75.8005514005498 74.9227372224544 86.3145990266157 0 75.4535216572886
92.9184858962502 91.9271782327319 90.5738923206482 90.2875640917264 89.0891422958372 89.5899309392704 89.7779640643784 85.7634929002411 85.5673171147236 87.6481149962068 80.3134982103822 76.0621707455228 86.7554356592824 81.3749943378086 72.1654959184623 88.4530469801072 75.4535216572886 0
