0 81.3096260893556 84.4584013650245 77.8007545217567 82.2482830209687 86.927411721956 85.2287344421139 87.4293764170868 86.8232514000465 90.1469187121577 88.1963265663177 90.7750878561122 89.4193721639877 89.8823411712714 91.5879170280032 91.5194276980288 91.3621963499351 92.174827314882
81.3096260893556 0 79.4098004215052 80.715999260007 75.9744315024477 80.497809241511 84.4815380847081 84.909688805571 80.3509914920462 89.804012184929 86.7050223318121 88.0529683256868 88.9673111529219 87.6979125521461 89.3494159258269 91.1810043553115 90.0327423461876 90.0551796532936
84.4584013650245 79.4098004215052 0 85.7065803099363 83.8325331923513 81.2493343553935 88.3287645450219 88.3279715303536 82.6046768387851 92.0710623467877 89.6922122441951 89.8017533227396 91.4331901614411 90.0692771132551 90.9893449390639 93.1365622199274 92.0215398082145 91.5127665924628
77.8007545217567 80.715999260007 85.7065803099363 0 78.0908247429846 86.1970250009704 80.4201245351034 84.2646907159332 85.6540528718643 87.790444589595 85.1205445264909 89.0864791378086 86.8030176358052 87.6295255839015 89.9333298446319 89.5530024333187 89.358496019957 90.6479682009508
82.2482830209687 75.9744315024477 83.8325331923513 78.0908247429846 0 82.2595237792253 80.5050214404877 81.4238688668901 81.1011246996244 87.8293148865457 83.785387812752 86.7004101505009 86.7651075126181 85.5762932353541 88.010941553554 89.5244964576347 88.280925491606 88.8728542182353
86.927411721956 80.497809241511 81.2493343553935 86.1970250009704 82.2595237792253 0 86.9399849236182 85.4535216572886 69.0724707021626 90.6801563207739 87.5119820512232 85.9846461950885 89.9573754039865 87.0711757029314 87.815504412848 91.7887424563489 89.8402750501759 88.4944597996847
85.2287344421139 84.4815380847081 88.3287645450219 80.4201245351034 80.5050214404877 86.9399849236182 0 78.3073021585004 85.9744315024477 83.2222041818708 77.9330371790942 86.7325930303217 81.3769599159453 83.6710330012516 87.4000155515516 86.0070343066891 85.6518503809952 88.3311427205777
87.4293764170868 84.909688805571 88.3279715303536 84.2646907159332 81.4238688668901 85.4535216572886 78.3073021585004 0 84.0608757462916 83.8414555269102 74.0608757462916 82.5942958832762 82.2337877346136 77.7647878994723 83.7593515739906 86.0728479354589 83.0331223084966 85.1544384336684
86.8232514000465 80.3509914920462 82.6046768387851 85.6540528718643 81.1011246996244 69.0724707021626 85.9744315024477 84.0608757462916 0 89.9573754039865 86.4394995309249 84.8570995274305 89.1754702685607 85.9140164997191 86.8900244486873 91.1419742754125 89.0105621664958 87.679995898191
90.1469187121577 89.804012184929 92.0710623467877 87.790444589595 87.8293148865457 90.6801563207739 83.2222041818708 83.8414555269102 89.9573754039865 0 80.4372372021832 87.761626602215 69.0724707021626 84.0735682389664 87.3227351513231 74.8349979793794 81.6951556819209 88.0105149591016
88.1963265663177 86.7050223318121 89.6922122441951 85.1205445264909 83.785387812752 87.5119820512232 77.9330371790942 74.0608757462916 86.4394995309249 80.4372372021832 0 84.1706971804335 77.9762509169206 78.3784347830183 84.469985132245 83.6127062473257 81.1011246996244 85.6854997764966
90.7750878561122 88.0529683256868 89.8017533227396 89.0864791378086 86.7004101505009 85.9846461950885 86.7325930303217 82.5942958832762 84.8570995274305 87.761626602215 84.1706971804335 0 87.1327041939281 78.5663707686117 73.4960621867671 88.5779914470215 83.6162280300453 76.560312462274
89.4193721639877 88.9673111529219 91.4331901614411 86.8030176358052 86.7651075126181 89.9573754039865 81.3769599159453 82.2337877346136 89.1754702685607 69.0724707021626 77.9762509169206 87.1327041939281 0 83.0838239298534 86.8545399581078 78.3311427205777 81.5879170280032 87.650433087972
89.8823411712714 87.6979125521461 90.0692771132551 87.6295255839015 85.5762932353541 87.0711757029314 83.6710330012516 77.7647878994723 85.9140164997191 84.0735682389664 78.3784347830183 78.5663707686117 83.0838239298534 0 78.5210920458533 85.4658028809384 78.6148957965558 80.8110544783965
91.5879170280032 89.3494159258269 90.9893449390639 89.9333298446319 88.010941553554 87.815504412848 87.4000155515516 83.7593515739906 86.8900244486873 87.3227351513231 84.469985132245 73.4960621867671 86.8545399581078 78.5210920458533 0 87.8616638929845 81.8512064152267 68.6148957965558
91.5194276980288 91.1810043553115 93.1365622199274 89.5530024333187 89.5244964576347 91.7887424563489 86.0070343066891 86.0728479354589 91.1419742754125 74.8349979793794 83.6127062473257 88.5779914470215 78.3311427205777 85.4658028809384 87.8616638929845 0 81.9193804244781 88.3603669753114
91.3621963499351 90.0327423461876 92.0215398082145 89.358496019957 88.280925491606 89.8402750501759 85.6518503809952 83.0331223084966 89.0105621664958 81.6951556819209 81.1011246996244 83.6162280300453 81.5879170280032 78.6148957965558 81.8512064152267 81.9193804244781 0 82.7417264159659
92.174827314882 90.0551796532936 91.5127665924628 90.6479682009508 88.8728542182353 88.4944597996847 88.3311427205777 85.1544384336684 87.679995898191 88.0105149591016 85.6854997764966 76.560312462274 87.650433087972 80.8110544783965 68.6148957965558 88.3603669753114 82.7417264159659 0
