0 85.015546065008 88.5884608842856 78.6848557252811 85.2003092693599 88.5142593369233 82.9641315458079 88.0639385603448 87.8744482903554 86.4210841896122 87.4995229711462 89.5556933220744 87.3031982537424 89.8073982768313 90.0867687069284 91.2683159643051 92.5289219714143 92.7056971333427
85.015546065008 0 79.4833594670039 81.4529317334505 63.2478263495168 82.3105428072981 87.8475131591322 84.9383437488801 83.1574795141574 89.8620554401899 85.5266933956535 86.1350517739506 90.4823830698686 90.6877631897884 88.0529683256868 92.6917820722886 92.3296792823567 92.0616729172225
88.5884608842856 79.4833594670039 0 86.5364172448041 79.7314264593261 83.4291995742851 90.6005268381762 87.0440803571346 85.3248034982015 92.0588185334069 87.9178102094593 87.2946545882058 92.5337426120358 92.3550118221963 89.3170116089997 94.1370006326071 93.3729730539489 92.9645405951295
78.6848557252811 81.4529317334505 86.5364172448041 0 81.3036344422995 85.2125142745422 82.3921913186054 84.5502177560408 84.1706971804335 86.0198722703839 83.9154690956304 86.6563483913967 86.9882976634447 88.375297950221 87.5581511141702 90.5634770122259 91.1601906578911 91.1990580987307
85.2003092693599 63.2478263495168 79.7314264593261 81.3036344422995 0 81.3295387552311 87.6758507678725 84.2107909313872 82.2337877346136 89.6829336831675 84.8913549073611 85.4887369853822 90.3094797554861 90.3992538060541 87.5453491495408 92.4887940599431 92.0433386470651 91.7532076048429
88.5142593369233 82.3105428072981 83.4291995742851 85.2125142745422 81.3295387552311 0 88.5644935501606 78.6738840693766 73.323798167022 89.8964573804919 81.4548623602078 78.4018890874713 90.4103155081914 89.1548681800329 83.201597050353 91.7441879861927 90.1218043296218 89.4516367342193
82.9641315458079 87.8475131591322 90.6005268381762 82.3921913186054 87.6758507678725 88.5644935501606 0 86.4924666414174 87.213409243163 77.0125223952169 85.0872204050448 88.3061066880651 79.4954990830677 85.0325173442018 87.9577216803775 87.0589771566153 89.6333061606054 90.1718886978531
88.0639385603448 84.9383437488801 87.0440803571346 84.5502177560408 84.2107909313872 78.6738840693766 86.4924666414174 0 72.2787262194362 87.6836771400466 71.1136705287218 73.9968508302003 88.2543876478932 86.0788423391974 77.7285209261352 89.5836989629918 87.6703177659745 87.0414148290211
87.8744482903554 83.1574795141574 85.3248034982015 84.1706971804335 82.2337877346136 73.323798167022 87.213409243163 72.2787262194362 0 88.6052340688356 77.1342704420015 75.5673171147236 89.1754702685607 87.6369708998902 80.8776994407101 90.6374962592738 88.9959663008508 88.375297950221
86.4210841896122 89.8620554401899 92.0588185334069 86.0198722703839 89.6829336831675 89.8964573804919 77.0125223952169 87.6836771400466 88.6052340688356 0 86.3152293981705 89.1551959618225 67.4754622734875 82.8592443995261 88.3311427205777 84.1260579378503 88.5944321078012 89.4809274664817
87.4995229711462 85.5266933956535 87.9178102094593 83.9154690956304 84.8913549073611 81.4548623602078 85.0872204050448 71.1136705287218 77.1342704420015 86.3152293981705 0 78.1860958317419 86.9639370490137 84.5803968642813 78.3073021585004 88.5776170713634 87.0269926387653 86.6394168112023
89.5556933220744 86.1350517739506 87.2946545882058 86.6563483913967 85.4887369853822 78.4018890874713 88.3061066880651 73.9968508302003 75.5673171147236 89.1551959618225 78.1860958317419 0 89.5943768821453 87.1410509973508 76.0621707455228 90.3255313138615 87.6406887769019 86.6230062039656
87.3031982537424 90.4823830698686 92.5337426120358 86.9882976634447 90.3094797554861 90.4103155081914 79.4954990830677 88.2543876478932 89.1754702685607 67.4754622734875 86.9639370490137 89.5943768821453 0 82.6179874241649 88.6848557252811 83.091775616211 88.4395409877334 89.4387596557842
89.8073982768313 90.6877631897884 92.3550118221963 88.375297950221 90.3992538060541 89.1548681800329 85.0325173442018 86.0788423391974 87.6369708998902 82.8592443995261 84.5803968642813 87.1410509973508 82.6179874241649 0 84.9340142252247 80.0735239732136 82.2787262194362 84.1706971804335
90.0867687069284 88.0529683256868 89.3170116089997 87.5581511141702 87.5453491495408 83.201597050353 87.9577216803775 77.7285209261352 80.8776994407101 88.3311427205777 78.3073021585004 76.0621707455228 88.6848557252811 84.9340142252247 0 88.8030383870541 84.9822600913282 83.6687149094864
91.2683159643051 92.6917820722886 94.1370006326071 90.5634770122259 92.4887940599431 91.7441879861927 87.0589771566153 89.5836989629918 90.6374962592738 84.1260579378503 88.5776170713634 90.3255313138615 83.091775616211 80.0735239732136 88.8030383870541 0 84.8429675000929 86.9027061984258
92.5289219714143 92.3296792823567 93.3729730539489 91.1601906578911 92.0433386470651 90.1218043296218 89.6333061606054 87.6703177659745 88.9959663008508 88.5944321078012 87.0269926387653 87.6406887769019 88.4395409877334 82.2787262194362 84.9822600913282 84.8429675000929 0 74.0075874112409
92.7056971333427 92.0616729172225 92.9645405951295 91.1990580987307 91.7532076048429 89.4516367342193 90.1718886978531 87.0414148290211 88.375297950221 89.4809274664817 86.6394168112023 86.6230062039656 89.4387596557842 84.1706971804335 83.6687149094864 86.9027061984258 74.0075874112409 0
