0 84.4651623168477 86.1560258917179 65.7863355292019 77.3382020284199 87.5181982133246 84.1009420423914 84.5093314929837 88.5884608842856 88.0428173008416 86.8030176358052 90.178108826365 87.5803463896305 88.8282026213424 90.9686693382667 91.5474822599575 91.9616667587798 92.9579911782197
84.4651623168477 0 76.1677794707972 85.1205445264909 79.9850808185757 77.2628453983262 87.3985422847928 77.2272264362371 81.1820321496173 88.0377328770581 83.4144735534427 86.6094795181252 88.607465606858 88.3061066880651 88.7048987199532 90.9893449390639 90.4773093945009 90.8981534257072
86.1560258917179 76.1677794707972 0 86.83445177974 83.440211413787 74.7904545651168 89.4005173154006 82.6751998198568 82.9913175176426 90.0029141266583 86.3995004648654 88.2933344856596 90.4649628778786 90.1925879080543 90.2244779759935 92.3692651206643 91.7978484759149 91.9561669664342
65.7863355292019 85.1205445264909 86.83445177974 0 78.3666599593055 88.0232945999633 83.2644000618806 84.8145647350099 88.8728542182353 87.7143856530771 86.801327225864 90.2211456292078 87.1222480800076 88.5663707686117 90.9119548206408 91.3358915737989 91.8497967114672 92.9233061117054
77.3382020284199 79.9850808185757 83.440211413787 78.3666599593055 0 84.7427343637532 83.8681130724119 79.5943768821453 85.8182560513189 86.6813329578914 83.8045321616377 88.1054580245707 86.6882798185873 87.396085729029 89.3170116089997 90.5406656284559 90.672998316687 91.6268657954462
87.5181982133246 77.2628453983262 74.7904545651168 88.0232945999633 84.7427343637532 0 89.6029594873953 82.0171329637785 79.3255293548103 89.6076874675251 85.4211172286802 86.7514468623435 90.276438055246 89.6648998632169 89.1420653552395 91.8015924709415 90.9580781026514 90.9193850103386
84.1009420423914 87.3985422847928 89.4005173154006 83.2644000618806 83.8681130724119 89.6029594873953 0 85.0930706154422 88.9522255158984 81.3769599159453 84.3724963065749 88.4349006758478 78.7608908822587 83.3350801775148 88.3204306601417 87.5124605335482 88.9590891203599 90.8814455434831
84.5093314929837 77.2272264362371 82.6751998198568 84.8145647350099 79.5943768821453 82.0171329637785 85.0930706154422 0 80.6861507245123 85.1280073452 77.7783103125321 84.1913043119513 86.0608342491838 85.4619687279401 86.436435724929 89.0149652304446 88.5449222257149 89.3784679218221
88.5884608842856 81.1820321496173 82.9913175176426 88.8728542182353 85.8182560513189 79.3255293548103 88.9522255158984 80.6861507245123 0 87.8226378829976 82.1654959184623 82.0827706588024 88.9370872947531 87.6169325975649 85.9621420732846 89.8964573804919 88.5119793763395 88.2737039650698
88.0428173008416 88.0377328770581 90.0029141266583 87.7143856530771 86.6813329578914 89.6076874675251 81.3769599159453 85.1280073452 87.8226378829976 0 81.4913821379436 85.1005807534212 73.2478263495168 69.546717201444 83.7365837901601 81.989915045822 84.2928982971025 87.5353659103793
86.8030176358052 83.4144735534427 86.3995004648654 86.801327225864 83.8045321616377 85.4211172286802 84.3724963065749 77.7783103125321 82.1654959184623 81.4913821379436 0 80.6047544631244 83.6162280300453 81.4121890441111 82.764629276264 86.3000751699915 85.6238550502764 87.1059911885511
90.178108826365 86.6094795181252 88.2933344856596 90.2211456292078 88.1054580245707 86.7514468623435 88.4349006758478 84.1913043119513 82.0827706588024 85.1005807534212 80.6047544631244 0 87.0184235008138 84.1009420423914 77.3382020284199 86.0728479354589 83.0196808096236 82.7273505510716
87.5803463896305 88.607465606858 90.4649628778786 87.1222480800076 86.6882798185873 90.276438055246 78.7608908822587 86.0608342491838 88.9370872947531 73.2478263495168 83.6162280300453 87.0184235008138 0 77.3431796161499 85.9955154510521 83.6256055123803 86.2099600658387 89.0081894356089
88.8282026213424 88.3061066880651 90.1925879080543 88.5663707686117 87.396085729029 89.6648998632169 83.3350801775148 85.4619687279401 87.6169325975649 69.546717201444 81.4121890441111 84.1009420423914 77.3431796161499 0 82.0323684124072 80.2119042252309 82.5390090680702 86.3902173587608
90.9686693382667 88.7048987199532 90.2244779759935 90.9119548206408 89.3170116089997 89.1420653552395 88.3204306601417 86.436435724929 85.9621420732846 83.7365837901601 82.764629276264 77.3382020284199 85.9955154510521 82.0323684124072 0 82.5570171580838 76.6604254538209 79.2684262627964
91.5474822599575 90.9893449390639 92.3692651206643 91.3358915737989 90.5406656284559 91.8015924709415 87.5124605335482 89.0149652304446 89.8964573804919 81.989915045822 86.3000751699915 86.0728479354589 83.6256055123803 80.2119042252309 82.5570171580838 0 78.8461887760664 84.8349979793794
91.9616667587798 90.4773093945009 91.7978484759149 91.8497967114672 90.672998316687 90.9580781026514 88.9590891203599 88.5449222257149 88.5119793763395 84.2928982971025 85.6238550502764 83.0196808096236 86.2099600658387 82.5390090680702 76.6604254538209 78.8461887760664 0 78.8461887760664
92.9579911782197 90.8981534257072 91.9561669664342 92.9233061117054 91.6268657954462 90.9193850103386 90.8814455434831 89.3784679218221 88.2737039650698 87.5353659103793 87.1059911885511 82.7273505510716 89.0081894356089 86.3902173587608 79.2684262627964 84.8349979793794 78.8461887760664 0
