0 81.9693890769997 86.4044433532283 84.8913549073611 87.2668975981248 86.9639370490137 86.6353199692122 87.4546629212388 89.7949696782977 90.6040501446939 87.9108314877502 91.0276354037063 89.4488805726932 90.9865508735604 91.3036344422995 92.3973214242269 94.1189565019465 92.5762929344212
81.9693890769997 0 78.922933573106 81.4913821379436 80.857813115772 80.5170152200493 85.604595839916 81.2004909747474 85.2698237358651 88.7168802665761 83.0838239298534 87.4098245784636 87.2537141011014 88.3631212778937 87.8439682595831 90.9589436621598 92.2294296977097 89.8178221382336
86.4044433532283 78.922933573106 0 84.7680103558923 78.444562403568 66.5662657802988 87.9165025530579 78.4638216139284 80.943337135734 89.2970716604341 82.7760355725621 85.1238629181091 88.103370572082 88.1320891771404 85.7152734467552 91.3128182576868 91.6741022671343 88.4228902048013
84.8913549073611 81.4913821379436 84.7680103558923 0 81.7532076048429 85.7749292329038 77.5944545064845 82.111074405493 86.5214156933801 84.3724963065749 80.0415708322431 86.9747808619358 81.7658036831707 85.1757958751021 87.2991797988463 87.7850557627399 90.5289759679537 88.7295519498327
87.2668975981248 80.857813115772 78.444562403568 81.7532076048429 0 80.0228223518567 85.6393484568723 54.9227372224544 79.1551959618225 86.4486780017291 74.7904545651168 81.9504880014648 84.8570995274305 84.7036289530158 82.7273505510716 89.0928014736424 89.7314264593261 86.0009398949349
86.9639370490137 80.5170152200493 66.5662657802988 85.7749292329038 80.0228223518567 0 88.6286082249212 79.966086340479 80.9281101660991 89.8242892483495 83.8090244763067 85.3461292680899 88.7309977908178 88.6223132959149 85.9195436335469 91.7121071595174 91.8971231313347 88.6108107654274
86.6353199692122 85.604595839916 87.9165025530579 77.5944545064845 85.6393484568723 88.6286082249212 0 85.8457319881969 88.8398492236681 82.8522543049557 83.8213544350363 88.6976210562157 80.3733330693944 85.5107920892135 88.8885661392882 86.3902173587608 90.5263474282708 89.6683961291933
87.4546629212388 81.2004909747474 78.4638216139284 82.111074405493 54.9227372224544 79.966086340479 85.8457319881969 0 78.6148957965558 86.5111849588043 75.0257367888525 81.604732064441 84.9659509602808 84.6733771834068 82.41855457111 89.1183297544116 89.6628590741529 85.823200447028
89.7949696782977 85.2698237358651 80.943337135734 86.5214156933801 79.1551959618225 80.9281101660991 88.8398492236681 78.6148957965558 0 88.3823526405858 81.8246980227395 77.9199887622108 87.4947214838478 85.9873660604156 79.1420653552395 90.251809052559 89.4144345441064 84.2413823573747
90.6040501446939 88.7168802665761 89.2970716604341 84.3724963065749 86.4486780017291 89.8242892483495 82.8522543049557 86.5111849588043 88.3823526405858 0 83.8213544350363 86.8030176358052 72.6751998198568 78.3192387985912 86.7894758974519 78.1117143687293 86.1448960051827 86.5063621434069
87.9108314877502 83.0838239298534 82.7760355725621 80.0415708322431 74.7904545651168 83.8090244763067 83.8213544350363 75.0257367888525 81.8246980227395 83.8213544350363 0 81.780154608477 81.6658361118692 81.7079210128555 82.3687959765968 87.2425274907694 88.5039900752209 85.0325173442018
91.0276354037063 87.4098245784636 85.1238629181091 86.9747808619358 81.9504880014648 85.3461292680899 88.6976210562157 81.604732064441 77.9199887622108 86.8030176358052 81.780154608477 0 86.2254314605081 83.091775616211 62.0827706588024 88.5944321078012 86.7548660553969 78.5663707686117
89.4488805726932 87.2537141011014 88.103370572082 81.7658036831707 84.8570995274305 88.7309977908178 80.3733330693944 84.9659509602808 87.4947214838478 72.6751998198568 81.6658361118692 86.2254314605081 0 78.940188044825 86.3145990266157 81.8211513138294 87.2946545882058 86.6265279866851
90.9865508735604 88.3631212778937 88.1320891771404 85.1757958751021 84.7036289530158 88.6223132959149 85.5107920892135 84.6733771834068 85.9873660604156 78.3192387985912 81.7079210128555 83.091775616211 78.940188044825 0 82.9436298012717 82.0911144554496 83.785387812752 82.2482830209687
91.3036344422995 87.8439682595831 85.7152734467552 87.2991797988463 82.7273505510716 85.9195436335469 88.8885661392882 82.41855457111 79.1420653552395 86.7894758974519 82.3687959765968 62.0827706588024 86.3145990266157 82.9436298012717 0 88.4749529470585 86.3152293981705 77.2016042685911
92.3973214242269 90.9589436621598 91.3128182576868 87.7850557627399 89.0928014736424 91.7121071595174 86.3902173587608 89.1183297544116 90.251809052559 78.1117143687293 87.2425274907694 88.5944321078012 81.8211513138294 82.0911144554496 88.4749529470585 0 84.8676684512895 87.4802850888848
94.1189565019465 92.2294296977097 91.6741022671343 90.5289759679537 89.7314264593261 91.8971231313347 90.5263474282708 89.6628590741529 89.4144345441064 86.1448960051827 88.5039900752209 86.7548660553969 87.2946545882058 83.785387812752 86.3152293981705 84.8676684512895 0 82.9092436769071
92.5762929344212 89.8178221382336 88.4228902048013 88.7295519498327 86.0009398949349 88.6108107654274 89.6683961291933 85.823200447028 84.2413823573747 86.5063621434069 85.0325173442018 78.5663707686117 86.6265279866851 82.2482830209687 77.2016042685911 87.4802850888848 82.9092436769071 0
