0 82.0911144554496 87.7344349565518 75.3287606235951 87.3406915354064 88.4810821813038 85.2970022018606 86.1996150978529 90.01879426857 86.137022406134 89.6312504677156 89.7428929869615 87.1659955856493 90.2313908446669 92.3049917038795 88.8871718235787 90.4452812748125 91.9671595951395
82.0911144554496 0 81.3887347396581 80.2272956583012 81.4548623602078 83.2910400873432 85.0603757697937 79.5706124189138 86.7956877693918 86.4967004156867 88.4944597996847 86.4486780017291 86.8861574238521 89.9734226271495 90.8701975273553 89.0891422958372 89.8715153788298 90.251809052559
87.7344349565518 81.3887347396581 0 86.7548660553969 79.4497994875647 78.9847314590875 88.1848665224487 80.3134982103822 85.4703994008443 89.2607554721904 89.580133814493 85.280235595651 89.1969490952604 91.3066312991077 90.8115021815894 90.9368178278012 90.9972874546011 89.9937364164961
75.3287606235951 80.2272956583012 86.7548660553969 0 85.4719304936925 86.9345227862877 82.176952723197 83.9731365032165 88.4065647866336 83.5725918290523 87.8007545217567 88.0668873565911 84.7904545651168 88.6742502381572 90.9783732831594 87.1561388112382 88.8651520972308 90.5887617965254
87.3406915354064 81.4548623602078 79.4497994875647 85.4719304936925 0 70.943337135734 85.13049210439 69.5166621000467 80.5098229277861 86.5650757693805 86.3653649600743 79.9333298446319 86.2170579640101 88.8324413640806 88.2106092259997 88.5066548089446 88.3658738348 87.1561388112382
88.4810821813038 83.2910400873432 78.9847314590875 86.9345227862877 70.943337135734 0 86.5453933654346 76.2581263061566 79.8920337031866 87.7494114256519 87.0933632809799 79.5556933220744 87.3501386685107 89.4854863508561 88.2753097867997 89.3305690360477 88.9724420299244 87.1394871931621
85.2970022018606 85.0603757697937 88.1848665224487 82.176952723197 85.13049210439 86.5453933654346 0 83.9242228296478 86.0117684991275 70.6047544631244 81.7224641652286 85.5762932353541 73.1574795141574 83.1574795141574 87.5827009274052 80.5170152200493 83.4682265805839 87.2825642572728
86.1996150978529 79.5706124189138 80.3134982103822 83.9731365032165 69.5166621000467 76.2581263061566 83.9242228296478 0 81.8388559645986 85.5927014269514 86.0393941818496 81.2310824007349 85.3649979935812 88.4426317768107 88.4205617560891 87.9208598774116 88.0529683256868 87.4802850888848
90.01879426857 86.7956877693918 85.4703994008443 88.4065647866336 80.5098229277861 79.8920337031866 86.0117684991275 81.8388559645986 0 86.9639370490137 84.0268466216013 60.237526392877 86.0340175859056 87.4196115005074 84.2169264795973 87.8355375083724 86.5075683494469 82.2531040517902
86.137022406134 86.4967004156867 89.2607554721904 83.5725918290523 86.5650757693805 87.7494114256519 70.6047544631244 85.5927014269514 86.9639370490137 0 81.5047597563245 86.592955180357 70.237526392877 81.7441879861927 87.6131943190306 77.7647878994723 82.5057990397075 87.4947214838478
89.6312504677156 88.4944597996847 89.580133814493 87.8007545217567 86.3653649600743 87.0933632809799 81.7224641652286 86.0393941818496 84.0268466216013 81.5047597563245 0 83.7136960174551 78.7320818557614 77.6131943190306 81.6951556819209 79.8251320749173 74.7635075614827 81.7423818124012
89.7428929869615 86.4486780017291 85.280235595651 88.0668873565911 79.9333298446319 79.5556933220744 85.5762932353541 81.2310824007349 60.237526392877 86.592955180357 83.7136960174551 0 85.6452361985895 87.205713987203 84.3249127784517 87.5676097802613 86.3019723428585 82.4432217006488
87.1659955856493 86.8861574238521 89.1969490952604 84.7904545651168 86.2170579640101 87.3501386685107 73.1574795141574 85.3649979935812 86.0340175859056 70.237526392877 78.7320818557614 85.6452361985895 0 79.8559233047754 86.3516352768448 76.2325041385106 80.4078597858648 86.2389238659457
90.2313908446669 89.9734226271495 91.3066312991077 88.6742502381572 88.8324413640806 89.4854863508561 83.1574795141574 88.4426317768107 87.4196115005074 81.7441879861927 77.6131943190306 87.205713987203 79.8559233047754 0 84.3328796595101 74.7544879428325 69.546717201444 85.0435132177645
92.3049917038795 90.8701975273553 90.8115021815894 90.9783732831594 88.2106092259997 88.2753097867997 87.5827009274052 88.4205617560891 84.2169264795973 87.6131943190306 81.6951556819209 84.3249127784517 86.3516352768448 84.3328796595101 0 86.4136961331341 82.6046768387851 70.8110544783965
88.8871718235787 89.0891422958372 90.9368178278012 87.1561388112382 88.5066548089446 89.3305690360477 80.5170152200493 87.9208598774116 87.8355375083724 77.7647878994723 79.8251320749173 87.5676097802613 76.2325041385106 74.7544879428325 86.4136961331341 0 77.8452979360192 86.737743107132
90.4452812748125 89.8715153788298 90.9972874546011 88.8651520972308 88.3658738348 88.9724420299244 83.4682265805839 88.0529683256868 86.5075683494469 82.5057990397075 74.7635075614827 86.3019723428585 80.4078597858648 69.546717201444 82.6046768387851 77.8452979360192 0 83.4499763303665
91.9671595951395 90.251809052559 89.9937364164961 90.5887617965254 87.1561388112382 87.1394871931621 87.2825642572728 87.4802850888848 82.2531040517902 87.4947214838478 81.7423818124012 82.4432217006488 86.2389238659457 85.0435132177645 70.8110544783965 86.737743107132 83.4499763303665 0
