0 88.1963265663177 89.9921148053681 85.1039144283644 86.5063621434069 89.8073982768313 86.1527553555146 89.4586723216596 91.3384697542362 89.3434565884847 89.7870420109987 91.3265576695501 91.53442531487 92.5212279985545 93.2171901984556 91.3926525972256 92.7200004958645 93.997388290113
88.1963265663177 0 76.0016174742824 84.3059326558759 74.2169264795973 76.8092101824516 83.2631274040491 78.8461887760664 84.2979161426279 87.4570865748645 83.6150544197642 86.108690874692 90.5435236125365 89.9022566272888 89.2639532816413 90.4869684361672 90.3345343122189 90.7501868793672
89.9921148053681 76.0016174742824 0 87.0141325830197 80.3930962198545 77.4995229711462 86.1553719814826 80.9541809486562 84.4892230145064 88.9714163393503 85.1929697683414 86.8030176358052 91.5218992231529 90.5622918724125 89.4550030024363 91.4929130958581 90.9790194425306 90.92527641276
85.1039144283644 84.3059326558759 87.0141325830197 0 83.7274431504922 85.0274329204183 69.0724707021626 83.5008850021645 86.1782004591663 81.676854159603 82.6135550936366 85.6445006672441 86.8277350187893 87.8119332790717 88.9021373091748 86.6376614949834 88.2000037388758 90.1320245695439
86.5063621434069 74.2169264795973 80.3930962198545 83.7274431504922 0 81.4913821379436 83.1194924223973 82.1900093127201 86.3846379556137 87.9003423334457 85.2287344421139 87.5694990439426 90.9198216846961 90.6695305263302 90.3903841136601 90.8422827729217 91.0473968619858 91.6850993900875
89.8073982768313 76.8092101824516 77.4995229711462 85.0274329204183 81.4913821379436 0 83.6663955797549 71.7711908388985 79.8251320749173 86.5172059563291 80.6560956231151 83.2093361878076 89.6605255689216 88.3819610138378 87.1269564468328 89.6359477653481 88.9132410411909 89.0031006429096
86.1527553555146 83.2631274040491 86.1553719814826 69.0724707021626 83.1194924223973 83.6663955797549 0 81.7387672097631 84.8825972015924 81.0165466649615 80.6560956231151 84.3931512750066 86.6376614949834 87.213409243163 88.1308444831307 86.4730595103641 87.669856364134 89.5244964576347
89.4586723216596 78.8461887760664 80.9541809486562 83.5008850021645 82.1900093127201 71.7711908388985 81.7387672097631 0 78.103370572082 84.7635075614827 76.9312422033652 81.1881938127257 88.4887315797041 87.1784143568491 86.1651703119209 88.4565131713408 87.7783103125321 88.2106092259997
91.3384697542362 84.2979161426279 84.4892230145064 86.1782004591663 86.3846379556137 79.8251320749173 84.8825972015924 78.103370572082 0 84.877334088665 77.2272264362371 75.5673171147236 87.7580108710713 85.0637404376506 82.2531040517902 87.7994111351958 85.8358888194266 85.3176715737137
89.3434565884847 87.4570865748645 88.9714163393503 81.676854159603 87.9003423334457 86.5172059563291 81.0165466649615 84.7635075614827 84.877334088665 0 80.8600272095335 82.2531040517902 80.2908458823698 82.3247845775289 85.5523155632995 80.0093808529838 82.8884805545587 86.8316543916761
89.7870420109987 83.6150544197642 85.1929697683414 82.6135550936366 85.2287344421139 80.6560956231151 80.6560956231151 76.9312422033652 77.2272264362371 80.8600272095335 0 75.7863355292019 85.8716391925209 84.1416819317454 83.8056556760196 85.8464342187456 84.9607879581046 86.2389238659457
91.3265576695501 86.108690874692 86.8030176358052 85.6445006672441 87.5694990439426 83.2093361878076 84.3931512750066 81.1881938127257 75.5673171147236 82.2531040517902 75.7863355292019 0 85.3908093579918 81.6121845670317 79.4313841462521 85.4681017490039 82.7417264159659 83.237595614941
91.53442531487 90.5435236125365 91.5218992231529 86.8277350187893 90.9198216846961 89.6605255689216 86.6376614949834 88.4887315797041 87.7580108710713 80.2908458823698 85.8716391925209 85.3908093579918 0 80.2119042252309 85.9105584656013 56.9639370490137 79.7657356159223 86.0601658467479
92.5212279985545 89.9022566272888 90.5622918724125 87.8119332790717 90.6695305263302 88.3819610138378 87.213409243163 87.1784143568491 85.0637404376506 82.3247845775289 84.1416819317454 81.6121845670317 80.2119042252309 0 79.7657356159223 80.6607330446118 64.4651623168477 80.0093808529838
93.2171901984556 89.2639532816413 89.4550030024363 88.9021373091748 90.3903841136601 87.1269564468328 88.1308444831307 86.1651703119209 82.2531040517902 85.5523155632995 83.8056556760196 79.4313841462521 85.9105584656013 79.7657356159223 0 86.1133155976868 80.7342661421173 74.7814907955383
91.3926525972256 90.4869684361672 91.4929130958581 86.6376614949834 90.8422827729217 89.6359477653481 86.4730595103641 88.4565131713408 87.7994111351958 80.0093808529838 85.8464342187456 85.4681017490039 56.9639370490137 80.6607330446118 86.1133155976868 0 80.2908458823698 86.3120766250236
92.7200004958645 90.3345343122189 90.9790194425306 88.2000037388758 91.0473968619858 88.9132410411909 87.669856364134 87.7783103125321 85.8358888194266 82.8884805545587 84.9607879581046 82.7417264159659 79.7657356159223 64.4651623168477 80.7342661421173 80.2908458823698 0 80.3134982103822
93.997388290113 90.7501868793672 90.92527641276 90.1320245695439 91.6850993900875 89.0031006429096 89.5244964576347 88.2106092259997 85.3176715737137 86.8316543916761 86.2389238659457 83.237595614941 86.0601658467479 80.0093808529838 74.7814907955383 86.3120766250236 80.3134982103822 0
