0 84.8615063718665 87.6758507678725 76.7239959740949 86.2440528241078 89.3443980803016 84.5150597129644 87.6145965505939 90.2319024715531 88.9243164563589 86.6545999065771 90.7372272668562 91.6121845670317 91.9609796655032 90.9865508735604 92.513671632346 93.3951312995343 93.0176609918278
84.8615063718665 0 78.2390343987537 83.6952985535903 80.0708701724473 83.6779798619475 85.5927014269514 84.1830731892428 85.8987805111985 88.1639148490487 84.9192614761152 86.6235933661133 91.1881938127257 89.725394391079 87.8673994840703 91.8483865499745 92.2378190584147 90.9919224819373
87.6758507678725 78.2390343987537 0 87.3001847612063 84.3724963065749 85.0805247863448 88.6478068560834 87.0082256401605 87.1138650255161 90.2459486432777 87.9003423334457 87.59539342008 92.6314045548491 90.8311555702704 89.0874780134566 93.1009020930202 93.2460377098461 91.8526156615501
76.7239959740949 83.6952985535903 87.3001847612063 0 83.5500125056341 87.6332498373779 80.0415708322431 84.924474053039 88.5267777697538 86.4851991264278 83.3749582867445 89.1361436054588 89.9253764844632 90.3649064204089 89.2738515537193 90.9919224819373 92.0171329637785 91.6166499378157
86.2440528241078 80.0708701724473 84.3724963065749 83.5500125056341 0 79.1189908313318 82.0323684124072 75.7217818991216 81.5729154765791 84.0756800526813 78.5475619699661 82.8759748657475 88.4267681806095 86.4851991264278 83.9296849669784 89.2716184311276 89.8017533227396 88.3315389565909
89.3443980803016 83.6779798619475 85.0805247863448 87.6332498373779 79.1189908313318 0 86.2118970069928 79.7657356159223 73.5201228844259 85.6825840698956 83.1574795141574 75.891837352535 88.8030383870541 84.5916601811258 80.4857622301273 89.2196141834084 89.0848138343567 86.5238194265639
84.5150597129644 85.5927014269514 88.6478068560834 80.0415708322431 82.0323684124072 86.2118970069928 0 81.0653800960415 86.5840769255055 80.9865508735604 76.6604254538209 87.2765064464768 86.5698338578532 87.7832580001896 86.804707388042 88.103370572082 89.5839959266364 89.3846903526008
87.6145965505939 84.1830731892428 87.0082256401605 84.924474053039 75.7217818991216 79.7657356159223 81.0653800960415 0 80.0308673275794 80.3509914920462 73.5081091981508 81.4548623602078 86.1944333584534 83.9968508302003 81.1820321496173 87.2256933616249 87.9399803377578 86.4284596991444
90.2319024715531 85.8987805111985 87.1138650255161 88.5267777697538 81.5729154765791 73.5201228844259 86.5840769255055 80.0308673275794 0 84.8615063718665 83.3288160125473 65.7863355292019 87.7430640785082 81.8652783427072 75.5523155632995 88.0232945999633 87.6295255839015 84.3328796595101
88.9243164563589 88.1639148490487 90.2459486432777 86.4851991264278 84.0756800526813 85.6825840698956 80.9865508735604 80.3509914920462 84.8615063718665 0 78.1117143687293 85.4032689536105 80.715999260007 83.5500125056341 83.5008850021645 83.2222041818708 85.5560708119719 85.8012609740861
86.6545999065771 84.9192614761152 87.9003423334457 83.3749582867445 78.5475619699661 83.1574795141574 76.6604254538209 73.5081091981508 83.3288160125473 78.1117143687293 0 84.2888798422065 85.5160989963473 85.2481190150545 83.6033008406848 86.9345227862877 88.1569084359586 87.378357389014
90.7372272668562 86.6235933661133 87.59539342008 89.1361436054588 82.8759748657475 75.891837352535 87.2765064464768 81.4548623602078 65.7863355292019 85.4032689536105 84.2888798422065 0 87.8810461720402 81.3769599159453 74.8615063718665 88.034764211962 87.4298640870463 83.7331583043885
91.6121845670317 91.1881938127257 92.6314045548491 89.9253764844632 88.4267681806095 88.8030383870541 86.5698338578532 86.1944333584534 87.7430640785082 80.715999260007 85.5160989963473 87.8810461720402 0 83.928593088954 85.8358888194266 73.323798167022 81.3513377482993 84.9616488848235
91.9609796655032 89.725394391079 90.8311555702704 90.3649064204089 86.4851991264278 84.5916601811258 87.7832580001896 83.9968508302003 81.8652783427072 83.5500125056341 85.2481190150545 81.3769599159453 83.928593088954 0 76.1350517739506 83.3250531720355 81.4510002480644 74.2066957450215
90.9865508735604 87.8673994840703 89.0874780134566 89.2738515537193 83.9296849669784 80.4857622301273 86.804707388042 81.1820321496173 75.5523155632995 83.5008850021645 83.6033008406848 74.8615063718665 85.8358888194266 76.1350517739506 0 85.907097675858 85.1536148924089 80.6398255405413
92.513671632346 91.8483865499745 93.1009020930202 90.9919224819373 89.2716184311276 89.2196141834084 88.103370572082 87.2256933616249 88.0232945999633 83.2222041818708 86.9345227862877 88.034764211962 73.323798167022 83.3250531720355 85.907097675858 0 77.4995229711462 83.6952985535903
93.3951312995343 92.2378190584147 93.2460377098461 92.0171329637785 89.8017533227396 89.0848138343567 89.5839959266364 87.9399803377578 87.6295255839015 85.5560708119719 88.1569084359586 87.4298640870463 81.3513377482993 81.4510002480644 85.1536148924089 77.4995229711462 0 79.9742370056535
93.0176609918278 90.9919224819373 91.8526156615501 91.6166499378157 88.3315389565909 86.5238194265639 89.3846903526008 86.4284596991444 84.3328796595101 85.8012609740861 87.378357389014 83.7331583043885 84.9616488848235 74.2066957450215 80.6398255405413 83.6952985535903 79.9742370056535 0
