0 84.3646018352913 85.9539297579115 83.7331583043885 85.8040981094599 86.8193244329465 83.5081091981508 88.6742502381572 87.7239661854775 90.1036632376197 90.3629213010421 89.4818396262818 91.8890964722265 90.9865508735604 92.3007045708288 92.635671648745 92.0755821502336 93.2218186962881
84.3646018352913 0 70.6047544631244 85.8040981094599 70.0281873245205 77.9199887622108 86.6024053564106 84.6168963459942 80.4396763737266 89.0741407444131 88.2580160076653 83.8146333429251 91.8672096719221 89.1627281230317 89.4476550503375 91.5429451648834 90.7008710260969 90.9268025096977
85.9539297579115 70.6047544631244 0 86.560312462274 54.9227372224544 75.3681348263785 87.3827962632147 83.8314166105688 78.3073021585004 88.9642297145514 87.8779684079293 82.0777566753872 91.8849027535593 88.8179418809182 88.725573403395 91.3164066447049 90.4228181380207 90.3567119482086
83.7331583043885 85.8040981094599 86.560312462274 0 86.332214935881 85.5613227109851 68.5776170713634 85.0805247863448 86.0191975333641 84.7904545651168 86.0434222651364 87.7143856530771 87.5878764215456 86.8417165672086 89.7480430637718 88.9969862103985 88.2789207162305 90.6674485222223
85.8040981094599 70.0281873245205 54.9227372224544 86.332214935881 0 74.8615063718665 87.1784143568491 83.622091328923 78.0402758330119 88.8140435255208 87.7344349565518 82.0154368322127 91.7713702957205 88.6903311765032 88.6639858242517 91.2178525644589 90.316509613359 90.2989135866642
86.8193244329465 77.9199887622108 75.3681348263785 85.5613227109851 74.8615063718665 0 86.6230062039656 79.7314264593261 68.5776170713634 87.1185824845969 85.5673171147236 78.0908247429846 90.6792333700066 86.7696515306304 86.7707867926468 89.8352332562048 88.7555037265309 88.7338880295529
83.5081091981508 86.6024053564106 87.3827962632147 68.5776170713634 87.1784143568491 86.6230062039656 0 86.2867717037943 87.0711757029314 85.6282873808047 86.9834364598563 88.6152669725587 87.8025450576794 87.650433087972 90.4372372021832 89.4839672543982 88.8773990592738 91.2543907592934
88.6742502381572 84.6168963459942 83.8314166105688 85.0805247863448 83.622091328923 79.7314264593261 86.2867717037943 0 77.8673994840703 82.9586738701678 79.4344587975798 78.2753097867997 88.2580160076653 81.693328996376 82.9641315458079 86.6094795181252 84.9796890336395 85.5372620133263
87.7239661854775 80.4396763737266 78.3073021585004 86.0191975333641 78.0402758330119 68.5776170713634 87.0711757029314 77.8673994840703 0 86.6499338359494 84.7054556385607 74.7544879428325 90.4235524671451 86.0016174742824 85.6562542463234 89.3103751266313 88.1403780332094 87.8740080749763
90.1036632376197 89.0741407444131 88.9642297145514 84.7904545651168 88.8140435255208 87.1185824845969 85.6282873808047 82.9586738701678 86.6499338359494 0 76.5662657802988 86.8545399581078 81.4548623602078 76.2325041385106 85.3790959332366 80.715999260007 78.7859429613949 85.8604550374417
90.3629213010421 88.2580160076653 87.8779684079293 86.0434222651364 87.7344349565518 85.5673171147236 86.9834364598563 79.4344587975798 84.7054556385607 76.5662657802988 0 84.3049314005818 85.042668369047 69.0724707021626 81.6841840260165 81.6177655634978 78.5210920458533 83.0983909180522
89.4818396262818 83.8146333429251 82.0777566753872 87.7143856530771 82.0154368322127 78.0908247429846 88.6152669725587 78.2753097867997 74.7544879428325 86.8545399581078 84.3049314005818 0 90.5833391563248 85.5138254015903 83.5069059996893 88.9038741397594 87.6532131658344 86.3453801341546
91.8890964722265 91.8672096719221 91.8849027535593 87.5878764215456 91.7713702957205 90.6792333700066 87.8025450576794 88.2580160076653 90.4235524671451 81.4548623602078 85.042668369047 90.5833391563248 0 84.2250937501173 88.9669688788295 81.6841840260165 82.7632013805355 88.6463330476976
90.9865508735604 89.1627281230317 88.8179418809182 86.8417165672086 88.6903311765032 86.7696515306304 87.650433087972 81.693328996376 86.0016174742824 76.2325041385106 69.0724707021626 85.5138254015903 84.2250937501173 0 81.7819451443998 79.3255293548103 74.9659509602808 82.41855457111
92.3007045708288 89.4476550503375 88.725573403395 89.7480430637718 88.6639858242517 86.7707867926468 90.4372372021832 82.9641315458079 85.6562542463234 85.3790959332366 81.6841840260165 83.5069059996893 88.9669688788295 81.7819451443998 0 85.042668369047 83.379917402121 75.2970022018606
92.635671648745 91.5429451648834 91.3164066447049 88.9969862103985 91.2178525644589 89.8352332562048 89.4839672543982 86.6094795181252 89.3103751266313 80.715999260007 81.6177655634978 88.9038741397594 81.6841840260165 79.3255293548103 85.042668369047 0 71.4548623602078 83.8090244763067
92.0755821502336 90.7008710260969 90.4228181380207 88.2789207162305 90.316509613359 88.7555037265309 88.8773990592738 84.9796890336395 88.1403780332094 78.7859429613949 78.5210920458533 87.6532131658344 82.7632013805355 74.9659509602808 83.379917402121 71.4548623602078 0 82.4936594236437
93.2218186962881 90.9268025096977 90.3567119482086 90.6674485222223 90.2989135866642 88.7338880295529 91.2543907592934 85.5372620133263 87.8740080749763 85.8604550374417 83.0983909180522 86.3453801341546 88.6463330476976 82.41855457111 75.2970022018606 83.8090244763067 82.4936594236437 0
