0 71.3769599159453 85.6657806624687 84.3872598725851 86.3802934588265 86.217702652621 84.7814907955383 85.0197951063596 89.0928014736424 89.0446537748701 89.4497994875647 90.1320245695439 90.9615393061173 91.7251855928805 92.8579870125243 92.8258704059991 93.6010640601211 92.3537565451245
71.3769599159453 0 83.8658978492988 83.8758574672123 84.6953993467273 84.6224845236715 84.1913043119513 83.0088975767243 87.9208598774116 88.6957997331364 88.6108107654274 89.0928014736424 90.4831073970118 90.9193850103386 92.1415025951062 92.4233447830984 93.0973331466729 91.5813602244859
85.6657806624687 83.8658978492988 0 87.4059036258722 76.7923005771085 69.0724707021626 87.3307249336277 75.6120133392751 82.9023336598264 90.0517147856609 87.4759447961055 84.4039314662598 90.5634770122259 88.0198903710459 89.3874875404723 92.2106563649922 92.0184893922487 88.4826131392183
84.3872598725851 83.8758574672123 87.4059036258722 0 85.8862748223873 88.3315389565909 60.943337135734 85.1470209343093 87.4488406281281 81.4063373322637 84.6871541162429 88.6385873374445 85.7777836167194 89.5145504330212 91.0107778642651 88.9173976324978 90.6227929900723 90.5911173559578
86.3802934588265 84.6953993467273 76.7923005771085 85.8862748223873 0 79.5914134259955 85.6694391116945 69.6648998632169 78.1901910181076 88.372551361727 84.5093314929837 81.2004909747474 88.6731516391837 85.6745557686413 87.6202009537621 90.6192848624529 90.3903841136601 86.5662657802988
86.217702652621 84.6224845236715 69.0724707021626 88.3315389565909 79.5914134259955 0 88.2789207162305 78.9642297145514 84.0502702591676 90.7917594497868 88.4131800884748 85.1994943815033 91.2543907592934 88.6252767520647 89.8195101390914 92.7687675209955 92.5173003289663 88.9453510470012
84.7814907955383 84.1913043119513 87.3307249336277 60.943337135734 85.6694391116945 88.2789207162305 0 84.9822600913282 87.1514619931528 80.857813115772 84.1114246562642 88.3658738348 85.3176715737137 89.2134739173588 90.7563121714795 88.6030013835912 90.3357832538831 90.3330351079629
85.0197951063596 83.0088975767243 75.6120133392751 85.1470209343093 69.6648998632169 78.9642297145514 84.9822600913282 0 80.8776994407101 88.2390343987537 85.1338029067756 83.2286239093058 88.8913534284775 86.8517554835501 88.6148957965558 90.9051691389906 90.9058262814253 87.6960783446142
89.0928014736424 87.9208598774116 82.9023336598264 87.4488406281281 78.1901910181076 84.0502702591676 87.1514619931528 80.8776994407101 0 88.4944597996847 82.6708255255615 71.3769599159453 87.7940334296455 81.0165466649615 84.0417671828947 89.4927706264932 88.5150190578767 82.4061682673299
89.0446537748701 88.6957997331364 90.0517147856609 81.4063373322637 88.372551361727 90.7917594497868 80.857813115772 88.2390343987537 88.4944597996847 0 83.2388757755454 89.2980232606612 79.7428929869615 89.062436939935 90.4920308463988 84.8465048204424 88.3255916171591 90.2996691661283
89.4497994875647 88.6108107654274 87.4759447961055 84.6871541162429 84.5093314929837 88.4131800884748 84.1114246562642 85.1338029067756 82.6708255255615 83.2388757755454 0 83.7262992166468 80.7841074747623 82.9092436769071 85.7094799560591 84.6871541162429 85.2125142745422 85.2457006698491
90.1320245695439 89.0928014736424 84.4039314662598 88.6385873374445 81.2004909747474 85.1994943815033 88.3658738348 83.2286239093058 71.3769599159453 89.2980232606612 83.7262992166468 0 88.3073021585004 79.0355663526282 82.1900093127201 89.6648998632169 88.2289038953988 79.9796622965764
90.9615393061173 90.4831073970118 90.5634770122259 85.7777836167194 88.6731516391837 91.2543907592934 85.3176715737137 88.8913534284775 87.7940334296455 79.7428929869615 80.7841074747623 88.3073021585004 0 87.0184235008138 88.5252623043911 78.5776170713634 84.3328796595101 88.5241253582302
91.7251855928805 90.9193850103386 88.0198903710459 89.5145504330212 85.6745557686413 88.6252767520647 89.2134739173588 86.8517554835501 81.0165466649615 89.062436939935 82.9092436769071 79.0355663526282 87.0184235008138 0 75.0257367888525 87.7958267381541 84.9296803811179 72.7760355725621
92.8579870125243 92.1415025951062 89.3874875404723 91.0107778642651 87.6202009537621 89.8195101390914 90.7563121714795 88.6148957965558 84.0417671828947 90.4920308463988 85.7094799560591 82.1900093127201 88.5252623043911 75.0257367888525 0 88.7338880295529 85.2505360143668 69.546717201444
92.8258704059991 92.4233447830984 92.2106563649922 88.9173976324978 90.6192848624529 92.7687675209955 88.6030013835912 90.9051691389906 89.4927706264932 84.8465048204424 84.6871541162429 89.6648998632169 78.5776170713634 87.7958267381541 88.7338880295529 0 81.4063373322637 89.019363834899
93.6010640601211 93.0973331466729 92.0184893922487 90.6227929900723 90.3903841136601 92.5173003289663 90.3357832538831 90.9058262814253 88.5150190578767 88.3255916171591 85.2125142745422 88.2289038953988 84.3328796595101 84.9296803811179 85.2505360143668 81.4063373322637 0 86.0815038651388
92.3537565451245 91.5813602244859 88.4826131392183 90.5911173559578 86.5662657802988 88.9453510470012 90.3330351079629 87.6960783446142 82.4061682673299 90.2996691661283 85.2457006698491 79.9796622965764 88.5241253582302 72.7760355725621 69.546717201444 89.019363834899 86.0815038651388 0
