0 87.3744079106752 89.7847743026676 85.1362843532686 86.9882976634447 90.1354259784382 84.0914860078412 90.1718886978531 90.6801563207739 89.5765657369386 90.3447650467947 91.8749264115059 89.6132952668405 92.1498988973393 92.1215167715948 92.4839232395037 93.7720495890861 94.8586865066143
87.3744079106752 0 77.8452979360192 81.955651003641 75.5971656502182 79.1189908313318 86.5087742205692 85.9975504115668 83.9416775421926 89.8989437202673 87.3867381239972 87.0637545821867 90.3107359221044 90.2619822706543 88.1762516005099 91.6298331746924 91.8573684946497 92.9300454380663
89.7847743026676 77.8452979360192 0 84.5841545498447 79.7170505944318 62.0827706588024 88.2511598923979 85.1395907446115 80.8222332357115 90.3606869566152 86.921385559777 84.9659509602808 90.821116653929 89.7571837034398 86.6323912855628 91.4442332764709 91.1413519135467 92.1248265647048
85.1362843532686 81.955651003641 84.5841545498447 0 77.3431796161499 85.1437201970658 79.0220684557673 83.1718019354755 84.3872598725851 85.7749292329038 84.0150872561375 86.5214156933801 86.3340981236618 87.8208556136306 87.0055380079075 89.0724707021626 90.2319024715531 91.7365970032622
86.9882976634447 75.5971656502182 79.7170505944318 77.3431796161499 0 80.715999260007 84.2434141444616 83.2834453116058 81.9487656358587 88.0635171402465 84.9659509602808 85.4535216572886 88.5854721909589 88.607465606858 86.5304228410657 90.1646206036976 90.6002918494134 91.9021758027469
90.1354259784382 79.1189908313318 62.0827706588024 85.1437201970658 80.715999260007 0 88.6141533493672 85.2970022018606 80.7501868793672 90.5530366656125 87.0711757029314 84.8385417941978 91.0107778642651 89.8178221382336 86.5698338578532 91.5262684788563 91.1330452217415 92.080264390683
84.0914860078412 86.5087742205692 88.2511598923979 79.0220684557673 84.2434141444616 88.6141533493672 0 85.4519840595317 87.5353659103793 83.2132005909862 85.1544384336684 88.5663707686117 83.5261172881643 87.8718063285063 88.5550952672913 88.3315389565909 90.4022063492435 91.9829129114445
90.1718886978531 85.9975504115668 85.1395907446115 83.1718019354755 83.2834453116058 85.2970022018606 85.4519840595317 0 78.7716451877599 84.8358842042205 72.5570171580838 78.4018890874713 85.795581136992 82.1556516872302 78.2511598923979 85.7094799560591 85.7094799560591 87.9090850536988
90.6801563207739 83.9416775421926 80.8222332357115 84.3872598725851 81.9487656358587 80.7501868793672 87.5353659103793 78.7716451877599 0 88.2543876478932 82.1965229169693 76.7696515306304 88.9021373091748 86.1970250009704 80.4004842763326 88.7952113360276 88.002829084837 89.3706773252167
89.5765657369386 89.8989437202673 90.3606869566152 85.7749292329038 88.0635171402465 90.5530366656125 83.2132005909862 84.8358842042205 88.2543876478932 0 82.8255888627868 87.9525365899369 66.2581263061566 83.2286239093058 87.1327041939281 81.9950314157273 86.9257690522703 89.1924018487551
90.3447650467947 87.3867381239972 86.921385559777 84.0150872561375 84.9659509602808 87.0711757029314 85.1544384336684 72.5570171580838 82.1965229169693 82.8255888627868 0 80.943337135734 84.0279140776271 79.3002428506583 79.4497994875647 83.6162280300453 84.423463519956 87.1410509973508
91.8749264115059 87.0637545821867 84.9659509602808 86.5214156933801 85.4535216572886 84.8385417941978 88.5663707686117 78.4018890874713 76.7696515306304 87.9525365899369 80.943337135734 0 88.6389564942146 84.0075874112409 72.3105428072981 87.4117837280712 85.5740509438565 87.1327041939281
89.6132952668405 90.3107359221044 90.821116653929 86.3340981236618 88.5854721909589 91.0107778642651 83.5261172881643 85.795581136992 88.9021373091748 66.2581263061566 84.0279140776271 88.6389564942146 0 84.1706971804335 87.8740080749763 82.5510227543453 87.4570865748645 89.5836989629918
92.1498988973393 90.2619822706543 89.7571837034398 87.8208556136306 88.607465606858 89.8178221382336 87.8718063285063 82.1556516872302 86.1970250009704 83.2286239093058 79.3002428506583 84.0075874112409 84.1706971804335 0 81.6326132525547 77.7056993033671 78.4599765983439 83.5404701896413
92.1215167715948 88.1762516005099 86.6323912855628 87.0055380079075 86.5304228410657 86.5698338578532 88.5550952672913 78.2511598923979 80.4004842763326 87.1327041939281 79.4497994875647 72.3105428072981 87.8740080749763 81.6326132525547 0 85.9077900544676 83.4633673411186 85.5500608545083
92.4839232395037 91.6298331746924 91.4442332764709 89.0724707021626 90.1646206036976 91.5262684788563 88.3315389565909 85.7094799560591 88.7952113360276 81.9950314157273 83.6162280300453 87.4117837280712 82.5510227543453 77.7056993033671 85.9077900544676 0 81.1676208475889 84.8172353991213
93.7720495890861 91.8573684946497 91.1413519135467 90.2319024715531 90.6002918494134 91.1330452217415 90.4022063492435 85.7094799560591 88.002829084837 86.9257690522703 84.423463519956 85.5740509438565 87.4570865748645 78.4599765983439 83.4633673411186 81.1676208475889 0 76.5184091547906
94.8586865066143 92.9300454380663 92.1248265647048 91.7365970032622 91.9021758027469 92.080264390683 91.9829129114445 87.9090850536988 89.3706773252167 89.1924018487551 87.1410509973508 87.1327041939281 89.5836989629918 83.5404701896413 85.5500608545083 84.8172353991213 76.5184091547906 0
