0 85.7505909256189 89.259475688825 77.5519919157727 85.9846461950885 89.8656749091077 82.0861101013499 89.6916329145312 89.4147433098681 86.6610075789902 88.444562403568 89.8964573804919 91.4465545690222 90.4598687984162 93.4325060588615 91.3479759530845 93.1715419489557 93.2707577629414
85.7505909256189 0 82.0727368965748 87.0933632809799 84.8252375517326 84.1291872365223 87.7647878994723 86.9257690522703 86.4136961331341 88.215902273357 88.5369933522933 86.560312462274 92.6048249585245 91.001360405938 92.1512144927355 93.030034445534 92.9934850614241 92.5453203968997
89.259475688825 82.0727368965748 0 89.3818913619656 84.2403661072662 71.3769599159453 89.2357314171479 82.7445958873746 82.0323684124072 88.0635171402465 87.3431796161499 81.3887347396581 91.9520375467001 89.9176835328134 89.6675223265374 92.7067100313343 91.4548623602078 90.5527990930723
77.5519919157727 87.0933632809799 89.3818913619656 0 84.3646018352913 89.7494725574877 74.6168963459942 88.7666298257024 88.5332126044102 83.6814491297281 86.3802934588265 89.1597823111562 89.5649491977989 88.5494465197111 92.4944191445971 89.3734835502037 91.8810549507213 92.1464435620986
85.9846461950885 84.8252375517326 84.2403661072662 84.3646018352913 0 84.1323142820089 82.93128213749 80.7683108277111 80.1576005458867 79.2492238225855 79.4098004215052 81.7441879861927 88.0740403942904 85.1478457267947 88.7045351262639 88.922933573106 88.9946060487626 88.6976210562157
89.8656749091077 84.1291872365223 71.3769599159453 89.7494725574877 84.1323142820089 0 89.4230716983797 80.8843080316161 80.1471795575176 87.8319828162819 86.7690837883171 78.8986615628356 91.5370777263936 89.3475349130989 88.6015122888332 92.4008933721061 90.7454167833726 89.6733443594745
82.0861101013499 87.7647878994723 89.2357314171479 74.6168963459942 82.93128213749 89.4230716983797 0 87.7783103125321 87.5878764215456 80.3410248902675 84.2312091392794 88.3351034548413 87.858130529772 86.6586786100007 91.5406748386358 87.6979125521461 90.6584149528466 91.0450641686018
89.6916329145312 86.9257690522703 82.7445958873746 88.7666298257024 80.7683108277111 80.8843080316161 87.7783103125321 0 62.0827706588024 84.348769710876 81.5766707252515 67.9330371790942 88.6256470419417 85.3500670186716 85.280235595651 89.9176835328134 87.4947214838478 86.2093142267685
89.4147433098681 86.4136961331341 82.0323684124072 88.5332126044102 80.1576005458867 80.1471795575176 87.5878764215456 62.0827706588024 0 84.2928982971025 81.7711908388985 67.0711757029314 88.8409064585869 85.6745557686413 85.8576544925637 90.0636967997514 87.9060271031893 86.7239959740949
86.6610075789902 88.215902273357 88.0635171402465 83.6814491297281 79.2492238225855 87.8319828162819 80.3410248902675 84.348769710876 84.2928982971025 0 75.604595839916 85.4125902481615 84.7635075614827 81.4741215705682 88.7773699469597 85.61053085255 87.6332498373779 88.0550801394016
88.444562403568 88.5369933522933 87.3431796161499 86.3802934588265 79.4098004215052 86.7690837883171 84.2312091392794 81.5766707252515 81.7711908388985 75.604595839916 0 83.1679005025265 84.3288980458285 78.8567341753854 86.6446785071237 85.9873660604156 85.7620612388407 85.891837352535
89.8964573804919 86.560312462274 81.3887347396581 89.1597823111562 81.7441879861927 78.8986615628356 88.3351034548413 67.9330371790942 67.0711757029314 85.4125902481615 83.1679005025265 0 89.3896618861697 86.4413367775795 85.7152734467552 90.5823953969211 88.1975526364766 86.8584352256806
91.4465545690222 92.6048249585245 91.9520375467001 89.5649491977989 88.0740403942904 91.5370777263936 87.858130529772 88.6256470419417 88.8409064585869 84.7635075614827 84.3288980458285 89.3896618861697 0 78.5776170713634 88.1934643891456 75.1757958751021 83.3699935021867 86.0494573936257
90.4598687984162 91.001360405938 89.9176835328134 88.5494465197111 85.1478457267947 89.3475349130989 86.6586786100007 85.3500670186716 85.6745557686413 81.4741215705682 78.8567341753854 86.4413367775795 78.5776170713634 0 85.9195436335469 82.4692779150087 82.0509172245329 83.8179951891663
93.4325060588615 92.1512144927355 89.6675223265374 92.4944191445971 88.7045351262639 88.6015122888332 91.5406748386358 85.280235595651 85.8576544925637 88.7773699469597 86.6446785071237 85.7152734467552 88.1934643891456 85.9195436335469 0 89.941542160005 82.2354007132093 76.213187821334
91.3479759530845 93.030034445534 92.7067100313343 89.3734835502037 88.922933573106 92.4008933721061 87.6979125521461 89.9176835328134 90.0636967997514 85.61053085255 85.9873660604156 90.5823953969211 75.1757958751021 82.4692779150087 89.941542160005 0 86.1553719814826 88.2305263647626
93.1715419489557 92.9934850614241 91.4548623602078 91.8810549507213 88.9946060487626 90.7454167833726 90.6584149528466 87.4947214838478 87.9060271031893 87.6332498373779 85.7620612388407 88.1975526364766 83.3699935021867 82.0509172245329 82.2354007132093 86.1553719814826 0 76.2325041385106
93.2707577629414 92.5453203968997 90.5527990930723 92.1464435620986 88.6976210562157 89.6733443594745 91.0450641686018 86.2093142267685 86.7239959740949 88.0550801394016 85.891837352535 86.8584352256806 86.0494573936257 83.8179951891663 76.213187821334 88.2305263647626 76.2325041385106 0
