0 86.9487100793787 89.9047396501542 83.9968508302003 86.1053844833492 89.3924558748554 85.5740509438565 86.9252213576079 89.4467356815688 88.6976210562157 88.1552582241713 92.0433386470651 91.1238894724812 92.064022178416 92.6735964234731 91.4063373322637 93.7111709827367 92.9125565839286
86.9487100793787 0 80.2119042252309 84.7054556385607 77.6131943190306 77.2272264362371 85.7326076915633 76.3653649600743 77.8718063285063 87.1201538329174 81.4296970200605 87.3307249336277 90.6087434447876 88.6148957965558 88.8871718235787 91.3307306167815 91.1303421223965 89.553301503306
89.9047396501542 80.2119042252309 0 88.7284672531233 84.7245895919278 76.5063621434069 89.3068948224339 83.8090244763067 78.7966354858417 89.8856667625148 85.7007752032153 88.1552582241713 92.4737072318833 89.9003244053271 89.725394391079 93.1139631942595 91.9776111095617 90.4430889140306
83.9968508302003 84.7054556385607 88.7284672531233 0 80.2908458823698 87.0168149034182 70.8776994407101 81.9141740963992 86.6545999065771 81.1655581808111 81.989915045822 88.2547909487078 86.5430015466662 87.8594558778782 88.964572204581 87.2991797988463 90.3094797554861 89.2254232804135
86.1053844833492 77.6131943190306 84.7245895919278 80.2908458823698 0 81.6492564508544 81.561630208681 67.0711757029314 81.0314672262549 83.6779798619475 75.7863355292019 86.1677794707972 88.4761028375782 86.9098577970584 87.6327844803114 89.358496019957 89.8823411712714 88.2418667101909
89.3924558748554 77.2272264362371 76.5063621434069 87.0168149034182 81.6492564508544 0 87.5296508818292 80.0093808529838 66.2581263061566 87.9178102094593 82.1965229169693 85.7756430047551 91.0107778642651 87.8673994840703 87.761626602215 91.7769297823422 90.4649628778786 88.6252767520647
85.5740509438565 85.7326076915633 89.3068948224339 70.8776994407101 81.561630208681 87.5296508818292 0 82.8129004903881 87.0907278389311 78.3311427205777 81.9193804244781 87.7566541954257 84.9796890336395 87.011985533257 88.3255916171591 85.8939214659009 89.560174434925 88.5176770351167
86.9252213576079 76.3653649600743 83.8090244763067 81.9141740963992 67.0711757029314 80.0093808529838 82.8129004903881 0 79.1420653552395 84.1779208042287 74.7814907955383 85.5266933956535 88.7429076482031 86.592955180357 87.2016042685911 89.6429841994572 89.6733443594745 87.9003423334457
89.4467356815688 77.8718063285063 78.7966354858417 86.6545999065771 81.0314672262549 66.2581263061566 87.0907278389311 79.1420653552395 0 87.3107228495936 80.9972874546011 84.8429675000929 90.5530366656125 87.1143894407578 87.0184235008138 91.3675170171665 89.9179585158647 87.9486437055199
88.6976210562157 87.1201538329174 89.8856667625148 81.1655581808111 83.6779798619475 87.9178102094593 78.3311427205777 84.1779208042287 87.3107228495936 0 81.5879170280032 85.5266933956535 81.0335945566031 83.6256055123803 85.7159970899826 83.0290942252098 86.8745356467734 85.7412489376289
88.1552582241713 81.4296970200605 85.7007752032153 81.989915045822 75.7863355292019 82.1965229169693 81.9193804244781 74.7814907955383 80.9972874546011 81.5879170280032 0 83.2093361878076 87.1519818883852 84.0956912319113 85.088056632027 88.2933344856596 87.9904176056085 85.8772204878356
92.0433386470651 87.3307249336277 88.1552582241713 88.2547909487078 86.1677794707972 85.7756430047551 87.7566541954257 85.5266933956535 84.8429675000929 85.5266933956535 83.2093361878076 0 87.8168428313143 77.2016042685911 74.1239704853616 88.9864355771471 83.0930994829547 77.8497272528937
91.1238894724812 90.6087434447876 92.4737072318833 86.5430015466662 88.4761028375782 91.0107778642651 84.9796890336395 88.7429076482031 90.5530366656125 81.0335945566031 87.1519818883852 87.8168428313143 0 85.1798910614678 87.0711757029314 71.0505757896518 86.1996150978529 86.5214156933801
92.064022178416 88.6148957965558 89.9003244053271 87.8594558778782 86.9098577970584 87.8673994840703 87.011985533257 86.592955180357 87.1143894407578 83.6256055123803 84.0956912319113 77.2016042685911 85.1798910614678 0 73.051870788883 86.6917490863679 79.178079427437 72.5570171580838
92.6735964234731 88.8871718235787 89.725394391079 88.964572204581 87.6327844803114 87.761626602215 88.3255916171591 87.2016042685911 87.0184235008138 85.7159970899826 85.088056632027 74.1239704853616 87.0711757029314 73.051870788883 0 88.2933344856596 79.2970716604341 68.9021373091748
91.4063373322637 91.3307306167815 93.1139631942595 87.2991797988463 89.358496019957 91.7769297823422 85.8939214659009 89.6429841994572 91.3675170171665 83.0290942252098 88.2933344856596 88.9864355771471 71.0505757896518 86.6917490863679 88.2933344856596 0 87.2991797988463 87.7738075181225
93.7111709827367 91.1303421223965 91.9776111095617 90.3094797554861 89.8823411712714 90.4649628778786 89.560174434925 89.6733443594745 89.9179585158647 86.8745356467734 87.9904176056085 83.0930994829547 86.1996150978529 79.178079427437 79.2970716604341 87.2991797988463 0 76.2196361444474
92.9125565839286 89.553301503306 90.4430889140306 89.2254232804135 88.2418667101909 88.6252767520647 88.5176770351167 87.9003423334457 87.9486437055199 85.7412489376289 85.8772204878356 77.8497272528937 86.5214156933801 72.5570171580838 68.9021373091748 87.7738075181225 76.2196361444474 0
