0 84.5832154332189 84.8491559212384 67.4269372455433 68.1860958317419 86.2331465384554 75.2970022018606 84.0022224385771 84.3368576261899 85.5500608545083 86.0621707455228 88.110880710061 87.7886490568277 87.3901843196928 88.2106092259997 88.4018890874713 91.7048243089966 92.1479247567005
84.5832154332189 0 79.3818913619656 84.5841545498447 83.1574795141574 75.4841598430449 87.0589771566153 84.906202596418 82.2675351167102 89.735729955783 89.7066704265978 88.6994416157976 91.7512248953516 89.230258266053 88.3516992063071 91.8388559645986 93.3668876271926 93.0450503534246
84.8491559212384 79.3818913619656 0 84.2077199036913 83.7331583043885 75.9195436335469 86.7211265026863 79.7428929869615 72.7760355725621 87.9090850536988 87.6532131658344 85.2068228736091 90.5634770122259 86.332214935881 84.598216984643 90.4235524671451 91.6902218665621 91.1021715707441
67.4269372455433 84.5841545498447 84.2077199036913 0 70.6047544631244 85.9635092840055 75.1097422091168 82.7273505510716 83.3836330260342 84.598216984643 85.1005807534212 87.28054592573 87.2749906725731 86.4736672977584 87.4059036258722 87.8208556136306 91.2004909747474 91.63335430619
68.1860958317419 83.1574795141574 83.7331583043885 70.6047544631244 0 85.1238629181091 78.3823526405858 83.5117167947744 83.4242964466753 86.1448960051827 86.5220167514142 87.9710879147445 88.458052813232 87.4604774192432 87.9994087697801 88.940188044825 91.9077443507795 92.2100075590423
86.2331465384554 75.4841598430449 75.9195436335469 85.9635092840055 85.1238629181091 0 88.1498907012513 84.0502702591676 80.5098229277861 89.77028975955 89.6065059549506 87.6573799486679 91.9276975891377 88.6148957965558 87.1327041939281 91.8658051540398 92.9913175176426 92.4136042879563
75.2970022018606 87.0589771566153 86.7211265026863 75.1097422091168 78.3823526405858 88.1498907012513 0 84.8615063718665 85.891837352535 83.6964506811521 84.6028943623908 88.1403780332094 85.7376505077114 86.9399849236182 88.3960373756239 86.7257167473403 90.959376377232 91.7441879861927
84.0022224385771 84.906202596418 79.7428929869615 82.7273505510716 83.5117167947744 84.0502702591676 84.8615063718665 0 74.6354957098355 83.8924062417859 83.3049294415307 80.4299114571472 87.8955263247855 81.1011246996244 80.1990362311678 87.5315567270903 89.259475688825 88.8518161753883
84.3368576261899 82.2675351167102 72.7760355725621 83.3836330260342 83.4242964466753 80.5098229277861 85.891837352535 74.6354957098355 0 86.3715914053258 86.0009398949349 83.0718690352051 89.5027665980572 84.2979161426279 82.4432217006488 89.2738515537193 90.6560956231151 90.0814756595712
85.5500608545083 89.735729955783 87.9090850536988 84.598216984643 86.1448960051827 89.77028975955 83.6964506811521 83.8924062417859 86.3715914053258 0 67.8007545217567 84.3249127784517 79.3255293548103 80.715999260007 85.2125142745422 78.5210920458533 86.0299807662634 87.7285209261352
86.0621707455228 89.7066704265978 87.6532131658344 85.1005807534212 86.5220167514142 89.6065059549506 84.6028943623908 83.3049294415307 86.0009398949349 67.8007545217567 0 83.0625479788191 80.7953557193797 78.5962964327146 84.1239704853616 79.2684262627964 85.3152916605193 86.8944396935144
88.110880710061 88.6994416157976 85.2068228736091 87.28054592573 87.9710879147445 87.6573799486679 88.1403780332094 80.4299114571472 83.0718690352051 84.3249127784517 83.0625479788191 0 87.9577216803775 75.4535216572886 66.625354376404 86.9388930455938 86.5214156933801 84.9582041534757
87.7886490568277 91.7512248953516 90.5634770122259 87.2749906725731 88.458052813232 91.9276975891377 85.7376505077114 87.8955263247855 89.5027665980572 79.3255293548103 80.7953557193797 87.9577216803775 0 85.6238550502764 88.6063499811759 72.9436298012717 86.3603773685769 89.0139495349064
87.3901843196928 89.230258266053 86.332214935881 86.4736672977584 87.4604774192432 88.6148957965558 86.9399849236182 81.1011246996244 84.2979161426279 80.715999260007 78.5962964327146 75.4535216572886 85.6238550502764 0 78.0232945999633 84.2525454416864 84.9659509602808 84.7036289530158
88.2106092259997 88.3516992063071 84.598216984643 87.4059036258722 87.9994087697801 87.1327041939281 88.3960373756239 80.1990362311678 82.4432217006488 85.2125142745422 84.1239704853616 66.625354376404 88.6063499811759 78.0232945999633 0 87.7047839392961 87.2825642572728 85.5859964760748
88.4018890874713 91.8388559645986 90.4235524671451 87.8208556136306 88.940188044825 91.8658051540398 86.7257167473403 87.5315567270903 89.2738515537193 78.5210920458533 79.2684262627964 86.9388930455938 72.9436298012717 84.2525454416864 87.7047839392961 0 84.2969130372258 87.5524660105081
91.7048243089966 93.3668876271926 91.6902218665621 91.2004909747474 91.9077443507795 92.9913175176426 90.959376377232 89.259475688825 90.6560956231151 86.0299807662634 85.3152916605193 86.5214156933801 86.3603773685769 84.9659509602808 87.2825642572728 84.2969130372258 0 80.0174507434799
92.1479247567005 93.0450503534246 91.1021715707441 91.63335430619 92.2100075590423 92.4136042879563 91.7441879861927 88.8518161753883 90.0814756595712 87.7285209261352 86.8944396935144 84.9582041534757 89.0139495349064 84.7036289530158 85.5859964760748 87.5524660105081 80.0174507434799 0
