0 77.0711757029314 82.9641315458079 80.5050214404877 78.4407002914246 84.8145647350099 84.2169264795973 86.2196361444474 86.8030176358052 86.0914700857269 86.3653649600743 90.0782967319053 89.6605255689216 91.955651003641 90.4004842763326 92.080264390683 93.5327015900264 91.9992904577663
77.0711757029314 0 77.7239661854775 84.0438945132429 77.9330371790942 80.6584149528466 84.5321991797927 84.1323142820089 84.6733771834068 86.4309154214711 85.9195436335469 88.8644512266057 90.218323952666 91.4063373322637 89.5317156500199 91.9678457114676 93.1356447840532 91.3090272964941
82.9641315458079 77.7239661854775 0 87.4604774192432 83.5404701896413 80.2528274474092 87.4293764170868 85.5107920892135 85.6694391116945 88.7941429171074 88.0652025753386 89.4550030024363 91.8782544058433 92.1957092504903 90.3745709046085 93.0277507001197 93.8045321616377 91.9693890769997
80.5050214404877 84.0438945132429 87.4604774192432 0 80.4372372021832 87.3207354069254 81.1510920176696 86.7889107409908 87.4701509833698 82.8522543049557 84.6595564074942 89.9448227429275 86.6376614949834 91.0755025319784 89.7907245134303 90.5492339445736 92.6414035519085 91.3448095315679
78.4407002914246 77.9330371790942 83.5404701896413 80.4372372021832 0 82.0911144554496 79.1189908313318 82.0693871510798 83.1089544862133 82.3859648733539 82.0861101013499 87.5253596696042 87.7994111351958 89.9069455904272 87.8779684079293 90.2285758189056 91.8735243874208 89.9527406025847
84.8145647350099 80.6584149528466 80.2528274474092 87.3207354069254 82.0911144554496 0 85.189703782236 79.3349739648805 79.2684262627964 86.6516841999762 85.0129946433235 85.7756430047551 90.4103155081914 89.7847743026676 87.2460899933109 91.1324215788973 91.8452120114882 89.4153607755433
84.2169264795973 84.5321991797927 87.4293764170868 81.1510920176696 79.1189908313318 85.189703782236 0 82.099442252477 83.233752867468 72.3105428072981 75.0930706154422 86.1924886111327 83.9373204364155 87.8007545217567 85.7863355292019 87.5827009274052 90.0880909614124 88.1387215271078
86.2196361444474 84.1323142820089 85.5107920892135 86.7889107409908 82.0693871510798 79.3349739648805 82.099442252477 0 65.1757958751021 83.3836330260342 79.9579203496951 81.3414426772175 88.1403780332094 86.7923005771085 83.051870788883 88.5644935501606 89.5839959266364 86.42415884094
86.8030176358052 84.6733771834068 85.6694391116945 87.4701509833698 83.1089544862133 79.2684262627964 83.233752867468 65.1757958751021 0 84.2928982971025 81.1655581808111 80.593000884045 88.5962964327146 86.7119314328091 82.8312162621087 88.725573403395 89.519074177209 86.2196361444474
86.0914700857269 86.4309154214711 88.7941429171074 82.8522543049557 82.3859648733539 86.6516841999762 72.3105428072981 83.3836330260342 84.2928982971025 0 74.4651623168477 86.0621707455228 81.4452006324876 86.8728728512127 85.1544384336684 86.1133155976868 89.2405549467456 87.4293764170868
86.3653649600743 85.9195436335469 88.0652025753386 84.6595564074942 82.0861101013499 85.0129946433235 75.0930706154422 79.9579203496951 81.1655581808111 74.4651623168477 0 83.555965823659 83.8714337899069 85.6120133392751 82.79025144391 85.9764763638929 88.5434130797284 85.9682911348595
90.0782967319053 88.8644512266057 89.4550030024363 89.9448227429275 87.5253596696042 85.7756430047551 86.1924886111327 81.3414426772175 80.593000884045 86.0621707455228 83.555965823659 0 88.6018846103919 82.045866309268 74.5416919591329 86.5668606635021 86.217702652621 80.4103155081914
89.6605255689216 90.218323952666 91.8782544058433 86.6376614949834 87.7994111351958 90.4103155081914 83.9373204364155 88.1403780332094 88.5962964327146 81.4452006324876 83.8714337899069 88.6018846103919 0 87.1368796008778 87.188736274528 83.6710330012516 88.5603608111481 88.1639148490487
91.955651003641 91.4063373322637 92.1957092504903 91.0755025319784 89.9069455904272 89.7847743026676 87.8007545217567 86.7923005771085 86.7119314328091 86.8728728512127 85.6120133392751 82.045866309268 87.1368796008778 0 77.9330371790942 80.6861507245123 78.3666599593055 71.0505757896518
90.4004842763326 89.5317156500199 90.3745709046085 89.7907245134303 87.8779684079293 87.2460899933109 85.7863355292019 83.051870788883 82.8312162621087 85.1544384336684 82.79025144391 74.5416919591329 87.188736274528 77.9330371790942 0 84.0661687936488 84.1291872365223 76.6545999065771
92.080264390683 91.9678457114676 93.0277507001197 90.5492339445736 90.2285758189056 91.1324215788973 87.5827009274052 88.5644935501606 88.725573403395 86.1133155976868 85.9764763638929 86.5668606635021 83.6710330012516 80.6861507245123 84.0661687936488 0 81.4548623602078 83.1574795141574
93.5327015900264 93.1356447840532 93.8045321616377 92.6414035519085 91.8735243874208 91.8452120114882 90.0880909614124 89.5839959266364 89.519074177209 89.2405549467456 88.5434130797284 86.217702652621 88.5603608111481 78.3666599593055 84.1291872365223 81.4548623602078 0 80.0281873245205
91.9992904577663 91.3090272964941 91.9693890769997 91.3448095315679 89.9527406025847 89.4153607755433 88.1387215271078 86.42415884094 86.2196361444474 87.4293764170868 85.9682911348595 80.4103155081914 88.1639148490487 71.0505757896518 76.6545999065771 83.1574795141574 80.0281873245205 0
