0 83.1352515379138 89.0537222217762 79.2234877779738 84.4632316900903 90.2244779759935 86.7696515306304 88.6478068560834 89.7734179653631 86.2151233237737 87.2886136300243 91.5370777263936 89.7368768349918 91.71865129928 91.3096260893556 92.1759718947623 92.0856093486366 93.6663955797549
83.1352515379138 0 82.9422595709972 74.8615063718665 72.099442252477 85.6635841127368 85.6452361985895 84.484421527208 85.8005514005498 87.5119820512232 83.7989102258118 88.7034441625188 88.9312242752465 89.5287091114304 88.8451328264355 91.5102898631005 91.3887347396581 92.2660941661754
89.0537222217762 82.9422595709972 0 85.7217818991216 81.7532076048429 78.940188044825 87.9165025530579 83.1718019354755 82.8255888627868 90.2551179630574 85.0095904144061 86.3152293981705 89.8455906015569 88.2240328473296 87.3382020284199 91.7762128290069 91.6505482524971 91.3887347396581
79.2234877779738 74.8615063718665 85.7217818991216 0 77.6085169412828 87.3901843196928 84.8385417941978 85.5560708119719 86.999080896344 86.0521369832952 84.1208374241563 89.4681370721026 88.5207127327984 89.9527406025847 89.3700534733419 91.2844054328105 91.1678270603958 92.4616305370527
84.4632316900903 72.099442252477 81.7532076048429 77.6085169412828 0 84.0065149467783 84.2312091392794 82.0977779700964 83.8403412370211 86.8745356467734 81.3828513183668 87.3302260026353 87.8492845244343 88.2773162293482 87.4802850888848 90.6639762958143 90.5273034449647 91.3797102316597
90.2244779759935 85.6635841127368 78.940188044825 87.3901843196928 84.0065149467783 0 86.9098577970584 79.546717201444 76.5184091547906 89.7997758540917 83.341335320205 81.6492564508544 88.2905355522908 84.9383437488801 83.6536170783573 90.1583811129113 90.0093808529838 89.1561791587823
86.7696515306304 85.6452361985895 87.9165025530579 84.8385417941978 84.2312091392794 86.9098577970584 0 82.1177073885602 84.3724963065749 79.062436939935 77.4995229711462 86.107368620208 79.3097425514618 85.3563600026657 84.8615063718665 85.6985962861268 85.4833965167719 88.5543425253154
88.6478068560834 84.484421527208 83.1718019354755 85.5560708119719 82.0977779700964 79.546717201444 82.1177073885602 0 72.2787262194362 86.706750637792 74.7814907955383 80.6584149528466 84.5681618832458 82.4784370287424 80.7953557193797 87.7525816237939 87.5519919157727 87.8333161667972
89.7734179653631 85.8005514005498 82.8255888627868 86.999080896344 83.8403412370211 76.5184091547906 84.3724963065749 72.2787262194362 0 88.1316743187726 79.5765657369386 77.8673994840703 85.7376505077114 81.5879170280032 79.5556933220744 88.1602069796045 87.9710879147445 87.4000155515516
86.2151233237737 87.5119820512232 90.2551179630574 86.0521369832952 86.8745356467734 89.7997758540917 79.062436939935 86.706750637792 88.1316743187726 0 84.2066957450215 89.2160603507377 82.3105428072981 88.4267681806095 88.2272808196744 86.7554356592824 86.6323912855628 90.2875640917264
87.2886136300243 83.7989102258118 85.0095904144061 84.1208374241563 81.3828513183668 83.341335320205 77.4995229711462 74.7814907955383 79.5765657369386 84.2066957450215 0 83.4827717624266 82.6751998198568 83.7989102258118 82.688296329487 87.0632240165738 86.8517554835501 88.2789207162305
91.5370777263936 88.7034441625188 86.3152293981705 89.4681370721026 87.3302260026353 81.6492564508544 86.107368620208 80.6584149528466 77.8673994840703 89.2160603507377 83.4827717624266 0 85.7152734467552 75.8358888194266 72.79025144391 86.9996193558102 86.8030176358052 84.4166372889035
89.7368768349918 88.9312242752465 89.8455906015569 88.5207127327984 87.8492845244343 88.2905355522908 79.3097425514618 84.5681618832458 85.7376505077114 82.3105428072981 82.6751998198568 85.7152734467552 0 83.5153213971275 83.6814491297281 80.0415708322431 79.6356543330438 85.8716391925209
91.71865129928 89.5287091114304 88.2240328473296 89.9527406025847 88.2773162293482 84.9383437488801 85.3563600026657 82.4784370287424 81.5879170280032 88.4267681806095 83.7989102258118 75.8358888194266 83.5153213971275 0 67.9762509169206 84.2888798422065 84.0311148723812 81.1902457592883
91.3096260893556 88.8451328264355 87.3382020284199 89.3700534733419 87.4802850888848 83.6536170783573 84.8615063718665 80.7953557193797 79.5556933220744 88.2272808196744 82.688296329487 72.79025144391 83.6814491297281 67.9762509169206 0 85.1362843532686 84.8887294494561 82.8967977192182
92.1759718947623 91.5102898631005 91.7762128290069 91.2844054328105 90.6639762958143 90.1583811129113 85.6985962861268 87.7525816237939 88.1602069796045 86.7554356592824 87.0632240165738 86.9996193558102 80.0415708322431 84.2888798422065 85.1362843532686 0 54.9227372224544 83.0331223084966
92.0856093486366 91.3887347396581 91.6505482524971 91.1678270603958 90.5273034449647 90.0093808529838 85.4833965167719 87.5519919157727 87.9710879147445 86.6323912855628 86.8517554835501 86.8030176358052 79.6356543330438 84.0311148723812 84.8887294494561 54.9227372224544 0 82.9422595709972
93.6663955797549 92.2660941661754 91.3887347396581 92.4616305370527 91.3797102316597 89.1561791587823 88.5543425253154 87.8333161667972 87.4000155515516 90.2875640917264 88.2789207162305 84.4166372889035 85.8716391925209 81.1902457592883 82.8967977192182 83.0331223084966 82.9422595709972 0
