0 86.213187821334 89.6605255689216 80.4078597858648 86.7188295597164 89.7314264593261 81.1655581808111 88.18363686509 89.636827943325 89.3709892175519 90.7581254149979 92.0387851445175 90.3886573456538 92.0991094470192 92.9135223726303 92.1826698117016 91.6451939995178 93.595761822072
86.213187821334 0 80.5456658670191 84.5549470876843 77.9199887622108 81.9124372658146 85.0299758763721 80.4857622301273 81.6658361118692 88.7998381164405 88.2933344856596 87.873567814971 90.3693696241556 90.522282007863 90.2152436677784 92.4239624902884 89.4467356815688 91.4032131923437
89.6605255689216 80.5456658670191 0 88.7912925143016 84.0161576060675 82.4432217006488 89.0724707021626 84.104089484118 82.3184606669553 91.0054295411106 89.9085993106296 88.1054580245707 92.262890341148 91.7964213426693 90.8311555702704 93.9209422467254 90.7426886600651 92.0047359439313
80.4078597858648 84.5549470876843 88.7912925143016 0 83.0983909180522 87.4142314228996 62.5570171580838 84.9659509602808 87.3082160992677 85.6275489731146 87.6536763391744 89.7657356159223 87.3072129938656 89.4809274664817 90.6479682009508 89.9110787108283 88.8798443128057 91.4794988797779
86.7188295597164 77.9199887622108 84.0161576060675 83.0983909180522 0 79.3223765816634 83.3513248469073 72.1654959184623 79.0355663526282 86.0232443839309 85.2003092693599 85.5560708119719 88.1387215271078 88.215902273357 88.0916622600674 90.7027075605651 86.8277350187893 89.5217861636542
89.7314264593261 81.9124372658146 82.4432217006488 87.4142314228996 79.3223765816634 0 87.5353659103793 75.5673171147236 50.943337135734 87.7235104485739 85.3089388419514 82.1556516872302 89.4510244050228 88.2560006264889 86.7257167473403 91.5738545932049 86.5840769255055 88.5301856345584
81.1655581808111 85.0299758763721 89.0724707021626 62.5570171580838 83.3513248469073 87.5353659103793 0 85.0805247863448 87.4352248455128 85.1130688617644 87.3975598292249 89.7081136010434 86.8366883935755 89.2095913768463 90.4997336659665 89.546717201444 88.6389564942146 91.3154101679048
88.18363686509 80.4857622301273 84.104089484118 84.9659509602808 72.1654959184623 75.5673171147236 85.0805247863448 0 75.2408599357581 85.8379999487653 83.9677287764326 83.4960621867671 87.9899889902793 87.4093346529378 86.8030176358052 90.5397125489943 85.7217818991216 88.4967489738495
89.636827943325 81.6658361118692 82.3184606669553 87.3082160992677 79.0355663526282 50.943337135734 87.4352248455128 75.2408599357581 0 87.7089015591327 85.3532146504956 82.3578348697387 89.444283079601 88.2969304657511 86.8232514000465 91.5761076449103 86.6394168112023 88.607465606858
89.3709892175519 88.7998381164405 91.0054295411106 85.6275489731146 86.0232443839309 87.7235104485739 85.1130688617644 85.8379999487653 87.7089015591327 0 80.0174507434799 86.975322342495 74.8615063718665 81.4452006324876 85.9635092840055 83.0970686635682 81.5446471310445 86.6212442410694
90.7581254149979 88.2933344856596 89.9085993106296 87.6536763391744 85.2003092693599 85.3089388419514 87.3975598292249 83.9677287764326 85.3532146504956 80.0174507434799 0 82.0777566753872 82.7114819424818 77.7056993033671 80.3733330693944 86.2196361444474 71.7532076048429 82.5163934390137
92.0387851445175 87.873567814971 88.1054580245707 89.7657356159223 85.5560708119719 82.1556516872302 89.7081136010434 83.4960621867671 82.3578348697387 86.975322342495 82.0777566753872 0 88.4205617560891 84.984829627831 79.8781805979189 90.3107359221044 82.5057990397075 83.4206154648313
90.3886573456538 90.3693696241556 92.262890341148 87.3072129938656 88.1387215271078 89.4510244050228 86.8366883935755 87.9899889902793 89.444283079601 74.8615063718665 82.7114819424818 88.4205617560891 0 81.6841840260165 86.8678806412791 78.8986615628356 83.051870788883 86.9996193558102
92.0991094470192 90.522282007863 91.7964213426693 89.4809274664817 88.215902273357 88.2560006264889 89.2095913768463 87.4093346529378 88.2969304657511 81.4452006324876 77.7056993033671 84.984829627831 81.6841840260165 0 80.5170152200493 83.928593088954 73.323798167022 80.2119042252309
92.9135223726303 90.2152436677784 90.8311555702704 90.6479682009508 88.0916622600674 86.7257167473403 90.4997336659665 86.8030176358052 86.8232514000465 85.9635092840055 80.3733330693944 79.8781805979189 86.8678806412791 80.5170152200493 0 88.4011093146316 78.0402758330119 74.0502702591676
92.1826698117016 92.4239624902884 93.9209422467254 89.9110787108283 90.7027075605651 91.5738545932049 89.546717201444 90.5397125489943 91.5761076449103 83.0970686635682 86.2196361444474 90.3107359221044 78.8986615628356 83.928593088954 88.4011093146316 0 85.8182560513189 87.9369440715933
91.6451939995178 89.4467356815688 90.7426886600651 88.8798443128057 86.8277350187893 86.5840769255055 88.6389564942146 85.7217818991216 86.6394168112023 81.5446471310445 71.7532076048429 82.5057990397075 83.051870788883 73.323798167022 78.0402758330119 85.8182560513189 0 79.8864977625784
93.595761822072 91.4032131923437 92.0047359439313 91.4794988797779 89.5217861636542 88.5301856345584 91.3154101679048 88.4967489738495 88.607465606858 86.6212442410694 82.5163934390137 83.4206154648313 86.9996193558102 80.2119042252309 74.0502702591676 87.9369440715933 79.8864977625784 0
