0 76.5184091547906 85.8576544925637 76.1350517739506 85.3563600026657 87.5047984831427 84.9959467516818 87.4196115005074 87.4293764170868 88.302518301047 88.3866582056277 90.9119548206408 91.1606037798718 91.4904250151146 91.7271802232159 92.1826698117016 91.963727386624 93.5741324477537
76.5184091547906 0 82.93128213749 82.0171329637785 86.0198722703839 87.28054592573 87.5296508818292 87.9108314877502 87.9525365899369 90.0607709142933 89.5530024333187 91.3465909277313 92.2940272739685 92.1630369518104 92.1533514856304 93.1565664868469 92.8141709970972 94.0431500661476
85.8576544925637 82.93128213749 0 87.4570865748645 86.3000751699915 85.3461292680899 90.3129961068127 87.5680821732371 87.669856364134 91.9616667587798 90.4004842763326 90.8611338332671 93.2906606638254 92.2237738739986 91.6982592851353 93.9242228296478 93.2905341819528 93.8278416184904
76.1350517739506 82.0171329637785 87.4570865748645 0 83.9925487547429 87.0679967752654 81.1136705287218 86.2196361444474 86.1924886111327 85.8464342187456 86.4284596991444 89.8856667625148 89.5241953973719 90.2609660205458 90.7490516173508 90.7633342770328 90.6117913722832 92.6529911988424
85.3563600026657 86.0198722703839 86.3000751699915 83.9925487547429 0 77.8718063285063 84.7635075614827 73.9536370923738 74.0608757462916 86.6212442410694 81.9401435468265 84.5803968642813 88.2272808196744 86.4578371154628 86.2459746228643 89.2684262627964 88.170498810619 89.6788680708702
87.5047984831427 87.28054592573 85.3461292680899 87.0679967752654 77.8718063285063 0 88.002829084837 76.9747808619358 77.3975598292249 89.1757964991576 85.0947406576928 84.3249127784517 89.9055670090681 87.2016042685911 86.0009398949349 90.5797990005825 89.3116400006228 89.7314264593261
84.9959467516818 87.5296508818292 90.3129961068127 81.1136705287218 84.7635075614827 88.002829084837 0 85.9975504115668 85.891837352535 78.3666599593055 83.1548703552811 88.6566392187291 85.7613452311201 88.2171228302489 89.432921744009 87.669856364134 87.9199887622108 91.1170099712693
87.4196115005074 87.9108314877502 87.5680821732371 86.2196361444474 73.9536370923738 76.9747808619358 85.9975504115668 0 50.943337135734 86.9731560150681 80.7750878561122 81.6418673468703 87.6850568016727 84.598216984643 83.9154690956304 88.5776170713634 87.0637545821867 88.2688829342483
87.4293764170868 87.9525365899369 87.669856364134 86.1924886111327 74.0608757462916 77.3975598292249 85.891837352535 50.943337135734 0 86.8478542174894 80.4905850455247 81.5446471310445 87.5581511141702 84.4632316900903 83.8358812162758 88.4661269903352 86.9399849236182 88.2032697249812
88.302518301047 90.0607709142933 91.9616667587798 85.8464342187456 86.6212442410694 89.1757964991576 78.3666599593055 86.9731560150681 86.8478542174894 0 82.2547098735201 88.1860958317419 81.5313920024931 86.8366883935755 88.7320818557614 84.469985132245 85.5107920892135 89.935247441013
88.3866582056277 89.5530024333187 90.4004842763326 86.4284596991444 81.9401435468265 85.0947406576928 83.1548703552811 80.7750878561122 80.4905850455247 82.2547098735201 0 82.2867022452208 82.5525221311318 81.4121890441111 83.6814491297281 84.3872598725851 82.7417264159659 86.9027061984258
90.9119548206408 91.3465909277313 90.8611338332671 89.8856667625148 84.5803968642813 84.3249127784517 88.6566392187291 81.6418673468703 81.5446471310445 88.1860958317419 82.2867022452208 0 86.6265279866851 77.989131632697 71.1963957883817 86.7894758974519 83.9547226928842 83.0558778119128
91.1606037798718 92.2940272739685 93.2906606638254 89.5241953973719 88.2272808196744 89.9055670090681 85.7613452311201 87.6850568016727 87.5581511141702 81.5313920024931 82.5525221311318 86.6265279866851 0 83.3947608622636 86.6545999065771 73.6501254971811 78.5210920458533 86.7826891611015
91.4904250151146 92.1630369518104 92.2237738739986 90.2609660205458 86.4578371154628 87.2016042685911 88.2171228302489 84.598216984643 84.4632316900903 86.8366883935755 81.4121890441111 77.989131632697 83.3947608622636 0 76.7239959740949 83.091775616211 78.0105149591016 80.3185160559075
91.7271802232159 92.1533514856304 91.6982592851353 90.7490516173508 86.2459746228643 86.0009398949349 89.432921744009 83.9154690956304 83.8358812162758 88.7320818557614 83.6814491297281 71.1963957883817 86.6545999065771 76.7239959740949 0 86.4900454874486 83.3550650034345 80.6117913722832
92.1826698117016 93.1565664868469 93.9242228296478 90.7633342770328 89.2684262627964 90.5797990005825 87.669856364134 88.5776170713634 88.4661269903352 84.469985132245 84.3872598725851 86.7894758974519 73.6501254971811 83.091775616211 86.4900454874486 0 76.2196361444474 85.6238550502764
91.963727386624 92.8141709970972 93.2905341819528 90.6117913722832 88.170498810619 89.3116400006228 87.9199887622108 87.0637545821867 86.9399849236182 85.5107920892135 82.7417264159659 83.9547226928842 78.5210920458533 78.0105149591016 83.3550650034345 76.2196361444474 0 82.5420156066597
93.5741324477537 94.0431500661476 93.8278416184904 92.6529911988424 89.6788680708702 89.7314264593261 91.1170099712693 88.2688829342483 88.2032697249812 89.935247441013 86.9027061984258 83.0558778119128 86.7826891611015 80.3185160559075 80.6117913722832 85.6238550502764 82.5420156066597 0
