0 87.0253872127773 88.5899544600269 62.0827706588024 84.9659509602808 87.7344349565518 79.7799514872702 88.0715171378125 89.8909270794529 85.189703782236 89.7907245134303 89.7697207526944 87.9486437055199 90.0101885171499 90.891785631268 89.5241953973719 90.1762955422891 92.0103444593576
87.0253872127773 0 74.0502702591676 86.6136007973246 78.607465606858 81.7441879861927 89.0294974900039 87.4879904709355 86.0016174742824 89.0406172678931 90.3534795727897 87.7783103125321 91.7629277987388 91.4604563293017 90.0415708322431 92.7200004958645 91.8670341320252 91.6951556819209
88.5899544600269 74.0502702591676 0 88.2240328473296 80.6398255405413 80.8821062851461 90.0487808139227 87.4293764170868 84.8465048204424 89.6321315981049 90.3177637485778 87.2216025149133 92.2197294856161 91.5597464763509 89.6675223265374 93.0795770698949 91.9992904577663 91.4037991397916
62.0827706588024 86.6136007973246 88.2240328473296 0 84.3398387118709 87.2704401740636 79.7170505944318 87.6689334133668 89.5317156500199 84.8358842042205 89.5166621000467 89.4221471101878 87.8461841608603 89.7949696782977 90.6117913722832 89.4439764069448 89.9850808185757 91.7840928135208
84.9659509602808 78.607465606858 80.6398255405413 84.3398387118709 0 77.4802850888848 86.5304228410657 84.0502702591676 83.8681130724119 85.9682911348595 87.9486437055199 85.2068228736091 89.645619925852 89.276402288581 87.9408474526292 90.8300412803813 89.7754074692579 89.9316855164168
87.7344349565518 81.7441879861927 80.8821062851461 87.2704401740636 77.4802850888848 0 88.2386296320058 81.9625254725383 78.3666599593055 86.5495758812333 86.7554356592824 81.780154608477 89.9810175610028 88.6230543495502 85.8604550374417 90.971043416746 89.2572351600704 88.4131800884748
79.7799514872702 89.0294974900039 90.0487808139227 79.7170505944318 86.5304228410657 88.2386296320058 0 86.7787253282775 89.7337221881064 80.6861507245123 87.8293148865457 88.9922245819579 83.7331583043885 87.5694990439426 89.67130753563 86.1448960051827 87.6253319777206 90.6346994717011
88.0715171378125 87.4879904709355 87.4293764170868 87.6689334133668 84.0502702591676 81.9625254725383 86.7787253282775 0 80.9865508735604 82.1441384770285 79.3756649167141 76.2325041385106 86.6112462595499 83.2286239093058 79.9085993106296 87.7235104485739 84.4088227212188 83.9296849669784
89.8909270794529 86.0016174742824 84.8465048204424 89.5317156500199 83.8681130724119 78.3666599593055 89.7337221881064 80.9865508735604 0 87.3882153998726 85.3915891308315 76.5063621434069 90.2609660205458 87.8333161667972 82.79025144391 91.0039308295804 88.5962964327146 86.1821018921153
85.189703782236 89.0406172678931 89.6321315981049 84.8358842042205 85.9682911348595 86.5495758812333 80.6861507245123 82.1441384770285 87.3882153998726 0 82.8143121415688 85.6891416591578 80.4396763737266 82.6135550936366 86.0655101880703 83.4864004590469 82.9967343500493 87.3207354069254
89.7907245134303 90.3534795727897 90.3177637485778 89.5166621000467 87.9486437055199 86.7554356592824 87.8293148865457 79.3756649167141 85.3915891308315 82.8143121415688 0 81.6065963893544 84.9659509602808 75.8358888194266 77.9762509169206 85.5016794196997 78.5776170713634 79.4681370721026
89.7697207526944 87.7783103125321 87.2216025149133 89.4221471101878 85.2068228736091 81.780154608477 88.9922245819579 76.2325041385106 76.5063621434069 85.6891416591578 81.6065963893544 0 88.7262970466224 85.1831644325058 77.4754622734875 89.4586723216596 86.213187821334 83.051870788883
87.9486437055199 91.7629277987388 92.2197294856161 87.8461841608603 89.645619925852 89.9810175610028 83.7331583043885 86.6112462595499 90.2609660205458 80.4396763737266 84.9659509602808 88.7262970466224 0 82.5163934390137 88.1465843099084 73.964480905296 81.7097415724374 88.3065052147751
90.0101885171499 91.4604563293017 91.5597464763509 89.7949696782977 89.276402288581 88.6230543495502 87.5694990439426 83.2286239093058 87.8333161667972 82.6135550936366 75.8358888194266 85.1831644325058 82.5163934390137 0 82.7460299124228 82.4936594236437 67.2272264362371 82.111074405493
90.891785631268 90.0415708322431 89.6675223265374 90.6117913722832 87.9408474526292 85.8604550374417 89.67130753563 79.9085993106296 82.79025144391 86.0655101880703 77.9762509169206 77.4754622734875 88.1465843099084 82.7460299124228 0 88.5434130797284 84.0502702591676 76.5662657802988
89.5241953973719 92.7200004958645 93.0795770698949 89.4439764069448 90.8300412803813 90.971043416746 86.1448960051827 87.7235104485739 91.0039308295804 83.4864004590469 85.5016794196997 89.4586723216596 73.964480905296 82.4936594236437 88.5434130797284 0 81.1902457592883 88.2773162293482
90.1762955422891 91.8670341320252 91.9992904577663 89.9850808185757 89.7754074692579 89.2572351600704 87.6253319777206 84.4088227212188 88.5962964327146 82.9967343500493 78.5776170713634 86.213187821334 81.7097415724374 67.2272264362371 84.0502702591676 81.1902457592883 0 83.2067580073703
92.0103444593576 91.6951556819209 91.4037991397916 91.7840928135208 89.9316855164168 88.4131800884748 90.6346994717011 83.9296849669784 86.1821018921153 87.3207354069254 79.4681370721026 83.051870788883 88.3065052147751 82.111074405493 76.5662657802988 88.2773162293482 83.2067580073703 0
