0 83.0625479788191 87.7285209261352 84.2077199036913 81.8069354424815 88.5776170713634 84.7245895919278 85.6452361985895 90.4520948838155 88.9922245819579 90.7732816823207 91.6355767087045 90.6122600944054 90.2234529108282 93.2462932749045 93.0470574759869 93.6539660821333 93.3878402270883
83.0625479788191 0 80.3534795727897 86.7211265026863 76.706750637792 83.0088975767243 87.0055380079075 85.7065803099363 87.8598975707155 89.05908719444 89.115684439989 89.5819167545738 91.0058576494277 89.3958683106901 92.1230064906517 93.4419218599077 93.0418370266554 92.3546980369414
87.7285209261352 80.3534795727897 0 88.7998381164405 82.6751998198568 74.9227372224544 88.9370872947531 87.0759397357537 85.6657806624687 89.4784941033033 87.9347740096789 87.7647878994723 91.3619991629469 89.043308689356 91.1136705287218 93.622091328923 92.4633141159714 91.4203682170771
84.2077199036913 86.7211265026863 88.7998381164405 0 83.5404701896413 88.5176770351167 59.9742370056535 77.2169957016613 88.1465843099084 82.3121275344892 87.4759447961055 89.2095913768463 85.0435132177645 85.5971656502182 90.455011732743 89.1522450347246 90.5527990930723 90.5634770122259
81.8069354424815 76.706750637792 82.6751998198568 83.5404701896413 0 83.447537158823 83.9154690956304 81.9693890769997 86.6633352997047 86.7787253282775 87.5972706385311 88.5263989529871 89.2027885677725 87.5047984831427 91.0742385169846 92.1187014628374 91.9209411066156 91.3036344422995
88.5776170713634 83.0088975767243 74.9227372224544 88.5176770351167 83.447537158823 0 88.5989051438011 86.299442594822 82.7916704750675 88.456898132988 85.9621420732846 85.54930902471 90.4982904275753 87.6014914156434 89.7020490430077 92.883482599481 91.3360899497185 90.0692771132551
84.7245895919278 87.0055380079075 88.9370872947531 59.9742370056535 83.9154690956304 88.5989051438011 0 76.9639370490137 88.0529683256868 81.715198676593 87.2825642572728 89.0808144988098 84.5502177560408 85.26340400843 90.2662986825928 88.8451328264355 90.3265325691556 90.3696174454812
85.6452361985895 85.7065803099363 87.0759397357537 77.2169957016613 81.9693890769997 86.299442594822 76.9639370490137 0 85.2440876912534 79.5556933220744 84.5160136821761 86.7554356592824 84.2606460638886 82.5269620566865 88.7309977908178 88.8927464025314 89.250506630103 88.9218961216174
90.4520948838155 87.8598975707155 85.6657806624687 88.1465843099084 86.6633352997047 82.7916704750675 88.0529683256868 85.2440876912534 0 85.4032689536105 76.7696515306304 74.7182209694953 87.6758507678725 82.3921913186054 84.4892230145064 90.3953139567674 87.3620425904971 85.1470209343093
88.9922245819579 89.05908719444 89.4784941033033 82.3121275344892 86.7787253282775 88.456898132988 81.715198676593 79.5556933220744 85.4032689536105 0 82.7760355725621 85.9029410845511 77.2272264362371 77.1185824845969 86.4394995309249 85.4164682239697 86.299442594822 86.5256213537673
90.7732816823207 89.115684439989 87.9347740096789 87.4759447961055 87.5972706385311 85.9621420732846 87.2825642572728 84.5160136821761 76.7696515306304 82.7760355725621 0 75.5372620133263 85.1757958751021 77.0125223952169 81.4741215705682 88.4065647866336 84.6401331313322 82.21762491425
91.6355767087045 89.5819167545738 87.7647878994723 89.2095913768463 88.5263989529871 85.54930902471 89.0808144988098 86.7554356592824 74.7182209694953 85.9029410845511 75.5372620133263 0 87.5878764215456 82.2930725357932 81.4741215705682 89.9085993106296 85.6657806624687 82.4447587542196
90.6122600944054 91.0058576494277 91.3619991629469 85.0435132177645 89.2027885677725 90.4982904275753 84.5502177560408 84.2606460638886 87.6758507678725 77.2272264362371 85.1757958751021 87.5878764215456 0 80.9193850103386 86.625354376404 81.2209091826396 85.2125142745422 86.5075683494469
90.2234529108282 89.3958683106901 89.043308689356 85.5971656502182 87.5047984831427 87.6014914156434 85.26340400843 82.5269620566865 82.3921913186054 77.1185824845969 77.0125223952169 82.2930725357932 80.9193850103386 0 83.0930994829547 86.1396485255302 83.9968508302003 83.3550650034345
93.2462932749045 92.1230064906517 91.1136705287218 90.455011732743 91.0742385169846 89.7020490430077 90.2662986825928 88.7309977908178 84.4892230145064 86.4394995309249 81.4741215705682 81.4741215705682 86.625354376404 83.0930994829547 0 87.7285209261352 78.4135689102503 63.2478263495168
93.0470574759869 93.4419218599077 93.622091328923 89.1522450347246 92.1187014628374 92.883482599481 88.8451328264355 88.8927464025314 90.3953139567674 85.4164682239697 88.4065647866336 89.9085993106296 81.2209091826396 86.1396485255302 87.7285209261352 0 84.8429675000929 87.3867381239972
93.6539660821333 93.0418370266554 92.4633141159714 90.5527990930723 91.9209411066156 91.3360899497185 90.3265325691556 89.250506630103 87.3620425904971 86.299442594822 84.6401331313322 85.6657806624687 85.2125142745422 83.9968508302003 78.4135689102503 84.8429675000929 0 76.8817337465467
93.3878402270883 92.3546980369414 91.4203682170771 90.5634770122259 91.3036344422995 90.0692771132551 90.3696174454812 88.9218961216174 85.1470209343093 86.5256213537673 82.21762491425 82.4447587542196 86.5075683494469 83.3550650034345 63.2478263495168 87.3867381239972 76.8817337465467 0
