0 85.0561662659079 88.1254466830527 82.240236057727 83.4107842329724 89.3772223651149 84.0438945132429 88.0398521104086 88.458052813232 87.6351107671628 88.7852291895436 90.5289759679537 87.8275353557611 90.455011732743 91.8896204024355 92.1375457701549 91.6536838862755 93.5711692342417
85.0561662659079 0 79.8447517363798 86.6790148661262 76.0621707455228 83.0290942252098 87.0071507868401 87.1159623066478 83.9893193991704 89.9810175610028 87.4269372455433 87.7917907521781 89.0119174309222 90.0796215678934 90.5435236125365 92.8143121415688 91.5142900318607 92.9463689655499
88.1254466830527 79.8447517363798 0 87.7525816237939 80.6024062906859 72.79025144391 87.5751619087924 85.5523155632995 78.6223132959149 90.0287234574536 85.4280814178556 84.3368576261899 88.5704977952286 88.6760806191086 88.4638216139284 92.1195296842902 90.2946294848908 91.5194276980288
82.240236057727 86.6790148661262 87.7525816237939 0 83.8146333429251 88.6389564942146 70.0814756595712 83.4242964466753 86.4681941466635 81.2066265229575 84.8172353991213 88.1383073018398 81.4510002480644 86.5811134693557 89.1338385203887 88.7887968762792 88.2293095695683 91.0505757896518
83.4107842329724 76.0621707455228 80.6024062906859 83.8146333429251 0 83.3049294415307 84.1427215355371 84.658633456727 82.2095208909635 88.029670345888 85.2585829776085 86.5364172448041 86.8282951458061 88.4333528027782 89.3434565884847 91.5169547655844 90.1288824412368 91.9473872513929
89.3772223651149 83.0290942252098 72.79025144391 88.6389564942146 83.3049294415307 0 88.3315389565909 85.6282873808047 77.8718063285063 90.3970380806371 85.2287344421139 82.9092436769071 88.8451328264355 88.4065647866336 87.6910302758883 92.0250959209899 90.0004866196317 90.9962149901385
84.0438945132429 87.0071507868401 87.5751619087924 70.0814756595712 84.1427215355371 88.3315389565909 0 81.6270513160605 85.8125984119335 79.4467356815688 83.323798167022 87.2820597623173 78.7966354858417 85.1798910614678 88.1667965604898 87.8319828162819 87.0849242308258 90.2375263928769
88.0398521104086 87.1159623066478 85.5523155632995 83.4242964466753 84.658633456727 85.6282873808047 81.6270513160605 0 81.0632682823266 83.6033008406848 68.3073021585004 81.2066265229575 79.115684439989 79.3756649167141 82.9953807752155 86.6563483913967 83.5261172881643 87.2216025149133
88.458052813232 83.9893193991704 78.6223132959149 86.4681941466635 82.2095208909635 77.8718063285063 85.8125984119335 81.0632682823266 0 88.18363686509 80.4103155081914 78.7859429613949 86.0252663959884 85.4658028809384 85.1986793407167 90.1615019788357 87.6924076039253 89.3283648950736
87.6351107671628 89.9810175610028 90.0287234574536 81.2066265229575 88.029670345888 90.3970380806371 79.4467356815688 83.6033008406848 88.18363686509 0 84.7571957958678 88.4193970634207 76.0016174742824 84.0608757462916 87.9719488414633 84.5803968642813 85.2287344421139 89.1561791587823
88.7852291895436 87.4269372455433 85.4280814178556 84.8172353991213 85.2585829776085 85.2287344421139 83.323798167022 68.3073021585004 80.4103155081914 84.7571957958678 0 79.178079427437 80.855597892659 78.6555361552294 81.4529317334505 86.7468837467999 83.0838239298534 86.5662657802988
90.5289759679537 87.7917907521781 84.3368576261899 88.1383073018398 86.5364172448041 82.9092436769071 87.2820597623173 81.2066265229575 78.7859429613949 88.4193970634207 79.178079427437 0 86.051467240859 83.0930994829547 80.229855602271 88.9208584222411 85.4535216572886 86.6440941889501
87.8275353557611 89.0119174309222 88.5704977952286 81.4510002480644 86.8282951458061 88.8451328264355 78.7966354858417 79.115684439989 86.0252663959884 76.0016174742824 80.855597892659 86.051467240859 0 80.4103155081914 85.6540528718643 84.2169264795973 83.0088975767243 87.7285209261352
90.455011732743 90.0796215678934 88.6760806191086 86.5811134693557 88.4333528027782 88.4065647866336 85.1798910614678 79.3756649167141 85.4658028809384 84.0608757462916 78.6555361552294 83.0930994829547 80.4103155081914 0 79.3002428506583 82.774611422748 75.1675938994461 83.1718019354755
91.8896204024355 90.5435236125365 88.4638216139284 89.1338385203887 89.3434565884847 87.6910302758883 88.1667965604898 82.9953807752155 85.1986793407167 87.9719488414633 81.4529317334505 80.229855602271 85.6540528718643 79.3002428506583 0 86.191840168456 80.6117913722832 81.0058576494277
92.1375457701549 92.8143121415688 92.1195296842902 88.7887968762792 91.5169547655844 92.0250959209899 87.8319828162819 86.6563483913967 90.1615019788357 84.5803968642813 86.7468837467999 88.9208584222411 84.2169264795973 82.774611422748 86.191840168456 0 79.7170505944318 84.4555005891274
91.6536838862755 91.5142900318607 90.2946294848908 88.2293095695683 90.1288824412368 90.0004866196317 87.0849242308258 83.5261172881643 87.6924076039253 85.2287344421139 83.0838239298534 85.4535216572886 83.0088975767243 75.1675938994461 80.6117913722832 79.7170505944318 0 80.3733330693944
93.5711692342417 92.9463689655499 91.5194276980288 91.0505757896518 91.9473872513929 90.9962149901385 90.2375263928769 87.2216025149133 89.3283648950736 89.1561791587823 86.5662657802988 86.6440941889501 87.7285209261352 83.1718019354755 81.0058576494277 84.4555005891274 80.3733330693944 0
