0 83.9296849669784 85.1130688617644 78.1901910181076 82.3184606669553 86.8327735631342 80.5527990930723 87.6014914156434 86.821007853661 87.9525365899369 87.4754622734875 90.7735074951282 88.3635146071354 90.2214020543736 90.7490516173508 91.4016502792116 90.2662986825928 93.014022950875
83.9296849669784 0 72.3105428072981 86.0521369832952 73.6033008406848 80.9865508735604 86.4247735100825 86.4924666414174 81.989915045822 90.302690170124 87.817734881193 89.0379241774609 90.7841074747623 89.4488805726932 88.8648016760567 92.3622226327926 90.5946483012882 92.1120699990065
85.1130688617644 72.3105428072981 0 87.378357389014 78.940188044825 83.1574795141574 87.7935849867912 87.9869874979613 84.0830633243401 91.30503323283 89.1597823111562 90.01879426857 91.7282678173998 90.5043007593201 89.8444720786432 93.1852998323364 91.5813602244859 92.8345892049893
78.1901910181076 86.0521369832952 87.378357389014 0 84.0417671828947 86.9557863838392 68.9021373091748 85.9566689221897 86.6545999065771 84.5700464329907 84.9925291281972 89.7907245134303 85.1437201970658 88.7197799126989 89.8296243895863 89.3784679218221 88.2584189716943 91.9616667587798
82.3184606669553 73.6033008406848 78.940188044825 84.0417671828947 0 79.7314264593261 84.348769710876 84.7109310897828 80.3185160559075 88.9298435901867 86.0788423391974 88.1498907012513 89.4927706264932 88.2993261327158 88.0062467083217 91.3384697542362 89.4042329393139 91.4201736537717
86.8327735631342 80.9865508735604 83.1574795141574 86.9557863838392 79.7314264593261 0 86.728583188484 81.9002599641319 66.0621707455228 89.230258266053 84.924474053039 84.7680103558923 89.8385951024459 85.9463881358397 84.4429081229287 90.7560854627999 88.1963265663177 89.3905934154663
80.5527990930723 86.4247735100825 87.7935849867912 68.9021373091748 84.348769710876 86.728583188484 0 85.0265849374382 86.3246740082407 83.1247518173108 83.6710330012516 89.197922886098 83.8681130724119 87.9178102094593 89.2597956700238 88.5241253582302 87.2886136300243 91.4063373322637
87.6014914156434 86.4924666414174 87.9869874979613 85.9566689221897 84.7109310897828 81.9002599641319 85.0265849374382 0 80.3733330693944 85.4288545277498 75.4535216572886 80.8422827729217 86.3597535167021 78.9847314590875 80.9865508735604 86.8944396935144 82.4570356382086 86.3846379556137
86.821007853661 81.989915045822 84.0830633243401 86.6545999065771 80.3185160559075 66.0621707455228 86.3246740082407 80.3733330693944 0 88.6957997331364 83.9110856031371 83.9405886754904 89.3447118655565 85.0561662659079 83.622091328923 90.239824990559 87.4889526831515 88.8899600074921
87.9525365899369 90.302690170124 91.30503323283 84.5700464329907 88.9298435901867 89.230258266053 83.1247518173108 85.4288545277498 88.6957997331364 0 82.1900093127201 88.6385873374445 66.5662657802988 86.2093142267685 88.8567341753854 82.4921395829216 82.9899622532162 89.735729955783
87.4754622734875 87.817734881193 89.1597823111562 84.9925291281972 86.0788423391974 84.924474053039 83.6710330012516 75.4535216572886 83.9110856031371 82.1900093127201 0 83.4633673411186 83.4984742639294 79.7428929869615 83.7593515739906 84.6595564074942 79.5556933220744 86.8193244329465
90.7735074951282 89.0379241774609 90.01879426857 89.7907245134303 88.1498907012513 84.7680103558923 89.197922886098 80.8422827729217 83.9405886754904 88.6385873374445 83.4633673411186 0 89.2379830643289 77.2169957016613 60.4857622301273 87.9955576927879 83.9536370923738 81.7369587796645
88.3635146071354 90.7841074747623 91.7282678173998 85.1437201970658 89.4927706264932 89.8385951024459 83.8681130724119 86.3597535167021 89.3447118655565 66.5662657802988 83.4984742639294 89.2379830643289 0 86.9470754473467 89.4488805726932 82.5269620566865 83.8045321616377 90.1320245695439
90.2214020543736 89.4488805726932 90.5043007593201 88.7197799126989 88.2993261327158 85.9463881358397 87.9178102094593 78.9847314590875 85.0561662659079 86.2093142267685 79.7428929869615 77.2169957016613 86.9470754473467 0 78.2753097867997 85.0805247863448 78.607465606858 81.8512064152267
90.7490516173508 88.8648016760567 89.8444720786432 89.8296243895863 88.0062467083217 84.4429081229287 89.2597956700238 80.9865508735604 83.622091328923 88.8567341753854 83.7593515739906 60.4857622301273 89.4488805726932 78.2753097867997 0 88.3315389565909 84.4632316900903 82.2675351167102
91.4016502792116 92.3622226327926 93.1852998323364 89.3784679218221 91.3384697542362 90.7560854627999 88.5241253582302 86.8944396935144 90.239824990559 82.4921395829216 84.6595564074942 87.9955576927879 82.5269620566865 85.0805247863448 88.3315389565909 0 79.5914134259955 87.2415090959192
90.2662986825928 90.5946483012882 91.5813602244859 88.2584189716943 89.4042329393139 88.1963265663177 87.2886136300243 82.4570356382086 87.4889526831515 82.9899622532162 79.5556933220744 83.9536370923738 83.8045321616377 78.607465606858 84.4632316900903 79.5914134259955 0 84.407844910831
93.014022950875 92.1120699990065 92.8345892049893 91.9616667587798 91.4201736537717 89.3905934154663 91.4063373322637 86.3846379556137 88.8899600074921 89.735729955783 86.8193244329465 81.7369587796645 90.1320245695439 81.8512064152267 82.2675351167102 87.2415090959192 84.407844910831 0
