0 86.5214156933801 88.9949461517284 79.5943768821453 86.8148321182775 88.6595793524246 85.1986793407167 88.3477535852317 89.9810175610028 88.6906959612515 90.7447349131916 90.3375311690272 89.8723490908437 92.6800064602625 91.6298331746924 92.4516687713003 92.7760355725621 94.2749875611728
86.5214156933801 0 82.1900093127201 81.780154608477 70.6047544631244 76.9312422033652 87.5789330539932 78.3192387985912 82.9106243619669 88.7439887447076 87.0949437788996 82.7460299124228 89.2511478917976 89.5961539856901 86.6136007973246 91.8810549507213 89.815288906147 91.4092641737666
88.9949461517284 82.1900093127201 0 86.8159556326594 84.0608757462916 84.3408319525428 91.1457065748421 85.7548958440144 87.5181982133246 92.0867776818322 90.6727672167897 86.8193244329465 92.4350662223045 92.1891944248635 89.6838043908563 94.3124351946833 92.3687959765968 93.3129901267638
79.5943768821453 81.780154608477 86.8159556326594 0 81.9332335297458 84.9374781893717 83.8325331923513 84.4029525538654 86.8745356467734 87.0775265860798 88.3073021585004 87.3590696675158 88.2386296320058 90.782530393131 89.197922886098 91.3360899497185 90.922877176428 92.6708255255615
86.8148321182775 70.6047544631244 84.0608757462916 81.9332335297458 0 74.2979161426279 86.8282951458061 74.3279020717801 80.9193850103386 87.7935849867912 85.6942351696241 81.1510920176696 88.2741054761706 88.6018846103919 85.3563600026657 91.1313819751056 88.8426679450515 90.6639762958143
88.6595793524246 76.9312422033652 84.3408319525428 84.9374781893717 74.2979161426279 0 88.1552582241713 70.6047544631244 77.4947214838478 88.4749529470585 84.9719667154197 76.5364172448041 88.6665542029632 87.7285209261352 83.381156296672 91.2066265229575 88.0194646547471 89.741461325561
85.1986793407167 87.5789330539932 91.1457065748421 83.8325331923513 86.8282951458061 88.1552582241713 0 87.1185824845969 88.0870539161237 79.4497994875647 86.8817337465467 88.9847314590875 82.7114819424818 89.480623370636 89.3170116089997 87.5827009274052 89.53712217999 91.7726262858853
88.3477535852317 78.3192387985912 85.7548958440144 84.4029525538654 74.3279020717801 70.6047544631244 87.1185824845969 0 75.4535216572886 87.3062096567191 83.4181597425046 76.5662657802988 87.5067152634095 86.850083941486 82.4921395829216 90.3745709046085 87.1561388112382 89.2408763249838
89.9810175610028 82.9106243619669 87.5181982133246 86.8745356467734 80.9193850103386 77.4947214838478 88.0870539161237 75.4535216572886 0 87.462413856604 80.9368178278012 70.2119042252309 87.2537141011014 84.5719301653208 77.4269372455433 89.7907245134303 84.9959467516818 87.334714319435
88.6906959612515 88.7439887447076 92.0867776818322 87.0775265860798 87.7935849867912 88.4749529470585 79.4497994875647 87.3062096567191 87.462413856604 0 84.3199260459954 88.5603608111481 72.7760355725621 87.0886183332094 87.9852714276756 83.3699935021867 87.0849242308258 89.9267487930091
90.7447349131916 87.0949437788996 90.6727672167897 88.3073021585004 85.6942351696241 84.9719667154197 86.8817337465467 83.4181597425046 80.9368178278012 84.3199260459954 0 82.987250454927 83.050534292544 78.6994416157976 79.1420653552395 86.0440932492735 79.2234877779738 84.7904545651168
90.3375311690272 82.7460299124228 86.8193244329465 87.3590696675158 81.1510920176696 76.5364172448041 88.9847314590875 76.5662657802988 70.2119042252309 88.5603608111481 82.987250454927 0 88.3960373756239 85.5859964760748 78.6555361552294 90.6293339226697 85.9785202629748 87.7647878994723
89.8723490908437 89.2511478917976 92.4350662223045 88.2386296320058 88.2741054761706 88.6665542029632 82.7114819424818 87.5067152634095 87.2537141011014 72.7760355725621 83.050534292544 88.3960373756239 0 85.6591876775859 87.3152313572216 80.8776994407101 85.6038533927274 88.8380865933347
92.6800064602625 89.5961539856901 92.1891944248635 90.782530393131 88.6018846103919 87.7285209261352 89.480623370636 86.850083941486 84.5719301653208 87.0886183332094 78.6994416157976 85.5859964760748 85.6591876775859 0 80.715999260007 86.1821018921153 59.0724707021626 79.0891422958372
91.6298331746924 86.6136007973246 89.6838043908563 89.197922886098 85.3563600026657 83.381156296672 89.3170116089997 82.4921395829216 77.4269372455433 87.9852714276756 79.1420653552395 78.6555361552294 87.3152313572216 80.715999260007 0 89.1123755294906 81.4063373322637 84.0576968186256
92.4516687713003 91.8810549507213 94.3124351946833 91.3360899497185 91.1313819751056 91.2066265229575 87.5827009274052 90.3745709046085 89.7907245134303 83.3699935021867 86.0440932492735 90.6293339226697 80.8776994407101 86.1821018921153 89.1123755294906 0 85.9298880881852 88.4565131713408
92.7760355725621 89.815288906147 92.3687959765968 90.922877176428 88.8426679450515 88.0194646547471 89.53712217999 87.1561388112382 84.9959467516818 87.0849242308258 79.2234877779738 85.9785202629748 85.6038533927274 59.0724707021626 81.4063373322637 85.9298880881852 0 78.9090804678383
94.2749875611728 91.4092641737666 93.3129901267638 92.6708255255615 90.6639762958143 89.741461325561 91.7726262858853 89.2408763249838 87.334714319435 89.9267487930091 84.7904545651168 87.7647878994723 88.8380865933347 79.0891422958372 84.0576968186256 88.4565131713408 78.9090804678383 0
