0 84.3408319525428 87.3719376615789 72.1654959184623 83.0129444272911 86.5268222233502 80.9541809486562 87.1556194134239 87.2765064464768 85.5673171147236 86.3516352768448 89.0112398515747 89.8715153788298 89.2716184311276 89.8242892483495 91.0937895274782 91.7033662721979 93.140753746197
84.3408319525428 0 77.5944545064845 81.9401435468265 69.0724707021626 77.6131943190306 88.3073021585004 86.3453801341546 82.8884805545587 88.4810821813038 87.6758507678725 88.120458136718 92.0196759197323 89.1113823645317 89.5317156500199 92.6565053822997 92.8712411069405 93.1267224494942
87.3719376615789 77.5944545064845 0 85.7152734467552 79.3475349130989 72.3105428072981 90.0402343359042 86.137022406134 80.8222332357115 89.3756649167141 88.1860958317419 87.5263136388159 92.5163934390137 88.8115609307259 89.1272458135151 92.9432187775808 93.0063326195754 92.7445958873746
72.1654959184623 81.9401435468265 85.7152734467552 0 80.0867687069284 84.7100189938393 82.9953807752155 86.2440528241078 85.8358888194266 85.6657806624687 85.9271319752455 88.3029171571633 90.1364720300647 88.7555037265309 89.3223765816634 91.220094294783 91.7300798693387 92.8974900978277
83.0129444272911 69.0724707021626 79.3475349130989 80.0867687069284 0 78.0232945999633 87.3471575828297 85.4703994008443 82.3358293114501 87.5296508818292 86.7211265026863 87.5067152634095 91.4037991397916 88.4826131392183 88.9628594842768 92.111074405493 92.3662930186317 92.7647720400194
86.5268222233502 77.6131943190306 72.3105428072981 84.7100189938393 78.0232945999633 0 89.1430515289906 84.1913043119513 77.2628453983262 88.110880710061 86.6685681142304 85.9975504115668 91.6326132525547 87.4658005457673 87.8616638929845 92.0956134490844 92.169591104828 91.9748721612208
80.9541809486562 88.3073021585004 90.0402343359042 82.9953807752155 87.3471575828297 89.1430515289906 0 87.3391980024683 88.8986615628356 82.4432217006488 85.0805247863448 88.8913534284775 86.9230298879921 88.6256470419417 89.2202600224785 88.8179418809182 89.8251320749173 92.2699356390112
87.1556194134239 86.3453801341546 86.137022406134 86.2440528241078 85.4703994008443 84.1913043119513 87.3391980024683 0 79.8531331056309 82.3999618428095 77.3431796161499 74.7904545651168 87.4019791301175 77.8319828162819 79.3818913619656 87.7998589768893 87.7783103125321 87.8634294971633
87.2765064464768 82.8884805545587 80.8222332357115 85.8358888194266 82.3358293114501 77.2628453983262 88.8986615628356 79.8531331056309 0 86.592955180357 84.2928982971025 82.1441384770285 90.3745709046085 84.4467866182246 84.9227372224544 90.7246856097169 90.6916766862194 90.218323952666
85.5673171147236 88.4810821813038 89.3756649167141 85.6657806624687 87.5296508818292 88.110880710061 82.4432217006488 82.3999618428095 86.592955180357 0 75.5673171147236 84.2005457159281 82.5420156066597 83.1365622199274 84.1706971804335 84.7136662288377 85.8040981094599 88.9021373091748
86.3516352768448 87.6758507678725 88.1860958317419 85.9271319752455 86.7211265026863 86.6685681142304 85.0805247863448 77.3431796161499 84.2928982971025 75.5673171147236 0 80.2528274474092 84.4555005891274 79.1453517305904 80.8222332357115 85.5047191012369 85.9546147109638 87.8275353557611
89.0112398515747 88.120458136718 87.5263136388159 88.3029171571633 87.5067152634095 85.9975504115668 88.8913534284775 74.7904545651168 82.1441384770285 84.2005457159281 80.2528274474092 0 87.4889526831515 72.6459542896836 73.6964506811521 87.4000155515516 87.0055380079075 85.9689738268077
89.8715153788298 92.0196759197323 92.5163934390137 90.1364720300647 91.4037991397916 91.6326132525547 86.9230298879921 87.4019791301175 90.3745709046085 82.5420156066597 84.4555005891274 87.4889526831515 0 85.9539297579115 86.3372349564591 75.3287606235951 80.0735239732136 87.7602710557797
89.2716184311276 89.1113823645317 88.8115609307259 88.7555037265309 88.4826131392183 87.4658005457673 88.6256470419417 77.8319828162819 84.4467866182246 83.1365622199274 79.1453517305904 72.6459542896836 85.9539297579115 0 65.7863355292019 85.6803960046117 85.1601988539792 84.6224845236715
89.8242892483495 89.5317156500199 89.1272458135151 89.3223765816634 88.9628594842768 87.8616638929845 89.2202600224785 79.3818913619656 84.9227372224544 84.1706971804335 80.8222332357115 73.6964506811521 86.3372349564591 65.7863355292019 0 85.8415162187485 85.1213743621328 83.7593515739906
91.0937895274782 92.6565053822997 92.9432187775808 91.220094294783 92.111074405493 92.0956134490844 88.8179418809182 87.7998589768893 90.7246856097169 84.7136662288377 85.5047191012369 87.4000155515516 75.3287606235951 85.6803960046117 85.8415162187485 0 72.9845369622933 85.8939214659009
91.7033662721979 92.8712411069405 93.0063326195754 91.7300798693387 92.3662930186317 92.169591104828 89.8251320749173 87.7783103125321 90.6916766862194 85.8040981094599 85.9546147109638 87.0055380079075 80.0735239732136 85.1601988539792 85.1213743621328 72.9845369622933 0 83.8090244763067
93.140753746197 93.1267224494942 92.7445958873746 92.8974900978277 92.7647720400194 91.9748721612208 92.2699356390112 87.8634294971633 90.218323952666 88.9021373091748 87.8275353557611 85.9689738268077 87.7602710557797 84.6224845236715 83.7593515739906 85.8939214659009 83.8090244763067 0
