0 85.3429764949431 87.9577216803775 74.484421527208 82.2354007132093 87.8461841608603 85.7094799560591 86.5364172448041 88.669854173857 86.107368620208 87.1473005892469 90.4051568865153 90.0814756595712 90.9697486257344 91.0403950196392 89.864561547615 91.6741022671343 92.845813466116
85.3429764949431 0 76.3653649600743 84.484421527208 81.4063373322637 78.0105149591016 87.2886136300243 87.250666063906 82.1965229169693 88.6208308091898 86.6934826815552 87.6758507678725 92.0727368965748 91.3132171138031 89.4412153781109 91.6276078303579 91.4643100451756 91.9280437922403
87.9577216803775 76.3653649600743 0 87.3526213444023 84.924474053039 76.9257690522703 89.0355663526282 88.8676042540802 81.9504880014648 90.218323952666 88.2000037388758 87.9719488414633 93.1330224702827 92.138040570469 89.8989437202673 92.6999046085507 92.1177073885602 92.2763305524715
74.484421527208 84.484421527208 87.3526213444023 0 78.444562403568 86.6917490863679 83.0290942252098 84.0756800526813 87.3107228495936 83.8525827295616 84.8465048204424 88.976883891973 88.9518820507696 89.6338933227531 89.6543941455899 88.6018846103919 90.4081054205934 91.7282678173998
82.2354007132093 81.4063373322637 84.924474053039 78.444562403568 0 83.0290942252098 81.3887347396581 81.7369587796645 83.5008850021645 83.6860705133182 81.5729154765791 86.1677794707972 89.1007744488532 88.5749955377406 87.4546629212388 88.5127394962013 89.1136993962343 90.2693429807388
87.8461841608603 78.0105149591016 76.9257690522703 86.6917490863679 83.0290942252098 0 87.28054592573 86.9027061984258 74.9659509602808 88.7859429613949 85.8604550374417 85.1238629181091 92.0266190783959 90.6047544631244 87.6910302758883 91.4896591649483 90.5071827667161 90.649594902617
85.7094799560591 87.2886136300243 89.0355663526282 83.0290942252098 81.3887347396581 87.28054592573 0 68.3073021585004 86.5087742205692 73.051870788883 75.5372620133263 85.5523155632995 84.6438395064827 84.1706971804335 85.372052683946 83.5201228844259 85.6120133392751 88.0466267161603
86.5364172448041 87.250666063906 88.8676042540802 84.0756800526813 81.7369587796645 86.9027061984258 68.3073021585004 0 85.8576544925637 76.2196361444474 71.0505757896518 84.3249127784517 85.0070354904267 83.3836330260342 84.0672266294399 83.7684253716377 84.6953993467273 87.202632062897
88.669854173857 82.1965229169693 81.9504880014648 87.3107228495936 83.5008850021645 74.9659509602808 86.5087742205692 85.8576544925637 0 88.1815866621444 84.3872598725851 81.9745296711912 91.4108243497479 89.4513305804129 85.5500608545083 90.7841074747623 89.1806870197213 89.1587999296661
86.107368620208 88.6208308091898 90.218323952666 83.8525827295616 83.6860705133182 88.7859429613949 73.051870788883 76.2196361444474 88.1815866621444 0 80.0308673275794 87.1473005892469 82.4416841028919 83.9209422467254 86.6136007973246 81.2876161859881 85.8323679884117 88.5513302520412
87.1473005892469 86.6934826815552 88.2000037388758 84.8465048204424 81.5729154765791 85.8604550374417 75.5372620133263 71.0505757896518 84.3872598725851 80.0308673275794 0 82.2595237792253 86.2893088411932 83.6442999499373 82.41855457111 85.1362843532686 84.3872598725851 86.5021377821021
90.4051568865153 87.6758507678725 87.9719488414633 88.976883891973 86.1677794707972 85.1238629181091 85.5523155632995 84.3249127784517 81.9745296711912 87.1473005892469 82.2595237792253 0 89.7643114661082 85.9928006862698 76.5364172448041 88.9090804678383 84.9227372224544 84.1913043119513
90.0814756595712 92.0727368965748 93.1330224702827 88.9518820507696 89.1007744488532 92.0266190783959 84.6438395064827 85.0070354904267 91.4108243497479 82.4416841028919 86.2893088411932 89.7643114661082 0 82.7417264159659 88.5127394962013 69.3002428506583 85.4465981763481 88.6994416157976
90.9697486257344 91.3132171138031 92.138040570469 89.6338933227531 88.5749955377406 90.6047544631244 84.1706971804335 83.3836330260342 89.4513305804129 83.9209422467254 83.6442999499373 85.9928006862698 82.7417264159659 0 83.1155436921792 80.857813115772 74.0502702591676 82.6342007106042
91.0403950196392 89.4412153781109 89.8989437202673 89.6543941455899 87.4546629212388 87.6910302758883 85.372052683946 84.0672266294399 85.5500608545083 86.6136007973246 82.41855457111 76.5364172448041 88.5127394962013 83.1155436921792 0 87.5067152634095 80.9972874546011 79.8920337031866
89.864561547615 91.6276078303579 92.6999046085507 88.6018846103919 88.5127394962013 91.4896591649483 83.5201228844259 83.7684253716377 90.7841074747623 81.2876161859881 85.1362843532686 88.9090804678383 69.3002428506583 80.857813115772 87.5067152634095 0 84.1239704853616 87.8119332790717
91.6741022671343 91.4643100451756 92.1177073885602 90.4081054205934 89.1136993962343 90.5071827667161 85.6120133392751 84.6953993467273 89.1806870197213 85.8323679884117 84.3872598725851 84.9227372224544 85.4465981763481 74.0502702591676 80.9972874546011 84.1239704853616 0 78.5962964327146
92.845813466116 91.9280437922403 92.2763305524715 91.7282678173998 90.2693429807388 90.649594902617 88.0466267161603 87.202632062897 89.1587999296661 88.5513302520412 86.5021377821021 84.1913043119513 88.6994416157976 82.6342007106042 79.8920337031866 87.8119332790717 78.5962964327146 0
