0 86.1996150978529 89.1077388152954 83.2796429373787 84.104089484118 88.2044938368376 88.7429076482031 88.0908247429846 91.6121845670317 90.7061489708345 89.7571837034398 90.0287234574536 89.9579203496951 92.9852154944123 92.1042650678744 91.6520241268816 92.5188113915121 93.2462932749045
86.1996150978529 0 78.1901910181076 84.6373512727003 79.4681370721026 78.2993261327158 88.4565131713408 81.6492564508544 86.9076585592248 89.8559233047754 88.108795863005 84.2322275341296 89.7230942547424 90.4790012783041 88.302518301047 90.8061266947939 91.1801819447009 90.6905260238862
89.1077388152954 78.1901910181076 0 87.4293764170868 84.0279140776271 77.989131632697 89.6038463758268 82.5390090680702 85.3208427639379 90.4724718057868 88.8030383870541 83.0384872811603 90.6005268381762 90.0026444706513 87.2501578496618 91.2438668187045 91.3176021151403 90.1262622632876
83.2796429373787 84.6373512727003 87.4293764170868 0 77.7647878994723 84.7109310897828 82.4432217006488 82.9913175176426 88.3108865966306 86.0056807318553 84.1706971804335 86.1053844833492 84.906202596418 89.645619925852 88.6994416157976 87.5859951372108 88.8549783860674 90.0487808139227
84.104089484118 79.4681370721026 84.0279140776271 77.7647878994723 0 80.3485019850597 85.0805247863448 79.4221471101878 86.8634382986654 87.4298640870463 85.280235595651 83.9110856031371 86.9666505416474 89.4839672543982 87.7738075181225 88.7515488942688 89.5314150898053 89.8231652250966
88.2044938368376 78.2993261327158 77.989131632697 84.7109310897828 80.3485019850597 0 86.9818148487283 74.7544879428325 82.9092436769071 88.1308444831307 85.8716391925209 78.1407920610298 88.2853327425963 88.1117143687293 85.0053313723672 89.1551959618225 89.3547410418552 88.3583985463156
88.7429076482031 88.4565131713408 89.6038463758268 82.4432217006488 85.0805247863448 86.9818148487283 0 84.6168963459942 87.3955942510882 76.9257690522703 75.7863355292019 86.051467240859 72.9023336598264 86.5430015466662 86.9054582071479 80.7501868793672 83.7445660987571 87.1933731458827
88.0908247429846 81.6492564508544 82.5390090680702 82.9913175176426 79.4221471101878 74.7544879428325 84.6168963459942 0 82.0693871510798 86.0414086904991 83.051870788883 76.1020755728508 86.2440528241078 86.6934826815552 83.6814491297281 87.3486483814549 87.7047839392961 87.0764687502886
91.6121845670317 86.9076585592248 85.3208427639379 88.3108865966306 86.8634382986654 82.9092436769071 87.3955942510882 82.0693871510798 0 87.0312708756033 85.0274329204183 76.1020755728508 87.9719488414633 82.8815373958952 73.6501254971811 87.5921063340461 86.8316543916761 82.9436298012717
90.7061489708345 89.8559233047754 90.4724718057868 86.0056807318553 87.4298640870463 88.1308444831307 76.9257690522703 86.0414086904991 87.0312708756033 0 75.3287606235951 86.4511223213766 72.2305599791183 84.2169264795973 85.9415820941298 72.0154368322127 78.5962964327146 85.0637404376506
89.7571837034398 88.108795863005 88.8030383870541 84.1706971804335 85.280235595651 85.8716391925209 75.7863355292019 83.051870788883 85.0274329204183 75.3287606235951 0 83.8056556760196 77.2169957016613 83.7274431504922 84.1416819317454 79.3349739648805 81.3926525972256 84.598216984643
90.0287234574536 84.2322275341296 83.0384872811603 86.1053844833492 83.9110856031371 78.1407920610298 86.051467240859 76.1020755728508 76.1020755728508 86.4511223213766 83.8056556760196 0 87.1017859644811 84.906202596418 79.7657356159223 87.4117837280712 87.2169957016613 85.2068228736091
89.9579203496951 89.7230942547424 90.6005268381762 84.906202596418 86.9666505416474 88.2853327425963 72.9023336598264 86.2440528241078 87.9719488414633 72.2305599791183 77.2169957016613 87.1017859644811 0 86.1053844833492 87.2093068035438 77.2016042685911 81.8810549507213 86.7956877693918
92.9852154944123 90.4790012783041 90.0026444706513 89.645619925852 89.4839672543982 88.1117143687293 86.5430015466662 86.6934826815552 82.8815373958952 84.2169264795973 83.7274431504922 84.906202596418 86.1053844833492 0 79.2299361010872 83.6964506811521 80.6861507245123 64.4651623168477
92.1042650678744 88.302518301047 87.2501578496618 88.6994416157976 87.7738075181225 85.0053313723672 86.9054582071479 83.6814491297281 73.6501254971811 85.9415820941298 84.1416819317454 79.7657356159223 87.2093068035438 79.2299361010872 0 86.3000751699915 85.0637404376506 79.2970716604341
91.6520241268816 90.8061266947939 91.2438668187045 87.5859951372108 88.7515488942688 89.1551959618225 80.7501868793672 87.3486483814549 87.5921063340461 72.0154368322127 79.3349739648805 87.4117837280712 77.2016042685911 83.6964506811521 86.3000751699915 0 74.8615063718665 84.5502177560408
92.5188113915121 91.1801819447009 91.3176021151403 88.8549783860674 89.5314150898053 89.3547410418552 83.7445660987571 87.7047839392961 86.8316543916761 78.5962964327146 81.3926525972256 87.2169957016613 81.8810549507213 80.6861507245123 85.0637404376506 74.8615063718665 0 81.7532076048429
93.2462932749045 90.6905260238862 90.1262622632876 90.0487808139227 89.8231652250966 88.3583985463156 87.1933731458827 87.0764687502886 82.9436298012717 85.0637404376506 84.598216984643 85.2068228736091 86.7956877693918 64.4651623168477 79.2970716604341 84.5502177560408 81.7532076048429 0
