0 84.9959467516818 87.1514619931528 82.099442252477 83.5261172881643 87.3431796161499 83.4984742639294 86.1527553555146 89.3846903526008 86.3246740082407 87.9938450062552 88.8868231746949 88.9628594842768 88.0211672696151 90.6423863078428 90.1887143134889 92.1419969448423 91.6850993900875
84.9959467516818 0 81.8069354424815 80.3310353635652 75.7863355292019 76.108690874692 87.0076882467528 79.2684262627964 82.6839352129843 87.7348895485676 84.6669329609772 82.3184606669553 88.1403780332094 84.8172353991213 87.2820597623173 90.7308469490639 90.0782967319053 88.3073021585004
87.1514619931528 81.8069354424815 0 86.6282878076665 78.9298435901867 79.4098004215052 90.2814988783078 86.625354376404 87.2016042685911 91.0721310074469 89.3500427490681 87.4000155515516 91.5527695537508 89.4412153781109 90.738820882775 93.329944229251 92.7805897161898 91.2493343553935
82.099442252477 80.3310353635652 86.6282878076665 0 82.1900093127201 84.4651623168477 81.6177655634978 77.9719488414633 84.9788316760572 83.1247518173108 82.0103444593576 83.9296849669784 85.0274329204183 82.0977779700964 86.592955180357 88.0258460216478 89.0365770057342 88.1848665224487
83.5261172881643 75.7863355292019 78.9298435901867 82.1900093127201 0 79.0220684557673 87.5410734282119 83.3513248469073 85.8737330189105 88.6665542029632 87.0371465782411 85.6716327028611 89.5530024333187 87.1394871931621 89.2894513429609 91.6037996017817 91.5355622610309 90.1471795575176
87.3431796161499 76.108690874692 79.4098004215052 84.4651623168477 79.0220684557673 0 89.1767750439405 82.774611422748 82.653284156097 89.6605255689216 86.5644806416209 83.0625479788191 89.6829336831675 86.7004101505009 88.0803421291117 92.0215398082145 90.7780212873747 88.6947065725435
83.4984742639294 87.0076882467528 90.2814988783078 81.6177655634978 87.5410734282119 89.1767750439405 0 85.1005807534212 88.8451328264355 75.891837352535 84.8358842042205 88.0402758330119 83.760486836007 84.7680103558923 88.372551361727 84.8385417941978 89.4842711162013 89.8589904547863
86.1527553555146 79.2684262627964 86.625354376404 77.9719488414633 83.3513248469073 82.774611422748 85.1005807534212 0 79.9796622965764 84.9796890336395 77.9762509169206 77.8673994840703 84.469985132245 78.2993261327158 83.4181597425046 88.3866582056277 87.2598037653182 85.3681348263785
89.3846903526008 82.6839352129843 87.2016042685911 84.9788316760572 85.8737330189105 82.653284156097 88.8451328264355 79.9796622965764 0 88.43141718532 82.0827706588024 68.3073021585004 86.9557863838392 82.3073716170739 82.0323684124072 90.2693429807388 86.8148321182775 82.7417264159659
86.3246740082407 87.7348895485676 91.0721310074469 83.1247518173108 88.6665542029632 89.6605255689216 75.891837352535 84.9796890336395 88.43141718532 0 83.2067580073703 87.5353659103793 79.7314264593261 83.0625479788191 86.9388930455938 81.3513377482993 87.753034320393 88.6643528285041
87.9938450062552 84.6669329609772 89.3500427490681 82.0103444593576 87.0371465782411 86.5644806416209 84.8358842042205 77.9762509169206 82.0827706588024 83.2067580073703 0 80.1262622632876 79.7657356159223 50.943337135734 79.2492238225855 86.0117684991275 83.964480905296 82.8662232614152
88.8868231746949 82.3184606669553 87.4000155515516 83.9296849669784 85.6716327028611 83.0625479788191 88.0402758330119 77.8673994840703 68.3073021585004 87.5353659103793 80.1262622632876 0 85.9209243186067 80.4103155081914 80.9800961612219 89.5700166380199 86.2331465384554 82.3812891741917
88.9628594842768 88.1403780332094 91.5527695537508 85.0274329204183 89.5530024333187 89.6829336831675 83.760486836007 84.469985132245 86.9557863838392 79.7314264593261 79.7657356159223 85.9209243186067 0 79.4467356815688 83.050534292544 80.3134982103822 83.379917402121 85.4833965167719
88.0211672696151 84.8172353991213 89.4412153781109 82.0977779700964 87.1394871931621 86.7004101505009 84.7680103558923 78.2993261327158 82.3073716170739 83.0625479788191 50.943337135734 80.4103155081914 79.4467356815688 0 79.2684262627964 85.8604550374417 83.8703271661733 82.9023336598264
90.6423863078428 87.2820597623173 90.738820882775 86.592955180357 89.2894513429609 88.0803421291117 88.372551361727 83.4181597425046 82.0323684124072 86.9388930455938 79.2492238225855 80.9800961612219 83.050534292544 79.2684262627964 0 87.5694990439426 79.3818913619656 73.8213544350363
90.1887143134889 90.7308469490639 93.329944229251 88.0258460216478 91.6037996017817 92.0215398082145 84.8385417941978 88.3866582056277 90.2693429807388 81.3513377482993 86.0117684991275 89.5700166380199 80.3134982103822 85.8604550374417 87.5694990439426 0 86.592955180357 88.9590891203599
92.1419969448423 90.0782967319053 92.7805897161898 89.0365770057342 91.5355622610309 90.7780212873747 89.4842711162013 87.2598037653182 86.8148321182775 87.753034320393 83.964480905296 86.2331465384554 83.379917402121 83.8703271661733 79.3818913619656 86.592955180357 0 79.8864977625784
91.6850993900875 88.3073021585004 91.2493343553935 88.1848665224487 90.1471795575176 88.6947065725435 89.8589904547863 85.3681348263785 82.7417264159659 88.6643528285041 82.8662232614152 82.3812891741917 85.4833965167719 82.9023336598264 73.8213544350363 88.9590891203599 79.8864977625784 0
