0 83.4144735534427 84.6354957098355 80.4078597858648 75.891837352535 85.0930706154422 84.5841545498447 86.3802934588265 88.3351034548413 86.2325041385106 88.8567341753854 88.3741210535554 88.9986855275619 89.6779963728472 91.1760675539626 92.6786960858331 92.4982157571468 92.987250454927
83.4144735534427 0 67.4269372455433 84.407844910831 78.6957997331364 76.5840769255055 87.5529400534949 81.9280437922403 83.6442999499373 88.4565131713408 88.7984150166263 85.0930706154422 90.2272956583012 88.7737928568809 89.0051368755729 93.2001767113131 92.2365294418894 91.4596851756052
84.6354957098355 67.4269372455433 0 85.0930706154422 80.6861507245123 75.0930706154422 87.9490764205922 81.2493343553935 82.6017133826353 88.7479504643512 88.7716451877599 84.469985132245 90.362673097309 88.5944321078012 88.5449222257149 93.2139730591623 92.1296212887 91.1211806667008
80.4078597858648 84.407844910831 85.0930706154422 0 80.7228583477486 83.785387812752 77.5944545064845 83.6033008406848 86.4345964033151 80.6560956231151 84.7832850301513 85.6745557686413 85.1536148924089 86.2766083062783 88.9590891203599 90.3185160559075 90.0308673275794 91.0471848507178
75.891837352535 78.6957997331364 80.6861507245123 80.7228583477486 0 81.7079210128555 85.303372492433 84.0576968186256 86.3246740082407 86.7073265869764 88.3882228079391 86.6998332832862 89.178079427437 88.922933573106 90.0878265427196 92.7067100313343 92.1709007493233 92.2028642890667
85.0930706154422 76.5840769255055 75.0930706154422 83.785387812752 81.7079210128555 0 86.6633352997047 75.3681348263785 78.9021373091748 87.3975598292249 86.8817337465467 81.0058576494277 89.0257845613972 86.5453933654346 86.6376614949834 92.1464435620986 90.8222332357115 89.7342959307347
84.5841545498447 87.5529400534949 87.9490764205922 77.5944545064845 85.303372492433 86.6633352997047 0 85.7756430047551 87.9542656413458 71.0505757896518 82.8592443995261 86.7787253282775 81.1011246996244 85.435034457386 89.115684439989 88.3882228079391 88.6976210562157 90.8121736498545
86.3802934588265 81.9280437922403 81.2493343553935 83.6033008406848 84.0576968186256 75.3681348263785 85.7756430047551 0 75.3208427639379 86.2491757321852 84.5681618832458 75.2003092693599 87.6369708998902 83.8045321616377 84.1706971804335 90.9541809486562 89.2492238225855 88.036884894078
88.3351034548413 83.6442999499373 82.6017133826353 86.4345964033151 86.3246740082407 78.9021373091748 87.9542656413458 75.3208427639379 0 88.2097943381431 86.0621707455228 74.1758581374509 89.0365770057342 84.658633456727 82.5942958832762 91.5687809491987 89.5479150899687 87.1143894407578
86.2325041385106 88.4565131713408 88.7479504643512 80.6560956231151 86.7073265869764 87.3975598292249 71.0505757896518 86.2491757321852 88.2097943381431 0 81.3136159332918 86.850083941486 77.8319828162819 84.5577822165973 88.7998381164405 87.1217246129041 87.650433087972 90.3534795727897
88.8567341753854 88.7984150166263 88.7716451877599 84.7832850301513 88.3882228079391 86.8817337465467 82.8592443995261 84.5681618832458 86.0621707455228 81.3136159332918 0 83.6162280300453 79.3097425514618 74.9659509602808 84.6401331313322 85.303372492433 83.201597050353 86.6029953102007
88.3741210535554 85.0930706154422 84.469985132245 85.6745557686413 86.6998332832862 81.0058576494277 86.7787253282775 75.2003092693599 74.1758581374509 86.850083941486 83.6162280300453 0 87.4947214838478 81.5729154765791 80.3485019850597 90.3117405938616 87.9680733265196 85.8040981094599
88.9986855275619 90.2272956583012 90.362673097309 85.1536148924089 89.178079427437 89.0257845613972 81.1011246996244 87.6369708998902 89.0365770057342 77.8319828162819 79.3097425514618 87.4947214838478 0 83.3288160125473 88.375297950221 83.4730803892132 84.8957271465495 89.4082546144702
89.6779963728472 88.7737928568809 88.5944321078012 86.2766083062783 88.922933573106 86.5453933654346 85.435034457386 83.8045321616377 84.658633456727 84.5577822165973 74.9659509602808 81.5729154765791 83.3288160125473 0 81.2614598490377 86.3995004648654 82.6179874241649 84.116656490193
91.1760675539626 89.0051368755729 88.5449222257149 88.9590891203599 90.0878265427196 86.6376614949834 89.115684439989 84.1706971804335 82.5942958832762 88.7998381164405 84.6401331313322 80.3485019850597 88.375297950221 81.2614598490377 0 89.6488391984148 86.0117684991275 79.3097425514618
92.6786960858331 93.2001767113131 93.2139730591623 90.3185160559075 92.7067100313343 92.1464435620986 88.3882228079391 90.9541809486562 91.5687809491987 87.1217246129041 85.303372492433 90.3117405938616 83.4730803892132 86.3995004648654 89.6488391984148 0 81.3769599159453 89.2338005042658
92.4982157571468 92.2365294418894 92.1296212887 90.0308673275794 92.1709007493233 90.8222332357115 88.6976210562157 89.2492238225855 89.5479150899687 87.650433087972 83.201597050353 87.9680733265196 84.8957271465495 82.6179874241649 86.0117684991275 81.3769599159453 0 84.7544879428325
92.987250454927 91.4596851756052 91.1211806667008 91.0471848507178 92.2028642890667 89.7342959307347 90.8121736498545 88.036884894078 87.1143894407578 90.3534795727897 86.6029953102007 85.8040981094599 89.4082546144702 84.116656490193 79.3097425514618 89.2338005042658 84.7544879428325 0
