0 84.8782117172058 87.1075670983908 81.3036344422995 86.6141892323664 85.7326076915633 84.5700464329907 85.1470209343093 87.6592305696904 85.5971656502182 87.9178102094593 90.0487808139227 89.0281477013935 91.6797875908655 91.032105534781 92.9124185965799 92.373641356502 91.867911760566
84.8782117172058 0 76.9639370490137 88.5150190578767 83.7989102258118 76.706750637792 88.7382197843654 85.7548958440144 83.2707577629414 89.0634413599724 89.276721025128 88.9949461517284 90.2029006343464 91.286613080586 89.8419543483159 94.0161576060675 92.9436298012717 90.8988116304854
87.1075670983908 76.9639370490137 0 89.4906473078734 81.6251957531956 72.3105428072981 89.1113823645317 85.2698237358651 79.4497994875647 89.2597956700238 88.8200667826089 87.4802850888848 89.6896046519108 90.1874223471492 88.2993261327158 93.6501254971811 92.3200425081016 89.5275059129689
81.3036344422995 88.5150190578767 89.4906473078734 0 87.4454406823376 88.2382248275296 78.3351034548413 84.5549470876843 88.8122703883472 80.497809241511 85.5039593802835 89.4644757442316 86.6842288337199 90.6479682009508 90.5150984397825 90.843616123437 90.6584149528466 91.2262022299968
86.6141892323664 83.7989102258118 81.6251957531956 87.4454406823376 0 79.0924689484848 85.7670699903198 77.7738075181225 72.9023336598264 85.6540528718643 84.0161576060675 82.1259843966288 85.3783139138199 86.5238194265639 84.0608757462916 91.1486072584796 89.3519226761528 86.000262209856
85.7326076915633 76.706750637792 72.3105428072981 88.2382248275296 79.0924689484848 0 87.7580108710713 83.2093361878076 77.7738075181225 87.9438809920164 87.5803463896305 86.6323912855628 88.6197186119532 89.5530024333187 87.6910302758883 93.014022950875 91.6669391753689 89.0220684557673
84.5700464329907 88.7382197843654 89.1113823645317 78.3351034548413 85.7670699903198 87.7580108710713 0 81.4063373322637 87.5353659103793 67.4754622734875 80.6305009104019 87.0949437788996 82.5057990397075 88.3287645450219 88.405396333691 88.7612497884875 88.2789207162305 89.197922886098
85.1470209343093 85.7548958440144 85.2698237358651 84.5549470876843 77.7738075181225 83.2093361878076 81.4063373322637 0 81.6951556819209 81.1655581808111 79.7342959307347 82.8100758107315 82.2867022452208 86.2022036509434 84.9504435034663 89.7799514872702 88.1647383903082 86.5087742205692
87.6592305696904 83.2707577629414 79.4497994875647 88.8122703883472 72.9023336598264 77.7738075181225 87.5353659103793 81.6951556819209 0 87.4546629212388 85.9948369189331 83.091775616211 87.0012343337597 87.2072541295984 84.4555005891274 91.9391077449011 90.1617619497926 86.3152293981705
85.5971656502182 89.0634413599724 89.2597956700238 80.497809241511 85.6540528718643 87.9438809920164 67.4754622734875 81.1655581808111 87.4546629212388 0 78.7716451877599 86.4706275098419 80.8821062851461 87.6085169412828 87.8368697681565 88.0262711129043 87.4488406281281 88.6197186119532
87.9178102094593 89.276721025128 88.8200667826089 85.5039593802835 84.0161576060675 87.5803463896305 80.6305009104019 79.7342959307347 85.9948369189331 78.7716451877599 0 82.3546980369414 70.8776994407101 83.7182832318441 84.2979161426279 86.5075683494469 84.4786527265116 85.2970022018606
90.0487808139227 88.9949461517284 87.4802850888848 89.4644757442316 82.1259843966288 86.6323912855628 87.0949437788996 82.8100758107315 83.091775616211 86.4706275098419 82.3546980369414 0 82.4738598864051 78.7429076482031 71.7711908388985 88.6994416157976 85.4841598430449 77.4658005457673
89.0281477013935 90.2029006343464 89.6896046519108 86.6842288337199 85.3783139138199 88.6197186119532 82.5057990397075 82.2867022452208 87.0012343337597 80.8821062851461 70.8776994407101 82.4738598864051 0 82.5570171580838 84.0830633243401 85.0299758763721 82.4738598864051 84.7427343637532
91.6797875908655 91.286613080586 90.1874223471492 90.6479682009508 86.5238194265639 89.5530024333187 88.3287645450219 86.2022036509434 87.2072541295984 87.6085169412828 83.7182832318441 78.7429076482031 82.5570171580838 0 77.2425274907694 86.4730595103641 81.4063373322637 74.4555005891274
91.032105534781 89.8419543483159 88.2993261327158 90.5150984397825 84.0608757462916 87.6910302758883 88.405396333691 84.9504435034663 84.4555005891274 87.8368697681565 84.2979161426279 71.7711908388985 84.0830633243401 77.2425274907694 0 88.8798443128057 85.4673355948484 72.0827706588024
92.9124185965799 94.0161576060675 93.6501254971811 90.843616123437 91.1486072584796 93.014022950875 88.7612497884875 89.7799514872702 91.9391077449011 88.0262711129043 86.5075683494469 88.6994416157976 85.0299758763721 86.4730595103641 88.8798443128057 0 79.5166621000467 88.4065647866336
92.373641356502 92.9436298012717 92.3200425081016 90.6584149528466 89.3519226761528 91.6669391753689 88.2789207162305 88.1647383903082 90.1617619497926 87.4488406281281 84.4786527265116 85.4841598430449 82.4738598864051 81.4063373322637 85.4673355948484 79.5166621000467 0 84.5832154332189
91.867911760566 90.8988116304854 89.5275059129689 91.2262022299968 86.000262209856 89.0220684557673 89.197922886098 86.5087742205692 86.3152293981705 88.6197186119532 85.2970022018606 77.4658005457673 84.7427343637532 74.4555005891274 72.0827706588024 88.4065647866336 84.5832154332189 0
