0 85.1329754427702 88.7698546518372 72.6459542896836 86.9098577970584 88.6562715620246 85.2003092693599 85.8019704317074 88.6665542029632 84.9374781893717 89.6736352563445 89.6666483480365 89.6707254104607 90.2375263928769 91.9752146242434 89.661984156616 91.1544028200552 93.0095723137441
85.1329754427702 0 79.8335513566863 84.2959097000793 79.1551959618225 81.3176021151403 86.6685681142304 83.2093361878076 82.1226754861304 87.5067152634095 89.2021401250958 85.2068228736091 91.5472933089331 89.371924760187 90.8208933031192 90.5227604901881 91.2004909747474 91.7942797630973
88.7698546518372 79.8335513566863 0 88.3505158963269 82.968220306335 81.9141740963992 89.6159490676069 86.821007853661 83.2132005909862 90.3150041728844 90.9418168389799 86.1053844833492 93.3329513750293 90.913922873008 91.8354976301864 92.3145035415617 92.6302266873112 92.5420156066597
72.6459542896836 84.2959097000793 88.3505158963269 0 85.5440425686756 87.6253319777206 82.9436298012717 83.760486836007 87.5519919157727 82.7916704750675 88.3666599593055 88.5332126044102 88.6957997331364 89.0105621664958 90.9822487981031 88.4691989231381 90.1036632376197 92.134080588596
86.9098577970584 79.1551959618225 82.968220306335 85.5440425686756 0 74.4166372889035 84.7608036422386 78.3666599593055 73.9209422467254 86.1350517739506 86.5286229053548 79.4467356815688 90.362673097309 86.5549474896102 88.2933344856596 88.7295519498327 89.1797093560803 89.519074177209
88.6562715620246 81.3176021151403 81.9141740963992 87.6253319777206 74.4166372889035 0 86.8417165672086 82.1654959184623 66.2581263061566 87.9869874979613 87.5224965040336 77.8007545217567 91.3863823274932 87.3242343555791 88.5142593369233 89.77028975955 89.8864977625784 89.5169636829654
85.2003092693599 86.6685681142304 89.6159490676069 82.9436298012717 84.7608036422386 86.8417165672086 0 79.2299361010872 86.2899428940185 70.3134982103822 81.9124372658146 86.0914700857269 84.2169264795973 83.4107842329724 86.9301481248057 82.2595237792253 85.0947406576928 88.7295519498327
85.8019704317074 83.2093361878076 86.821007853661 83.760486836007 78.3666599593055 82.1654959184623 79.2299361010872 0 81.2331141878218 81.780154608477 83.2067580073703 81.6251957531956 87.8532674567327 83.7331583043885 86.696370469958 85.7548958440144 86.7923005771085 88.4022789213946
88.6665542029632 82.1226754861304 83.2132005909862 87.5519919157727 73.9209422467254 66.2581263061566 86.2899428940185 81.2331141878218 0 87.5296508818292 86.7696515306304 75.3681348263785 90.9865508735604 86.5304228410657 87.8221923842211 89.2357314171479 89.3103751266313 88.9205124673424
84.9374781893717 87.5067152634095 90.3150041728844 82.7916704750675 86.1350517739506 87.9869874979613 70.3134982103822 81.780154608477 87.5296508818292 0 83.1089544862133 87.4000155515516 83.1089544862133 84.5577822165973 87.7089015591327 82.1177073885602 85.4496766417041 89.3650594295902
89.6736352563445 89.2021401250958 90.9418168389799 88.3666599593055 86.5286229053548 87.5224965040336 81.9124372658146 83.2067580073703 86.7696515306304 83.1089544862133 0 85.0964100579897 84.4166372889035 69.0724707021626 80.0228223518567 78.607465606858 77.5803463896305 83.5832464625472
89.6666483480365 85.2068228736091 86.1053844833492 88.5332126044102 79.4467356815688 77.8007545217567 86.0914700857269 81.6251957531956 75.3681348263785 87.4000155515516 85.0964100579897 0 90.416203582512 84.5093314929837 85.6518503809952 88.2753097867997 87.9512393494775 86.9230298879921
89.6707254104607 91.5472933089331 93.3329513750293 88.6957997331364 90.362673097309 91.3863823274932 84.2169264795973 87.8532674567327 90.9865508735604 83.1089544862133 84.4166372889035 90.416203582512 0 85.6562542463234 87.7864035964503 78.3390605802349 83.1600871064417 89.1561791587823
90.2375263928769 89.371924760187 90.913922873008 89.0105621664958 86.5549474896102 87.3242343555791 83.4107842329724 83.7331583043885 86.5304228410657 84.5577822165973 69.0724707021626 84.5093314929837 85.6562542463234 0 77.3975598292249 80.788610269172 78.2511598923979 81.955651003641
91.9752146242434 90.8208933031192 91.8354976301864 90.9822487981031 88.2933344856596 88.5142593369233 86.9301481248057 86.696370469958 87.8221923842211 87.7089015591327 80.0228223518567 85.6518503809952 87.7864035964503 77.3975598292249 0 84.3139343989393 80.4857622301273 74.1758581374509
89.661984156616 90.5227604901881 92.3145035415617 88.4691989231381 88.7295519498327 89.77028975955 82.2595237792253 85.7548958440144 89.2357314171479 82.1177073885602 78.607465606858 88.2753097867997 78.3390605802349 80.788610269172 84.3139343989393 0 77.0605702158074 86.3995004648654
91.1544028200552 91.2004909747474 92.6302266873112 90.1036632376197 89.1797093560803 89.8864977625784 85.0947406576928 86.7923005771085 89.3103751266313 85.4496766417041 77.5803463896305 87.9512393494775 83.1600871064417 78.2511598923979 80.4857622301273 77.0605702158074 0 83.1352515379138
93.0095723137441 91.7942797630973 92.5420156066597 92.134080588596 89.519074177209 89.5169636829654 88.7295519498327 88.4022789213946 88.9205124673424 89.3650594295902 83.5832464625472 86.9230298879921 89.1561791587823 81.955651003641 74.1758581374509 86.3995004648654 83.1352515379138 0
