0 81.5142900318607 82.9037165430793 80.5622918724125 83.4960621867671 84.484421527208 85.280235595651 87.0125223952169 87.4889526831515 88.102117618815 87.669856364134 89.0513729605827 88.5764937507159 89.5934880576065 90.2733987282527 93.0838239298534 92.3121275344892 92.571519319603
81.5142900318607 0 78.1117143687293 85.2287344421139 78.3666599593055 74.8615063718665 85.9084823227115 83.9242228296478 83.2796429373787 88.2293095695683 86.0788423391974 86.1651703119209 88.7952113360276 88.9731256890866 87.7157555952006 93.1403609624143 91.330531995903 90.9813878713843
82.9037165430793 78.1117143687293 0 87.378357389014 84.2606460638886 81.7658036831707 88.6665542029632 87.4546629212388 86.7599898029102 90.5050214404877 88.9986855275619 88.8567341753854 90.9368178278012 91.1544028200552 89.9508307163448 94.5319140755888 93.0262723423091 92.6262490242467
80.5622918724125 85.2287344421139 87.378357389014 0 83.9968508302003 86.4186229003318 80.4299114571472 86.2491757321852 87.5652470443241 84.5916601811258 85.7863355292019 88.5070353517548 85.1205445264909 87.21135850776 89.747185141637 91.0335945566031 90.8701975273553 91.71865129928
83.4960621867671 78.3666599593055 84.2606460638886 83.9968508302003 0 76.2581263061566 82.3121275344892 77.9762509169206 78.9090804678383 85.1831644325058 81.4741215705682 82.6002308959102 85.9873660604156 85.9628257324468 84.9822600913282 91.4486813311353 89.1630553121545 88.9891607759621
84.484421527208 74.8615063718665 81.7658036831707 86.4186229003318 76.2581263061566 0 85.8182560513189 81.4548623602078 79.5765657369386 87.7886490568277 84.7054556385607 83.7910272692242 88.3913503225718 88.1387215271078 85.6745557686413 92.727926500256 90.3589483380947 89.6953971767029
85.280235595651 85.9084823227115 88.6665542029632 80.4299114571472 82.3121275344892 85.8182560513189 0 82.4738598864051 85.0805247863448 76.9639370490137 79.966086340479 85.3915891308315 78.6148957965558 81.9124372658146 86.9257690522703 88.5899544600269 87.7652393255752 89.115684439989
87.0125223952169 83.9242228296478 87.4546629212388 86.2491757321852 77.9762509169206 81.4548623602078 82.4738598864051 0 74.0608757462916 83.6536170783573 75.6120133392751 75.8076419242784 84.535049192901 83.0983909180522 80.3509914920462 90.1430041505679 86.5376151333289 86.1317653985997
87.4889526831515 83.2796429373787 86.7599898029102 87.5652470443241 78.9090804678383 79.5765657369386 85.0805247863448 74.0608757462916 0 86.1396485255302 80.7841074747623 75.5447953106515 86.8075221815937 85.5410302954014 79.7657356159223 91.2840039217096 87.650433087972 86.4486780017291
88.102117618815 88.2293095695683 90.5050214404877 84.5916601811258 85.1831644325058 87.7886490568277 76.9639370490137 83.6536170783573 86.1396485255302 0 79.6736352563445 85.4535216572886 64.9227372224544 76.5304228410657 86.5698338578532 86.0009398949349 85.4864490172097 87.8955263247855
87.669856364134 86.0788423391974 88.9986855275619 85.7863355292019 81.4741215705682 84.7054556385607 79.966086340479 75.6120133392751 80.7841074747623 79.6736352563445 0 79.3097425514618 80.9281101660991 78.4599765983439 81.8512064152267 88.3784347830183 84.7327641218684 85.6186782742299
89.0513729605827 86.1651703119209 88.8567341753854 88.5070353517548 82.6002308959102 83.7910272692242 85.3915891308315 75.8076419242784 75.5447953106515 85.4535216572886 79.3097425514618 0 86.0621707455228 83.8146333429251 72.6459542896836 90.239824990559 85.3469171038869 83.5725918290523
88.5764937507159 88.7952113360276 90.9368178278012 85.1205445264909 85.9873660604156 88.3913503225718 78.6148957965558 84.535049192901 86.8075221815937 64.9227372224544 80.9281101660991 86.0621707455228 0 76.706750637792 87.0264575627073 85.280235595651 85.3783139138199 88.0377328770581
89.5934880576065 88.9731256890866 91.1544028200552 87.21135850776 85.9628257324468 88.1387215271078 81.9124372658146 83.0983909180522 85.5410302954014 76.5304228410657 78.4599765983439 83.8146333429251 76.706750637792 0 84.5700464329907 85.0435132177645 81.715198676593 85.2970022018606
90.2733987282527 87.7157555952006 89.9508307163448 89.747185141637 84.9822600913282 85.6745557686413 86.9257690522703 80.3509914920462 79.7657356159223 86.5698338578532 81.8512064152267 72.6459542896836 87.0264575627073 84.5700464329907 0 90.2693429807388 84.535049192901 81.1963957883817
93.0838239298534 93.1403609624143 94.5319140755888 91.0335945566031 91.4486813311353 92.727926500256 88.5899544600269 90.1430041505679 91.2840039217096 86.0009398949349 88.3784347830183 90.239824990559 85.280235595651 85.0435132177645 90.2693429807388 0 85.1014144120895 88.9782497052775
92.3121275344892 91.330531995903 93.0262723423091 90.8701975273553 89.1630553121545 90.3589483380947 87.7652393255752 86.5376151333289 87.650433087972 85.4864490172097 84.7327641218684 85.3469171038869 85.3783139138199 81.715198676593 84.535049192901 85.1014144120895 0 80.1052437355394
92.571519319603 90.9813878713843 92.6262490242467 91.71865129928 88.9891607759621 89.6953971767029 89.115684439989 86.1317653985997 86.4486780017291 87.8955263247855 85.6186782742299 83.5725918290523 88.0377328770581 85.2970022018606 81.1963957883817 88.9782497052775 80.1052437355394 0
