0 86.2331465384554 87.7125583911088 78.0062467083217 84.5093314929837 89.5836989629918 86.3145990266157 86.999080896344 90.3733330693944 90.4724718057868 91.567276508266 90.2946294848908 91.6298331746924 91.9251001858073 91.604732064441 92.4177814612158 93.8535827808234 93.6663955797549
86.2331465384554 0 72.0827706588024 82.9023336598264 82.6708255255615 82.4061682673299 88.1432753994101 81.5766707252515 84.5083760546741 90.2609660205458 88.9205124673424 83.9296849669784 91.6863805757484 89.8419543483159 88.1750195011629 92.8100758107315 91.8211513138294 91.4465545690222
87.7125583911088 72.0827706588024 0 85.0930706154422 84.6475427212192 82.111074405493 89.259475688825 83.1155436921792 84.2565976414849 90.9119548206408 89.1901264388207 83.4984742639294 92.240236057727 90.1497871498019 88.2773162293482 93.323798167022 91.9089615194754 91.5125761249576
78.0062467083217 82.9023336598264 85.0930706154422 0 79.3349739648805 86.9557863838392 84.3872598725851 83.2093361878076 87.9852714276756 88.939499180549 89.6675223265374 87.8955263247855 90.4430889140306 90.1912970937131 89.6241949814514 91.5047597563245 92.4570356382086 92.2132506199547
84.5093314929837 82.6708255255615 84.6475427212192 79.3349739648805 0 83.8325331923513 81.5597464763509 76.108690874692 84.8825972015924 86.137022406134 86.5184091547906 84.9788316760572 88.2789207162305 87.2704401740636 86.5495758812333 89.7949696782977 90.2905935249614 89.9791200723646
89.5836989629918 82.4061682673299 82.111074405493 86.9557863838392 83.8325331923513 0 88.029670345888 79.3475349130989 71.1963957883817 88.4565131713408 84.4632316900903 68.4638216139284 90.0923194724934 86.1606005086081 82.4936594236437 91.5118141713929 88.5449222257149 87.9399803377578
86.3145990266157 88.1432753994101 89.259475688825 84.3872598725851 81.5597464763509 88.029670345888 0 84.2979161426279 88.2741054761706 82.3358293114501 87.0886183332094 88.5392602221938 84.8491559212384 87.0838681956062 87.9732399116266 86.5376151333289 90.2190936826451 90.0923194724934
86.999080896344 81.5766707252515 83.1155436921792 83.2093361878076 76.108690874692 79.3475349130989 84.2979161426279 0 80.9541809486562 86.3653649600743 84.6401331313322 81.1136705287218 88.5028475457753 85.9029410845511 84.1124715273839 90.1178670550307 89.126256043734 88.6903311765032
90.3733330693944 84.5083760546741 84.2565976414849 87.9852714276756 84.8825972015924 71.1963957883817 88.2741054761706 80.9541809486562 0 88.0803421291117 82.8884805545587 64.4651623168477 89.7058042916801 84.9374781893717 80.0867687069284 91.1859355511697 87.3744079106752 86.6604254538209
90.4724718057868 90.2609660205458 90.9119548206408 88.939499180549 86.137022406134 88.4565131713408 82.3358293114501 86.3653649600743 88.0803421291117 0 83.6442999499373 88.5513302520412 75.289026176076 82.4108172720404 85.7670699903198 81.0632682823266 86.706750637792 86.7554356592824
91.567276508266 88.9205124673424 89.1901264388207 89.6675223265374 86.5184091547906 84.4632316900903 87.0886183332094 84.6401331313322 82.8884805545587 83.6442999499373 0 83.8714337899069 85.5770404086581 71.4548623602078 73.447537158823 87.7453320532942 81.2795848479266 80.3134982103822
90.2946294848908 83.9296849669784 83.4984742639294 87.8955263247855 84.9788316760572 68.4638216139284 88.5392602221938 81.1136705287218 64.4651623168477 88.5513302520412 83.8714337899069 0 90.1178670550307 85.7217818991216 81.398522764579 91.5355622610309 87.9443141818646 87.2704401740636
91.6298331746924 91.6863805757484 92.240236057727 90.4430889140306 88.2789207162305 90.0923194724934 84.8491559212384 88.5028475457753 89.7058042916801 75.289026176076 85.5770404086581 90.1178670550307 0 84.1613919743094 87.4488406281281 75.0930706154422 87.0859800093211 87.3227351513231
91.9251001858073 89.8419543483159 90.1497871498019 90.1912970937131 87.2704401740636 86.1606005086081 87.0838681956062 85.9029410845511 84.9374781893717 82.4108172720404 71.4548623602078 85.7217818991216 84.1613919743094 0 78.3823526405858 86.5662657802988 79.9742370056535 79.4221471101878
91.604732064441 88.1750195011629 88.2773162293482 89.6241949814514 86.5495758812333 82.4936594236437 87.9732399116266 84.1124715273839 80.0867687069284 85.7670699903198 73.447537158823 81.398522764579 87.4488406281281 78.3823526405858 0 89.2572351600704 82.5824014703115 81.3926525972256
92.4177814612158 92.8100758107315 93.323798167022 91.5047597563245 89.7949696782977 91.5118141713929 86.5376151333289 90.1178670550307 91.1859355511697 81.0632682823266 87.7453320532942 91.5355622610309 75.0930706154422 86.5662657802988 89.2572351600704 0 88.4638216139284 88.7612497884875
93.8535827808234 91.8211513138294 91.9089615194754 92.4570356382086 90.2905935249614 88.5449222257149 90.2190936826451 89.126256043734 87.3744079106752 86.706750637792 81.2795848479266 87.9443141818646 87.0859800093211 79.9742370056535 82.5824014703115 88.4638216139284 0 66.0621707455228
93.6663955797549 91.4465545690222 91.5125761249576 92.2132506199547 89.9791200723646 87.9399803377578 90.0923194724934 88.6903311765032 86.6604254538209 86.7554356592824 80.3134982103822 87.2704401740636 87.3227351513231 79.4221471101878 81.3926525972256 88.7612497884875 66.0621707455228 0
