0 87.5263136388159 89.6675223265374 81.0335945566031 84.6953993467273 89.4809274664817 81.7658036831707 87.8594558778782 89.332142737851 89.3255293548103 87.1410509973508 92.4998852157828 91.3996958465162 92.1292907879716 91.4201736537717 92.3105428072981 91.5813602244859 94.1015717132456
87.5263136388159 0 77.5944545064845 82.7273505510716 82.688296329487 75.5673171147236 87.8810461720402 83.6033008406848 82.1441384770285 88.7973473856579 83.4876093511407 88.6976210562157 91.5491824493427 89.3122722994984 87.2460899933109 92.2675351167102 89.9242783253275 91.8971231313347
89.6675223265374 77.5944545064845 0 86.4681941466635 86.483380345853 72.1654959184623 90.1964580507305 86.592955180357 84.6224845236715 90.6153055557405 86.6917490863679 89.4467356815688 92.8836215092611 90.3785296080732 88.404227566296 93.4515610575576 91.2266091204097 92.5433678702756
81.0335945566031 82.7273505510716 86.4681941466635 0 76.7923005771085 85.8203757673713 81.4913821379436 83.1155436921792 85.1601988539792 86.9345227862877 81.955651003641 89.9961676984538 90.0415708322431 89.7428929869615 88.5252623043911 91.0501520670485 89.4206056923121 92.3105428072981
84.6953993467273 82.688296329487 86.483380345853 76.7923005771085 0 85.2930160200121 81.7819451443998 77.5944545064845 82.0154368322127 84.1082825279571 75.0930706154422 87.9693655491383 88.3204306601417 87.5353659103793 86.0621707455228 89.4818396262818 87.1561388112382 90.719887406351
89.4809274664817 75.5673171147236 72.1654959184623 85.8203757673713 85.2930160200121 0 89.5970422648449 84.9659509602808 82.2867022452208 89.6174227009619 85.1798910614678 88.2044938368376 92.1070897475311 89.2408763249838 86.9557863838392 92.7080119817254 90.2142164204627 91.6834515958235
81.7658036831707 87.8810461720402 90.1964580507305 81.4913821379436 81.7819451443998 89.5970422648449 0 85.0838738860435 87.7239661854775 85.13049210439 84.1009420423914 90.6898354801212 87.9697962045821 89.8455906015569 89.4098004215052 89.2904046141889 88.7088962427666 92.19505820753
87.8594558778782 83.6033008406848 86.592955180357 83.1155436921792 77.5944545064845 84.9659509602808 85.0838738860435 0 76.7696515306304 81.9950314157273 66.0621707455228 84.8394272962539 87.1426142386487 84.3517426338573 81.955651003641 88.2737039650698 84.4545332331107 88.6614159257251
89.332142737851 82.1441384770285 84.6224845236715 85.1601988539792 82.0154368322127 82.2867022452208 87.7239661854775 76.7696515306304 0 85.1994943815033 78.5776170713634 83.3637795294295 88.8801935223761 84.3249127784517 80.237526392877 89.6628590741529 85.7563298690626 88.4826131392183
89.3255293548103 88.7973473856579 90.6153055557405 86.9345227862877 84.1082825279571 89.6174227009619 85.13049210439 81.9950314157273 85.1994943815033 0 82.0103444593576 85.9105584656013 80.237526392877 83.323798167022 84.2565976414849 82.79025144391 79.4221471101878 87.2668975981248
87.1410509973508 83.4876093511407 86.6917490863679 81.955651003641 75.0930706154422 85.1798910614678 84.1009420423914 66.0621707455228 78.5776170713634 82.0103444593576 0 85.7634929002411 87.188736274528 85.1929697683414 83.2222041818708 88.3819610138378 85.0002150024618 89.1757964991576
92.4998852157828 88.6976210562157 89.4467356815688 89.9961676984538 87.9693655491383 88.2044938368376 90.6898354801212 84.8394272962539 83.3637795294295 85.9105584656013 85.7634929002411 0 87.9542656413458 76.213187821334 73.8658978492988 88.1799458026485 82.6488877209461 82.1441384770285
91.3996958465162 91.5491824493427 92.8836215092611 90.0415708322431 88.3204306601417 92.1070897475311 87.9697962045821 87.1426142386487 88.8801935223761 80.237526392877 87.188736274528 87.9542656413458 0 85.4024912752453 87.3167331536123 72.2787262194362 81.1655581808111 87.1143894407578
92.1292907879716 89.3122722994984 90.3785296080732 89.7428929869615 87.5353659103793 89.2408763249838 89.8455906015569 84.3517426338573 84.3249127784517 83.323798167022 85.1929697683414 76.213187821334 85.4024912752453 0 76.7239959740949 85.6562542463234 77.1394871931621 80.5098229277861
91.4201736537717 87.2460899933109 88.404227566296 88.5252623043911 86.0621707455228 86.9557863838392 89.4098004215052 81.955651003641 80.237526392877 84.2565976414849 83.2222041818708 73.8658978492988 87.3167331536123 76.7239959740949 0 87.8333161667972 81.8388559645986 84.2565976414849
92.3105428072981 92.2675351167102 93.4515610575576 91.0501520670485 89.4818396262818 92.7080119817254 89.2904046141889 88.2737039650698 89.6628590741529 82.79025144391 88.3819610138378 88.1799458026485 72.2787262194362 85.6562542463234 87.8333161667972 0 81.8087149732661 86.5268222233502
91.5813602244859 89.9242783253275 91.2266091204097 89.4206056923121 87.1561388112382 90.2142164204627 88.7088962427666 84.4545332331107 85.7563298690626 79.4221471101878 85.0002150024618 82.6488877209461 81.1655581808111 77.1394871931621 81.8388559645986 81.8087149732661 0 82.774611422748
94.1015717132456 91.8971231313347 92.5433678702756 92.3105428072981 90.719887406351 91.6834515958235 92.19505820753 88.6614159257251 88.4826131392183 87.2668975981248 89.1757964991576 82.1441384770285 87.1143894407578 80.5098229277861 84.2565976414849 86.5268222233502 82.774611422748 0
