0 78.8285560079588 87.6164654886837 71.8246980227395 85.9819246253181 86.5141965009949 84.7054556385607 83.8179951891663 87.1809971370733 86.8232514000465 88.662150337635 90.5634770122259 87.7398869227274 91.1554369284057 90.5435236125365 90.1458751740211 92.8818153354696 91.4741215705682
78.8285560079588 0 83.6964506811521 78.103370572082 82.9436298012717 82.2531040517902 83.7820006204687 79.546717201444 84.104089484118 87.5972706385311 87.6481149962068 89.3103751266313 87.6085169412828 90.3574575394695 89.140092335677 90.5456658670192 92.4840755353612 90.6265318720414
87.6164654886837 83.6964506811521 0 87.2016042685911 83.7491208394148 77.4658005457673 87.28054592573 83.201597050353 82.6002308959102 90.5892330106331 88.5944321078012 88.8567341753854 89.7997758540917 90.5170152200493 88.3572170605267 92.3859648733539 92.8226315565813 90.5861692046372
71.8246980227395 78.103370572082 87.2016042685911 0 84.4088227212188 85.5613227109851 82.4738598864051 81.9089615194754 85.9381459480379 85.3461292680899 87.3207354069254 89.53712217999 86.2581263061566 90.166438767878 89.53712217999 89.1551959618225 92.0795958081748 90.5263474282708
85.9819246253181 82.9436298012717 83.7491208394148 84.4088227212188 0 78.0105149591016 78.8986615628356 73.2478263495168 71.5313920024931 85.7677850549167 81.4990315363439 83.7056567149524 83.8681130724119 85.9415820941298 83.3011458390096 88.4065647866336 89.4439764069448 86.2689701190788
86.5141965009949 82.2531040517902 77.4658005457673 85.5613227109851 78.0105149591016 0 84.1291872365223 77.9762509169206 75.9195436335469 88.5865931919939 85.7870474290181 86.440724448383 87.4327889573908 88.4638216139284 85.876523218055 90.6935171120628 91.2785798855667 88.6018846103919
84.7054556385607 83.7820006204687 87.28054592573 82.4738598864051 78.8986615628356 84.1291872365223 0 78.8707549940815 81.9089615194754 80.6584149528466 79.9742370056535 84.7354855495203 78.7429076482031 85.5500608545083 84.9374781893717 85.5560708119719 88.6665542029632 86.1677794707972
83.8179951891663 79.546717201444 83.201597050353 81.9089615194754 73.2478263495168 77.9762509169206 78.8707549940815 0 77.3431796161499 85.7563298690626 83.6582681575906 85.9029410845511 84.6521673035101 87.5186760113139 85.6459716053848 88.8349120548484 90.4452812748125 87.8492845244343
87.1809971370733 84.104089484118 82.6002308959102 85.9381459480379 71.5313920024931 75.9195436335469 81.9089615194754 77.3431796161499 0 87.188736274528 82.6017133826353 83.4291995742851 85.3500670186716 86.1265020198987 82.7114819424818 89.2802255840982 89.6549784637635 86.3152293981705
86.8232514000465 87.5972706385311 90.5892330106331 85.3461292680899 85.7677850549167 88.5865931919939 80.6584149528466 85.7563298690626 87.188736274528 0 83.0718690352051 86.9312422033652 76.4578371154628 86.2402066734632 87.4269372455433 80.1912970937131 87.9334714518628 86.9666505416474
88.662150337635 87.6481149962068 88.5944321078012 87.3207354069254 81.4990315363439 85.7870474290181 79.9742370056535 83.6582681575906 82.6017133826353 83.0718690352051 0 78.1901910181076 77.7783103125321 79.115684439989 79.3475349130989 84.469985132245 85.1329754427702 80.3185160559075
90.5634770122259 89.3103751266313 88.8567341753854 89.53712217999 83.7056567149524 86.440724448383 84.7354855495203 85.9029410845511 83.4291995742851 86.9312422033652 78.1901910181076 0 83.8525827295616 76.2581263061566 66.5063621434069 87.1227714840238 84.3408319525428 75.891837352535
87.7398869227274 87.6085169412828 89.7997758540917 86.2581263061566 83.8681130724119 87.4327889573908 78.7429076482031 84.6521673035101 85.3500670186716 76.4578371154628 77.7783103125321 83.8525827295616 0 82.9899622532162 84.5869706818913 80.6047544631244 86.0090638782592 84.0065149467783
91.1554369284057 90.3574575394695 90.5170152200493 90.166438767878 85.9415820941298 88.4638216139284 85.5500608545083 87.5186760113139 86.1265020198987 86.2402066734632 79.115684439989 76.2581263061566 82.9899622532162 0 78.6665542029632 85.2198208476034 80.1887143134889 65.1757958751021
90.5435236125365 89.140092335677 88.3572170605267 89.53712217999 83.3011458390096 85.876523218055 84.9374781893717 85.6459716053848 82.7114819424818 87.4269372455433 79.3475349130989 66.5063621434069 84.5869706818913 78.6665542029632 0 87.817734881193 85.3089388419514 78.222814231182
90.1458751740211 90.5456658670192 92.3859648733539 89.1551959618225 88.4065647866336 90.6935171120628 85.5560708119719 88.8349120548484 89.2802255840982 80.1912970937131 84.469985132245 87.1227714840238 80.6047544631244 85.2198208476034 87.817734881193 0 85.1929697683414 86.0009398949349
92.8818153354696 92.4840755353612 92.8226315565813 92.0795958081748 89.4439764069448 91.2785798855667 88.6665542029632 90.4452812748125 89.6549784637635 87.9334714518628 85.1329754427702 84.3408319525428 86.0090638782592 80.1887143134889 85.3089388419514 85.1929697683414 0 80.237526392877
91.4741215705682 90.6265318720414 90.5861692046372 90.5263474282708 86.2689701190788 88.6018846103919 86.1677794707972 87.8492845244343 86.3152293981705 86.9666505416474 80.3185160559075 75.891837352535 84.0065149467783 65.1757958751021 78.222814231182 86.0009398949349 80.237526392877 0
