0 83.6408008670417 87.9090850536988 84.1291872365223 83.3350801775148 88.3666599593055 85.5107920892135 85.0637404376506 88.6581095343822 87.59539342008 89.3207993363877 90.0923194724934 91.015051785605 91.1405219589659 92.3597158824667 91.1172186011937 91.8331983252131 93.1986267205811
83.6408008670417 0 80.9628365465767 85.9298880881852 80.4299114571472 81.4510002480644 87.1639223335182 84.3408319525428 85.280235595651 89.3625602525285 87.7688490461521 86.7554356592824 91.5034238472888 90.6227929900723 90.9420340568167 92.070224829705 91.7239158055259 91.90426484507
87.9090850536988 80.9628365465767 0 86.9747808619358 82.2819183877674 67.2272264362371 87.8007545217567 84.484421527208 80.738820882775 89.741461325561 85.5673171147236 81.676854159603 90.9680216370173 89.2684262627964 88.6815671379067 91.8624676024948 90.718058124033 89.8195101390914
84.1291872365223 85.9298880881852 86.9747808619358 0 79.9360690089101 87.7940334296455 69.9742370056535 75.5673171147236 84.8667886893461 79.661984156616 83.7989102258118 87.094417010166 85.8862748223873 86.1468621765672 88.7439887447076 86.4394995309249 87.2256933616249 89.9316855164168
83.3350801775148 80.4299114571472 82.2819183877674 79.9360690089101 0 83.5595339012134 82.0727368965748 75.5523155632995 81.8810549507213 85.6891416591578 83.8681130724119 84.7904545651168 88.6665542029632 87.6910302758883 88.7984150166263 89.4412153781109 89.0874780134566 90.0415708322431
88.3666599593055 81.4510002480644 67.2272264362371 87.7940334296455 83.5595339012134 0 88.5644935501606 85.5859964760748 82.1900093127201 90.3649064204089 86.4730595103641 82.5824014703115 91.501132761034 89.8634479006266 89.1630553121545 92.3535996099765 91.2343328039695 90.2121611966117
85.5107920892135 87.1639223335182 87.8007545217567 69.9742370056535 82.0727368965748 88.5644935501606 0 77.8452979360192 85.3461292680899 76.3653649600743 83.5201228844259 87.3955942510882 84.4632316900903 85.2279248708898 88.3929132357039 85.0274329204183 86.2022036509434 89.580133814493
85.0637404376506 84.3408319525428 84.484421527208 75.5673171147236 75.5523155632995 85.5859964760748 77.8452979360192 0 81.3176021151403 82.93128213749 81.1136705287218 84.5150597129644 86.4979093077805 85.4703994008443 87.4701509833698 87.5224965040336 87.1138650255161 88.8868231746949
88.6581095343822 85.280235595651 80.738820882775 84.8667886893461 81.8810549507213 82.1900093127201 85.3461292680899 81.3176021151403 0 87.3921523472869 78.3784347830183 74.3279020717801 88.0908247429846 85.2408599357581 84.5916601811258 89.4784941033033 87.4778743506497 86.4602762870063
87.59539342008 89.3625602525285 89.741461325561 79.661984156616 85.6891416591578 90.3649064204089 76.3653649600743 82.93128213749 87.3921523472869 0 85.0805247863448 88.9163588575711 81.8722972449526 84.8216828596421 88.7262970466224 81.5747935068004 84.984829627831 89.7299910123393
89.3207993363877 87.7688490461521 85.5673171147236 83.7989102258118 83.8681130724119 86.4730595103641 83.5201228844259 81.1136705287218 78.3784347830183 85.0805247863448 0 80.7841074747623 84.7761036398105 80.0814756595712 81.7729850735115 86.8728728512127 83.7411469057037 84.3279020717801
90.0923194724934 86.7554356592824 81.676854159603 87.094417010166 84.7904545651168 82.5824014703115 87.3955942510882 84.5150597129644 74.3279020717801 88.9163588575711 80.7841074747623 0 88.9949461517284 85.9291992239092 83.7136960174551 90.3708563400322 88.0550801394016 85.54930902471
91.015051785605 91.5034238472888 90.9680216370173 85.8862748223873 88.6665542029632 91.501132761034 84.4632316900903 86.4979093077805 88.0908247429846 81.8722972449526 84.7761036398105 88.9949461517284 0 79.8920337031866 86.3372349564591 74.8172353991213 76.5364172448041 87.1561388112382
91.1405219589659 90.6227929900723 89.2684262627964 86.1468621765672 87.6910302758883 89.8634479006266 85.2279248708898 85.4703994008443 85.2408599357581 84.8216828596421 80.0814756595712 85.9291992239092 79.8920337031866 0 80.8043333862853 83.7331583043885 74.7904545651168 82.6459542896836
92.3597158824667 90.9420340568167 88.6815671379067 88.7439887447076 88.7984150166263 89.1630553121545 88.3929132357039 87.4701509833698 84.5916601811258 88.7262970466224 81.7729850735115 83.7136960174551 86.3372349564591 80.8043333862853 0 88.3819610138378 83.5201228844259 72.5420156066597
91.1172186011937 92.070224829705 91.8624676024948 86.4394995309249 89.4412153781109 92.3535996099765 85.0274329204183 87.5224965040336 89.4784941033033 81.5747935068004 86.8728728512127 90.3708563400322 74.8172353991213 83.7331583043885 88.3819610138378 0 81.4990315363439 89.0112398515747
91.8331983252131 91.7239158055259 90.718058124033 87.2256933616249 89.0874780134566 91.2343328039695 86.2022036509434 87.1138650255161 87.4778743506497 84.984829627831 83.7411469057037 88.0550801394016 76.5364172448041 74.7904545651168 83.5201228844259 81.4990315363439 0 84.3249127784517
93.1986267205811 91.90426484507 89.8195101390914 89.9316855164168 90.0415708322431 90.2121611966117 89.580133814493 88.8868231746949 86.4602762870063 89.7299910123393 84.3279020717801 85.54930902471 87.1561388112382 82.6459542896836 72.5420156066597 89.0112398515747 84.3249127784517 0
