0 80.3310353635652 85.7756430047551 78.2993261327158 84.6944839826563 87.9899889902793 84.8667886893461 85.7152734467552 89.8887129856915 89.8489444428863 88.8058810936318 90.0827995263149 91.2811923041563 91.0176141209872 91.6586593619492 94.0056567844836 93.9166737808145 93.5117167947744
80.3310353635652 0 81.2856097434395 77.4995229711462 80.2807401307034 83.4827717624266 84.1291872365223 80.2119042252309 86.7939945034717 88.4011093146316 86.0494573936257 86.8092101824516 90.2285758189056 89.3756649167141 89.4833594670039 93.3017766683838 92.7056971333427 91.8255842475807
85.7756430047551 81.2856097434395 0 85.6127543929104 85.7326076915633 79.6385877643063 88.6581095343822 84.2898848045664 87.6684718644191 90.8007445462348 88.3819610138378 86.7707867926468 92.2371742980202 91.1881938127257 90.4122790867573 94.7062773964577 93.76933170958 92.4516687713003
78.2993261327158 77.4995229711462 85.6127543929104 0 79.3443980803016 86.6323912855628 80.0814756595712 81.8512064152267 87.5972706385311 87.2216025149133 85.8076419242784 88.1121311380611 89.1551959618225 88.7338880295529 89.6628590741529 92.5344953540117 92.3441731080974 91.9141740963992
84.6944839826563 80.2807401307034 85.7326076915633 79.3443980803016 0 84.7200415290772 79.2684262627964 73.555965823659 83.4960621867671 84.0956912319113 80.3534795727897 84.6733771834068 86.9388930455938 85.6657806624687 86.5117874343298 91.1224310947009 90.4002382101653 89.6056196095305
87.9899889902793 83.4827717624266 79.6385877643063 86.6323912855628 84.7200415290772 0 88.4081222350343 82.0844407010529 84.0608757462916 89.487915800507 86.1455514945536 82.0844407010529 91.0721310074469 89.5326172058794 87.9178102094593 93.7118597741768 92.3049917038795 90.422083684711
84.8667886893461 84.1291872365223 88.6581095343822 80.0814756595712 79.2684262627964 88.4081222350343 0 82.8815373958952 86.8761978059386 83.087801592918 83.4499763303665 88.0567688513191 85.7217818991216 85.8604550374417 88.2093868368697 90.2807401307034 90.4802093633265 90.593000884045
85.7152734467552 80.2119042252309 84.2898848045664 81.8512064152267 73.555965823659 82.0844407010529 82.8815373958952 0 81.5218992231529 85.2505360143668 80.229855602271 82.3326765383033 87.7940334296455 86.082168991845 85.823200447028 91.5963326842853 90.4790012783041 89.1797093560803
89.8887129856915 86.7939945034717 87.6684718644191 87.5972706385311 83.4960621867671 84.0608757462916 86.8761978059386 81.5218992231529 0 84.8358842042205 78.3390605802349 73.6964506811521 86.9780287330724 83.7274431504922 79.0891422958372 90.5284981699644 88.0635171402465 85.0274329204183
89.8489444428863 88.4011093146316 90.8007445462348 87.2216025149133 84.0956912319113 89.487915800507 83.087801592918 85.2505360143668 84.8358842042205 0 79.8447517363798 86.9257690522703 75.9195436335469 75.6120133392751 83.8924062417859 86.0036495782666 85.6591876775859 86.6842288337199
88.8058810936318 86.0494573936257 88.3819610138378 85.8076419242784 80.3534795727897 86.1455514945536 83.4499763303665 80.229855602271 78.3390605802349 79.8447517363798 0 82.0777566753872 83.8213544350363 80.0093808529838 80.9193850103386 89.0443175425455 87.3026961501729 85.9866862537587
90.0827995263149 86.8092101824516 86.7707867926468 88.1121311380611 84.6733771834068 82.0844407010529 88.0567688513191 82.3326765383033 73.6964506811521 86.9257690522703 82.0777566753872 0 88.6815671379067 86.0941238864933 82.0323684124072 91.6630772267669 89.3475349130989 86.2408479351578
91.2811923041563 90.2285758189056 92.2371742980202 89.1551959618225 86.9388930455938 91.0721310074469 85.7217818991216 87.7940334296455 86.9780287330724 75.9195436335469 83.8213544350363 88.6815671379067 0 77.4995229711462 85.2190096129285 82.79025144391 83.9242228296478 86.706750637792
91.0176141209872 89.3756649167141 91.1881938127257 88.7338880295529 85.6657806624687 89.5326172058794 85.8604550374417 86.082168991845 83.7274431504922 75.6120133392751 80.0093808529838 86.0941238864933 77.4995229711462 0 80.6607330446118 85.3563600026657 82.9763862971189 83.8714337899069
91.6586593619492 89.4833594670039 90.4122790867573 89.6628590741529 86.5117874343298 87.9178102094593 88.2093868368697 85.823200447028 79.0891422958372 83.8924062417859 80.9193850103386 82.0323684124072 85.2190096129285 80.6607330446118 0 88.5569765516262 84.4651623168477 79.2970716604341
94.0056567844836 93.3017766683838 94.7062773964577 92.5344953540117 91.1224310947009 93.7118597741768 90.2807401307034 91.5963326842853 90.5284981699644 86.0036495782666 89.0443175425455 91.6630772267669 82.79025144391 85.3563600026657 88.5569765516262 0 82.653284156097 88.0360367454923
93.9166737808145 92.7056971333427 93.76933170958 92.3441731080974 90.4002382101653 92.3049917038795 90.4802093633265 90.4790012783041 88.0635171402465 85.6591876775859 87.3026961501729 89.3475349130989 83.9242228296478 82.9763862971189 84.4651623168477 82.653284156097 0 81.715198676593
93.5117167947744 91.8255842475807 92.4516687713003 91.9141740963992 89.6056196095305 90.422083684711 90.593000884045 89.1797093560803 85.0274329204183 86.6842288337199 85.9866862537587 86.2408479351578 86.706750637792 83.8714337899069 79.2970716604341 88.0360367454923 81.715198676593 0
