0 78.940188044825 87.2425274907694 71.9124372658146 75.2650098301599 85.0930706154422 82.099442252477 85.4342624469282 85.3350845341687 85.4288545277498 86.6917490863679 88.6197186119532 88.2483336371284 87.0178873678807 89.6838043908563 89.9850808185757 89.5033716757062 91.8347902813809
78.940188044825 0 83.0290942252098 74.1758581374509 70.0281873245205 80.9193850103386 85.7065803099363 86.0393941818496 82.5163934390137 88.215902273357 86.2867717037943 87.9710879147445 89.7537582176681 87.4059036258722 89.4784941033033 91.730985611864 90.5397125489943 92.0215398082145
87.2425274907694 83.0290942252098 0 85.6854997764966 84.7608036422386 81.4238688668901 90.1871639077538 89.1862229603295 84.0735682389664 91.7733438314993 88.4776355514882 89.1113823645317 92.3954566323483 89.8804000663812 90.6905260238862 94.1913043119513 92.7184135576832 93.1450720248428
71.9124372658146 74.1758581374509 85.6854997764966 0 65.7863355292019 83.051870788883 83.323798167022 85.0299758763721 83.6009463029101 86.4505113704269 85.9291992239092 87.9125772197882 88.6048620343283 86.6545999065771 89.2251007565695 90.6117913722832 89.6549784637635 91.6505482524971
75.2650098301599 70.0281873245205 84.7608036422386 65.7863355292019 0 82.1441384770285 84.2646907159332 85.3176715737137 83.0290942252098 87.1410509973508 85.9546147109638 87.8532674567327 89.0220684557673 86.86121542219 89.259475688825 91.0397579283954 89.9625496294966 91.7542887013474
85.0930706154422 80.9193850103386 81.4238688668901 83.051870788883 82.1441384770285 0 87.3031982537424 84.7680103558923 72.5570171580838 89.3475349130989 83.381156296672 84.6953993467273 89.7081136010434 85.7863355292019 87.1368796008778 92.2646527373874 90.0185255968003 90.5861692046372
82.099442252477 85.7065803099363 90.1871639077538 83.323798167022 84.2646907159332 87.3031982537424 0 81.7079210128555 86.5184091547906 76.2581263061566 84.8491559212384 87.188736274528 82.6002308959102 83.6033008406848 87.6295255839015 85.7159970899826 85.1872526798368 89.4927706264932
85.4342624469282 86.0393941818496 89.1862229603295 85.0299758763721 85.3176715737137 84.7680103558923 81.7079210128555 0 82.6941043474961 83.9677287764326 75.0002150024618 80.6234942756704 82.6135550936366 71.4548623602078 81.8069354424815 87.9697962045821 83.197722303789 86.2080222604288
85.3350845341687 82.5163934390137 84.0735682389664 83.6009463029101 83.0290942252098 72.5570171580838 86.5184091547906 82.6941043474961 0 88.6148957965558 80.4857622301273 82.2867022452208 88.6595793524246 83.778610784351 85.3563600026657 91.6121845670317 88.8875204444754 89.4230716983797
85.4288545277498 88.215902273357 91.7733438314993 86.4505113704269 87.1410509973508 89.3475349130989 76.2581263061566 83.9677287764326 88.6148957965558 0 86.6136007973246 88.3960373756239 80.3410248902675 84.9590655924985 88.3410377916595 82.2305599791183 84.0161576060675 89.3859337696357
86.6917490863679 86.2867717037943 88.4776355514882 85.9291992239092 85.9546147109638 83.381156296672 84.8491559212384 75.0002150024618 80.4857622301273 86.6136007973246 0 74.9659509602808 85.1994943815033 74.5416919591329 79.2716184311275 89.6032551369968 85.0002150024618 85.8125984119335
88.6197186119532 87.9710879147445 89.1113823645317 87.9125772197882 87.8532674567327 84.6953993467273 87.188736274528 80.6234942756704 82.2867022452208 88.3960373756239 74.9659509602808 0 86.6112462595499 78.8567341753854 75.1757958751021 90.5729465059073 85.8379999487653 84.5869706818913
88.2483336371284 89.7537582176681 92.3954566323483 88.6048620343283 89.0220684557673 89.7081136010434 82.6002308959102 82.6135550936366 88.6595793524246 80.3410248902675 85.1994943815033 86.6112462595499 0 82.2867022452208 85.6518503809952 81.8722972449526 74.8615063718665 85.8987805111985
87.0178873678807 87.4059036258722 89.8804000663812 86.6545999065771 86.86121542219 85.7863355292019 83.6033008406848 71.4548623602078 83.778610784351 84.9590655924985 74.5416919591329 78.8567341753854 82.2867022452208 0 79.0220684557673 88.0377328770581 81.9332335297458 84.469985132245
89.6838043908563 89.4784941033033 90.6905260238862 89.2251007565695 89.259475688825 87.1368796008778 87.6295255839015 81.8069354424815 85.3563600026657 88.3410377916595 79.2716184311275 75.1757958751021 85.6518503809952 79.0220684557673 0 89.957102905488 84.1124715273839 80.9994315893368
89.9850808185757 91.730985611864 94.1913043119513 90.6117913722832 91.0397579283954 92.2646527373874 85.7159970899826 87.9697962045821 91.6121845670317 82.2305599791183 89.6032551369968 90.5729465059073 81.8722972449526 88.0377328770581 89.957102905488 0 84.09464030757 89.5410227144777
89.5033716757062 90.5397125489943 92.7184135576832 89.6549784637635 89.9625496294966 90.0185255968003 85.1872526798368 83.197722303789 88.8875204444754 84.0161576060675 85.0002150024618 85.8379999487653 74.8615063718665 81.9332335297458 84.1124715273839 84.09464030757 0 83.197722303789
91.8347902813809 92.0215398082145 93.1450720248428 91.6505482524971 91.7542887013474 90.5861692046372 89.4927706264932 86.2080222604288 89.4230716983797 89.3859337696357 85.8125984119335 84.5869706818913 85.8987805111985 84.469985132245 80.9994315893368 89.5410227144777 83.197722303789 0
