0 83.6442999499373 84.8385417941978 80.7953557193797 82.8815373958952 87.2425274907694 80.9541809486562 83.4181597425046 87.1138650255161 84.4584013650245 89.3018275778494 89.4589779583689 87.491838041348 89.6356543330438 89.387176830773 89.815288906147 91.585857384816 91.9145213791805
83.6442999499373 0 67.0178873678807 86.6323912855628 81.6951556819209 80.4004842763326 83.6127062473257 84.9616488848235 80.715999260007 87.0933632809799 87.7738075181225 86.4706275098419 88.9959663008508 88.7698546518372 87.7864035964503 90.6727672167897 91.1078203183244 90.7262838335203
84.8385417941978 67.0178873678807 0 87.3901843196928 82.5163934390137 79.3255293548103 84.5160136821761 85.6149767954249 79.8781805979189 87.6573799486679 87.761626602215 86.1821018921153 89.3625602525285 88.8306757240111 87.7580108710713 90.909548211526 91.1471571588343 90.649594902617
80.7953557193797 86.6323912855628 87.3901843196928 0 82.0861101013499 87.9852714276756 77.7647878994723 79.0220684557673 87.6910302758883 77.2272264362371 87.6253319777206 88.739662743036 82.7973419676385 87.5315567270903 87.7738075181225 86.4602762870063 89.5836989629918 90.455011732743
82.8815373958952 81.6951556819209 82.5163934390137 82.0861101013499 0 81.9141740963992 73.9536370923738 75.3287606235951 81.2614598490377 80.8821062851461 83.8056556760196 84.0661687936488 84.104089484118 84.7571957958678 83.9384101227389 86.8817337465467 88.1407920610298 88.2531775206893
87.2425274907694 80.4004842763326 79.3255293548103 87.9852714276756 81.9141740963992 0 84.8002933898396 85.0206444159974 61.9124372658146 87.2379428321569 84.5841545498447 81.2209091826396 88.4065647866336 86.3152293981705 84.5121965473938 89.7081136010434 89.1862229603295 88.1934643891456
80.9541809486562 83.6127062473257 84.5160136821761 77.7647878994723 73.9536370923738 84.8002933898396 0 71.5313920024931 84.3596604935146 77.627196302634 85.27783507335 86.1448960051827 82.9037165430793 85.6657806624687 85.435034457386 86.3902173587608 88.5663707686117 89.0741407444131
83.4181597425046 84.9616488848235 85.6149767954249 79.0220684557673 75.3287606235951 85.0206444159974 71.5313920024931 0 84.5007249717544 74.4166372889035 83.7411469057037 85.322427491129 80.5098229277861 83.9536370923738 83.9547226928842 84.7391114690121 87.2886136300243 88.0105149591016
87.1138650255161 80.715999260007 79.8781805979189 87.6910302758883 81.2614598490377 61.9124372658146 84.3596604935146 84.5007249717544 0 86.8249332995649 83.964480905296 80.5170152200493 88.0024016927371 85.795581136992 83.8946079882559 89.3475349130989 88.8285560079588 87.8457410710452
84.4584013650245 87.0933632809799 87.6573799486679 77.2272264362371 80.8821062851461 87.2379428321569 77.627196302634 74.4166372889035 86.8249332995649 0 84.9796890336395 86.975322342495 76.8817337465467 84.5577822165973 85.2003092693599 83.0838239298534 87.1933731458827 88.4302554006186
89.3018275778494 87.7738075181225 87.761626602215 87.6253319777206 83.8056556760196 84.5841545498447 85.27783507335 83.7411469057037 83.964480905296 84.9796890336395 0 77.650433087972 84.0576968186256 72.1654959184623 53.9536370923738 84.3517426338573 81.4741215705682 80.3210228062334
89.4589779583689 86.4706275098419 86.1821018921153 88.739662743036 84.0661687936488 81.2209091826396 86.1448960051827 85.322427491129 80.5170152200493 86.975322342495 77.650433087972 0 87.0006960745015 81.3295387552311 77.2016042685911 87.6014914156434 85.3532146504956 83.1155436921792
87.491838041348 88.9959663008508 89.3625602525285 82.7973419676385 84.104089484118 88.4065647866336 82.9037165430793 80.5098229277861 88.0024016927371 76.8817337465467 84.0576968186256 87.0006960745015 0 82.6722841132558 84.3249127784517 77.2628453983262 84.8465048204424 87.0082256401605
89.6356543330438 88.7698546518372 88.8306757240111 87.5315567270903 84.7571957958678 86.3152293981705 85.6657806624687 83.9536370923738 85.795581136992 84.5577822165973 72.1654959184623 81.3295387552311 82.6722841132558 0 72.8884805545587 82.176952723197 78.5663707686117 79.5765657369386
89.387176830773 87.7864035964503 87.7580108710713 87.7738075181225 83.9384101227389 84.5121965473938 85.435034457386 83.9547226928842 83.8946079882559 85.2003092693599 53.9536370923738 77.2016042685911 84.3249127784517 72.8884805545587 0 84.5869706818913 81.5729154765791 80.1576005458867
89.815288906147 90.6727672167897 90.909548211526 86.4602762870063 86.8817337465467 89.7081136010434 86.3902173587608 84.7391114690121 89.3475349130989 83.0838239298534 84.3517426338573 87.6014914156434 77.2628453983262 82.176952723197 84.5869706818913 0 82.1292907879716 85.7354900177477
91.585857384816 91.1078203183244 91.1471571588343 89.5836989629918 88.1407920610298 89.1862229603295 88.5663707686117 87.2886136300243 88.8285560079588 87.1933731458827 81.4741215705682 85.3532146504956 84.8465048204424 78.5663707686117 81.5729154765791 82.1292907879716 0 77.4995229711462
91.9145213791805 90.7262838335203 90.649594902617 90.455011732743 88.2531775206893 88.1934643891456 89.0741407444131 88.0105149591016 87.8457410710452 88.4302554006186 80.3210228062334 83.1155436921792 87.0082256401605 79.5765657369386 80.1576005458867 85.7354900177477 77.4995229711462 0
