0 80.2807401307034 87.9525365899369 80.6117913722832 85.4558270336954 87.1861580940907 86.1448960051827 84.6844022237742 90.5701078251685 84.2928982971025 90.1700728143196 89.8242892483495 90.0772365720516 90.6009967775609 92.5293741338488 89.735729955783 91.7769297823422 94.0486771999755
80.2807401307034 0 83.4107842329724 84.8615063718665 81.3176021151403 83.9547226928842 87.669856364134 82.6488877209461 89.546717201444 86.4345964033151 90.1615019788357 88.6877768249837 91.294631443942 90.7061489708345 92.241041425336 91.0755025319784 92.0534404810108 93.8924062417859
87.9525365899369 83.4107842329724 0 89.4239960897739 81.2493343553935 81.567276508266 90.2604578063016 84.8913549073611 88.6906959612515 89.7342959307347 90.7617496324463 87.9347740096789 92.9579911782197 91.3360899497185 92.070224829705 92.8662232614152 92.678841702518 93.7365837901601
80.6117913722832 84.8615063718665 89.4239960897739 0 85.891837352535 87.1701391230598 80.1288824412368 83.5392759245935 89.0891422958372 75.9126336164662 87.5353659103793 88.3073021585004 86.5238194265639 87.9697962045821 90.7235436610845 85.9975504115668 89.3144846208891 92.4333716550195
85.4558270336954 81.3176021151403 81.2493343553935 85.891837352535 0 72.5420156066597 86.5111849588043 75.6120133392751 85.5673171147236 85.8415162187485 87.5353659103793 84.2169264795973 90.3457618781112 88.3410377916595 89.8119089631897 90.2257589673071 90.1718886978531 91.9532423664337
87.1861580940907 83.9547226928842 81.567276508266 87.1701391230598 72.5420156066597 0 87.0949437788996 78.0232945999633 84.0279140776271 86.7440293629844 87.0679967752654 82.5163934390137 90.521324885034 87.9330371790942 89.0924689484848 90.455011732743 89.8520165238484 91.382655066991
86.1448960051827 87.669856364134 90.2604578063016 80.1288824412368 86.5111849588043 87.0949437788996 0 83.6127062473257 86.8584352256806 71.9124372658146 83.2388757755454 86.1033994395945 81.9625254725383 83.7182832318441 88.0024016927371 81.3769599159453 85.6245940862382 90.1288824412368
84.6844022237742 82.6488877209461 84.8913549073611 83.5392759245935 75.6120133392751 78.0232945999633 83.6127062473257 0 84.5850934634402 82.8298100957312 85.5680658337702 82.9953807752155 88.5944321078012 86.5238194265639 88.7439887447076 88.4407002914246 88.6874117949503 91.1124175754548
90.5701078251685 89.546717201444 88.6906959612515 89.0891422958372 85.5673171147236 84.0279140776271 86.8584352256806 84.5850934634402 0 87.5605177126806 81.4063373322637 69.0724707021626 88.7998381164405 82.7114819424818 82.3310992930275 88.9621742069864 85.5410302954014 86.6230062039656
84.2928982971025 86.4345964033151 89.7342959307347 75.9126336164662 85.8415162187485 86.7440293629844 71.9124372658146 82.8298100957312 87.5605177126806 0 85.0197951063596 86.7365991732866 84.0279140776271 85.528960265554 89.079480568117 83.447537158823 87.2256933616249 91.0569266728001
90.1700728143196 90.1615019788357 90.7617496324463 87.5353659103793 87.5353659103793 87.0679967752654 83.2388757755454 85.5680658337702 81.4063373322637 85.0197951063596 0 81.4452006324876 84.1593214403875 67.4754622734875 80.5289759679537 84.5502177560408 78.6148957965558 85.1929697683414
89.8242892483495 88.6877768249837 87.9347740096789 88.3073021585004 84.2169264795973 82.5163934390137 86.1033994395945 82.9953807752155 69.0724707021626 86.7365991732866 81.4452006324876 0 88.5839770726657 82.9092436769071 83.6396338793095 88.7016252803801 85.8939214659009 87.5110249283942
90.0772365720516 91.294631443942 92.9579911782197 86.5238194265639 90.3457618781112 90.521324885034 81.9625254725383 88.5944321078012 88.7998381164405 84.0279140776271 84.1593214403875 88.5839770726657 0 83.5392759245935 87.6457956664753 64.0608757462916 83.0384872811603 88.9796150891822
90.6009967775609 90.7061489708345 91.3360899497185 87.9697962045821 88.3410377916595 87.9330371790942 83.7182832318441 86.5238194265639 82.7114819424818 85.528960265554 67.4754622734875 82.9092436769071 83.5392759245935 0 80.0281873245205 84.0576968186256 75.8005514005498 84.5160136821761
92.5293741338488 92.241041425336 92.070224829705 90.7235436610845 89.8119089631897 89.0924689484848 88.0024016927371 88.7439887447076 82.3310992930275 89.079480568117 80.5289759679537 83.6396338793095 87.6457956664753 80.0281873245205 0 88.0567688513191 80.4857622301273 78.7429076482031
89.735729955783 91.0755025319784 92.8662232614152 85.9975504115668 90.2257589673071 90.455011732743 81.3769599159453 88.4407002914246 88.9621742069864 83.447537158823 84.5502177560408 88.7016252803801 64.0608757462916 84.0576968186256 88.0567688513191 0 83.8358812162758 89.4098004215052
91.7769297823422 92.0534404810108 92.678841702518 89.3144846208891 90.1718886978531 89.8520165238484 85.6245940862382 88.6874117949503 85.5410302954014 87.2256933616249 78.6148957965558 85.8939214659009 83.0384872811603 75.8005514005498 80.4857622301273 83.8358812162758 0 82.9641315458079
94.0486771999755 93.8924062417859 93.7365837901601 92.4333716550195 91.9532423664337 91.382655066991 90.1288824412368 91.1124175754548 86.6230062039656 91.0569266728001 85.1929697683414 87.5110249283942 88.9796150891822 84.5160136821761 78.7429076482031 89.4098004215052 82.9641315458079 0
