0 79.7314264593261 84.8358842042205 81.6251957531956 82.2547098735201 87.3352127350916 83.379917402121 85.604595839916 86.960135308793 89.5839959266364 87.4034512316464 89.1453517305904 89.3450256281416 91.4529317334505 92.2100075590423 93.4895428788343 92.351244901987 93.3956251667495
79.7314264593261 0 81.9950314157273 82.6002308959102 71.1963957883817 82.6591391550547 82.4600994442045 81.8652783427072 82.1027689051246 88.1441028634154 84.9788316760572 85.5949341121958 88.5569765516262 89.6953971767029 90.1799213536671 92.419018370995 90.6096814964828 91.7148350829037
84.8358842042205 81.9950314157273 0 88.2207824440951 82.9953807752155 84.6066326409251 88.2511598923979 87.378357389014 82.5868656935784 91.3307306167815 89.197922886098 86.9296009821506 91.8113829030023 91.9657870372111 91.7097415724374 94.3004228929538 92.4455270770556 93.0646802704142
81.6251957531956 82.6002308959102 88.2207824440951 0 82.8981823660717 87.250666063906 72.5420156066597 82.099442252477 87.6351107671628 85.8323679884117 83.3588019416995 88.6223132959149 84.9105599207718 89.115684439989 90.7308469490639 91.2956326992361 90.4591405847679 91.9416967866599
82.2547098735201 71.1963957883817 82.9953807752155 82.8981823660717 0 80.4004842763326 82.0154368322127 79.5317156500199 80.3485019850597 87.2016042685911 83.4876093511407 83.9242228296478 87.9073379170689 88.6844904496327 89.1453517305904 91.75554964056 89.6605255689216 90.8600272095335
87.3352127350916 82.6591391550547 84.6066326409251 87.250666063906 80.4004842763326 0 86.1684315156628 82.022217387562 71.8246980227395 87.5751619087924 84.4166372889035 75.1097422091168 88.9888202196146 87.4889526831515 86.6516841999762 91.2135696816211 88.0360367454923 88.9453510470012
83.379917402121 82.4600994442045 88.2511598923979 72.5420156066597 82.0154368322127 86.1684315156628 0 79.0220684557673 86.8316543916761 83.9209422467254 80.4103155081914 87.5047984831427 83.3049294415307 87.7344349565518 89.6038463758268 90.3447650467947 89.2802255840982 90.9580781026514
85.604595839916 81.8652783427072 87.378357389014 82.099442252477 79.5317156500199 82.022217387562 79.0220684557673 0 83.6536170783573 82.5942958832762 74.7635075614827 83.555965823659 84.1779208042287 85.3208427639379 86.927411721956 89.3619352334846 87.0006960745015 88.9010948773214
86.960135308793 82.1027689051246 82.5868656935784 87.6351107671628 80.3485019850597 71.8246980227395 86.8316543916761 83.6536170783573 0 88.7457899743875 85.9298880881852 78.8285560079588 89.8878824094319 88.8112061584495 88.0173354470665 92.0936144717246 89.275127108415 90.00991931245
89.5839959266364 88.1441028634154 91.3307306167815 85.8323679884117 87.2016042685911 87.5751619087924 83.9209422467254 82.5942958832762 88.7457899743875 0 78.0908247429846 87.4488406281281 76.108690874692 80.6398255405413 86.0070343066891 84.7100189938393 84.116656490193 87.2384524777385
87.4034512316464 84.9788316760572 89.197922886098 83.3588019416995 83.4876093511407 84.4166372889035 80.4103155081914 74.7635075614827 85.9298880881852 78.0908247429846 0 84.8667886893461 81.2331141878218 82.9763862971189 85.9928006862698 87.657842677859 85.4164682239697 87.9020922860509
89.1453517305904 85.5949341121958 86.9296009821506 88.6223132959149 83.9242228296478 75.1097422091168 87.5047984831427 83.555965823659 78.8285560079588 87.4488406281281 84.8667886893461 0 89.1709004652479 86.3653649600743 84.4467866182246 90.5150984397825 86.5698338578532 87.28054592573
89.3450256281416 88.5569765516262 91.8113829030023 84.9105599207718 87.9073379170689 88.9888202196146 83.3049294415307 84.1779208042287 89.8878824094319 76.108690874692 81.2331141878218 89.1709004652479 0 84.5416919591329 88.4147351667544 86.1677794707972 86.9027061984258 89.2840455167514
91.4529317334505 89.6953971767029 91.9657870372111 89.115684439989 88.6844904496327 87.4889526831515 87.7344349565518 85.3208427639379 88.8112061584495 80.6398255405413 82.9763862971189 86.3653649600743 84.5416919591329 0 80.229855602271 82.1226754861304 74.484421527208 81.7729850735115
92.2100075590423 90.1799213536671 91.7097415724374 90.7308469490639 89.1453517305904 86.6516841999762 89.6038463758268 86.927411721956 88.0173354470665 86.0070343066891 85.9928006862698 84.4467866182246 88.4147351667544 80.229855602271 0 86.1448960051827 76.5364172448041 76.2581263061566
93.4895428788343 92.419018370995 94.3004228929538 91.2956326992361 91.75554964056 91.2135696816211 90.3447650467947 89.3619352334846 92.0936144717246 84.7100189938393 87.657842677859 90.5150984397825 86.1677794707972 82.1226754861304 86.1448960051827 0 82.6751998198568 85.0435132177645
92.351244901987 90.6096814964828 92.4455270770556 90.4591405847679 89.6605255689216 88.0360367454923 89.2802255840982 87.0006960745015 89.275127108415 84.116656490193 85.4164682239697 86.5698338578532 86.9027061984258 74.484421527208 76.5364172448041 82.6751998198568 0 76.8817337465467
93.3956251667495 91.7148350829037 93.0646802704142 91.9416967866599 90.8600272095335 88.9453510470012 90.9580781026514 88.9010948773214 90.00991931245 87.2384524777385 87.9020922860509 87.28054592573 89.2840455167514 81.7729850735115 76.2581263061566 85.0435132177645 76.8817337465467 0
