0 67.0178873678807 85.4373496656962 76.5662657802988 82.3687959765968 86.2022036509434 83.5879734777828 86.3391159691871 87.9762509169206 90.083858329226 87.4269372455433 89.3874875404723 91.0165466649615 91.8362048638026 90.9450739663187 92.9913175176426 93.3683787243956 92.8052696349375
67.0178873678807 0 84.3279020717801 77.1185824845969 81.0843403509302 85.26340400843 83.964480905296 85.8182560513189 87.4019791301175 90.2359933182647 87.1597728576798 88.9864355771471 91.1694764104537 91.6658361118692 90.6479682009508 93.0095723137441 93.2562485999175 92.6642558120015
85.4373496656962 84.3279020717801 0 85.9955154510521 80.2119042252309 76.2581263061566 88.4135689102503 84.9959467516818 84.3249127784517 92.0387851445175 87.5124605335482 87.1159623066478 92.8209407627428 91.1676208475889 89.2251007565695 93.6632625185496 92.9532093273657 92.2184344854741
76.5662657802988 77.1185824845969 85.9955154510521 0 81.0058576494277 85.7756430047551 78.6994416157976 84.0417671828947 86.5698338578532 88.0753014729865 84.875578299347 87.8594558778782 89.2511478917976 90.3696174454812 89.553301503306 91.570660767788 92.1042650678744 91.4825686412198
82.3687959765968 81.0843403509302 80.2119042252309 81.0058576494277 0 78.3073021585004 84.2312091392794 79.7997758540917 81.7729850735115 89.5166621000467 83.4730803892132 84.8676684512895 90.5530366656125 89.3500427490681 87.5124605335482 91.8615888729896 91.4741215705682 90.6563276118344
86.2022036509434 85.26340400843 76.2581263061566 85.7756430047551 78.3073021585004 0 87.5906968209211 81.8087149732661 79.9985976200845 91.0365710695442 85.2962052581353 84.2077199036913 91.8896204024355 89.4936803024929 87.0184235008138 92.5870144220186 91.6121845670317 90.7417789046664
83.5879734777828 83.964480905296 88.4135689102503 78.6994416157976 84.2312091392794 87.5906968209211 0 83.8714337899069 86.8678806412791 84.5150597129644 82.9092436769071 87.3406915354064 86.2099600658387 88.940188044825 88.7048987199532 89.5530024333187 90.7260555518404 90.124951581274
86.3391159691871 85.8182560513189 84.9959467516818 84.0417671828947 79.7997758540917 81.8087149732661 83.8714337899069 0 76.2325041385106 87.4875092848712 75.6854997764966 78.9021373091748 88.7088962427666 85.8323679884117 83.2478263495168 89.67130753563 88.852167645855 87.7239661854775
87.9762509169206 87.4019791301175 84.3249127784517 86.5698338578532 81.7729850735115 79.9985976200845 86.8678806412791 76.2325041385106 0 89.2853180813548 80.943337135734 75.8987805111985 90.2375263928769 85.9764763638929 81.9401435468265 90.5456658670192 88.9782497052775 87.7711035988784
90.083858329226 90.2359933182647 92.0387851445175 88.0753014729865 89.5166621000467 91.0365710695442 84.5150597129644 87.4875092848712 89.2853180813548 0 85.1039144283644 88.4349006758478 71.6065963893544 86.7787253282775 88.458052813232 83.4242964466753 87.7738075181225 87.55625690639
87.4269372455433 87.1597728576798 87.5124605335482 84.875578299347 83.4730803892132 85.2962052581353 82.9092436769071 75.6854997764966 80.943337135734 85.1039144283644 0 79.8251320749173 86.625354376404 83.8358812162758 82.4600994442045 87.7783103125321 87.3187347413048 86.0981015495578
89.3874875404723 88.9864355771471 87.1159623066478 87.8594558778782 84.8676684512895 84.2077199036913 87.3406915354064 78.9021373091748 75.8987805111985 88.4349006758478 79.8251320749173 0 89.3650594295902 82.7973419676385 76.0621707455228 89.1295543994929 86.8299750935361 85.2408599357581
91.0165466649615 91.1694764104537 92.8209407627428 89.2511478917976 90.5530366656125 91.8896204024355 86.2099600658387 88.7088962427666 90.2375263928769 71.6065963893544 86.625354376404 89.3650594295902 0 87.334714319435 89.2027885677725 82.3578348697387 87.8368697681565 87.8248646916497
91.8362048638026 91.6658361118692 91.1676208475889 90.3696174454812 89.3500427490681 89.4936803024929 88.940188044825 85.8323679884117 85.9764763638929 86.7787253282775 83.8358812162758 82.7973419676385 87.334714319435 0 78.8143980660997 84.6438395064827 78.3390605802349 73.555965823659
90.9450739663187 90.6479682009508 89.2251007565695 89.553301503306 87.5124605335482 87.0184235008138 88.7048987199532 83.2478263495168 81.9401435468265 88.458052813232 82.4600994442045 76.0621707455228 89.2027885677725 78.8143980660997 0 88.0538131744044 84.2646907159332 82.0323684124072
92.9913175176426 93.0095723137441 93.6632625185496 91.570660767788 91.8615888729896 92.5870144220186 89.5530024333187 89.67130753563 90.5456658670192 83.4242964466753 87.7783103125321 89.1295543994929 82.3578348697387 84.6438395064827 88.0538131744044 0 83.050534292544 83.9968508302003
93.3683787243956 93.2562485999175 92.9532093273657 92.1042650678744 91.4741215705682 91.6121845670317 90.7260555518404 88.852167645855 88.9782497052775 87.7738075181225 87.3187347413048 86.8299750935361 87.8368697681565 78.3390605802349 84.2646907159332 83.050534292544 0 71.3769599159453
92.8052696349375 92.6642558120015 92.2184344854741 91.4825686412198 90.6563276118344 90.7417789046664 90.124951581274 87.7239661854775 87.7711035988784 87.55625690639 86.0981015495578 85.2408599357581 87.8248646916497 73.555965823659 82.0323684124072 83.9968508302003 71.3769599159453 0
