0 86.8249332995649 86.9388930455938 78.6738840693766 83.1679005025265 87.250666063906 81.1676208475889 86.2893088411932 87.6592305696904 85.4288545277498 85.5971656502182 90.1430041505679 88.8871718235787 90.9686693382667 91.7425624635865 88.9021373091748 91.8943329321902 92.7540517139602
86.8249332995649 0 63.2478263495168 89.1969490952604 83.8056556760196 83.1155436921792 89.4589779583689 87.1784143568491 86.2099600658387 91.1190958196448 86.8159556326594 89.3675571693105 91.5963326842853 91.6387231667647 91.3755841046636 91.7365970032622 92.4398382667152 92.6708255255615
86.9388930455938 63.2478263495168 0 89.1924018487551 83.4033961764943 82.2787262194362 89.4005173154006 86.7872148302036 85.6657806624687 91.0301903276857 86.4345964033151 88.9669688788295 91.39989132937 91.3621963499351 91.055868837009 91.5491824493427 92.1808738232924 92.3977874971121
78.6738840693766 89.1969490952604 89.1924018487551 0 84.6429132091945 88.2881350299898 71.5879170280032 85.9271319752455 87.9178102094593 80.4078597858648 85.322427491129 89.8251320749173 86.7440293629844 89.9799333832978 91.199876942913 86.6639170349971 90.9541809486562 92.0934478487385
83.1679005025265 83.8056556760196 83.4033961764943 84.6429132091945 0 79.0724707021626 84.2959097000793 78.7429076482031 80.0522480221793 86.625354376404 77.2272264362371 85.5523155632995 87.0907278389311 87.9525365899369 88.372551361727 87.3072129938656 89.2357314171479 90.0174507434799
87.250666063906 83.1155436921792 82.2787262194362 88.2881350299898 79.0724707021626 0 87.9347740096789 80.6398255405413 76.1350517739506 89.2492238225855 80.5289759679537 83.5725918290523 88.4565131713408 87.683217155423 87.1368796008778 88.7197799126989 88.8679544492035 89.1558514511934
81.1676208475889 89.4589779583689 89.4005173154006 71.5879170280032 84.2959097000793 87.9347740096789 0 84.8394272962539 87.2216025149133 77.2169957016613 84.2413823573747 89.0173342633289 85.0805247863448 88.9590891203599 90.4051568865153 84.9796890336395 90.0287234574536 91.3239724057126
86.2893088411932 87.1784143568491 86.7872148302036 85.9271319752455 78.7429076482031 80.6398255405413 84.8394272962539 0 75.5523155632995 85.8464342187456 64.0608757462916 81.2634774773291 83.9536370923738 84.2596343120333 85.1757958751021 84.3764381673574 86.1553719814826 87.3526213444023
87.6592305696904 86.2099600658387 85.6657806624687 87.9178102094593 80.0522480221793 76.1350517739506 87.2216025149133 75.5523155632995 0 88.1569084359586 76.5840769255055 79.4589779583689 86.3603773685769 85.0274329204183 84.6224845236715 86.7234222314666 86.6282878076665 87.1784143568491
85.4288545277498 91.1190958196448 91.0301903276857 80.4078597858648 86.625354376404 89.2492238225855 77.2169957016613 85.8464342187456 88.1569084359586 0 85.5447953106515 89.1189908313318 82.6708255255615 88.1799458026485 90.0827995263149 82.3073716170739 89.1969490952604 90.7750878561122
85.5971656502182 86.8159556326594 86.4345964033151 85.322427491129 77.2272264362371 80.5289759679537 84.2413823573747 64.0608757462916 76.5840769255055 85.5447953106515 0 82.3578348697387 84.2403661072662 84.9959467516818 85.9077900544676 84.6168963459942 86.7594207960546 87.9199887622108
90.1430041505679 89.3675571693105 88.9669688788295 89.8251320749173 85.5523155632995 83.5725918290523 89.0173342633289 81.2634774773291 79.4589779583689 89.1189908313318 82.3578348697387 0 85.6452361985895 80.5456658670191 77.7056993033671 86.0981015495578 82.5420156066597 82.6751998198568
88.8871718235787 91.5963326842853 91.39989132937 86.7440293629844 87.0907278389311 88.4565131713408 85.0805247863448 83.9536370923738 86.3603773685769 82.6708255255615 84.2403661072662 85.6452361985895 0 82.1556516872302 86.0191975333641 60.237526392877 83.8045321616377 86.6610075789902
90.9686693382667 91.6387231667647 91.3621963499351 89.9799333832978 87.9525365899369 87.683217155423 88.9590891203599 84.2596343120333 85.0274329204183 88.1799458026485 84.9959467516818 80.5456658670191 82.1556516872302 0 77.6457956664753 82.7574850982769 72.099442252477 79.0220684557673
91.7425624635865 91.3755841046636 91.055868837009 91.199876942913 88.372551361727 87.1368796008778 90.4051568865153 85.1757958751021 84.6224845236715 90.0827995263149 85.9077900544676 77.7056993033671 86.0191975333641 77.6457956664753 0 86.4339831229612 78.0062467083217 75.5447953106515
88.9021373091748 91.7365970032622 91.5491824493427 86.6639170349971 87.3072129938656 88.7197799126989 84.9796890336395 84.3764381673574 86.7234222314666 82.3073716170739 84.6168963459942 86.0981015495578 60.237526392877 82.7574850982769 86.4339831229612 0 84.2434141444616 86.9996193558102
91.8943329321902 92.4398382667152 92.1808738232924 90.9541809486562 89.2357314171479 88.8679544492035 90.0287234574536 86.1553719814826 86.6282878076665 89.1969490952604 86.7594207960546 82.5420156066597 83.8045321616377 72.099442252477 78.0062467083217 84.2434141444616 0 75.9539297579115
92.7540517139602 92.6708255255615 92.3977874971121 92.0934478487385 90.0174507434799 89.1558514511934 91.3239724057126 87.3526213444023 87.1784143568491 90.7750878561122 87.9199887622108 82.6751998198568 86.6610075789902 79.0220684557673 75.5447953106515 86.9996193558102 75.9539297579115 0
