0 84.906202596418 85.4304003347848 77.2016042685911 82.6459542896836 86.2196361444474 81.4913821379436 87.0589771566153 88.8801935223761 83.7365837901601 88.9090804678383 88.5865931919939 88.3505158963269 88.9042214225407 90.2018704630034 90.4396763737266 92.5307303387616 91.7505036855987
84.906202596418 0 74.5321991797927 86.1468621765672 81.6566330043375 70.2119042252309 88.7666298257024 86.7787253282775 86.1651703119209 88.8560319448367 89.0379241774609 85.9846461950885 89.7066704265978 88.3220193002395 89.1551959618225 92.2022143179024 92.2841515103591 91.2795848479266
85.4304003347848 74.5321991797927 0 85.7613452311201 79.0724707021626 72.9845369622933 88.5176770351167 84.6733771834068 83.5261172881643 88.215902273357 87.4191226778586 83.2834453116058 88.4240539611798 86.4541757875918 87.396085729029 91.3307306167815 91.1105374675165 89.9429093707259
77.2016042685911 86.1468621765672 85.7613452311201 0 81.2066265229575 87.0419480655395 77.2169957016613 84.7544879428325 87.7139289096556 78.5626155199393 86.7599898029102 87.3466605362118 85.6854997764966 87.0055380079075 88.6731516391837 88.3061066880651 91.1324215788973 90.2908458823698
82.6459542896836 81.6566330043375 79.0724707021626 81.2066265229575 0 82.3105428072981 85.3374536285919 80.857813115772 83.0983909180522 84.535049192901 84.8385417941978 82.5390090680702 85.4280814178556 84.1593214403875 86.0198722703839 89.1473223627738 89.948373913528 88.7121642085888
86.2196361444474 70.2119042252309 72.9845369622933 87.0419480655395 82.3105428072981 0 89.4635599297653 86.6772754849592 85.4465981763481 89.3846903526008 88.9132410411909 85.3176715737137 89.7779640643784 88.0740403942904 88.7784424997091 92.313394900025 92.0534404810108 91.0047872994977
81.4913821379436 88.7666298257024 88.5176770351167 77.2169957016613 85.3374536285919 89.4635599297653 0 86.8327735631342 89.580133814493 75.9126336164662 87.9334714518628 89.278951526203 86.2937452682456 88.458052813232 89.9157581637877 87.7453320532942 91.6566330043375 91.0297646113869
87.0589771566153 86.7787253282775 84.6733771834068 84.7544879428325 80.857813115772 86.6772754849592 86.8327735631342 0 79.3756649167141 84.7254986332328 76.2899428940185 78.444562403568 79.8920337031866 74.5700464329907 79.9085993106296 86.2893088411932 86.2093142267685 84.2959097000793
88.8801935223761 86.1651703119209 83.5261172881643 87.7139289096556 83.0983909180522 85.4465981763481 89.580133814493 79.3756649167141 0 88.3311427205777 82.0171329637785 60.237526392877 85.2408599357581 79.0891422958372 79.2234877779738 89.1561791587823 86.7331655627619 84.6669329609772
83.7365837901601 88.8560319448367 88.215902273357 78.5626155199393 84.535049192901 89.3846903526008 75.9126336164662 84.7254986332328 88.3311427205777 0 85.6745557686413 87.9852714276756 83.2222041818708 86.5214156933801 88.2905355522908 85.3563600026657 90.1430041505679 89.444283079601
88.9090804678383 89.0379241774609 87.4191226778586 86.7599898029102 84.8385417941978 88.9132410411909 87.9334714518628 76.2899428940185 82.0171329637785 85.6745557686413 0 81.5879170280032 76.2389238659457 71.3176021151403 77.2628453983262 84.1758581374509 83.1925505915743 80.7683108277111
88.5865931919939 85.9846461950885 83.2834453116058 87.3466605362118 82.5390090680702 85.3176715737137 89.278951526203 78.444562403568 60.237526392877 87.9852714276756 81.5879170280032 0 84.8641483337156 78.5550952672913 79.2202600224785 88.9429424097939 86.7531567953608 84.6953993467273
88.3505158963269 89.7066704265978 88.4240539611798 85.6854997764966 85.4280814178556 89.7779640643784 86.2937452682456 79.8920337031866 85.2408599357581 83.2222041818708 76.2389238659457 84.8641483337156 0 79.9333298446319 82.7531929436013 80.6305009104019 84.9383437488801 83.760486836007
88.9042214225407 88.3220193002395 86.4541757875918 87.0055380079075 84.1593214403875 88.0740403942904 88.458052813232 74.5700464329907 79.0891422958372 86.5214156933801 71.3176021151403 78.5550952672913 79.9333298446319 0 73.6964506811521 85.9566689221897 83.7136960174551 80.9281101660991
90.2018704630034 89.1551959618225 87.396085729029 88.6731516391837 86.0198722703839 88.7784424997091 89.9157581637877 79.9085993106296 79.2234877779738 88.2905355522908 77.2628453983262 79.2202600224785 82.7531929436013 73.6964506811521 0 87.0312708756033 82.022217387562 78.103370572082
90.4396763737266 92.2022143179024 91.3307306167815 88.3061066880651 89.1473223627738 92.313394900025 87.7453320532942 86.2893088411932 89.1561791587823 85.3563600026657 84.1758581374509 88.9429424097939 80.6305009104019 85.9566689221897 87.0312708756033 0 86.137022406134 86.2254314605081
92.5307303387616 92.2841515103591 91.1105374675165 91.1324215788973 89.948373913528 92.0534404810108 91.6566330043375 86.2093142267685 86.7331655627619 90.1430041505679 83.1925505915743 86.7531567953608 84.9383437488801 83.7136960174551 82.022217387562 86.137022406134 0 73.2478263495168
91.7505036855987 91.2795848479266 89.9429093707259 90.2908458823698 88.7121642085888 91.0047872994977 91.0297646113869 84.2959097000793 84.6669329609772 89.444283079601 80.7683108277111 84.6953993467273 83.760486836007 80.9281101660991 78.103370572082 86.2254314605081 73.2478263495168 0
