0 82.3326765383033 86.1468621765672 80.4905850455247 84.5775764649058 86.2766083062783 84.8852263681457 84.1458388545984 86.1527553555146 89.1295543994929 87.8333161667972 88.4065647866336 90.869755834518 89.6605255689216 90.7732816823207 93.1065799226007 91.8467995707907 93.3941433965885
82.3326765383033 0 81.1011246996244 83.1600871064417 77.7738075181225 82.2867022452208 81.4683527698718 71.3769599159453 78.8567341753854 87.3590696675158 82.7114819424818 82.5420156066597 87.657842677859 84.909688805571 86.6499338359494 91.3969581622675 88.5749955377406 90.6544713550047
86.1468621765672 81.1011246996244 0 88.0402758330119 71.4741215705682 67.4269372455433 87.1535412007659 78.3666599593055 73.6964506811521 90.5050214404877 86.4339831229612 81.3176021151403 89.546717201444 85.9271319752455 85.7863355292019 93.051870788883 89.4206056923121 90.892884193189
80.4905850455247 83.1600871064417 88.0402758330119 0 86.6440941889501 88.4395409877334 80.1576005458867 85.1437201970658 87.2926418689859 85.604595839916 85.8939214659009 88.5241253582302 89.1551959618225 88.8493550853623 90.5456658670192 91.2066265229575 90.7807273125844 92.6095621248329
84.5775764649058 77.7738075181225 71.4741215705682 86.6440941889501 0 74.4555005891274 85.7613452311201 74.2169264795973 72.7760355725621 89.6829336831675 85.4588989664983 81.4702765549837 89.0758101447101 85.6393484568723 86.1297923790371 92.6344949380912 89.2521096068381 90.9182931323142
86.2766083062783 82.2867022452208 67.4269372455433 88.4395409877334 74.4555005891274 0 87.8461841608603 80.2272956583012 77.1342704420015 91.032956466906 87.3382020284199 82.8255888627868 90.2018704630034 86.8817337465467 86.6235933661133 93.490871679952 90.0623670961744 91.4020410602276
84.8852263681457 81.4683527698718 87.1535412007659 80.1576005458867 85.7613452311201 87.8461841608603 0 83.2299067168234 85.604595839916 81.4913821379436 79.8920337031866 85.932642453154 85.3563600026657 85.3649979935812 88.0652025753386 88.8493550853623 87.7998589768893 90.2908458823698
84.1458388545984 71.3769599159453 78.3666599593055 85.1437201970658 74.2169264795973 80.2272956583012 83.2299067168234 0 74.1239704853616 88.0870539161237 82.8298100957312 80.1990362311678 87.5657196943566 83.947117784441 85.4001574042608 91.5693449802156 88.1067100146295 90.162281845025
86.1527553555146 78.8567341753854 73.6964506811521 87.2926418689859 72.7760355725621 77.1342704420015 85.604595839916 74.1239704853616 0 89.3094262293218 84.2066957450215 77.5186760113139 88.0211672696151 83.622091328923 84.0279140776271 92.0675436891675 87.9710879147445 89.8026005337483
89.1295543994929 87.3590696675158 90.5050214404877 85.604595839916 89.6829336831675 91.032956466906 81.4913821379436 88.0870539161237 89.3094262293218 0 83.1352515379138 88.7780850115565 83.7989102258118 87.0440803571346 89.546717201444 84.8349979793794 87.4778743506497 89.9176835328134
87.8333161667972 82.7114819424818 86.4339831229612 85.8939214659009 85.4588989664983 87.3382020284199 79.8920337031866 82.8298100957312 84.2066957450215 83.1352515379138 0 82.3999618428095 80.4591405847679 79.1189908313318 84.2606460638886 87.6332498373779 83.4864004590469 87.2353937067571
88.4065647866336 82.5420156066597 81.3176021151403 88.5241253582302 81.4702765549837 82.8255888627868 85.932642453154 80.1990362311678 77.5186760113139 88.7780850115565 82.3999618428095 0 85.907097675858 78.5962964327146 78.607465606858 90.971043416746 85.1338029067756 87.4078645446634
90.869755834518 87.657842677859 89.546717201444 89.1551959618225 89.0758101447101 90.2018704630034 85.3563600026657 87.5657196943566 88.0211672696151 83.7989102258118 80.4591405847679 85.907097675858 0 81.3036344422995 85.0930706154422 83.9536370923738 78.3666599593055 84.0022224385771
89.6605255689216 84.909688805571 85.9271319752455 88.8493550853623 85.6393484568723 86.8817337465467 85.3649979935812 83.947117784441 83.622091328923 87.0440803571346 79.1189908313318 78.5962964327146 81.3036344422995 0 77.5186760113139 88.7497500520034 79.8920337031866 84.3616377049391
90.7732816823207 86.6499338359494 85.7863355292019 90.5456658670192 86.1297923790371 86.6235933661133 88.0652025753386 85.4001574042608 84.0279140776271 89.546717201444 84.2606460638886 78.607465606858 85.0930706154422 77.5186760113139 0 90.4857622301273 82.1900093127201 84.0956912319113
93.1065799226007 91.3969581622675 93.051870788883 91.2066265229575 92.6344949380912 93.490871679952 88.8493550853623 91.5693449802156 92.0675436891675 84.8349979793794 87.6332498373779 90.971043416746 83.9536370923738 88.7497500520034 90.4857622301273 0 86.6633352997047 88.1914188213912
91.8467995707907 88.5749955377406 89.4206056923121 90.7807273125844 89.2521096068381 90.0623670961744 87.7998589768893 88.1067100146295 87.9710879147445 87.4778743506497 83.4864004590469 85.1338029067756 78.3666599593055 79.8920337031866 82.1900093127201 86.6633352997047 0 78.2511598923979
93.3941433965885 90.6544713550047 90.892884193189 92.6095621248329 90.9182931323142 91.4020410602276 90.2908458823698 90.162281845025 89.8026005337483 89.9176835328134 87.2353937067571 87.4078645446634 84.0022224385771 84.3616377049391 84.0956912319113 88.1914188213912 78.2511598923979 0
