0 80.9541809486562 86.1821018921153 76.0487872378001 86.706750637792 87.2256933616249 83.2834453116058 86.4930717190664 88.3390605802349 88.8041046200851 89.4221471101878 91.7358733600348 90.4345525302603 90.5435236125365 92.2547098735201 90.8311555702704 92.7123489996475 93.0337932926337
80.9541809486562 0 82.486054895665 83.0718690352051 80.6398255405413 81.4510002480644 81.4683527698718 82.111074405493 83.5547758127407 88.0377328770581 86.3597535167021 89.1007744488532 89.126256043734 88.5210920458533 89.9549223017547 89.5060934823739 91.3432254546546 91.0165466649615
86.1821018921153 82.486054895665 0 88.2032697249812 84.3616377049391 82.7402909689791 87.9719488414633 87.2272264362371 82.7531929436013 91.5700969076414 89.2299361010872 90.3509914920462 92.0453608945049 91.212957496282 91.3580535418715 92.2665745361439 93.3699935021867 92.3056264749288
76.0487872378001 83.0718690352051 88.2032697249812 0 87.3242343555791 88.1354066182023 81.5047597563245 86.223500547626 89.259475688825 87.2338635130179 89.1236155543266 91.7097415724374 89.3971085319647 89.8878824094319 92.0897805247568 89.8648399147477 92.0505806795431 92.8209407627428
86.706750637792 80.6398255405413 84.3616377049391 87.3242343555791 0 72.2305599791183 83.5153213971275 77.8718063285063 77.6085169412828 87.6536763391744 81.8810549507213 85.1395907446115 87.7580108710713 86.0009398949349 86.6359054690201 88.0402758330119 89.580133814493 88.1963265663177
87.2256933616249 81.4510002480644 82.7402909689791 88.1354066182023 72.2305599791183 0 85.3563600026657 81.5218992231529 71.5313920024931 89.0119174309222 83.9154690956304 85.7613452311201 89.0597573502655 87.4298640870463 87.3526213444023 89.2840455167514 90.5062223100706 88.8122703883472
83.2834453116058 81.4683527698718 87.9719488414633 81.5047597563245 83.5153213971275 85.3563600026657 0 79.546717201444 86.9639370490137 82.7973419676385 84.5850934634402 88.7045351262639 85.4373496656962 85.7613452311201 89.115684439989 86.1192544428531 89.1453517305904 90.0923194724934
86.4930717190664 82.111074405493 87.2272264362371 86.223500547626 77.8718063285063 81.5218992231529 79.546717201444 0 83.6964506811521 84.2525454416864 78.5626155199393 85.1213743621328 84.6438395064827 82.9092436769071 85.9948369189331 85.1395907446115 87.7056993033671 87.5047984831427
88.3390605802349 83.5547758127407 82.7531929436013 89.259475688825 77.6085169412828 71.5313920024931 86.9639370490137 83.6964506811521 0 89.9940066261599 85.0002150024618 85.7777836167194 89.8856667625148 88.2289038953988 87.4995229711462 90.0543803137744 90.9925666286993 88.9205124673424
88.8041046200851 88.0377328770581 91.5700969076414 87.2338635130179 87.6536763391744 89.0119174309222 82.7973419676385 84.2525454416864 89.9940066261599 0 84.8782117172058 88.7179678607599 77.8007545217567 82.6488877209461 88.3991592697787 79.4467356815688 85.4342624469282 88.9888202196146
89.4221471101878 86.3597535167021 89.2299361010872 89.1236155543266 81.8810549507213 83.9154690956304 84.5850934634402 78.5626155199393 85.0002150024618 84.8782117172058 0 80.5098229277861 83.1194924223973 78.0908247429846 81.3176021151403 83.2631274040491 85.0206444159974 83.6814491297281
91.7358733600348 89.1007744488532 90.3509914920462 91.7097415724374 85.1395907446115 85.7613452311201 88.7045351262639 85.1213743621328 85.7777836167194 88.7179678607599 80.5098229277861 0 86.9164488363693 83.3049294415307 73.2222041818708 86.7331655627619 86.125843648819 78.6555361552294
90.4345525302603 89.126256043734 92.0453608945049 89.3971085319647 87.7580108710713 89.0597573502655 85.4373496656962 84.6438395064827 89.8856667625148 77.8007545217567 83.1194924223973 86.9164488363693 0 77.5519919157727 86.1133155976868 64.4651623168477 80.8222332357115 86.5840769255055
90.5435236125365 88.5210920458533 91.212957496282 89.8878824094319 86.0009398949349 87.4298640870463 85.7613452311201 82.9092436769071 88.2289038953988 82.6488877209461 78.0908247429846 83.3049294415307 77.5519919157727 0 82.1900093127201 77.1185824845969 80.2807401307034 83.2910400873432
92.2547098735201 89.9549223017547 91.3580535418715 92.0897805247568 86.6359054690201 87.3526213444023 89.115684439989 85.9948369189331 87.4995229711462 88.3991592697787 81.3176021151403 73.2222041818708 86.1133155976868 82.1900093127201 0 85.7777836167194 84.3059326558759 72.6017133826353
90.8311555702704 89.5060934823739 92.2665745361439 89.8648399147477 88.0402758330119 89.2840455167514 86.1192544428531 85.1395907446115 90.0543803137744 79.4467356815688 83.2631274040491 86.7331655627619 64.4651623168477 77.1185824845969 85.7777836167194 0 79.4005173154006 86.1448960051827
92.7123489996475 91.3432254546546 93.3699935021867 92.0505806795431 89.580133814493 90.5062223100706 89.1453517305904 87.7056993033671 90.9925666286993 85.4342624469282 85.0206444159974 86.125843648819 80.8222332357115 80.2807401307034 84.3059326558759 79.4005173154006 0 83.6582681575906
93.0337932926337 91.0165466649615 92.3056264749288 92.8209407627428 88.1963265663177 88.8122703883472 90.0923194724934 87.5047984831427 88.9205124673424 88.9888202196146 83.6814491297281 78.6555361552294 86.5840769255055 83.2910400873432 72.6017133826353 86.1448960051827 83.6582681575906 0
