0 85.0637404376506 85.4373496656962 70.6047544631244 74.3872598725851 85.7181672964835 80.4857622301273 85.9291992239092 86.1455514945536 84.6438395064827 83.197722303789 88.1848665224487 84.4892230145064 87.5143739358566 90.4905850455247 90.7451895052074 89.0446537748701 92.398564174121
85.0637404376506 0 57.9330371790942 83.622091328923 82.4738598864051 81.8246980227395 88.9177438356005 86.7531567953608 85.4373496656962 90.3375311690272 87.6772329176171 87.2820597623173 89.3874875404723 88.9312242752465 90.7417789046664 93.0546760931499 90.5098229277861 92.5904337711328
85.4373496656962 57.9330371790942 0 84.0608757462916 82.9641315458079 81.9401435468265 89.1548681800329 86.9054582071479 85.5680658337702 90.5284981699644 87.8955263247855 87.3431796161499 89.580133814493 89.0543932059133 90.7969281513794 93.1586531244386 90.6117913722832 92.6262490242467
70.6047544631244 83.622091328923 84.0608757462916 0 72.8884805545587 85.3461292680899 82.8815373958952 86.3697244088856 86.2893088411932 86.2080222604288 84.5016820945834 88.3351034548413 85.9126336164662 88.1008643039626 90.8300412803813 91.4465545690222 89.6291938013217 92.6975854336372
74.3872598725851 82.4738598864051 82.9641315458079 72.8884805545587 0 83.1089544862133 83.3011458390096 84.4088227212188 84.2066957450215 85.9928006862698 82.7916704750675 86.7348827073585 84.9959467516818 86.6633352997047 89.7314264593261 90.857813115772 88.5115992665131 91.8326675434531
85.7181672964835 81.8246980227395 81.9401435468265 85.3461292680899 83.1089544862133 0 88.2933344856596 80.6117913722832 76.7239959740949 89.0112398515747 84.5321991797927 80.6607330446118 87.1426142386487 84.5245899885005 86.9208373119925 90.9322484823961 86.9519774988324 89.6244891890062
80.4857622301273 88.9177438356005 89.1548681800329 82.8815373958952 83.3011458390096 88.2933344856596 0 86.7548660553969 87.657842677859 77.5186760113139 82.2482830209687 89.1312026384664 80.8222332357115 87.2481243977604 90.3733330693944 88.7780850115565 88.2741054761706 92.1195296842902
85.9291992239092 86.7531567953608 86.9054582071479 86.3697244088856 84.4088227212188 80.6117913722832 86.7548660553969 0 72.5570171580838 86.5214156933801 79.3475349130989 76.7696515306304 83.2644000618806 75.891837352535 82.968220306335 87.7935849867912 81.4296970200605 87.0419480655395
86.1455514945536 85.4373496656962 85.5680658337702 86.2893088411932 84.2066957450215 76.7239959740949 87.657842677859 72.5570171580838 0 87.8119332790717 81.9967355337869 74.7904545651168 85.2287344421139 80.0415708322431 84.0075874112409 89.1551959618225 83.7593515739906 87.6758507678725
84.6438395064827 90.3375311690272 90.5284981699644 86.2080222604288 85.9928006862698 89.0112398515747 77.5186760113139 86.5214156933801 87.8119332790717 0 81.5879170280032 88.9298435901867 76.8428331489911 86.1677794707972 89.4415222457894 86.1996150978529 86.7365991732866 91.1510920176696
83.197722303789 87.6772329176171 87.8955263247855 84.5016820945834 82.7916704750675 84.5321991797927 82.2482830209687 79.3475349130989 81.9967355337869 81.5879170280032 0 84.1613919743094 75.4304003347848 80.1964580507305 86.1396485255302 86.5382139537117 82.9518421166448 88.9518820507696
88.1848665224487 87.2820597623173 87.3431796161499 88.3351034548413 86.7348827073585 80.6607330446118 89.1312026384664 76.7696515306304 74.7904545651168 88.9298435901867 84.1613919743094 0 86.5220167514142 79.6356543330438 81.2392038520386 88.9891607759621 82.7674836600796 85.8005514005498
84.4892230145064 89.3874875404723 89.580133814493 85.9126336164662 84.9959467516818 87.1426142386487 80.8222332357115 83.2644000618806 85.2287344421139 76.8428331489911 75.4304003347848 86.5220167514142 0 82.5420156066597 87.188736274528 84.9616488848235 83.6501254971811 89.4589779583689
87.5143739358566 88.9312242752465 89.0543932059133 88.1008643039626 86.6633352997047 84.5245899885005 87.2481243977604 75.891837352535 80.0415708322431 86.1677794707972 80.1964580507305 79.6356543330438 82.5420156066597 0 80.0415708322431 85.5107920892135 74.9227372224544 85.0930706154422
90.4905850455247 90.7417789046664 90.7969281513794 90.8300412803813 89.7314264593261 86.9208373119925 90.3733330693944 82.968220306335 84.0075874112409 89.4415222457894 86.1396485255302 81.2392038520386 87.188736274528 80.0415708322431 0 86.625354376404 78.444562403568 78.5210920458533
90.7451895052074 93.0546760931499 93.1586531244386 91.4465545690222 90.857813115772 90.9322484823961 88.7780850115565 87.7935849867912 89.1551959618225 86.1996150978529 86.5382139537117 88.9891607759621 84.9616488848235 85.5107920892135 86.625354376404 0 83.2796429373787 87.3207354069254
89.0446537748701 90.5098229277861 90.6117913722832 89.6291938013217 88.5115992665131 86.9519774988324 88.2741054761706 81.4296970200605 83.7593515739906 86.7365991732866 82.9518421166448 82.7674836600796 83.6501254971811 74.9227372224544 78.444562403568 83.2796429373787 0 83.2222041818708
92.398564174121 92.5904337711328 92.6262490242467 92.6975854336372 91.8326675434531 89.6244891890062 92.1195296842902 87.0419480655395 87.6758507678725 91.1510920176696 88.9518820507696 85.8005514005498 89.4589779583689 85.0930706154422 78.5210920458533 87.3207354069254 83.2222041818708 0
