0 79.3002428506583 83.9893193991704 83.8414555269102 85.4032689536105 86.2478955715808 86.7514468623435 85.2866305091113 89.0597573502655 88.9976660170554 86.9666505416474 91.0193215050847 90.1458751740211 92.513671632346 91.9745296711912 92.9924014247597 93.5576312913285 92.5850805549005
79.3002428506583 0 79.3349739648805 84.6944839826563 81.0058576494277 81.2331141878218 84.5416919591329 81.2066265229575 85.8005514005498 87.3660033247608 83.3049294415307 88.7898666110404 88.7121642085888 91.0450641686018 90.0179882033926 92.222803564223 92.1286297110514 90.7301627873035
83.9893193991704 79.3349739648805 0 88.4410866572288 84.5832154332189 78.3666599593055 87.6536763391744 85.0002150024618 86.1448960051827 89.5839959266364 85.6811254822013 89.5166621000467 90.5722370096519 92.0500758131539 90.6096814964828 93.5750802492293 92.8028645510118 91.1471571588343
83.8414555269102 84.6944839826563 88.4410866572288 0 84.2888798422065 88.4228902048013 82.3358293114501 83.6582681575906 88.7651958006542 84.8314512704693 85.5859964760748 89.6476688299326 86.3846379556137 90.3029418256257 90.6005268381762 89.8116271825038 91.8501491803079 91.3812810589918
85.4032689536105 81.0058576494277 84.5832154332189 84.2888798422065 0 81.8512064152267 77.650433087972 62.0827706588024 81.0314672262549 82.41855457111 71.3176021151403 84.5832154332189 84.5245899885005 87.761626602215 86.4730595103641 89.7643114661082 89.332142737851 87.6014914156434
86.2478955715808 81.2331141878218 78.3666599593055 88.4228902048013 81.8512064152267 0 86.0178477447537 82.6415504243554 81.7387672097631 87.9719488414633 82.4616305370527 86.8678806412791 89.012256180957 90.3185160559075 88.2801236925049 92.4921395829216 91.1007058805085 88.9298435901867
86.7514468623435 84.5416919591329 87.6536763391744 82.3358293114501 77.650433087972 86.0178477447537 0 76.2899428940185 84.0608757462916 76.3340981236618 77.9199887622108 84.7608036422386 80.4591405847679 86.3653649600743 86.3653649600743 87.5972706385311 88.5475619699661 87.6019601377656
85.2866305091113 81.2066265229575 85.0002150024618 83.6582681575906 62.0827706588024 82.6415504243554 76.2899428940185 0 81.780154608477 81.8512064152267 72.5269620566865 84.7904545651168 84.1406420790363 87.6979125521461 86.6188938446819 89.5386228001698 89.3434565884847 87.7525816237939
89.0597573502655 85.8005514005498 86.1448960051827 88.7651958006542 81.0314672262549 81.7387672097631 84.0608757462916 81.780154608477 0 85.0930706154422 78.5513302520412 79.9333298446319 85.9682911348595 86.5650757693805 82.7531929436013 90.3255313138615 87.5196314496235 83.9731365032165
88.9976660170554 87.3660033247608 89.5839959266364 84.8314512704693 82.41855457111 87.9719488414633 76.3340981236618 81.8512064152267 85.0930706154422 0 81.4529317334505 83.7593515739906 72.0323684124072 83.6964506811521 85.0813623034275 84.9192614761152 86.7434582610283 86.4736672977584
86.9666505416474 83.3049294415307 85.6811254822013 85.5859964760748 71.3176021151403 82.4616305370527 77.9199887622108 72.5269620566865 78.5513302520412 81.4529317334505 0 82.4570356382086 83.4960621867671 86.5310226538999 84.8074349245531 89.2173529900267 88.2240328473296 86.1553719814826
91.0193215050847 88.7898666110404 89.5166621000467 89.6476688299326 84.5832154332189 86.8678806412791 84.7608036422386 84.7904545651168 79.9333298446319 83.7593515739906 82.4570356382086 0 83.6408008670417 81.5218992231529 72.420100378145 88.1453437638912 82.8312162621087 76.9693623399366
90.1458751740211 88.7121642085888 90.5722370096519 86.3846379556137 84.5245899885005 89.012256180957 80.4591405847679 84.1406420790363 85.9682911348595 72.0323684124072 83.4960621867671 83.6408008670417 0 81.7224641652286 84.5426400968551 82.9092436769071 85.5107920892135 85.9298880881852
92.513671632346 91.0450641686018 92.0500758131539 90.3029418256257 87.761626602215 90.3185160559075 86.3653649600743 87.6979125521461 86.5650757693805 83.6964506811521 86.5310226538999 81.5218992231529 81.7224641652286 0 80.0814756595712 83.778610784351 76.5662657802988 81.2209091826396
91.9745296711912 90.0179882033926 90.6096814964828 90.6005268381762 86.4730595103641 88.2801236925049 86.3653649600743 86.6188938446819 82.7531929436013 85.0813623034275 84.8074349245531 72.420100378145 84.5426400968551 80.0814756595712 0 87.9822666720595 80.2119042252309 70.0814756595712
92.9924014247597 92.222803564223 93.5750802492293 89.8116271825038 89.7643114661082 92.4921395829216 87.5972706385311 89.5386228001698 90.3255313138615 84.9192614761152 89.2173529900267 88.1453437638912 82.9092436769071 83.778610784351 87.9822666720595 0 86.2325041385106 88.5962964327146
93.5576312913285 92.1286297110514 92.8028645510118 91.8501491803079 89.332142737851 91.1007058805085 88.5475619699661 89.3434565884847 87.5196314496235 86.7434582610283 88.2240328473296 82.8312162621087 85.5107920892135 76.5662657802988 80.2119042252309 86.2325041385106 0 79.6648998632169
92.5850805549005 90.7301627873035 91.1471571588343 91.3812810589918 87.6014914156434 88.9298435901867 87.6019601377656 87.7525816237939 83.9731365032165 86.4736672977584 86.1553719814826 76.9693623399366 85.9298880881852 81.2209091826396 70.0814756595712 88.5962964327146 79.6648998632169 0
