0 81.5446471310445 85.5016794196997 78.3823526405858 82.5163934390137 84.5841545498447 85.4342624469282 81.4702765549837 87.0055380079075 86.8745356467734 85.6282873808047 88.7309977908178 87.8673994840703 89.2405549467456 91.0218813233144 92.5433678702756 91.3164066447049 92.3761400842168
81.5446471310445 0 81.9950314157273 86.0232443839309 78.2993261327158 81.2856097434395 89.444283079601 85.5107920892135 86.6917490863679 89.7657356159223 87.1368796008778 88.7479504643512 90.4081054205934 90.0093808529838 91.2683159643051 93.7228656061221 91.8170690146206 92.8255888627868
85.5016794196997 81.9950314157273 0 87.6689334133668 74.9227372224544 65.9948369189331 89.7107101071407 84.7463542387859 80.8776994407101 88.9429424097939 84.116656490193 84.3872598725851 89.432921744009 86.9996193558102 88.2000037388758 92.2841515103591 89.1666527665572 90.4513653653806
78.3823526405858 86.0232443839309 87.6689334133668 0 85.7217818991216 86.921385559777 80.5906463462703 80.1052437355394 87.6327844803114 84.0735682389664 85.189703782236 88.8707549940815 85.4465981763481 88.7320818557614 90.7841074747623 91.4331901614411 90.8611338332671 91.9145213791805
82.5163934390137 78.2993261327158 74.9227372224544 85.7217818991216 0 71.8069354424815 88.5843509004963 82.9586738701678 82.5420156066597 88.2097943381431 83.8358812162758 85.6562542463234 88.8619972883128 87.5263136388159 89.0704658033877 92.3537565451245 89.804012184929 91.0501520670485
84.5841545498447 81.2856097434395 65.9948369189331 86.921385559777 71.8069354424815 0 89.1551959618225 83.7593515739906 80.6234942756704 88.4228902048013 83.4095537626939 84.3239158899316 88.9714163393503 86.7787253282775 88.1934643891456 92.0991094470192 89.0981184164677 90.416203582512
85.4342624469282 89.444283079601 89.7107101071407 80.5906463462703 88.5843509004963 89.1551959618225 0 82.5163934390137 88.4530469801072 78.9090804678383 85.4125902481615 88.9785910914993 80.8222332357115 87.9538334430254 90.2119042252309 89.3519226761528 89.9549223017547 90.9502802943976
81.4702765549837 85.5107920892135 84.7463542387859 80.1052437355394 82.9586738701678 83.7593515739906 82.5163934390137 0 83.087801592918 81.5597464763509 78.1860958317419 84.9340142252247 83.0970686635682 84.9374781893717 87.8634294971633 89.759751045849 88.1050406143326 89.5721015136717
87.0055380079075 86.6917490863679 80.8776994407101 87.6327844803114 82.5420156066597 80.6234942756704 88.4530469801072 83.087801592918 0 86.4602762870063 78.1407920610298 75.2408599357581 86.7894758974519 81.1303421223965 83.5392759245935 89.6683961291933 84.9891088131403 87.0200315026164
86.8745356467734 89.7657356159223 88.9429424097939 84.0735682389664 88.2097943381431 88.4228902048013 78.9090804678383 81.5597464763509 86.4602762870063 0 82.2867022452208 86.5268222233502 68.7608908822587 84.5416919591329 87.6383654767775 86.6136007973246 87.1639223335182 88.4638216139284
85.6282873808047 87.1368796008778 84.116656490193 85.189703782236 83.8358812162758 83.4095537626939 85.4125902481615 78.1860958317419 78.1407920610298 82.2867022452208 0 79.8335513566863 82.9518421166448 79.8781805979189 84.4351407256978 88.2773162293482 84.9504435034663 87.0312708756033
88.7309977908178 88.7479504643512 84.3872598725851 88.8707549940815 85.6562542463234 84.3239158899316 88.9785910914993 84.9340142252247 75.2408599357581 86.5268222233502 79.8335513566863 0 86.5597166813801 76.9747808619358 79.3255293548103 88.3666599593055 81.7079210128555 84.4786527265116
87.8673994840703 90.4081054205934 89.432921744009 85.4465981763481 88.8619972883128 88.9714163393503 80.8222332357115 83.0970686635682 86.7894758974519 68.7608908822587 82.9518421166448 86.5597166813801 0 84.1830731892428 87.2704401740636 85.4558270336954 86.6112462595499 87.8810461720402
89.2405549467456 90.0093808529838 86.9996193558102 88.7320818557614 87.5263136388159 86.7787253282775 87.9538334430254 84.9374781893717 81.1303421223965 84.5416919591329 79.8781805979189 76.9747808619358 84.1830731892428 0 77.4754622734875 85.6854997764966 77.8673994840703 82.0154368322127
91.0218813233144 91.2683159643051 88.2000037388758 90.7841074747623 89.0704658033877 88.1934643891456 90.2119042252309 87.8634294971633 83.5392759245935 87.6383654767775 84.4351407256978 79.3255293548103 87.2704401740636 77.4754622734875 0 86.2810577195812 72.1654959184623 77.7738075181225
92.5433678702756 93.7228656061221 92.2841515103591 91.4331901614411 92.3537565451245 92.0991094470192 89.3519226761528 89.759751045849 89.6683961291933 86.6136007973246 88.2773162293482 88.3666599593055 85.4558270336954 85.6854997764966 86.2810577195812 0 84.4195641304064 83.9968508302003
91.3164066447049 91.8170690146206 89.1666527665572 90.8611338332671 89.804012184929 89.0981184164677 89.9549223017547 88.1050406143326 84.9891088131403 87.1639223335182 84.9504435034663 81.7079210128555 86.6112462595499 77.8673994840703 72.1654959184623 84.4195641304064 0 73.6964506811521
92.3761400842168 92.8255888627868 90.4513653653806 91.9145213791805 91.0501520670485 90.416203582512 90.9502802943976 89.5721015136717 87.0200315026164 88.4638216139284 87.0312708756033 84.4786527265116 87.8810461720402 82.0154368322127 77.7738075181225 83.9968508302003 73.6964506811521 0
