0 80.4372372021832 85.0805247863448 79.115684439989 80.5456658670191 87.213409243163 86.1560258917179 87.7850557627399 86.592955180357 86.1192544428531 88.7497500520034 89.2716184311276 88.7338880295529 91.2422454850466 91.6394631786633 91.2331141878218 92.73440067093 92.7571990865662
80.4372372021832 0 77.5944545064845 79.4221471101878 66.0621707455228 82.1572939428063 86.3951708178881 85.0637404376506 82.3687959765968 86.5650757693805 86.8745356467734 87.2425274907694 89.5577850834754 90.0327423461876 90.0796215678934 91.2209091826396 92.483466319885 91.5946508571361
85.0805247863448 77.5944545064845 0 84.0756800526813 78.4638216139284 78.103370572082 88.2240328473296 85.0930706154422 81.7387672097631 88.4302554006186 87.1561388112382 87.2093068035438 90.9783732831594 90.1450923558343 89.7992106976306 92.0332132611247 93.0032256432585 91.4743137320169
79.115684439989 79.4221471101878 84.0756800526813 0 77.8275353557611 84.9796890336395 81.8512064152267 84.0841170535261 82.9463689655499 81.989915045822 85.3208427639379 86.1396485255302 86.4284596991444 88.7723611954805 89.3475349130989 89.0981184164677 90.869755834518 90.7390484944633
80.5456658670191 66.0621707455228 78.4638216139284 77.8275353557611 0 81.7962429180347 85.5560708119719 84.1758581374509 81.3493605368748 85.7556129157272 86.107368620208 86.5453933654346 89.0105621664958 89.5033716757062 89.6032551369968 90.7308469490639 92.0586505700391 91.1752442078643
87.213409243163 82.1572939428063 78.103370572082 84.9796890336395 81.7962429180347 0 87.550569320962 81.6177655634978 76.5662657802988 87.8475131591322 84.5549470876843 84.2888798422065 90.4881743072895 88.1407920610298 87.4132525105052 91.0634795099144 91.9113948339612 89.5934880576065
86.1560258917179 86.3951708178881 88.2240328473296 81.8512064152267 85.5560708119719 87.550569320962 0 83.4730803892132 84.8641483337156 59.9742370056535 82.6999046085507 84.1613919743094 79.7314264593261 85.7527439182197 87.3901843196928 84.1923321062572 87.2460899933109 88.4936964734117
87.7850557627399 85.0637404376506 85.0930706154422 84.0841170535261 84.1758581374509 81.6177655634978 83.4730803892132 0 75.2408599357581 84.0279140776271 73.7989102258118 74.2169264795973 87.4454406823376 83.0625479788191 82.9518421166448 87.5827009274052 88.7429076482031 86.0655101880703
86.592955180357 82.3687959765968 81.7387672097631 82.9463689655499 81.3493605368748 76.5662657802988 84.8641483337156 75.2408599357581 0 85.2930160200121 80.5527990930723 80.6117913722832 88.6148957965558 85.9948369189331 85.61053085255 89.2597956700238 90.3614318658224 88.120458136718
86.1192544428531 86.5650757693805 88.4302554006186 81.989915045822 85.7556129157272 87.8475131591322 59.9742370056535 84.0279140776271 85.2930160200121 0 83.3049294415307 84.676136068509 79.0891422958372 86.1053844833492 87.7198628306637 84.2005457159281 87.3187347413048 88.7457899743875
88.7497500520034 86.8745356467734 87.1561388112382 85.3208427639379 86.107368620208 84.5549470876843 82.6999046085507 73.7989102258118 80.5527990930723 83.3049294415307 0 67.9762509169206 86.4136961331341 79.7170505944318 80.7705710124195 85.8295492670283 87.0541944698827 84.1706971804335
89.2716184311276 87.2425274907694 87.2093068035438 86.1396485255302 86.5453933654346 84.2888798422065 84.1613919743094 74.2169264795973 80.6117913722832 84.676136068509 67.9762509169206 0 87.3546064637691 79.3097425514618 79.2073249576102 86.5364172448041 87.4098245784636 83.5081091981508
88.7338880295529 89.5577850834754 90.9783732831594 86.4284596991444 89.0105621664958 90.4881743072895 79.7314264593261 87.4454406823376 88.6148957965558 79.0891422958372 86.4136961331341 87.3546064637691 0 87.2272264362371 89.0517086471389 81.3036344422995 85.7376505077114 89.3697415137958
91.2422454850466 90.0327423461876 90.1450923558343 88.7723611954805 89.5033716757062 88.1407920610298 85.7527439182197 83.0625479788191 85.9948369189331 86.1053844833492 79.7170505944318 79.3097425514618 87.2272264362371 0 75.5523155632995 84.2606460638886 84.0097315459766 77.1809971370733
91.6394631786633 90.0796215678934 89.7992106976306 89.3475349130989 89.6032551369968 87.4132525105052 87.3901843196928 82.9518421166448 85.61053085255 87.7198628306637 80.7705710124195 79.2073249576102 89.0517086471389 75.5523155632995 0 86.975322342495 86.6029953102007 76.5840769255055
91.2331141878218 91.2209091826396 92.0332132611247 89.0981184164677 90.7308469490639 91.0634795099144 84.1923321062572 87.5827009274052 89.2597956700238 84.2005457159281 85.8295492670283 86.5364172448041 81.3036344422995 84.2606460638886 86.975322342495 0 77.7783103125321 86.4210841896122
92.73440067093 92.483466319885 93.0032256432585 90.869755834518 92.0586505700391 91.9113948339612 87.2460899933109 88.7429076482031 90.3614318658224 87.3187347413048 87.0541944698827 87.4098245784636 85.7376505077114 84.0097315459766 86.6029953102007 77.7783103125321 0 84.9788316760572
92.7571990865662 91.5946508571361 91.4743137320169 90.7390484944633 91.1752442078643 89.5934880576065 88.4936964734117 86.0655101880703 88.120458136718 88.7457899743875 84.1706971804335 83.5081091981508 89.3697415137958 77.1809971370733 76.5840769255055 86.4210841896122 84.9788316760572 0
