0 84.3368576261899 87.9317341001769 82.8438513133261 83.7445660987571 88.108795863005 85.0206444159974 86.7280100515885 88.2789207162305 86.4633233262241 86.7073265869764 91.0752918883592 91.3881467560637 90.9368178278012 92.1965229169693 92.7973419676385 93.201597050353 92.4620897596694
84.3368576261899 0 78.5776170713634 86.0815038651388 79.7657356159223 83.6150544197642 86.8767517176566 85.5762932353541 86.301340043983 87.8928971582322 86.4541757875918 89.580133814493 92.1259843966288 91.0702333740451 91.5080023970498 93.7954209672589 92.9645405951295 91.604732064441
87.9317341001769 78.5776170713634 0 88.4302554006186 83.3099691227681 82.9463689655499 88.7382197843654 86.7889107409908 86.706750637792 89.4005173154006 87.7674957525076 89.3706773252167 92.7760355725621 91.5768584024763 91.5315816465978 94.422196602343 93.0972009071339 91.5127665924628
82.8438513133261 86.0815038651388 88.4302554006186 0 81.4548623602078 85.6393484568723 72.0827706588024 80.6861507245123 83.8314166105688 77.1185824845969 79.4344587975798 87.6295255839015 87.3744079106752 86.6136007973246 88.8108513571896 89.7020490430077 90.1052437355394 89.2738515537193
83.7445660987571 79.7657356159223 83.3099691227681 81.4548623602078 0 80.0415708322431 82.1523653118793 79.5556933220744 81.693328996376 83.6814491297281 81.0738170968863 86.927411721956 89.7311394078822 88.3603669753114 89.2073249576102 91.8779042107201 90.9615393061173 89.4206056923121
88.108795863005 83.6150544197642 82.9463689655499 85.6393484568723 80.0415708322431 0 85.1338029067756 80.0814756595712 78.103370572082 85.5673171147236 82.2305599791183 83.8213544350363 89.6683961291933 87.7198628306637 87.4952018715281 91.9870130917442 89.864561547615 87.4995229711462
85.0206444159974 86.8767517176566 88.7382197843654 72.0827706588024 82.1523653118793 85.1338029067756 0 78.5962964327146 82.2675351167102 70.3134982103822 76.0016174742824 86.2867717037943 85.8966987288694 84.8172353991213 87.4735316467302 88.7479504643512 88.940188044825 88.0313689651798
86.7280100515885 85.5762932353541 86.7889107409908 80.6861507245123 79.5556933220744 80.0814756595712 78.5962964327146 0 73.4960621867671 79.0051368755729 69.0724707021626 82.9845369622933 86.7548660553969 84.4892230145064 85.8772204878356 89.7620318545768 88.2531775206893 86.2899428940185
88.2789207162305 86.301340043983 86.706750637792 83.8314166105688 81.693328996376 78.103370572082 82.2675351167102 73.4960621867671 0 82.0827706588024 76.5662657802988 80.0814756595712 87.0071507868401 84.2646907159332 84.5916601811258 90.0305994016828 87.5789330539932 84.8615063718665
86.4633233262241 87.8928971582322 89.4005173154006 77.1185824845969 83.6814491297281 85.5673171147236 70.3134982103822 79.0051368755729 82.0827706588024 0 75.7863355292019 85.5372620133263 84.3279020717801 83.087801592918 86.4413367775795 87.7143856530771 87.9317341001769 87.1185824845969
86.7073265869764 86.4541757875918 87.7674957525076 79.4344587975798 81.0738170968863 82.2305599791183 76.0016174742824 69.0724707021626 76.5662657802988 75.7863355292019 0 83.361291448686 85.7620612388407 83.5069059996893 85.6245940862382 89.0190256388299 87.8492845244343 86.1677794707972
91.0752918883592 89.580133814493 89.3706773252167 87.6295255839015 86.927411721956 83.8213544350363 86.2867717037943 82.9845369622933 80.0814756595712 85.5372620133263 83.361291448686 0 86.1703870630815 82.4738598864051 78.6848557252811 89.3559930619919 84.2525454416864 78.3073021585004
91.3881467560637 92.1259843966288 92.7760355725621 87.3744079106752 89.7311394078822 89.6683961291933 85.8966987288694 86.7548660553969 87.0071507868401 84.3279020717801 85.7620612388407 86.1703870630815 0 76.9693623399366 83.5926953535609 79.4467356815688 82.4061682673299 84.7832850301513
90.9368178278012 91.0702333740451 91.5768584024763 86.6136007973246 88.3603669753114 87.7198628306637 84.8172353991213 84.4892230145064 84.2646907159332 83.087801592918 83.5069059996893 82.4738598864051 76.9693623399366 0 79.178079427437 84.2066957450215 80.6047544631244 81.0738170968863
92.1965229169693 91.5080023970498 91.5315816465978 88.8108513571896 89.2073249576102 87.4952018715281 87.4735316467302 85.8772204878356 84.5916601811258 86.4413367775795 85.6245940862382 78.6848557252811 83.5926953535609 79.178079427437 0 87.2272264362371 77.7647878994723 67.0178873678807
92.7973419676385 93.7954209672589 94.422196602343 89.7020490430077 91.8779042107201 91.9870130917442 88.7479504643512 89.7620318545768 90.0305994016828 87.7143856530771 89.0190256388299 89.3559930619919 79.4467356815688 84.2066957450215 87.2272264362371 0 85.2650098301599 87.9732399116266
93.201597050353 92.9645405951295 93.0972009071339 90.1052437355394 90.9615393061173 89.864561547615 88.940188044825 88.2531775206893 87.5789330539932 87.9317341001769 87.8492845244343 84.2525454416864 82.4061682673299 80.6047544631244 77.7647878994723 85.2650098301599 0 78.8707549940815
92.4620897596694 91.604732064441 91.5127665924628 89.2738515537193 89.4206056923121 87.4995229711462 88.0313689651798 86.2899428940185 84.8615063718665 87.1185824845969 86.1677794707972 78.3073021585004 84.7832850301513 81.0738170968863 67.0178873678807 87.9732399116266 78.8707549940815 0
