0 81.3036344422995 87.5110249283942 73.361291448686 84.2434141444616 87.3719376615789 75.7505909256189 79.6385877643063 88.6197186119532 85.7870474290181 88.0211672696151 88.4944597996847 85.6562542463234 87.9125772197882 90.3129961068127 88.1465843099084 91.6684094910221 91.3855979068609
81.3036344422995 0 83.5547758127407 79.4681370721026 83.1089544862133 84.8711857179884 84.7472587363043 80.6234942756704 87.5263136388159 89.4467356815688 88.8398492236681 87.6997459853423 88.458052813232 88.3073021585004 90.3447650467947 90.7079832752043 92.7510452744803 91.7548291486968
87.5110249283942 83.5547758127407 0 85.7670699903198 81.5766707252515 75.9539297579115 88.752627842099 84.0914860078412 82.7460299124228 91.1471571588343 87.5789330539932 83.6501254971811 89.3248989832555 86.4633233262241 87.9347740096789 91.5325297429229 92.1187014628374 90.0222854898969
73.361291448686 79.4681370721026 85.7670699903198 0 81.3671231171328 85.4496766417041 78.4638216139284 74.0608757462916 87.0125223952169 86.1350517739506 86.7468837467999 86.8966456337874 84.9891088131403 86.4602762870063 89.1940264119802 88.0160574212142 91.1330452217415 90.5158173315245
84.2434141444616 83.1089544862133 81.5766707252515 81.3671231171328 0 78.2993261327158 84.9719667154197 76.5364172448041 80.6117913722832 87.7235104485739 82.8981823660717 80.5050214404877 84.7490671664029 81.4990315363439 85.3978222783945 88.2171228302489 89.6549784637635 87.7647878994723
87.3719376615789 84.8711857179884 75.9539297579115 85.4496766417041 78.2993261327158 0 88.1963265663177 83.0558778119128 77.5944545064845 90.1925879080543 85.0805247863448 79.05908719444 87.8293148865457 83.4972683928071 85.435034457386 90.3534795727897 90.6861507245123 88.1117143687293
75.7505909256189 84.7472587363043 88.752627842099 78.4638216139284 84.9719667154197 88.1963265663177 0 81.2614598490377 88.8461887760664 82.5570171580838 87.2272264362371 88.5899544600269 83.3049294415307 87.3985422847928 89.935247441013 85.9955154510521 90.6655970136117 90.8121736498545
79.6385877643063 80.6234942756704 84.0914860078412 74.0608757462916 76.5364172448041 83.0558778119128 81.2614598490377 0 84.8065428746745 86.3616248035471 84.8632678583311 84.6475427212192 84.0914860078412 84.3059326558759 87.6145965505939 87.6740072170355 90.3036967046482 89.276402288581
88.6197186119532 87.5263136388159 82.7460299124228 87.0125223952169 80.6117913722832 77.5944545064845 88.8461887760664 84.8065428746745 0 89.8531331056309 82.0827706588024 65.7863355292019 86.9688201157248 79.5943768821453 81.0314672262549 89.5060934823739 88.9038741397594 85.1470209343093
85.7870474290181 89.4467356815688 91.1471571588343 86.1350517739506 87.7235104485739 90.1925879080543 82.5570171580838 86.3616248035471 89.8531331056309 0 86.4578371154628 89.4218388703765 79.3097425514618 87.3031982537424 89.4818396262818 77.9719488414633 88.0313689651798 89.6605255689216
88.0211672696151 88.8398492236681 87.5789330539932 86.7468837467999 82.8981823660717 85.0805247863448 87.2272264362371 84.8632678583311 82.0827706588024 86.4578371154628 0 80.6584149528466 81.4452006324876 70.0281873245205 78.9949461517284 85.0603757697937 84.388242328153 81.5218992231529
88.4944597996847 87.6997459853423 83.6501254971811 86.8966456337874 80.5050214404877 79.05908719444 88.5899544600269 84.6475427212192 65.7863355292019 89.4218388703765 80.6584149528466 0 86.3114457956494 77.650433087972 79.7571837034398 88.9738092406453 88.2905355522908 84.3398387118709
85.6562542463234 88.458052813232 89.3248989832555 84.9891088131403 84.7490671664029 87.8293148865457 83.3049294415307 84.0914860078412 86.9688201157248 79.3097425514618 81.4452006324876 86.3114457956494 0 82.9092436769071 86.2899428940185 78.5776170713634 85.8076419242784 86.804707388042
87.9125772197882 88.3073021585004 86.4633233262241 86.4602762870063 81.4990315363439 83.4972683928071 87.3985422847928 84.3059326558759 79.5943768821453 87.3031982537424 70.0281873245205 77.650433087972 82.9092436769071 0 78.0402758330119 86.3372349564591 85.7181672964835 82.0977779700964
90.3129961068127 90.3447650467947 87.9347740096789 89.1940264119802 85.3978222783945 85.435034457386 89.935247441013 87.6145965505939 81.0314672262549 89.4818396262818 78.9949461517284 79.7571837034398 86.2899428940185 78.0402758330119 0 88.222814231182 85.1097422091168 76.706750637792
88.1465843099084 90.7079832752043 91.5325297429229 88.0160574212142 88.2171228302489 90.3534795727897 85.9955154510521 87.6740072170355 89.5060934823739 77.9719488414633 85.0603757697937 88.9738092406453 78.5776170713634 86.3372349564591 88.222814231182 0 84.9659509602808 87.9016548640009
91.6684094910221 92.7510452744803 92.1187014628374 91.1330452217415 89.6549784637635 90.6861507245123 90.6655970136117 90.3036967046482 88.9038741397594 88.0313689651798 84.388242328153 88.2905355522908 85.8076419242784 85.7181672964835 85.1097422091168 84.9659509602808 0 82.045866309268
91.3855979068609 91.7548291486968 90.0222854898969 90.5158173315245 87.7647878994723 88.1117143687293 90.8121736498545 89.276402288581 85.1470209343093 89.6605255689216 81.5218992231529 84.3398387118709 86.804707388042 82.0977779700964 76.706750637792 87.9016548640009 82.045866309268 0
