0 79.8447517363798 84.4467866182246 75.2003092693599 85.0265849374382 87.0312708756033 84.7635075614827 82.4309056489519 87.1535412007659 86.5698338578532 86.6353199692122 88.3477535852317 89.5359213104071 88.5494465197111 89.7881754212796 92.8959667191546 92.9223424965142 92.6591391550547
79.8447517363798 0 78.4944597996847 82.9463689655499 78.103370572082 82.4936594236437 81.6418673468703 72.2787262194362 82.3073716170739 84.3408319525428 83.8325331923513 84.2928982971025 88.3505158963269 85.4703994008443 86.7468837467999 92.1794038255962 91.3887347396581 90.8282578216759
84.4467866182246 78.4944597996847 0 86.7696515306304 75.3681348263785 75.6854997764966 85.1798910614678 79.3002428506583 78.3311427205777 86.9076585592248 86.2196361444474 82.7114819424818 90.013417672626 86.3353531286753 86.4578371154628 93.2151315038683 91.7916013027084 90.92527641276
75.2003092693599 82.9463689655499 86.7696515306304 0 86.8249332995649 88.7168802665761 84.9374781893717 84.3557033681209 88.6230543495502 86.411847153548 86.7468837467999 89.4082546144702 89.0607623901479 88.9792737834475 90.4063856856688 92.4430679653678 92.9567620622111 92.8674782664287
85.0265849374382 78.103370572082 75.3681348263785 86.8249332995649 0 76.4210841896122 82.6415504243554 75.5372620133263 74.0608757462916 84.6696959415512 83.622091328923 78.940188044825 88.4193970634207 83.447537158823 83.8325331923513 92.0936144717246 90.3802604067942 89.4082546144702
87.0312708756033 82.4936594236437 75.6854997764966 88.7168802665761 76.4210841896122 0 86.0521369832952 81.8810549507213 72.5868656935784 87.378357389014 86.5495758812333 79.8559233047754 90.1729260047951 85.7217818991216 84.9607879581046 93.1924212198286 91.2066265229575 90.0615690785653
84.7635075614827 81.6418673468703 85.1798910614678 84.9374781893717 82.6415504243554 86.0521369832952 0 79.1551959618225 84.6623240835214 72.9023336598264 72.420100378145 84.1923321062572 82.968220306335 80.6398255405413 84.469985132245 89.115684439989 88.6389564942146 88.4135689102503
82.4309056489519 72.2787262194362 79.3002428506583 84.3557033681209 75.5372620133263 81.8810549507213 79.1551959618225 0 80.715999260007 82.4738598864051 81.5766707252515 82.3247845775289 87.2256933616249 83.3288160125473 85.0002150024618 91.4481014083847 90.3802604067942 89.7368768349918
87.1535412007659 82.3073716170739 78.3311427205777 88.6230543495502 74.0608757462916 72.5868656935784 84.6623240835214 80.715999260007 0 86.0090638782592 84.9607879581046 75.1675938994461 89.0874780134566 83.6033008406848 82.6342007106042 92.3854975299004 90.1304537895572 88.8619972883128
86.5698338578532 84.3408319525428 86.9076585592248 86.411847153548 84.6696959415512 87.378357389014 72.9023336598264 82.4738598864051 86.0090638782592 0 67.9762509169206 85.0561662659079 79.7342959307347 79.7314264593261 84.2888798422065 87.6624672601499 87.4352248455128 87.4889526831515
86.6353199692122 83.8325331923513 86.2196361444474 86.7468837467999 83.622091328923 86.5495758812333 72.420100378145 81.5766707252515 84.9607879581046 67.9762509169206 0 83.7593515739906 80.9972874546011 77.4658005457673 82.9463689655499 88.102117618815 87.1809971370733 86.9818148487283
88.3477535852317 84.2928982971025 82.7114819424818 89.4082546144702 78.940188044825 79.8559233047754 84.1923321062572 82.3247845775289 75.1675938994461 85.0561662659079 83.7593515739906 0 88.0062467083217 80.6584149528466 77.9199887622108 91.4494544410294 88.4887315797041 86.8584352256806
89.5359213104071 88.3505158963269 90.013417672626 89.0607623901479 88.4193970634207 90.1729260047951 82.968220306335 87.2256933616249 89.0874780134566 79.7342959307347 80.9972874546011 88.0062467083217 0 83.3049294415307 86.3597535167021 83.2299067168234 85.5198856779186 86.7468837467999
88.5494465197111 85.4703994008443 86.3353531286753 88.9792737834475 83.447537158823 85.7217818991216 80.6398255405413 83.3288160125473 83.6033008406848 79.7314264593261 77.4658005457673 80.6584149528466 83.3049294415307 0 76.6136007973246 88.5070353517548 85.3208427639379 84.1913043119513
89.7881754212796 86.7468837467999 86.4578371154628 90.4063856856688 83.8325331923513 84.9607879581046 84.469985132245 85.0002150024618 82.6342007106042 84.2888798422065 82.9463689655499 77.9199887622108 86.3597535167021 76.6136007973246 0 89.8712374392553 85.4658028809384 83.0558778119128
92.8959667191546 92.1794038255962 93.2151315038683 92.4430679653678 92.0936144717246 93.1924212198286 89.115684439989 91.4481014083847 92.3854975299004 87.6624672601499 88.102117618815 91.4494544410294 83.2299067168234 88.5070353517548 89.8712374392553 0 85.4465981763481 87.9016548640009
92.9223424965142 91.3887347396581 91.7916013027084 92.9567620622111 90.3802604067942 91.2066265229575 88.6389564942146 90.3802604067942 90.1304537895572 87.4352248455128 87.1809971370733 88.4887315797041 85.5198856779186 85.3208427639379 85.4658028809384 85.4465981763481 0 76.5364172448041
92.6591391550547 90.8282578216759 90.92527641276 92.8674782664287 89.4082546144702 90.0615690785653 88.4135689102503 89.7368768349918 88.8619972883128 87.4889526831515 86.9818148487283 86.8584352256806 86.7468837467999 84.1913043119513 83.0558778119128 87.9016548640009 76.5364172448041 0
