0 73.2478263495168 86.1553719814826 78.8285560079588 80.3980229870522 86.6230062039656 85.8576544925637 80.8110544783965 87.8439682595831 83.5069059996893 86.0788423391974 88.6976210562157 89.9404480814455 90.8595844810741 89.6605255689216 90.8157530616424 91.0365710695442 91.6492564508544
73.2478263495168 0 85.4496766417041 82.0777566753872 78.3311427205777 85.4703994008443 87.5789330539932 81.4510002480644 87.6850568016727 85.4925475891355 86.8478542174894 88.7338880295529 90.8873886026257 91.3164066447049 90.01879426857 91.7157440100578 91.630018568593 91.9967355337869
86.1553719814826 85.4496766417041 0 86.2491757321852 80.4103155081914 74.4555005891274 89.2792700757186 81.1324215788973 77.4269372455433 87.1363578944901 83.6964506811521 81.3176021151403 90.3577060414476 88.2483336371284 85.6811254822013 91.3734212345335 89.4708810437879 88.6874117949503
78.8285560079588 82.0777566753872 86.2491757321852 0 82.93128213749 87.4604774192432 81.1220143253691 79.2202600224785 86.9312422033652 75.8987805111985 82.8354320315571 87.4181448674708 87.1159623066478 88.9038741397594 87.7647878994723 88.2993261327158 88.8676042540802 89.9907630000784
80.3980229870522 78.3311427205777 80.4103155081914 82.93128213749 0 80.802090708818 87.9247777349791 77.2169957016613 84.3049314005818 85.4342624469282 84.7100189938393 85.9819246253181 90.3980229870522 89.9069455904272 88.1171292529149 91.3621963499351 90.5456658670192 90.5627659671479
86.6230062039656 85.4703994008443 74.4555005891274 87.4604774192432 80.802090708818 0 90.4188996176453 83.3588019416995 81.7369587796645 88.5479389453424 86.191840168456 84.3249127784517 91.6013742614842 89.8335513566863 87.7344349565518 92.4871203315171 90.8878285058744 90.1471795575176
85.8576544925637 87.5789330539932 89.2792700757186 81.1220143253691 87.9247777349791 90.4188996176453 0 85.3939276096562 88.9969862103985 76.1677794707972 84.3596604935146 88.8679544492035 82.9532093273657 88.1799458026485 87.9710879147445 84.2596343120333 87.2986772304469 89.5060934823739
80.8110544783965 81.4510002480644 81.1324215788973 79.2202600224785 77.2169957016613 83.3588019416995 85.3939276096562 0 82.9092436769071 81.7224641652286 80.3509914920462 84.2199910062345 88.2511598923979 87.9822666720595 85.9682911348595 89.4733186751262 88.5843509004963 88.9374319318853
87.8439682595831 87.6850568016727 77.4269372455433 86.9312422033652 84.3049314005818 81.7369587796645 88.9969862103985 82.9092436769071 0 86.9866778667631 81.6177655634978 72.5570171580838 89.1797093560803 85.5949341121958 81.8211513138294 90.3175129505054 87.4352248455128 86.0009398949349
83.5069059996893 85.4925475891355 87.1363578944901 75.8987805111985 85.4342624469282 88.5479389453424 76.1677794707972 81.7224641652286 86.9866778667631 0 81.1676208475889 87.0371465782411 84.3328796595101 87.4117837280712 86.5650757693805 85.9195436335469 87.0312708756033 88.7813013460685
86.0788423391974 86.8478542174894 83.6964506811521 82.8354320315571 84.7100189938393 86.191840168456 84.3596604935146 80.3509914920462 81.6177655634978 81.1676208475889 0 81.0165466649615 84.9340142252247 83.4242964466753 80.5050214404877 86.7434582610283 84.348769710876 85.1601988539792
88.6976210562157 88.7338880295529 81.3176021151403 87.4181448674708 85.9819246253181 84.3249127784517 88.8679544492035 84.2199910062345 72.5570171580838 87.0371465782411 81.0165466649615 0 88.4131800884748 83.5547758127407 78.4638216139284 89.6174227009619 85.9682911348595 83.9373204364155
89.9404480814455 90.8873886026257 90.3577060414476 87.1159623066478 90.3980229870522 91.6013742614842 82.9532093273657 88.2511598923979 89.1797093560803 84.3328796595101 84.9340142252247 88.4131800884748 0 84.4632316900903 85.9381459480379 72.2305599791183 81.5313920024931 86.3202690794079
90.8595844810741 91.3164066447049 88.2483336371284 88.9038741397594 89.9069455904272 89.8335513566863 88.1799458026485 87.9822666720595 85.5949341121958 87.4117837280712 83.4242964466753 83.5547758127407 84.4632316900903 0 76.5364172448041 85.8464342187456 75.289026176076 72.5868656935784
89.6605255689216 90.01879426857 85.6811254822013 87.7647878994723 88.1171292529149 87.7344349565518 87.9710879147445 85.9682911348595 81.8211513138294 86.5650757693805 80.5050214404877 78.4638216139284 85.9381459480379 76.5364172448041 0 87.3877230304124 81.3036344422995 78.3666599593055
90.8157530616424 91.7157440100578 91.3734212345335 88.2993261327158 91.3621963499351 92.4871203315171 84.2596343120333 89.4733186751262 90.3175129505054 85.9195436335469 86.7434582610283 89.6174227009619 72.2305599791183 85.8464342187456 87.3877230304124 0 83.0718690352051 87.3526213444023
91.0365710695442 91.630018568593 89.4708810437879 88.8676042540802 90.5456658670192 90.8878285058744 87.2986772304469 88.5843509004963 87.4352248455128 87.0312708756033 84.348769710876 85.9682911348595 81.5313920024931 75.289026176076 81.3036344422995 83.0718690352051 0 79.178079427437
91.6492564508544 91.9967355337869 88.6874117949503 89.9907630000784 90.5627659671479 90.1471795575176 89.5060934823739 88.9374319318853 86.0009398949349 88.7813013460685 85.1601988539792 83.9373204364155 86.3202690794079 72.5868656935784 78.3666599593055 87.3526213444023 79.178079427437 0
