0 83.3049294415307 86.6235933661133 84.8358842042205 84.8216828596421 86.8628826862014 87.3152313572216 86.3246740082407 88.458052813232 88.6957997331364 90.9680216370173 90.3485019850597 91.1676208475889 91.1324215788973 91.1030088859863 92.6237426994067 92.6441932793929 92.4344500925189
83.3049294415307 0 79.7170505944318 81.9950314157273 72.0827706588024 77.8673994840703 83.8403412370211 75.9126336164662 82.0154368322127 84.906202596418 86.7211265026863 85.4001574042608 89.358496019957 86.9688201157248 86.5828917856921 91.2880173632844 89.4513305804129 88.8707549940815
86.6235933661133 79.7170505944318 0 86.7956877693918 81.3096260893556 74.7544879428325 87.4546629212388 79.9085993106296 76.2325041385106 87.6850568016727 87.188736274528 85.3248034982015 91.2592393747506 87.3526213444023 85.6942351696241 92.8399243462261 89.8355135094762 88.7110751598551
84.8358842042205 81.9950314157273 86.7956877693918 0 80.3485019850597 85.1733369084502 75.4535216572886 82.6342007106042 87.094417010166 80.3210228062334 86.7690837883171 86.6094795181252 85.5410302954014 87.0440803571346 88.118377883376 88.2511598923979 88.9038741397594 89.1551959618225
84.8216828596421 72.0827706588024 81.3096260893556 80.3485019850597 0 77.8319828162819 81.700631133143 71.5879170280032 81.9124372658146 82.7460299124228 85.1536148924089 83.8090244763067 88.2044938368376 85.4619687279401 85.4304003347848 90.3822376182188 88.2837306233053 87.7674957525076
86.8628826862014 77.8673994840703 74.7544879428325 85.1733369084502 77.8319828162819 0 85.5266933956535 73.8325331923513 73.6964506811521 85.5912123321934 84.9659509602808 82.6342007106042 89.9316855164168 85.2003092693599 83.5737769688657 91.7389480113625 88.2753097867997 87.0949437788996
87.3152313572216 83.8403412370211 87.4546629212388 75.4535216572886 81.700631133143 85.5266933956535 0 82.9092436769071 87.1138650255161 73.323798167022 84.8065428746745 85.1478457267947 82.8884805545587 85.1362843532686 86.9818148487283 86.5214156933801 87.0679967752654 87.6592305696904
86.3246740082407 75.9126336164662 79.9085993106296 82.6342007106042 71.5879170280032 73.8325331923513 82.9092436769071 0 79.178079427437 83.1247518173108 83.8625728945729 81.8512064152267 88.5176770351167 84.1913043119513 83.6337942323103 90.6188168979226 87.5047984831427 86.6639170349971
88.458052813232 82.0154368322127 76.2325041385106 87.094417010166 81.9124372658146 73.6964506811521 87.1138650255161 79.178079427437 0 86.8701001097413 84.8992217714165 82.1965229169693 90.6849985969505 85.0603757697937 82.2787262194362 92.3225722561382 88.120458136718 86.5220167514142
88.6957997331364 84.906202596418 87.6850568016727 80.3210228062334 82.7460299124228 85.5912123321934 73.323798167022 83.1247518173108 86.8701001097413 0 82.5420156066597 83.4960621867671 81.828241837558 82.9436298012717 85.6657806624687 85.8576544925637 85.0964100579897 86.0009398949349
90.9680216370173 86.7211265026863 87.188736274528 86.7690837883171 85.1536148924089 84.9659509602808 84.8065428746745 83.8625728945729 84.8992217714165 82.5420156066597 0 73.6150544197642 86.7331655627619 56.9639370490137 77.4802850888848 88.8154615142099 78.3073021585004 76.7696515306304
90.3485019850597 85.4001574042608 85.3248034982015 86.6094795181252 83.8090244763067 82.6342007106042 85.1478457267947 81.8512064152267 82.1965229169693 83.4960621867671 73.6150544197642 0 87.9899889902793 74.0608757462916 72.6017133826353 89.9527406025847 82.022217387562 79.2970716604341
91.1676208475889 89.358496019957 91.2592393747506 85.5410302954014 88.2044938368376 89.9316855164168 82.8884805545587 88.5176770351167 90.6849985969505 81.828241837558 86.7331655627619 87.9899889902793 0 86.8861574238521 89.2289694627735 77.3031982537424 86.7365991732866 88.4395409877334
91.1324215788973 86.9688201157248 87.3526213444023 87.0440803571346 85.4619687279401 85.2003092693599 85.1362843532686 84.1913043119513 85.0603757697937 82.9436298012717 56.9639370490137 74.0608757462916 86.8861574238521 0 77.3031982537424 88.9010948773214 77.7647878994723 75.8358888194266
91.1030088859863 86.5828917856921 85.6942351696241 88.118377883376 85.4304003347848 83.5737769688657 86.9818148487283 83.6337942323103 82.2787262194362 85.6657806624687 77.4802850888848 72.6017133826353 89.2289694627735 77.3031982537424 0 90.8882683645691 82.6002308959102 78.4018890874713
92.6237426994067 91.2880173632844 92.8399243462261 88.2511598923979 90.3822376182188 91.7389480113625 86.5214156933801 90.6188168979226 92.3225722561382 85.8576544925637 88.8154615142099 89.9527406025847 77.3031982537424 88.9010948773214 90.8882683645691 0 88.2305263647626 89.9069455904272
92.6441932793929 89.4513305804129 89.8355135094762 88.9038741397594 88.2837306233053 88.2753097867997 87.0679967752654 87.5047984831427 88.120458136718 85.0964100579897 78.3073021585004 82.022217387562 86.7365991732866 77.7647878994723 82.6002308959102 88.2305263647626 0 75.891837352535
92.4344500925189 88.8707549940815 88.7110751598551 89.1551959618225 87.7674957525076 87.0949437788996 87.6592305696904 86.6639170349971 86.5220167514142 86.0009398949349 76.7696515306304 79.2970716604341 88.4395409877334 75.8358888194266 78.4018890874713 89.9069455904272 75.891837352535 0
