0 80.6398255405413 83.4144735534427 81.5766707252515 80.8776994407101 87.011985533257 84.0268466216013 87.3167331536123 86.8628826862014 88.7912925143016 88.8380865933347 88.2106092259997 91.5610651747683 89.701181985842 90.3992538060541 92.7913867059264 91.6387231667647 92.4706530140851
80.6398255405413 0 75.042668369047 86.6563483913967 82.2482830209687 84.6280655201376 87.9020922860509 86.5268222233502 85.4125902481615 90.5011764249031 87.8718063285063 86.3372349564591 92.3273115656395 89.1735123701945 89.7537582176681 93.5679666911118 92.0616729172225 91.8901442694456
83.4144735534427 75.042668369047 0 87.499043061226 81.8512064152267 81.5313920024931 88.4349006758478 84.716399646416 83.0718690352051 90.3150041728844 86.1033994395945 83.8625728945729 91.828241837558 87.7738075181225 88.3603669753114 93.1680306067736 91.3769599159453 90.7501868793672
81.5766707252515 86.6563483913967 87.499043061226 0 82.3546980369414 88.3991592697787 72.3105428072981 87.4098245784636 87.6131943190306 84.9616488848235 88.9218961216174 89.115684439989 89.4818396262818 89.2853180813548 90.0923194724934 90.7953557193797 90.0413035658768 92.1215167715948
80.8776994407101 82.2482830209687 81.8512064152267 82.3546980369414 0 82.4982157571468 83.4107842329724 81.8087149732661 81.3769599159453 86.3120766250236 84.535049192901 84.0756800526813 89.1351558616649 85.8040981094599 86.8900244486873 90.8471697247964 88.9453510470012 89.8310272854925
87.011985533257 84.6280655201376 81.5313920024931 88.3991592697787 82.4982157571468 0 88.7338880295529 77.3877230304124 72.2305599791183 88.9888202196146 78.7966354858417 71.3769599159453 89.7428929869615 82.4447587542196 83.2478263495168 91.424840769058 88.7716451877599 87.0711757029314
84.0268466216013 87.9020922860509 88.4349006758478 72.3105428072981 83.4107842329724 88.7338880295529 0 87.3941194834633 87.8007545217567 82.93128213749 88.8380865933347 89.291357676221 88.458052813232 89.0068330071387 89.838875138866 89.8296243895863 89.2444099168803 91.8362048638026
87.3167331536123 86.5268222233502 84.716399646416 87.4098245784636 81.8087149732661 77.3877230304124 87.3941194834633 0 70.6047544631244 86.6359054690201 73.2222041818708 76.5364172448041 87.3501386685107 77.6457956664753 79.9579203496951 89.5060934823739 86.1468621765672 85.5085157137867
86.8628826862014 85.4125902481615 83.0718690352051 87.6131943190306 81.3769599159453 72.2305599791183 87.8007545217567 70.6047544631244 0 87.6813767295796 75.7217818991216 73.2478263495168 88.5252623043911 80.1990362311678 81.6492564508544 90.4372372021832 87.4778743506497 86.3397427924283
88.7912925143016 90.5011764249031 90.3150041728844 84.9616488848235 86.3120766250236 88.9888202196146 82.93128213749 86.6359054690201 87.6813767295796 0 87.6253319777206 88.9986855275619 82.1654959184623 86.9476203930553 87.8452979360192 84.6066326409251 84.3931512750066 89.726256628232
88.8380865933347 87.8718063285063 86.1033994395945 88.9218961216174 84.535049192901 78.7966354858417 88.8380865933347 73.2222041818708 75.7217818991216 87.6253319777206 0 75.4841598430449 87.4142314228996 73.2222041818708 75.5673171147236 89.5060934823739 85.7735013371753 83.323798167022
88.2106092259997 86.3372349564591 83.8625728945729 89.115684439989 84.0756800526813 71.3769599159453 89.291357676221 76.5364172448041 73.2478263495168 88.9986855275619 75.4841598430449 0 89.2916753170929 80.4103155081914 81.0653800960415 91.0335945566031 88.0769823418296 85.5680658337702
91.5610651747683 92.3273115656395 91.828241837558 89.4818396262818 89.1351558616649 89.7428929869615 88.458052813232 87.3501386685107 88.5252623043911 82.1654959184623 87.4142314228996 89.2916753170929 0 85.8737330189105 86.3951708178881 76.3653649600743 75.5673171147236 87.3031982537424
89.701181985842 89.1735123701945 87.7738075181225 89.2853180813548 85.8040981094599 82.4447587542196 89.0068330071387 77.6457956664753 80.1990362311678 86.9476203930553 73.2222041818708 80.4103155081914 85.8737330189105 0 69.0724707021626 88.2580160076653 83.6150544197642 81.2493343553935
90.3992538060541 89.7537582176681 88.3603669753114 90.0923194724934 86.8900244486873 83.2478263495168 89.838875138866 79.9579203496951 81.6492564508544 87.8452979360192 75.5673171147236 81.0653800960415 86.3951708178881 69.0724707021626 0 88.5644935501606 83.9903961178617 79.0051368755729
92.7913867059264 93.5679666911118 93.1680306067736 90.7953557193797 90.8471697247964 91.424840769058 89.8296243895863 89.5060934823739 90.4372372021832 84.6066326409251 89.5060934823739 91.0335945566031 76.3653649600743 88.2580160076653 88.5644935501606 0 80.857813115772 88.8549783860674
91.6387231667647 92.0616729172225 91.3769599159453 90.0413035658768 88.9453510470012 88.7716451877599 89.2444099168803 86.1468621765672 87.4778743506497 84.3931512750066 85.7735013371753 88.0769823418296 75.5673171147236 83.6150544197642 83.9903961178617 80.857813115772 0 84.7182209694953
92.4706530140851 91.8901442694456 90.7501868793672 92.1215167715948 89.8310272854925 87.0711757029314 91.8362048638026 85.5085157137867 86.3397427924283 89.726256628232 83.323798167022 85.5680658337702 87.3031982537424 81.2493343553935 79.0051368755729 88.8549783860674 84.7182209694953 0
