0 80.6234942756704 87.6624672601499 72.5868656935784 85.8862748223873 87.9594486690946 75.1757958751021 83.9925487547429 86.9257690522703 86.975322342495 88.0740403942904 89.901152605721 89.3784679218221 88.6595793524246 90.2794752567119 90.4946802318904 90.3104847178461 91.3734212345335
80.6234942756704 0 83.1155436921792 83.4499763303665 79.1123755294906 84.0022224385771 83.5201228844259 78.9298435901867 81.7711908388985 87.0949437788996 87.5803463896305 87.597739816387 89.9972478314741 87.462413856604 89.0848138343567 90.9270204797757 89.6549784637635 90.2375263928769
87.6624672601499 83.1155436921792 0 89.0724707021626 79.6648998632169 84.9719667154197 89.2792700757186 85.3461292680899 82.7531929436013 90.7454167833726 90.7301627873035 88.7338880295529 92.838380637131 90.1646206036976 91.015051785605 93.4305469644895 91.8670341320252 91.7398519064725
72.5868656935784 83.4499763303665 89.0724707021626 0 87.4995229711462 89.0527155511549 70.4372372021832 85.5372620133263 88.2584189716943 87.0076882467528 88.2745069501547 90.584282710686 89.0674567187474 89.0674567187474 90.6395926686241 90.239824990559 90.4905850455247 91.6977117515901
85.8862748223873 79.1123755294906 79.6648998632169 87.4995229711462 0 79.3349739648805 87.3719376615789 79.3002428506583 73.8213544350363 87.9938450062552 87.8928971582322 85.5016794196997 90.7581254149979 87.0949437788996 88.3583985463156 91.4720072332758 89.4344587975798 89.4017562099516
87.9594486690946 84.0022224385771 84.9719667154197 89.0527155511549 79.3349739648805 0 88.6167513594206 79.6032551369968 72.7760355725621 86.6029953102007 85.8379999487653 79.7170505944318 89.6385877643063 84.0756800526813 85.2003092693599 90.2441634696577 87.0632240165738 86.4339831229612
75.1757958751021 83.5201228844259 89.2792700757186 70.4372372021832 87.3719376615789 88.6167513594206 0 84.8190149299059 87.9330371790942 85.6657806624687 87.1716919309492 90.0123415542239 87.9869874979613 88.1519559182853 89.8834499846608 89.3030949433852 89.6479614516232 91.0301903276857
83.9925487547429 78.9298435901867 85.3461292680899 85.5372620133263 79.3002428506583 79.6032551369968 84.8190149299059 0 78.2753097867997 84.0576968186256 84.1593214403875 83.9154690956304 88.0803421291117 83.5261172881643 85.8688458527758 89.0808144988098 86.8249332995649 87.4802850888848
86.9257690522703 81.7711908388985 82.7531929436013 88.2584189716943 73.8213544350363 72.7760355725621 87.9330371790942 78.2753097867997 0 87.1410509973508 86.7365991732866 82.9037165430793 90.114451860671 85.5047191012369 86.7804245567905 90.7906350045486 88.2032697249812 87.9347740096789
86.975322342495 87.0949437788996 90.7454167833726 87.0076882467528 87.9938450062552 86.6029953102007 85.6657806624687 84.0576968186256 87.1410509973508 0 72.7760355725621 85.7849113793878 79.4681370721026 79.1123755294906 82.8522543049557 82.0154368322127 81.1820321496173 85.0805247863448
88.0740403942904 87.5803463896305 90.7301627873035 88.2745069501547 87.8928971582322 85.8379999487653 87.1716919309492 84.1593214403875 86.7365991732866 72.7760355725621 0 84.0830633243401 80.7683108277111 74.0502702591676 79.5914134259955 82.2547098735201 77.5424991364325 82.6751998198568
89.901152605721 87.597739816387 88.7338880295529 90.584282710686 85.5016794196997 79.7170505944318 90.0123415542239 83.9154690956304 82.9037165430793 85.7849113793878 84.0830633243401 0 88.5150190578767 80.8776994407101 80.273145354966 88.8567341753854 83.9110856031371 81.5218992231529
89.3784679218221 89.9972478314741 92.838380637131 89.0674567187474 90.7581254149979 89.6385877643063 87.9869874979613 88.0803421291117 90.114451860671 79.4681370721026 80.7683108277111 88.5150190578767 0 83.8658978492988 85.1986793407167 72.2787262194362 82.41855457111 86.4192383534355
88.6595793524246 87.462413856604 90.1646206036976 89.0674567187474 87.0949437788996 84.0756800526813 88.1519559182853 83.5261172881643 85.5047191012369 79.1123755294906 74.0502702591676 80.8776994407101 83.8658978492988 0 75.0257367888525 84.598216984643 76.9257690522703 80.0415708322431
90.2794752567119 89.0848138343567 91.015051785605 90.6395926686241 88.3583985463156 85.2003092693599 89.8834499846608 85.8688458527758 86.7804245567905 82.8522543049557 79.5914134259955 80.273145354966 85.1986793407167 75.0257367888525 0 85.26340400843 74.9659509602808 72.8884805545587
90.4946802318904 90.9270204797757 93.4305469644895 90.239824990559 91.4720072332758 90.2441634696577 89.3030949433852 89.0808144988098 90.7906350045486 82.0154368322127 82.2547098735201 88.8567341753854 72.2787262194362 84.598216984643 85.26340400843 0 82.176952723197 86.1448960051827
90.3104847178461 89.6549784637635 91.8670341320252 90.4905850455247 89.4344587975798 87.0632240165738 89.6479614516232 86.8249332995649 88.2032697249812 81.1820321496173 77.5424991364325 83.9110856031371 82.41855457111 76.9257690522703 74.9659509602808 82.176952723197 0 77.7647878994723
91.3734212345335 90.2375263928769 91.7398519064725 91.6977117515901 89.4017562099516 86.4339831229612 91.0301903276857 87.4802850888848 87.9347740096789 85.0805247863448 82.6751998198568 81.5218992231529 86.4192383534355 80.0415708322431 72.8884805545587 86.1448960051827 77.7647878994723 0
