0 87.5196314496235 87.5784618398856 79.546717201444 86.9049079448957 89.4608113270667 86.9098577970584 87.6758507678725 89.1087328137325 88.2753097867997 90.2405909195141 91.5313920024931 89.4488805726932 91.7396711425 92.0588185334069 92.5977095065006 93.3877165440371 93.1391823978766
87.5196314496235 0 72.0827706588024 87.3985422847928 84.1323142820089 84.0608757462916 89.6429841994572 87.3882153998726 84.4039314662598 91.5245592935632 89.7537582176681 89.7170505944318 92.3780131869964 90.8558194658239 91.1612233891682 93.2228465818156 93.2448874809392 91.9752146242434
87.5784618398856 72.0827706588024 0 86.8461811729156 81.9401435468265 81.5729154765791 88.7698546518372 85.9628257324468 81.9967355337869 90.867104733722 88.5910743048444 88.4944597996847 91.7641862325149 89.804012184929 90.1448313850792 92.4822476324957 92.4651500034764 91.0480328336979
79.546717201444 87.3985422847928 86.8461811729156 0 83.778610784351 87.5453491495408 82.1177073885602 83.7820006204687 86.9470754473467 84.8615063718665 87.3590696675158 89.2970716604341 86.6353199692122 89.3958683106901 89.8073982768313 90.4257547098252 91.4186168334588 91.2066265229575
86.9049079448957 84.1323142820089 81.9401435468265 83.778610784351 0 78.5626155199393 83.9763779101233 77.3431796161499 76.6545999065771 87.3975598292249 83.4960621867671 84.5832154332189 88.6256470419417 85.9764763638929 86.5597166813801 89.4757549390252 89.6745078300645 88.2106092259997
89.4608113270667 84.0608757462916 81.5729154765791 87.5453491495408 78.5626155199393 0 87.2663912798707 82.4738598864051 66.0621707455228 89.7020490430077 84.7054556385607 83.5008850021645 90.5634770122259 85.9764763638929 86.436435724929 90.2510450996732 89.8679007761916 87.5859951372108
86.9098577970584 89.6429841994572 88.7698546518372 82.1177073885602 83.9763779101233 87.2663912798707 0 79.941542160005 86.4785265372237 77.650433087972 82.6179874241649 86.4851991264278 81.0632682823266 85.7217818991216 86.2810577195812 86.2325041385106 87.992560047968 88.3441994587891
87.6758507678725 87.3882153998726 85.9628257324468 83.7820006204687 77.3431796161499 82.4738598864051 79.941542160005 0 81.0505757896518 84.7499710991399 78.8426679450515 82.7402909689791 86.2196361444474 83.3011458390096 84.1239704853616 87.094417010166 87.657842677859 86.5430015466662
89.1087328137325 84.4039314662598 81.9967355337869 86.9470754473467 76.6545999065771 66.0621707455228 86.4785265372237 81.0505757896518 0 89.1113823645317 83.8045321616377 82.93128213749 90.0308673275794 85.3962648299937 85.9195436335469 89.7997758540917 89.4936803024929 87.2704401740636
88.2753097867997 91.5245592935632 90.867104733722 84.8615063718665 87.3975598292249 89.7020490430077 77.650433087972 84.7499710991399 89.1113823645317 0 85.3208427639379 88.4407002914246 72.099442252477 87.3187347413048 87.6924076039253 85.7007752032153 88.2093868368697 89.3905934154663
90.2405909195141 89.7537582176681 88.5910743048444 87.3590696675158 83.4960621867671 84.7054556385607 82.6179874241649 78.8426679450515 83.8045321616377 85.3208427639379 0 78.0360367454923 86.1080297977718 75.8076419242784 77.6131943190306 83.7593515739906 83.8358812162758 82.3105428072981
91.5313920024931 89.7170505944318 88.4944597996847 89.2970716604341 84.5832154332189 83.5008850021645 86.4851991264278 82.7402909689791 82.93128213749 88.4407002914246 78.0360367454923 0 88.9755176489986 75.3287606235951 76.213187821334 85.9846461950885 84.4351407256978 79.178079427437
89.4488805726932 92.3780131869964 91.7641862325149 86.6353199692122 88.6256470419417 90.5634770122259 81.0632682823266 86.2196361444474 90.0308673275794 72.099442252477 86.1080297977718 88.9755176489986 0 87.679995898191 87.9762509169206 84.984829627831 87.9199887622108 89.5326172058794
91.7396711425 90.8558194658239 89.804012184929 89.3958683106901 85.9764763638929 85.9764763638929 85.7217818991216 83.3011458390096 85.3962648299937 87.3187347413048 75.8076419242784 75.3287606235951 87.679995898191 0 63.2478263495168 82.987250454927 81.0208149157414 76.7696515306304
92.0588185334069 91.1612233891682 90.1448313850792 89.8073982768313 86.5597166813801 86.436435724929 86.2810577195812 84.1239704853616 85.9195436335469 87.6924076039253 77.6131943190306 76.213187821334 87.9762509169206 63.2478263495168 0 82.8354320315571 80.2119042252309 74.8615063718665
92.5977095065006 93.2228465818156 92.4822476324957 90.4257547098252 89.4757549390252 90.2510450996732 86.2325041385106 87.094417010166 89.7997758540917 85.7007752032153 83.7593515739906 85.9846461950885 84.984829627831 82.987250454927 82.8354320315571 0 77.8718063285063 84.2525454416864
93.3877165440371 93.2448874809392 92.4651500034764 91.4186168334588 89.6745078300645 89.8679007761916 87.992560047968 87.657842677859 89.4936803024929 88.2093868368697 83.8358812162758 84.4351407256978 87.9199887622108 81.0208149157414 80.2119042252309 77.8718063285063 0 80.0735239732136
93.1391823978766 91.9752146242434 91.0480328336979 91.2066265229575 88.2106092259997 87.5859951372108 88.3441994587891 86.5430015466662 87.2704401740636 89.3905934154663 82.3105428072981 79.178079427437 89.5326172058794 76.7696515306304 74.8615063718665 84.2525454416864 80.0735239732136 0
