0 76.0621707455228 88.3410377916595 80.8378353124009 86.0715147213828 87.9607434601061 87.9577216803775 88.015631329007 88.9038741397594 88.655168405128 87.8355375083724 91.2178525644589 92.3296792823567 92.6321405598705 92.4784370287424 93.8375542608496 91.8512064152267 93.291545933808
76.0621707455228 0 86.1053844833492 80.8600272095335 84.2107909313872 85.5024395395615 87.4352248455128 86.5075683494469 86.999080896344 89.0081894356089 86.5111849588043 90.2029006343464 92.3705159238033 91.9669880491193 91.604732064441 93.8196751368963 91.2856097434395 92.5381067004764
88.3410377916595 86.1053844833492 0 86.7599898029102 81.6270513160605 69.546717201444 86.8728728512127 81.4529317334505 72.6751998198568 90.229855602271 82.93128213749 85.2408599357581 92.0827706588024 88.7698546518372 87.213409243163 93.2134580956449 88.7626851168717 88.7612497884875
80.8378353124009 80.8600272095335 86.7599898029102 0 81.3769599159453 86.8316543916761 82.9422595709972 84.2717598056775 86.7872148302036 84.6953993467273 83.6127062473257 88.6256470419417 89.7631718099135 90.2237091998029 90.251809052559 91.7048243089966 89.062436939935 91.2209091826396
86.0715147213828 84.2107909313872 81.6270513160605 81.3769599159453 0 82.6135550936366 80.6398255405413 74.0608757462916 80.6117913722832 86.2408479351578 73.9968508302003 84.2403661072662 89.4891300158834 87.4093346529378 86.8417165672086 91.2096910495946 86.4210841896122 88.3666599593055
87.9607434601061 85.5024395395615 69.546717201444 86.8316543916761 82.6135550936366 0 87.597739816387 83.0277507001197 77.2628453983262 90.6339999932975 84.2005457159281 86.5549474896102 92.5667404520183 89.661984156616 88.2801236925049 93.6804086403546 89.6127053130504 89.6614007803213
87.9577216803775 87.4352248455128 86.8728728512127 82.9422595709972 80.6398255405413 87.597739816387 0 80.5456658670191 85.7749292329038 80.8821062851461 78.3666599593055 84.3139343989393 85.6459716053848 85.7152734467552 86.5117874343298 88.3192387985912 83.2897752133517 87.6850568016727
88.015631329007 86.5075683494469 81.4529317334505 84.2717598056775 74.0608757462916 83.0277507001197 80.5456658670191 0 78.8986615628356 86.6819122875553 67.4754622734875 81.0314672262549 89.0594222852791 85.4963548523048 84.5832154332189 90.6711491730883 84.6150320210808 86.5304228410657
88.9038741397594 86.999080896344 72.6751998198568 86.7872148302036 80.6117913722832 77.2628453983262 85.7749292329038 78.8986615628356 0 89.6215462161898 80.9541809486562 82.9106243619669 91.3164066447049 87.2926418689859 85.4342624469282 92.4738598864051 87.3526213444023 87.3047042162445
88.655168405128 89.0081894356089 90.229855602271 84.6953993467273 86.2408479351578 90.6339999932975 80.8821062851461 86.6819122875553 89.6215462161898 0 85.6774768683439 88.4967489738495 83.361291448686 88.5644935501606 89.6872854769974 87.1269564468328 86.4803473512336 90.2814988783078
87.8355375083724 86.5111849588043 82.93128213749 83.6127062473257 73.9968508302003 84.2005457159281 78.3666599593055 67.4754622734875 80.9541809486562 85.6774768683439 0 81.4913821379436 88.3913503225718 85.3429764949431 84.8615063718665 90.1812155530446 84.0735682389664 86.6685681142304
91.2178525644589 90.2029006343464 85.2408599357581 88.6256470419417 84.2403661072662 86.5549474896102 84.3139343989393 81.0314672262549 82.9106243619669 88.4967489738495 81.4913821379436 0 88.7262970466224 79.2970716604341 75.1014144120895 89.7468991299264 80.6861507245123 80.0093808529838
92.3296792823567 92.3705159238033 92.0827706588024 89.7631718099135 89.4891300158834 92.5667404520183 85.6459716053848 89.0594222852791 91.3164066447049 83.361291448686 88.3913503225718 88.7262970466224 0 87.0312708756033 89.1285651557654 78.0529683256868 84.7391114690121 89.148307343648
92.6321405598705 91.9669880491193 88.7698546518372 90.2237091998029 87.4093346529378 89.661984156616 85.7152734467552 85.4963548523048 87.2926418689859 88.5644935501606 85.3429764949431 79.2970716604341 87.0312708756033 0 76.706750637792 87.5296508818292 75.3208427639379 75.9539297579115
92.4784370287424 91.604732064441 87.213409243163 90.251809052559 86.8417165672086 88.2801236925049 86.5117874343298 84.5832154332189 85.4342624469282 89.6872854769974 84.8615063718665 75.1014144120895 89.1285651557654 76.706750637792 0 89.701181985842 81.1011246996244 73.091775616211
93.8375542608496 93.8196751368963 93.2134580956449 91.7048243089966 91.2096910495946 93.6804086403546 88.3192387985912 90.6711491730883 92.4738598864051 87.1269564468328 90.1812155530446 89.7468991299264 78.0529683256868 87.5296508818292 89.701181985842 0 85.9819246253181 89.3709892175519
91.8512064152267 91.2856097434395 88.7626851168717 89.062436939935 86.4210841896122 89.6127053130504 83.2897752133517 84.6150320210808 87.3526213444023 86.4803473512336 84.0735682389664 80.6861507245123 84.7391114690121 75.3208427639379 81.1011246996244 85.9819246253181 0 81.6065963893544
93.291545933808 92.5381067004764 88.7612497884875 91.2209091826396 88.3666599593055 89.6614007803213 87.6850568016727 86.5304228410657 87.3047042162445 90.2814988783078 86.6685681142304 80.0093808529838 89.148307343648 75.9539297579115 73.091775616211 89.3709892175519 81.6065963893544 0
