0 83.555965823659 88.7338880295529 72.420100378145 86.1553719814826 88.4267681806095 85.4535216572886 89.1189908313318 88.9370872947531 89.0301722270237 90.2405909195141 91.1810043553115 89.8469883502153 91.2622670128388 91.2446772586078 91.1637009427332 92.2371742980202 92.6437529152245
83.555965823659 0 83.2796429373787 83.4144735534427 76.7239959740949 81.2493343553935 84.3872598725851 83.1990142701287 82.2354007132093 85.6238550502764 86.0340175859056 87.1368796008778 86.8784130290517 88.1142143850042 86.960135308793 90.1615019788357 89.9407216269259 89.4757549390252
88.7338880295529 83.2796429373787 0 89.0764777251924 77.7738075181225 77.4995229711462 89.6312504677156 84.906202596418 79.9796622965764 89.0741407444131 87.9003423334457 87.8452979360192 89.8028829006948 89.8656749091077 86.9257690522703 92.7700510024888 91.638908181561 89.8781805979189
72.420100378145 83.4144735534427 89.0764777251924 0 86.4284596991444 88.4193970634207 83.4730803892132 88.6389564942146 88.8143980660997 88.029670345888 89.5946731165726 90.6829239968011 88.9038741397594 90.5634770122259 90.843616123437 90.1450923558343 91.5127665924628 92.1690998863059
86.1553719814826 76.7239959740949 77.7738075181225 86.4284596991444 0 76.7468837467999 87.2277373408691 83.233752867468 79.4005173154006 87.2379428321569 86.6282878076665 87.1530214921769 88.2289038953988 88.8041046200851 86.560312462274 91.4575637966244 90.6861507245123 89.4906473078734
88.4267681806095 81.2493343553935 77.4995229711462 88.4193970634207 76.7468837467999 0 87.8779684079293 80.0814756595712 68.9021373091748 86.5364172448041 84.7814907955383 84.8429675000929 87.4532080795685 87.4754622734875 83.7136960174551 91.2430562275363 89.7403156565393 87.6850568016727
85.4535216572886 84.3872598725851 89.6312504677156 83.4730803892132 87.2277373408691 87.8779684079293 0 85.891837352535 87.7562018760149 81.6326132525547 85.7159970899826 87.6295255839015 82.9953807752155 86.3802934588265 88.2981284644215 84.906202596418 87.378357389014 89.2827725791534
89.1189908313318 83.1990142701287 84.906202596418 88.6389564942146 83.233752867468 80.0814756595712 85.891837352535 0 77.8673994840703 81.7532076048429 77.2169957016613 78.5210920458533 82.987250454927 82.6459542896836 77.989131632697 88.8083669364351 86.2766083062783 83.8224736064944
88.9370872947531 82.2354007132093 79.9796622965764 88.8143980660997 79.4005173154006 68.9021373091748 87.7562018760149 77.8673994840703 0 85.8323679884117 83.4972683928071 83.381156296672 86.7440293629844 86.5453933654346 81.9745296711912 90.867104733722 89.0496941384894 86.6323912855628
89.0301722270237 85.6238550502764 89.0741407444131 88.029670345888 87.2379428321569 86.5364172448041 81.6326132525547 81.7532076048429 85.8323679884117 0 78.3073021585004 82.2930725357932 69.5166621000467 78.9021373091748 83.9373204364155 83.7411469057037 82.1177073885602 84.6953993467273
90.2405909195141 86.0340175859056 87.9003423334457 89.5946731165726 86.6282878076665 84.7814907955383 85.7159970899826 77.2169957016613 83.4972683928071 78.3073021585004 0 73.6964506811521 78.7608908822587 75.9948369189331 77.5944545064845 86.9208373119925 82.5344953540117 80.3509914920462
91.1810043553115 87.1368796008778 87.8452979360192 90.6829239968011 87.1530214921769 84.8429675000929 87.6295255839015 78.5210920458533 83.381156296672 82.2930725357932 73.6964506811521 0 82.3310992930275 78.4599765983439 70.9865508735604 88.3572170605267 83.622091328923 77.0178873678807
89.8469883502153 86.8784130290517 89.8028829006948 88.9038741397594 88.2289038953988 87.4532080795685 82.9953807752155 82.987250454927 86.7440293629844 69.5166621000467 78.7608908822587 82.3310992930275 0 76.9312422033652 84.1913043119513 82.6941043474961 79.8781805979189 84.0830633243401
91.2622670128388 88.1142143850042 89.8656749091077 90.5634770122259 88.8041046200851 87.4754622734875 86.3802934588265 82.6459542896836 86.5453933654346 78.9021373091748 75.9948369189331 78.4599765983439 76.9312422033652 0 81.5218992231529 85.2642069935148 77.0764687502886 79.2202600224785
91.2446772586078 86.960135308793 86.9257690522703 90.843616123437 86.560312462274 83.7136960174551 88.2981284644215 77.989131632697 81.9745296711912 83.9373204364155 77.5944545064845 70.9865508735604 84.1913043119513 81.5218992231529 0 89.4054707745279 85.4304003347848 79.0724707021626
91.1637009427332 90.1615019788357 92.7700510024888 90.1450923558343 91.4575637966244 91.2430562275363 84.906202596418 88.8083669364351 90.867104733722 83.7411469057037 86.9208373119925 88.3572170605267 82.6941043474961 85.2642069935148 89.4054707745279 0 83.3288160125473 88.6252767520647
92.2371742980202 89.9407216269259 91.638908181561 91.5127665924628 90.6861507245123 89.7403156565393 87.378357389014 86.2766083062783 89.0496941384894 82.1177073885602 82.5344953540117 83.622091328923 79.8781805979189 77.0764687502886 85.4304003347848 83.3288160125473 0 82.4416841028919
92.6437529152245 89.4757549390252 89.8781805979189 92.1690998863059 89.4906473078734 87.6850568016727 89.2827725791534 83.8224736064944 86.6323912855628 84.6953993467273 80.3509914920462 77.0178873678807 84.0830633243401 79.2202600224785 79.0724707021626 88.6252767520647 82.4416841028919 0
