0 83.5261172881643 88.029670345888 83.5392759245935 88.010941553554 87.6295255839015 85.4658028809384 84.8711857179884 89.5899309392704 87.3526213444023 88.7295519498327 92.0103444593576 89.1679601933207 92.2313671429193 93.1155436921792 92.0897805247568 93.3677574961093 93.2559936200367
83.5261172881643 0 80.2119042252309 85.0197951063596 80.4372372021832 79.6648998632169 84.5954081380522 78.4018890874713 84.924474053039 88.47226868458 86.1033994395945 88.9959663008508 89.7222313894489 89.9769504982872 91.0201749454842 91.8255842475807 91.8149375950928 91.5489935722766
88.029670345888 80.2119042252309 0 88.2917353160497 73.7989102258118 74.9227372224544 87.3585739824363 82.7273505510716 82.9023336598264 90.5299314062634 86.8806271228131 87.5353659103793 91.2904236491447 89.3756649167141 90.2946294848908 92.5923652565189 91.5497490312598 91.1735970472437
83.5392759245935 85.0197951063596 88.2917353160497 0 87.2765064464768 86.7872148302036 74.7635075614827 81.9625254725383 87.2704401740636 79.2202600224785 83.7228656061221 89.6127053130504 83.0129444272911 89.2134739173588 90.4372372021832 88.0300950629994 90.3970380806371 90.3375311690272
88.010941553554 80.4372372021832 73.7989102258118 87.2765064464768 0 62.0827706588024 85.9050198774838 80.4905850455247 79.3255293548103 89.5485139103515 84.7904545651168 85.7927384304143 90.2807401307034 87.8461841608603 88.9755176489986 91.5851081814124 90.3646583301047 89.9429093707259
87.6295255839015 79.6648998632169 74.9227372224544 86.7872148302036 62.0827706588024 0 85.3532146504956 79.3818913619656 79.2684262627964 89.1924018487551 84.3557033681209 85.8604550374417 89.9753226061638 87.7738075181225 88.9522255158984 91.3802993584928 90.2825103356211 89.8723490908437
85.4658028809384 84.5954081380522 87.3585739824363 74.7635075614827 85.9050198774838 85.3532146504956 0 79.7428929869615 85.1994943815033 80.2604578063016 79.9003244053271 87.8928971582322 82.7402909689791 87.4196115005074 88.9069986855092 87.1217246129041 88.9867763205327 88.8707549940815
84.8711857179884 78.4018890874713 82.7273505510716 81.9625254725383 80.4905850455247 79.3818913619656 79.7428929869615 0 82.1027689051246 85.9948369189331 81.5879170280032 86.999080896344 87.3501386685107 87.7139289096556 89.1113823645317 89.7813705184277 89.8823411712714 89.5970422648449
89.5899309392704 84.924474053039 82.9023336598264 87.2704401740636 79.3255293548103 79.2684262627964 85.1994943815033 82.1027689051246 0 88.7780850115565 81.1220143253691 80.497809241511 89.1295543994929 83.785387812752 85.5107920892135 89.8834499846608 87.55625690639 86.940530759705
87.3526213444023 88.47226868458 90.5299314062634 79.2202600224785 89.5485139103515 89.1924018487551 80.2604578063016 85.9948369189331 88.7780850115565 0 84.5832154332189 90.0775016362782 74.8172353991213 89.0173342633289 90.1687752896411 84.9788316760572 89.560174434925 89.6628590741529
88.7295519498327 86.1033994395945 86.8806271228131 83.7228656061221 84.7904545651168 84.3557033681209 79.9003244053271 81.5879170280032 81.1220143253691 84.5832154332189 0 83.6582681575906 84.7814907955383 82.7674836600796 85.1831644325058 86.2791513863211 85.795581136992 85.4496766417041
92.0103444593576 88.9959663008508 87.5353659103793 89.6127053130504 85.7927384304143 85.8604550374417 87.8928971582322 86.999080896344 80.497809241511 90.0775016362782 83.6582681575906 0 89.8812320747146 78.0062467083217 79.546717201444 89.3756649167141 84.1758581374509 83.0196808096236
89.1679601933207 89.7222313894489 91.2904236491447 83.0129444272911 90.2807401307034 89.9753226061638 82.7402909689791 87.3501386685107 89.1295543994929 74.8172353991213 84.7814907955383 89.8812320747146 0 88.4018890874713 89.5217861636542 81.8722972449526 88.5161583901781 88.7338880295529
92.2313671429193 89.9769504982872 89.3756649167141 89.2134739173588 87.8461841608603 87.7738075181225 87.4196115005074 87.7139289096556 83.785387812752 89.0173342633289 82.7674836600796 78.0062467083217 88.4018890874713 0 72.8884805545587 86.9688201157248 78.6848557252811 76.6545999065771
93.1155436921792 91.0201749454842 90.2946294848908 90.4372372021832 88.9755176489986 88.9522255158984 88.9069986855092 89.1113823645317 85.5107920892135 90.1687752896411 85.1831644325058 79.546717201444 89.5217861636542 72.8884805545587 0 87.7711035988784 77.3975598292249 74.484421527208
92.0897805247568 91.8255842475807 92.5923652565189 88.0300950629994 91.5851081814124 91.3802993584928 87.1217246129041 89.7813705184277 89.8834499846608 84.9788316760572 86.2791513863211 89.3756649167141 81.8722972449526 86.9688201157248 87.7711035988784 0 85.4535216572886 86.1033994395945
93.3677574961093 91.8149375950928 91.5497490312598 90.3970380806371 90.3646583301047 90.2825103356211 88.9867763205327 89.8823411712714 87.55625690639 89.560174434925 85.795581136992 84.1758581374509 88.5161583901781 78.6848557252811 77.3975598292249 85.4535216572886 0 66.5063621434069
93.2559936200367 91.5489935722766 91.1735970472437 90.3375311690272 89.9429093707259 89.8723490908437 88.8707549940815 89.5970422648449 86.940530759705 89.6628590741529 85.4496766417041 83.0196808096236 88.7338880295529 76.6545999065771 74.484421527208 86.1033994395945 66.5063621434069 0
