0 85.0129946433235 88.1573208909491 80.0228223518567 85.0070354904267 86.2093142267685 86.2408479351578 86.6446785071237 88.0908247429846 86.8030176358052 88.8083669364351 90.891785631268 87.8568047770822 92.011703009402 91.9346164129987 90.8735087925314 91.4804584133359 92.4239624902884
85.0129946433235 0 80.9628365465767 88.1519559182853 82.3999618428095 76.7239959740949 88.7952113360276 85.7863355292019 84.5916601811258 90.3129961068127 89.7153222884519 89.337174755005 90.2946294848908 91.7512248953516 91.2300661506264 92.4515153347507 92.1279685334877 91.9089615194754
88.1573208909491 80.9628365465767 0 89.6707254104607 80.9865508735604 74.3872598725851 88.5358594734777 83.7274431504922 79.0051368755729 90.4869684361672 88.5176770351167 86.1560258917179 89.9742370056535 89.8909270794529 88.9922245819579 91.8128051289986 90.9051691389906 89.8934165864394
80.0228223518567 88.1519559182853 89.6707254104607 0 86.0621707455228 88.280925491606 83.1194924223973 86.3846379556137 88.6928840265354 82.2547098735201 87.0055380079075 90.5797990005825 84.6354957098355 91.0276354037063 91.201718778031 88.5944321078012 89.8989437202673 91.6052914459525
85.0070354904267 82.3999618428095 80.9865508735604 86.0621707455228 0 78.5550952672913 83.9763779101233 76.0016174742824 77.627196302634 86.9666505416474 84.8676684512895 85.1872526798368 86.3715914053258 88.2881350299898 87.694702180414 89.3207993363877 88.6976210562157 88.6419086192796
86.2093142267685 76.7239959740949 74.3872598725851 88.280925491606 78.5550952672913 0 87.6758507678725 83.0237176292658 80.2119042252309 89.6628590741529 88.1963265663177 87.0711757029314 89.3274199206759 90.2196067601836 89.5178683060867 91.5133379448638 90.879683074096 90.3507426055555
86.2408479351578 88.7952113360276 88.5358594734777 83.1194924223973 83.9763779101233 87.6758507678725 0 81.5729154765791 85.9298880881852 77.2272264362371 78.2106092259997 86.7211265026863 74.2979161426279 86.6024053564106 87.0589771566153 83.5201228844259 84.7054556385607 87.5935153898588
86.6446785071237 85.7863355292019 83.7274431504922 86.3846379556137 76.0016174742824 83.0237176292658 81.5729154765791 0 77.8497272528937 85.6518503809952 81.2493343553935 82.6591391550547 84.2928982971025 85.9546147109638 85.3563600026657 87.4889526831515 86.4309154214711 86.5111849588043
88.0908247429846 84.5916601811258 79.0051368755729 88.6928840265354 77.627196302634 80.2119042252309 85.9298880881852 77.8497272528937 0 88.6152669725587 85.1994943815033 81.8246980227395 87.6383654767775 87.0414148290211 85.9029410845511 89.701181985842 88.3694102750199 87.1473005892469
86.8030176358052 90.3129961068127 90.4869684361672 82.2547098735201 86.9666505416474 89.6628590741529 77.2272264362371 85.6518503809952 88.6152669725587 0 82.6810253671005 89.0967897908913 74.7904545651168 88.3741210535554 89.0081894356089 82.9763862971189 85.9744315024477 89.2792700757186
88.8083669364351 89.7153222884519 88.5176770351167 87.0055380079075 84.8676684512895 88.1963265663177 78.2106092259997 81.2493343553935 85.1994943815033 82.6810253671005 0 83.7820006204687 78.5513302520412 82.4432217006488 83.3250531720355 81.8388559645986 80.1912970937131 84.0161576060675
90.891785631268 89.337174755005 86.1560258917179 90.5797990005825 85.1872526798368 87.0711757029314 86.7211265026863 82.6591391550547 81.8246980227395 89.0967897908913 83.7820006204687 0 87.5263136388159 81.4548623602078 78.1200421657566 88.2773162293482 85.3908093579918 80.9193850103386
87.8568047770822 90.2946294848908 89.9742370056535 84.6354957098355 86.3715914053258 89.3274199206759 74.2979161426279 84.2928982971025 87.6383654767775 74.7904545651168 78.5513302520412 87.5263136388159 0 86.3391159691871 87.1809971370733 80.229855602271 83.2796429373787 87.4759447961055
92.011703009402 91.7512248953516 89.8909270794529 91.0276354037063 88.2881350299898 90.2196067601836 86.6024053564106 85.9546147109638 87.0414148290211 88.3741210535554 82.4432217006488 81.4548623602078 86.3391159691871 0 72.79025144391 85.1205445264909 79.062436939935 69.7799514872702
91.9346164129987 91.2300661506264 88.9922245819579 91.201718778031 87.694702180414 89.5178683060867 87.0589771566153 85.3563600026657 85.9029410845511 89.0081894356089 83.3250531720355 78.1200421657566 87.1809971370733 72.79025144391 0 86.7257167473403 82.2482830209687 69.7799514872702
90.8735087925314 92.4515153347507 91.8128051289986 88.5944321078012 89.3207993363877 91.5133379448638 83.5201228844259 87.4889526831515 89.701181985842 82.9763862971189 81.8388559645986 88.2773162293482 80.229855602271 85.1205445264909 86.7257167473403 0 79.2684262627964 86.4797404980476
91.4804584133359 92.1279685334877 90.9051691389906 89.8989437202673 88.6976210562157 90.879683074096 84.7054556385607 86.4309154214711 88.3694102750199 85.9744315024477 80.1912970937131 85.3908093579918 83.2796429373787 79.062436939935 82.2482830209687 79.2684262627964 0 81.5653952239311
92.4239624902884 91.9089615194754 89.8934165864394 91.6052914459525 88.6419086192796 90.3507426055555 87.5935153898588 86.5111849588043 87.1473005892469 89.2792700757186 84.0161576060675 80.9193850103386 87.4759447961055 69.7799514872702 69.7799514872702 86.4797404980476 81.5653952239311 0
