0 82.93128213749 87.3047042162445 69.0724707021626 84.7904545651168 85.8246120982086 80.593000884045 83.6710330012516 87.7398869227274 83.0612147647429 88.2933344856596 90.3606869566152 89.3859337696357 90.0415708322431 91.3855979068609 89.14994848217 91.0028600046079 93.3099691227681
82.93128213749 0 79.4497994875647 84.5160136821761 72.9436298012717 75.2650098301599 85.4102617994493 78.5513302520412 83.2478263495168 84.5850934634402 86.7514468623435 87.5186760113139 90.1700728143196 88.6048620343283 89.4708810437879 89.8589904547863 89.5036741829204 92.0916145738486
87.3047042162445 79.4497994875647 0 88.2741054761706 78.4135689102503 75.2970022018606 88.8461887760664 83.5261172881643 83.8946079882559 87.9710879147445 88.2560006264889 87.3975598292249 91.8069354424815 89.5109280419147 89.6675223265374 91.5323401402152 90.0827995263149 92.2852676412045
69.0724707021626 84.5160136821761 88.2741054761706 0 86.107368620208 87.0006960745015 81.0058576494277 85.0612171811727 88.6389564942146 83.9154690956304 88.9453510470012 90.9996459446005 89.5934880576065 90.5708176693204 91.9002599641319 89.3905934154663 91.4913821379436 93.6798304829701
84.7904545651168 72.9436298012717 78.4135689102503 86.107368620208 0 68.5776170713634 85.9298880881852 76.5184091547906 80.2908458823698 84.469985132245 85.4558270336954 85.795581136992 89.7734179653631 87.4269372455433 88.2032697249812 89.4301536759735 88.3603669753114 91.2004909747474
85.8246120982086 75.2650098301599 75.2970022018606 87.0006960745015 68.5776170713634 0 87.0312708756033 79.3002428506583 80.8043333862853 85.7412489376289 86.2022036509434 85.8939214659009 90.4041735968028 87.9016548640009 88.404227566296 90.0814756595712 88.6994416157976 91.3667291813695
80.593000884045 85.4102617994493 88.8461887760664 81.0058576494277 85.9298880881852 87.0312708756033 0 83.0718690352051 86.8861574238521 75.6854997764966 85.6149767954249 89.1767750439405 85.5523155632995 87.7850557627399 89.8343923878645 85.2287344421139 89.0607623901479 91.7792590636096
83.6710330012516 78.5513302520412 83.5261172881643 85.0612171811727 76.5184091547906 79.3002428506583 83.0718690352051 0 79.2073249576102 80.2196067601836 82.5824014703115 85.0299758763721 87.6758507678725 85.5266933956535 87.1363578944901 87.2425274907694 86.8982993539898 90.3150041728844
87.7398869227274 83.2478263495168 83.8946079882559 88.6389564942146 80.2908458823698 80.8043333862853 86.8861574238521 79.2073249576102 0 84.4632316900903 80.788610269172 79.3255293548103 88.2293095695683 83.087801592918 83.7548075559783 87.7994111351958 84.2565976414849 88.3220193002395
83.0612147647429 84.5850934634402 87.9710879147445 83.9154690956304 84.469985132245 85.7412489376289 75.6854997764966 80.2196067601836 84.4632316900903 0 82.3105428072981 87.1509420356761 84.1323142820089 85.3783139138199 87.9438809920164 83.5879734777828 87.0205673709395 90.3715995071593
88.2933344856596 86.7514468623435 88.2560006264889 88.9453510470012 85.4558270336954 86.2022036509434 85.6149767954249 82.5824014703115 80.788610269172 82.3105428072981 0 81.1881938127257 83.7445660987571 75.2650098301599 81.5597464763509 83.0290942252098 79.5914134259955 86.1553719814826
90.3606869566152 87.5186760113139 87.3975598292249 90.9996459446005 85.795581136992 85.8939214659009 89.1767750439405 85.0299758763721 79.3255293548103 87.1509420356761 81.1881938127257 0 88.3784347830183 80.3310353635652 77.1394871931621 87.9904176056085 80.1052437355394 84.9891088131403
89.3859337696357 90.1700728143196 91.8069354424815 89.5934880576065 89.7734179653631 90.4041735968028 85.5523155632995 87.6758507678725 88.2293095695683 84.1323142820089 83.7445660987571 88.3784347830183 0 84.348769710876 87.4894337093267 61.9124372658146 85.6891416591578 88.4410866572288
90.0415708322431 88.6048620343283 89.5109280419147 90.5708176693204 87.4269372455433 87.9016548640009 87.7850557627399 85.5266933956535 83.087801592918 85.3783139138199 75.2650098301599 80.3310353635652 84.348769710876 0 77.4269372455433 83.785387812752 71.7711908388985 83.2478263495168
91.3855979068609 89.4708810437879 89.6675223265374 91.9002599641319 88.2032697249812 88.404227566296 89.8343923878645 87.1363578944901 83.7548075559783 87.9438809920164 81.5597464763509 77.1394871931621 87.4894337093267 77.4269372455433 0 87.1269564468328 73.2478263495168 80.6047544631244
89.14994848217 89.8589904547863 91.5323401402152 89.3905934154663 89.4301536759735 90.0814756595712 85.2287344421139 87.2425274907694 87.7994111351958 83.5879734777828 83.0290942252098 87.9904176056085 61.9124372658146 83.785387812752 87.1269564468328 0 85.2650098301599 88.2543876478932
91.0028600046079 89.5036741829204 90.0827995263149 91.4913821379436 88.3603669753114 88.6994416157976 89.0607623901479 86.8982993539898 84.2565976414849 87.0205673709395 79.5914134259955 80.1052437355394 85.6891416591578 71.7711908388985 73.2478263495168 85.2650098301599 0 80.6792333700066
93.3099691227681 92.0916145738486 92.2852676412045 93.6798304829701 91.2004909747474 91.3667291813695 91.7792590636096 90.3150041728844 88.3220193002395 90.3715995071593 86.1553719814826 84.9891088131403 88.4410866572288 83.2478263495168 80.6047544631244 88.2543876478932 80.6792333700066 0
