0 60.943337135734 83.6150544197642 69.546717201444 78.7608908822587 84.9504435034663 86.5286229053548 84.9616488848235 87.1907977174617 85.3915891308315 86.9780287330724 89.3116400006228 89.9355213142478 91.4498409443732 90.4316219032679 91.9931561132189 92.5057990397075 91.700631133143
60.943337135734 0 83.091775616211 70.788610269172 77.9762509169206 84.3872598725851 86.4706275098419 84.7427343637532 86.821007853661 85.3287606235951 86.5982734344227 89.0119174309222 89.8648399147477 91.2699275961333 90.2029006343464 91.9423869372027 92.3559530419549 91.5005598005698
83.6150544197642 83.091775616211 0 84.909688805571 84.2169264795973 79.178079427437 89.8856667625148 88.1054580245707 86.7804245567905 89.2202600224785 86.593546419187 88.3136724490728 91.9570267682265 91.6684094910221 90.2825103356211 93.5949364473669 92.79025144391 91.4063373322637
69.546717201444 70.788610269172 84.909688805571 0 77.650433087972 85.5410302954014 85.3429764949431 83.8213544350363 86.9574177410809 84.0279140776271 86.7440293629844 89.1744914297107 89.1901264388207 91.1063565335532 90.1445703986413 91.3996958465162 92.169591104828 91.4596851756052
78.7608908822587 77.9762509169206 84.2169264795973 77.650433087972 0 82.8100758107315 83.5832464625472 80.0093808529838 83.3200309745183 82.0827706588024 82.9953807752155 86.5075683494469 87.7303414857171 89.157162133207 87.831538275126 90.3097310178785 90.5150984397825 89.5082092644203
84.9504435034663 84.3872598725851 79.178079427437 85.5410302954014 82.8100758107315 0 88.5358594734777 86.1606005086081 82.4921395829216 87.9095217280563 82.2305599791183 84.598216984643 90.4997336659665 89.4344587975798 87.5353659103793 92.3195680162513 90.8600272095335 88.9949461517284
86.5286229053548 86.4706275098419 89.8856667625148 85.3429764949431 83.5832464625472 88.5358594734777 0 76.2325041385106 85.5613227109851 68.3073021585004 85.4619687279401 87.6573799486679 80.4004842763326 87.4196115005074 87.1363578944901 85.4304003347848 88.5449222257149 88.7295519498327
84.9616488848235 84.7427343637532 88.1054580245707 83.8213544350363 80.0093808529838 86.1606005086081 76.2325041385106 0 82.3105428072981 74.3774230737726 82.111074405493 85.5016794196997 83.1561751306609 86.6212442410694 85.6149767954249 87.1509420356761 88.1799458026485 87.6573799486679
87.1907977174617 86.821007853661 86.7804245567905 86.9574177410809 83.3200309745183 82.4921395829216 85.5613227109851 82.3105428072981 0 85.2287344421139 54.9227372224544 76.3152293981705 86.9882976634447 84.348769710876 80.8821062851461 89.3406308877979 86.7599898029102 84.0956912319113
85.3915891308315 85.3287606235951 89.2202600224785 84.0279140776271 82.0827706588024 87.9095217280563 68.3073021585004 74.3774230737726 85.2287344421139 0 85.0930706154422 87.5605177126806 82.2787262194362 87.8488417508376 87.3486483814549 86.5549474896102 89.0301722270237 88.9792737834475
86.9780287330724 86.5982734344227 86.593546419187 86.7440293629844 82.9953807752155 82.2305599791183 85.4619687279401 82.111074405493 54.9227372224544 85.0930706154422 0 76.9747808619358 87.0071507868401 84.598216984643 81.2876161859881 89.3846903526008 86.9476203930553 84.3872598725851
89.3116400006228 89.0119174309222 88.3136724490728 89.1744914297107 86.5075683494469 84.598216984643 87.6573799486679 85.5016794196997 76.3152293981705 87.5605177126806 76.9747808619358 0 88.0402758330119 82.7417264159659 77.5944545064845 89.804012184929 85.4795778716485 81.0165466649615
89.9355213142478 89.8648399147477 91.9570267682265 89.1901264388207 87.7303414857171 90.4997336659665 80.4004842763326 83.1561751306609 86.9882976634447 82.2787262194362 87.0071507868401 88.0402758330119 0 85.4024912752453 86.3171199640361 78.5210920458533 86.0232443839309 87.5196314496235
91.4498409443732 91.2699275961333 91.6684094910221 91.1063565335532 89.157162133207 89.4344587975798 87.4196115005074 86.6212442410694 84.348769710876 87.8488417508376 84.598216984643 82.7417264159659 85.4024912752453 0 75.7505909256189 86.4044433532283 74.4651623168477 74.9227372224544
90.4316219032679 90.2029006343464 90.2825103356211 90.1445703986413 87.831538275126 87.5353659103793 87.1363578944901 85.6149767954249 80.8821062851461 87.3486483814549 81.2876161859881 77.5944545064845 86.3171199640361 75.7505909256189 0 87.929561432755 81.0399703025278 74.4166372889035
91.9931561132189 91.9423869372027 93.5949364473669 91.3996958465162 90.3097310178785 92.3195680162513 85.4304003347848 87.1509420356761 89.3406308877979 86.5549474896102 89.3846903526008 89.804012184929 78.5210920458533 86.4044433532283 87.929561432755 0 86.0494573936257 88.4565131713408
92.5057990397075 92.3559530419549 92.79025144391 92.169591104828 90.5150984397825 90.8600272095335 88.5449222257149 88.1799458026485 86.7599898029102 89.0301722270237 86.9476203930553 85.4795778716485 86.0232443839309 74.4651623168477 81.0399703025278 86.0494573936257 0 78.9021373091748
91.700631133143 91.5005598005698 91.4063373322637 91.4596851756052 89.5082092644203 88.9949461517284 88.7295519498327 87.6573799486679 84.0956912319113 88.9792737834475 84.3872598725851 81.0165466649615 87.5196314496235 74.9227372224544 74.4166372889035 88.4565131713408 78.9021373091748 0
