0 85.2003092693599 87.5339378581434 72.9845369622933 84.0279140776271 87.4293764170868 83.091775616211 86.9996193558102 89.1007744488532 84.2066957450215 84.4039314662598 90.2946294848908 88.4395409877334 88.7197799126989 91.7711908388985 90.1270484826698 91.7441879861927 92.420100378145
85.2003092693599 0 78.8108513571896 86.2491757321852 72.9436298012717 76.7468837467999 86.223500547626 77.6085169412828 82.486054895665 86.7923005771085 83.9154690956304 86.2459746228643 90.1081398220345 86.4284596991444 89.1551959618225 90.0037229942352 91.1676208475889 90.6861507245123
87.5339378581434 78.8108513571896 0 88.6614159257251 82.3687959765968 81.9141740963992 89.2254232804135 83.2478263495168 85.2642069935148 89.661984156616 87.7525816237939 88.4565131713408 92.1963601958685 89.2299361010872 90.8737294538031 92.0682141294944 92.9260581204275 92.290525540738
72.9845369622933 86.2491757321852 88.6614159257251 0 84.8358842042205 87.9438809920164 80.943337135734 87.3867381239972 89.3081607103155 82.2531040517902 83.5595339012134 90.1925879080543 87.0440803571346 88.222814231182 91.5047597563245 89.2572351600704 91.0738170968863 92.0215398082145
84.0279140776271 72.9436298012717 82.3687959765968 84.8358842042205 0 77.6457956664753 84.1458388545984 76.5364172448041 82.2787262194362 84.8358842042205 81.0505757896518 85.5266933956535 88.8143980660997 84.8782117172058 88.4749529470585 88.8108513571896 90.2244779759935 89.957102905488
87.4293764170868 76.7468837467999 81.9141740963992 87.9438809920164 77.6457956664753 0 86.7554356592824 68.4638216139284 76.2581263061566 87.097050215133 83.8414555269102 83.051870788883 89.9399009387904 84.5841545498447 87.0949437788996 89.178079427437 90.1718886978531 89.1587999296661
83.091775616211 86.223500547626 89.2254232804135 80.943337135734 84.1458388545984 86.7554356592824 0 85.7563298690626 87.4778743506497 65.9948369189331 76.5840769255055 87.6758507678725 82.1965229169693 84.0502702591676 88.9090804678383 85.0637404376506 87.8319828162819 89.3305690360477
86.9996193558102 77.6085169412828 83.2478263495168 87.3867381239972 76.5364172448041 68.4638216139284 85.7563298690626 0 75.9744315024477 86.0981015495578 82.3121275344892 82.2354007132093 89.1797093560803 83.237595614941 86.4979093077805 88.3646943811687 89.5033716757062 88.5843509004963
89.1007744488532 82.486054895665 85.2642069935148 89.3081607103155 82.2787262194362 76.2581263061566 87.4778743506497 75.9744315024477 0 87.6071127450689 84.5700464329907 78.3073021585004 89.813317592445 82.8926411279113 84.469985132245 88.3564292247297 89.0741407444131 87.334714319435
84.2066957450215 86.7923005771085 89.661984156616 82.2531040517902 84.8358842042205 87.097050215133 65.9948369189331 86.0981015495578 87.6071127450689 0 77.1185824845969 87.55625690639 80.7953557193797 83.6033008406848 88.6223132959149 84.1208374241563 87.1809971370733 88.9298435901867
84.4039314662598 83.9154690956304 87.7525816237939 83.5595339012134 81.0505757896518 83.8414555269102 76.5840769255055 82.3121275344892 84.5700464329907 77.1185824845969 0 85.015546065008 84.2717598056775 80.6305009104019 87.0589771566153 84.7109310897828 87.2460899933109 88.0211672696151
90.2946294848908 86.2459746228643 88.4565131713408 90.1925879080543 85.5266933956535 83.051870788883 87.6758507678725 82.2354007132093 78.3073021585004 87.55625690639 85.015546065008 0 88.9243164563589 79.7657356159223 78.5962964327146 86.3653649600743 86.6633352997047 83.5926953535609
88.4395409877334 90.1081398220345 92.1963601958685 87.0440803571346 88.8143980660997 89.9399009387904 82.1965229169693 89.1797093560803 89.813317592445 80.7953557193797 84.2717598056775 88.9243164563589 0 85.2092629587856 88.8451328264355 80.5098229277861 84.6140995584215 88.2272808196744
88.7197799126989 86.4284596991444 89.2299361010872 88.222814231182 84.8782117172058 84.5841545498447 84.0502702591676 83.237595614941 82.8926411279113 83.6033008406848 80.6305009104019 79.7657356159223 85.2092629587856 0 81.561630208681 81.7441879861927 83.7262992166468 83.3011458390096
91.7711908388985 89.1551959618225 90.8737294538031 91.5047597563245 88.4749529470585 87.0949437788996 88.9090804678383 86.4979093077805 84.469985132245 88.6223132959149 87.0589771566153 78.5962964327146 88.8451328264355 81.561630208681 0 85.2190096129285 84.2169264795973 77.0711757029314
90.1270484826698 90.0037229942352 92.0682141294944 89.2572351600704 88.8108513571896 89.178079427437 85.0637404376506 88.3646943811687 88.3564292247297 84.1208374241563 84.7109310897828 86.3653649600743 80.5098229277861 81.7441879861927 85.2190096129285 0 76.8148321182775 83.6952985535903
91.7441879861927 91.1676208475889 92.9260581204275 91.0738170968863 90.2244779759935 90.1718886978531 87.8319828162819 89.5033716757062 89.0741407444131 87.1809971370733 87.2460899933109 86.6633352997047 84.6140995584215 83.7262992166468 84.2169264795973 76.8148321182775 0 80.788610269172
92.420100378145 90.6861507245123 92.290525540738 92.0215398082145 89.957102905488 89.1587999296661 89.3305690360477 88.5843509004963 87.334714319435 88.9298435901867 88.0211672696151 83.5926953535609 88.2272808196744 83.3011458390096 77.0711757029314 83.6952985535903 80.788610269172 0
