0 85.3374536285919 89.7058042916801 80.7683108277111 86.3397427924283 89.3494159258269 83.2388757755454 85.9518742503466 90.7451895052074 85.5447953106515 89.0190256388299 90.891785631268 87.5935153898588 91.6186950326975 92.5417150464451 91.3185980891887 91.818666893075 93.0366102945147
85.3374536285919 0 82.4570356382086 81.6326132525547 77.0711757029314 81.715198676593 84.4555005891274 80.2119042252309 86.8900244486873 86.9557863838392 88.9785910914993 88.010941553554 88.5494465197111 90.4905850455247 90.7079832752043 92.1988003724459 90.8611338332671 91.2825983404627
89.7058042916801 82.4570356382086 0 86.5364172448041 80.2119042252309 61.9124372658146 87.2415090959192 82.3358293114501 82.2675351167102 88.5161583901781 89.0159806884951 84.9822600913282 89.3422009484849 89.2047333150932 88.5449222257149 92.3386648517134 89.6907637751096 89.148307343648
80.7683108277111 81.6326132525547 86.5364172448041 0 80.8110544783965 86.0117684991275 75.2408599357581 79.2234877779738 87.4430105189823 81.3513377482993 85.9415820941298 87.6684718644191 84.5160136821761 89.0496941384894 90.0636967997514 89.7992106976306 89.3784679218221 90.718058124033
86.3397427924283 77.0711757029314 80.2119042252309 80.8110544783965 0 79.0891422958372 82.4570356382086 71.9124372658146 83.7820006204687 85.0197951063596 86.8461811729156 85.1536148924089 86.6633352997047 88.4407002914246 88.6903311765032 90.8847482469952 88.9177438356005 89.4144345441064
89.3494159258269 81.715198676593 61.9124372658146 86.0117684991275 79.0891422958372 0 86.7826891611015 81.5142900318607 82.2595237792253 88.1540201537056 88.7598139855753 84.8913549073611 89.0483506133993 89.0848138343567 88.5241253582302 92.1709007493233 89.5747805982607 89.14994848217
83.2388757755454 84.4555005891274 87.2415090959192 75.2408599357581 82.4570356382086 86.7826891611015 0 79.941542160005 86.8545399581078 75.4535216572886 83.091775616211 86.6188938446819 80.857813115772 87.4570865748645 88.9508514923739 88.002829084837 87.7940334296455 89.6838043908563
85.9518742503466 80.2119042252309 82.3358293114501 79.2234877779738 71.9124372658146 81.5142900318607 79.941542160005 0 83.379917402121 82.93128213749 85.1757958751021 84.2525454416864 84.909688805571 87.3630331127546 87.9525365899369 89.8559233047754 87.8740080749763 88.7626851168717
90.7451895052074 86.8900244486873 82.2675351167102 87.4430105189823 83.7820006204687 82.2595237792253 86.8545399581078 83.379917402121 0 87.1143894407578 85.9628257324468 74.2066957450215 87.2272264362371 84.5083760546741 82.7760355725621 90.0923194724934 85.3287606235951 83.9209422467254
85.5447953106515 86.9557863838392 88.5161583901781 81.3513377482993 85.0197951063596 88.1540201537056 75.4535216572886 82.93128213749 87.1143894407578 0 79.4344587975798 86.3353531286753 74.3872598725851 85.9873660604156 88.1581456834345 85.6745557686413 86.2581263061566 88.922933573106
89.0190256388299 88.9785910914993 89.0159806884951 85.9415820941298 86.8461811729156 88.7598139855753 83.091775616211 85.1757958751021 85.9628257324468 79.4344587975798 0 84.1291872365223 74.2979161426279 80.9302887188506 85.053638603705 82.420100378145 81.1902457592883 86.0198722703839
90.891785631268 88.010941553554 84.9822600913282 87.6684718644191 85.1536148924089 84.8913549073611 86.6188938446819 84.2525454416864 74.2066957450215 86.3353531286753 84.1291872365223 0 85.9975504115668 81.3513377482993 79.3756649167141 88.7555037265309 82.5057990397075 81.2493343553935
87.5935153898588 88.5494465197111 89.3422009484849 84.5160136821761 86.6633352997047 89.0483506133993 80.857813115772 84.909688805571 87.2272264362371 74.3872598725851 74.2979161426279 85.9975504115668 0 84.2525454416864 87.2016042685911 83.0129444272911 84.4166372889035 87.989131632697
91.6186950326975 90.4905850455247 89.2047333150932 89.0496941384894 88.4407002914246 89.0848138343567 87.4570865748645 87.3630331127546 84.5083760546741 85.9873660604156 80.9302887188506 81.3513377482993 84.2525454416864 0 77.7783103125321 84.877334088665 64.4651623168477 79.4098004215052
92.5417150464451 90.7079832752043 88.5449222257149 90.0636967997514 88.6903311765032 88.5241253582302 88.9508514923739 87.9525365899369 82.7760355725621 88.1581456834345 85.053638603705 79.3756649167141 87.2016042685911 77.7783103125321 0 88.0194646547471 78.7966354858417 67.9330371790942
91.3185980891887 92.1988003724459 92.3386648517134 89.7992106976306 90.8847482469952 92.1709007493233 88.002829084837 89.8559233047754 90.0923194724934 85.6745557686413 82.420100378145 88.7555037265309 83.0129444272911 84.877334088665 88.0194646547471 0 84.3368576261899 88.4131800884748
91.818666893075 90.8611338332671 89.6907637751096 89.3784679218221 88.9177438356005 89.5747805982607 87.7940334296455 87.8740080749763 85.3287606235951 86.2581263061566 81.1902457592883 82.5057990397075 84.4166372889035 64.4651623168477 78.7966354858417 84.3368576261899 0 79.9742370056535
93.0366102945147 91.2825983404627 89.148307343648 90.718058124033 89.4144345441064 89.14994848217 89.6838043908563 88.7626851168717 83.9209422467254 88.922933573106 86.0198722703839 81.2493343553935 87.989131632697 79.4098004215052 67.9330371790942 88.4131800884748 79.9742370056535 0
