0 85.8576544925637 88.6223132959149 63.9536370923738 85.4304003347848 88.2044938368376 71.5313920024931 86.2331465384554 90.2119042252309 85.8040981094599 88.9298435901867 90.8611338332671 87.2072541295984 87.8532674567327 91.5179060600966 87.9710879147445 89.9440028294889 92.0103444593576
85.8576544925637 0 77.7783103125321 85.2866305091113 79.062436939935 78.3784347830183 86.6545999065771 80.6607330446118 87.6960783446142 88.118377883376 88.7641199710416 89.3002428506583 90.00991931245 87.6979125521461 90.1036632376197 90.4110519541959 90.3693696241556 91.1628752485782
88.6223132959149 77.7783103125321 0 88.1762516005099 81.3176021151403 72.1654959184623 89.0834811316783 81.6566330043375 86.8428331489911 89.2379830643289 89.0119174309222 88.7641199710416 90.967805715133 88.1639148490487 89.5410227144777 91.2485247841694 90.623728012374 90.7953557193797
63.9536370923738 85.2866305091113 88.1762516005099 0 84.676136068509 87.6979125521461 71.6065963893544 85.5410302954014 89.7890252849174 85.3089388419514 88.5066548089446 90.4869684361672 86.9164488363693 87.3590696675158 91.1752442078643 87.6974540728827 89.6112300778655 91.7050065291834
85.4304003347848 79.062436939935 81.3176021151403 84.676136068509 0 78.5962964327146 85.5560708119719 67.2272264362371 84.3279020717801 84.8216828596421 85.3208427639379 86.3846379556137 87.5277441998453 83.6964506811521 87.5124605335482 87.9762509169206 87.6164654886837 88.8143980660997
88.2044938368376 78.3784347830183 72.1654959184623 87.6979125521461 78.5962964327146 0 88.5271565534808 78.5550952672913 85.1470209343093 88.103370572082 87.6758507678725 87.4132525105052 90.0474465348809 86.7050223318121 88.3311427205777 90.3327851902636 89.5287091114304 89.741461325561
71.5313920024931 86.6545999065771 89.0834811316783 71.6065963893544 85.5560708119719 88.5271565534808 0 86.2196361444474 89.8634479006266 84.3616377049391 88.1519559182853 90.4004842763326 85.7620612388407 87.0312708756033 91.0670688079589 86.6633352997047 89.1183297544116 91.4980760980343
86.2331465384554 80.6607330446118 81.6566330043375 85.5410302954014 67.2272264362371 78.5550952672913 86.2196361444474 0 83.0290942252098 84.5850934634402 84.5160136821761 85.4164682239697 87.3590696675158 82.8255888627868 86.6639170349971 87.7580108710713 87.042481236594 88.1221216222575
90.2119042252309 87.6960783446142 86.8428331489911 89.7890252849174 84.3279020717801 85.1470209343093 89.8634479006266 83.0290942252098 0 85.6745557686413 80.943337135734 74.8615063718665 87.5827009274052 81.1011246996244 78.0740403942904 87.5348899451403 83.9242228296478 82.099442252477
85.8040981094599 88.118377883376 89.2379830643289 85.3089388419514 84.8216828596421 88.103370572082 84.3616377049391 84.5850934634402 85.6745557686413 0 80.0415708322431 85.5673171147236 76.1020755728508 78.0740403942904 86.4967004156867 77.7239661854775 81.6326132525547 86.7894758974519
88.9298435901867 88.7641199710416 89.0119174309222 88.5066548089446 85.3208427639379 87.6758507678725 88.1519559182853 84.5160136821761 80.943337135734 80.0415708322431 0 79.3097425514618 82.4432217006488 70.8110544783965 80.9281101660991 82.1556516872302 75.2003092693599 81.6065963893544
90.8611338332671 89.3002428506583 88.7641199710416 90.4869684361672 86.3846379556137 87.4132525105052 90.4004842763326 85.4164682239697 74.8615063718665 85.5673171147236 79.3097425514618 0 87.0200315026164 80.9193850103386 69.2684262627964 86.7804245567905 81.6177655634978 77.1809971370733
87.2072541295984 90.00991931245 90.967805715133 86.9164488363693 87.5277441998453 90.0474465348809 85.7620612388407 87.3590696675158 87.5827009274052 76.1020755728508 82.4432217006488 87.0200315026164 0 82.0710623467877 87.6085169412828 66.5662657802988 81.8069354424815 87.3921523472869
87.8532674567327 87.6979125521461 88.1639148490487 87.3590696675158 83.6964506811521 86.7050223318121 87.0312708756033 82.8255888627868 81.1011246996244 78.0740403942904 70.8110544783965 80.9193850103386 82.0710623467877 0 82.6002308959102 82.1654959184623 78.8285560079588 83.6150544197642
91.5179060600966 90.1036632376197 89.5410227144777 91.1752442078643 87.5124605335482 88.3311427205777 91.0670688079589 86.6639170349971 78.0740403942904 86.4967004156867 80.9281101660991 69.2684262627964 87.6085169412828 82.6002308959102 0 87.3026961501729 82.0827706588024 73.9209422467254
87.9710879147445 90.4110519541959 91.2485247841694 87.6974540728827 87.9762509169206 90.3327851902636 86.6633352997047 87.7580108710713 87.5348899451403 77.7239661854775 82.1556516872302 86.7804245567905 66.5662657802988 82.1654959184623 87.3026961501729 0 80.8311555702704 86.9257690522703
89.9440028294889 90.3693696241556 90.623728012374 89.6112300778655 87.6164654886837 89.5287091114304 89.1183297544116 87.042481236594 83.9242228296478 81.6326132525547 75.2003092693599 81.6177655634978 81.8069354424815 78.8285560079588 82.0827706588024 80.8311555702704 0 80.9800961612219
92.0103444593576 91.1628752485782 90.7953557193797 91.7050065291834 88.8143980660997 89.741461325561 91.4980760980343 88.1221216222575 82.099442252477 86.7894758974519 81.6065963893544 77.1809971370733 87.3921523472869 83.6150544197642 73.9209422467254 86.9257690522703 80.9800961612219 0
