0 82.7273505510716 83.5261172881643 80.9972874546011 79.1551959618225 85.9415820941298 82.5868656935784 84.1416819317454 87.0849242308258 88.9205124673424 88.8679544492035 90.2652834421419 90.3089771870867 89.3475349130989 91.684550194797 92.0291564875586 92.3164034117327 91.4959733935759
82.7273505510716 0 62.5570171580838 87.6960783446142 83.5165222667104 77.8718063285063 86.5256213537673 86.6842288337199 84.1260579378503 90.5177337946011 90.1513509539906 89.332142737851 91.3036344422995 90.0989182898492 91.0738170968863 93.252549925634 92.2378190584147 91.1951664790885
83.5261172881643 62.5570171580838 0 88.1639148490487 84.1984937693655 77.1809971370733 87.0055380079075 87.1112419990312 84.1913043119513 90.7705710124195 90.3953139567674 89.4098004215052 91.5034238472888 90.3097310178785 91.1413519135467 93.4331180946606 92.3358293114501 91.2922274890013
80.9972874546011 87.6960783446142 88.1639148490487 0 81.8246980227395 89.2521096068381 80.6861507245123 83.2401555589108 89.0379241774609 87.1311373807962 87.5143739358566 90.738820882775 89.0808144988098 88.5267777697538 91.8255842475807 90.4078597858648 92.0049060054024 91.4108243497479
79.1551959618225 83.5165222667104 84.1984937693655 81.8246980227395 0 84.906202596418 75.891837352535 77.5519919157727 84.0956912319113 85.9539297579115 85.6745557686413 87.6019601377656 87.6703177659745 86.1970250009704 89.4045424311949 90.1638411574058 90.1612419923159 89.1113823645317
85.9415820941298 77.8718063285063 77.1809971370733 89.2521096068381 84.906202596418 0 87.2709460205284 86.9230298879921 80.4372372021832 90.3217745492729 89.7810867492866 87.5789330539932 90.8351646482895 89.4412153781109 89.6614007803213 93.0251968568199 91.2268125513215 89.9796622965764
82.5868656935784 86.5256213537673 87.0055380079075 80.6861507245123 75.891837352535 87.2709460205284 0 71.3769599159453 85.6694391116945 83.2028878646942 83.2093361878076 87.4759447961055 85.7849113793878 84.4166372889035 89.0112398515747 88.4826131392183 89.3846903526008 88.47226868458
84.1416819317454 86.6842288337199 87.1112419990312 83.2401555589108 77.5519919157727 86.9230298879921 71.3769599159453 0 84.4892230145064 81.8211513138294 81.3749943378086 86.0232443839309 84.4584013650245 82.4921395829216 87.7886490568277 87.8744482903554 88.2688829342483 87.1784143568491
87.0849242308258 84.1260579378503 84.1913043119513 89.0379241774609 84.0956912319113 80.4372372021832 85.6694391116945 84.4892230145064 0 87.8475131591322 86.9399849236182 82.5942958832762 88.1432753994101 86.125843648819 86.0191975333641 91.0904321751776 88.2692848912868 86.4578371154628
88.9205124673424 90.5177337946011 90.7705710124195 87.1311373807962 85.9539297579115 90.3217745492729 83.2028878646942 81.8211513138294 87.8475131591322 0 69.546717201444 86.1350517739506 75.3915891308315 76.9257690522703 86.6353199692122 81.9089615194754 85.6120133392751 85.280235595651
88.8679544492035 90.1513509539906 90.3953139567674 87.5143739358566 85.6745557686413 89.7810867492866 83.2093361878076 81.3749943378086 86.9399849236182 69.546717201444 0 84.7427343637532 73.9968508302003 72.2787262194362 85.4024912752453 82.9092436769071 84.5160136821761 83.8879993973499
90.2652834421419 89.332142737851 89.4098004215052 90.738820882775 87.6019601377656 87.5789330539932 87.4759447961055 86.0232443839309 82.5942958832762 86.1350517739506 84.7427343637532 0 85.0637404376506 82.5704743915648 76.2899428940185 88.9090804678383 82.2305599791183 78.0232945999633
90.3089771870867 91.3036344422995 91.5034238472888 89.0808144988098 87.6703177659745 90.8351646482895 85.7849113793878 84.4584013650245 88.1432753994101 75.3915891308315 73.9968508302003 85.0637404376506 0 74.484421527208 84.8349979793794 80.3509914920462 82.7460299124228 82.9188992672694
89.3475349130989 90.0989182898492 90.3097310178785 88.5267777697538 86.1970250009704 89.4412153781109 84.4166372889035 82.4921395829216 86.125843648819 76.9257690522703 72.2787262194362 82.5704743915648 74.484421527208 0 83.237595614941 83.9110856031371 82.4309056489519 81.2856097434395
91.684550194797 91.0738170968863 91.1413519135467 91.8255842475807 89.4045424311949 89.6614007803213 89.0112398515747 87.7886490568277 86.0191975333641 86.6353199692122 85.4024912752453 76.2899428940185 84.8349979793794 83.237595614941 0 88.3410377916595 77.6131943190306 71.1963957883817
92.0291564875586 93.252549925634 93.4331180946606 90.4078597858648 90.1638411574058 93.0251968568199 88.4826131392183 87.8744482903554 91.0904321751776 81.9089615194754 82.9092436769071 88.9090804678383 80.3509914920462 83.9110856031371 88.3410377916595 0 86.1192544428531 87.0419480655395
92.3164034117327 92.2378190584147 92.3358293114501 92.0049060054024 90.1612419923159 91.2268125513215 89.3846903526008 88.2688829342483 88.2692848912868 85.6120133392751 84.5160136821761 82.2305599791183 82.7460299124228 82.4309056489519 77.6131943190306 86.1192544428531 0 73.9209422467254
91.4959733935759 91.1951664790885 91.2922274890013 91.4108243497479 89.1113823645317 89.9796622965764 88.47226868458 87.1784143568491 86.4578371154628 85.280235595651 83.8879993973499 78.0232945999633 82.9188992672694 81.2856097434395 71.1963957883817 87.0419480655395 73.9209422467254 0
