0 84.2413823573747 85.202753015923 75.7863355292019 80.8110544783965 87.2765064464768 81.557861926606 87.1639223335182 89.4147433098681 82.5163934390137 88.150303823232 87.6997459853423 86.5364172448041 90.593000884045 91.0531172574814 89.735729955783 90.2359933182647 90.8937628426926
84.2413823573747 0 67.4269372455433 86.8517554835501 75.1097422091168 80.1471795575176 86.5364172448041 86.436435724929 86.3740794860693 87.4410654087408 85.9298880881852 83.928593088954 89.7388831451238 89.8059877260316 89.8335513566863 91.0761344015427 90.535659626244 89.8489444428863
85.202753015923 67.4269372455433 0 87.5047984831427 77.2628453983262 78.103370572082 86.8701001097413 86.107368620208 85.5770404086581 87.7494114256519 85.3176715737137 82.9845369622933 89.8889898091495 89.4488805726932 89.4082546144702 91.026357377854 90.3447650467947 89.4516367342193
75.7863355292019 86.8517554835501 87.5047984831427 0 84.3139343989393 88.8211288437071 80.1497871498019 87.5486718027149 90.1912970937131 80.4103155081914 88.8380865933347 88.7555037265309 84.8385417941978 90.7013302325281 91.2844054328105 88.9796150891822 89.9491930022336 91.0752918883592
80.8110544783965 75.1097422091168 77.2628453983262 84.3139343989393 0 82.0844407010529 84.0097315459766 85.3563600026657 86.6029953102007 85.1798910614678 85.5229126477704 84.0321812799542 88.1573208909491 89.3475349130989 89.5753757260203 90.0391648426232 89.7451826639983 89.5109280419147
87.2765064464768 80.1471795575176 78.103370572082 88.8211288437071 82.0844407010529 0 87.1784143568491 83.8924062417859 81.0738170968863 87.992560047968 81.6841840260165 77.2169957016613 89.6686873576808 87.3187347413048 87.0312708756033 90.1430041505679 88.9038741397594 87.1768639511139
81.557861926606 86.5364172448041 86.8701001097413 80.1497871498019 84.0097315459766 87.1784143568491 0 83.2286239093058 87.7348895485676 67.4269372455433 85.6452361985895 86.1265020198987 79.9360690089101 87.7203189504791 88.607465606858 85.4465981763481 86.5650757693805 88.2853327425963
87.1639223335182 86.436435724929 86.107368620208 87.5486718027149 85.3563600026657 83.8924062417859 83.2286239093058 0 80.857813115772 83.964480905296 74.9227372224544 79.3443980803016 84.8782117172058 80.9541809486562 82.2289452013272 84.3852942944484 82.0777566753872 81.7532076048429
89.4147433098681 86.3740794860693 85.5770404086581 90.1912970937131 86.6029953102007 81.0738170968863 87.7348895485676 80.857813115772 0 88.3204306601417 74.7904545651168 74.7904545651168 89.1189908313318 82.3921913186054 81.2493343553935 88.3410377916595 85.9126336164662 81.7441879861927
82.5163934390137 87.4410654087408 87.7494114256519 80.4103155081914 85.1798910614678 87.992560047968 67.4269372455433 83.964480905296 88.3204306601417 0 86.3353531286753 86.921385559777 78.0232945999633 87.9438809920164 88.8787965155867 84.9607879581046 86.5117874343298 88.5369933522933
88.150303823232 85.9298880881852 85.3176715737137 88.8380865933347 85.5229126477704 81.6841840260165 85.6452361985895 74.9227372224544 74.7904545651168 86.3353531286753 0 73.8213544350363 87.2704401740636 81.0314672262549 81.0653800960415 86.6029953102007 84.0661687936488 81.0505757896518
87.6997459853423 83.928593088954 82.9845369622933 88.7555037265309 84.0321812799542 77.2169957016613 86.1265020198987 79.3443980803016 74.7904545651168 86.921385559777 73.8213544350363 0 88.2837306233053 84.074624274186 83.7910272692242 88.222814231182 86.3697244088856 83.9296849669784
86.5364172448041 89.7388831451238 89.8889898091495 84.8385417941978 88.1573208909491 89.6686873576808 79.9360690089101 84.8782117172058 89.1189908313318 78.0232945999633 87.2704401740636 88.2837306233053 0 87.4269372455433 88.6141533493672 81.2147937934774 84.8349979793794 88.1717321929775
90.593000884045 89.8059877260316 89.4488805726932 90.7013302325281 89.3475349130989 87.3187347413048 87.7203189504791 80.9541809486562 82.3921913186054 87.9438809920164 81.0314672262549 84.074624274186 87.4269372455433 0 71.4741215705682 84.2281525210987 78.2993261327158 67.0178873678807
91.0531172574814 89.8335513566863 89.4082546144702 91.2844054328105 89.5753757260203 87.0312708756033 88.607465606858 82.2289452013272 81.2493343553935 88.8787965155867 81.0653800960415 83.7910272692242 88.6141533493672 71.4741215705682 0 86.0279609484676 81.5313920024931 63.6150544197642
89.735729955783 91.0761344015427 91.026357377854 88.9796150891822 90.0391648426232 90.1430041505679 85.4465981763481 84.3852942944484 88.3410377916595 84.9607879581046 86.6029953102007 88.222814231182 81.2147937934774 84.2281525210987 86.0279609484676 0 78.3192387985912 85.3461292680899
90.2359933182647 90.535659626244 90.3447650467947 89.9491930022336 89.7451826639983 88.9038741397594 86.5650757693805 82.0777566753872 85.9126336164662 86.5117874343298 84.0661687936488 86.3697244088856 84.8349979793794 78.2993261327158 81.5313920024931 78.3192387985912 0 80.3509914920462
90.8937628426926 89.8489444428863 89.4516367342193 91.0752918883592 89.5109280419147 87.1768639511139 88.2853327425963 81.7532076048429 81.7441879861927 88.5369933522933 81.0505757896518 83.9296849669784 88.1717321929775 67.0178873678807 63.6150544197642 85.3461292680899 80.3509914920462 0
