0 85.3790959332366 86.9996193558102 75.891837352535 82.21762491425 86.5214156933801 81.8069354424815 82.5525221311318 85.9635092840055 85.2287344421139 87.5263136388159 89.113037513307 86.6376614949834 89.1183297544116 91.0853912752715 91.1752442078643 91.0805549162447 93.2113976307413
85.3790959332366 0 73.2478263495168 82.5344953540117 78.1860958317419 68.9021373091748 88.725573403395 85.13049210439 80.4078597858648 89.8856667625148 85.3208427639379 87.6085169412828 90.3805076074556 88.6148957965558 89.8119089631897 93.2151315038683 91.2598450712467 92.6002308959102
86.9996193558102 73.2478263495168 0 84.9374781893717 82.0827706588024 72.0323684124072 90.0372925954051 87.0949437788996 83.0331223084966 91.0736063715015 86.8784130290517 88.7666298257024 91.5118141713929 89.7537582176681 90.6321341665918 94.0337804004948 92.1286297110514 93.2111400038796
75.891837352535 82.5344953540117 84.9374781893717 0 76.5840769255055 83.9536370923738 83.0983909180522 79.4497994875647 82.7056971333427 85.6120133392751 85.1798910614678 87.3406915354064 86.6998332832862 87.5921063340461 89.7468991299264 91.0755025319784 90.1343796747967 92.3081646317422
82.21762491425 78.1860958317419 82.0827706588024 76.5840769255055 0 79.9003244053271 85.8076419242784 80.0415708322431 77.4754622734875 87.28054592573 82.8129004903881 85.7749292329038 87.9334714518628 86.573399006352 88.5884608842856 91.5738545932049 89.6788680708702 91.630018568593
86.5214156933801 68.9021373091748 72.0323684124072 83.9536370923738 79.9003244053271 0 89.358496019957 85.7563298690626 80.1887143134889 90.3534795727897 85.1470209343093 87.4000155515516 90.7678586495839 88.5494465197111 89.5598758378731 93.4056139134072 91.2292529792868 92.4270497090564
81.8069354424815 88.725573403395 90.0372925954051 83.0983909180522 85.8076419242784 89.358496019957 0 81.7441879861927 87.4802850888848 75.891837352535 87.3867381239972 88.3572170605267 79.7997758540917 87.679995898191 90.1646206036976 87.7580108710713 89.1236155543266 92.0134005995495
82.5525221311318 85.13049210439 87.0949437788996 79.4497994875647 80.0415708322431 85.7563298690626 81.7441879861927 0 81.4063373322637 82.8884805545587 81.2795848479266 83.8090244763067 83.622091328923 83.6115316848253 87.0679967752654 88.9021373091748 87.1514619931528 90.2018704630034
85.9635092840055 80.4078597858648 83.0331223084966 82.7056971333427 77.4754622734875 80.1887143134889 87.4802850888848 81.4063373322637 0 88.1799458026485 78.0360367454923 82.6342007106042 88.458052813232 84.3872598725851 86.2842330833397 91.4596851756052 88.375297950221 90.174222290158
85.2287344421139 89.8856667625148 91.0736063715015 85.6120133392751 87.28054592573 90.3534795727897 75.891837352535 82.8884805545587 88.1799458026485 0 87.3744079106752 87.8898277842104 71.1963957883817 86.8030176358052 89.4839672543982 85.2003092693599 87.7235104485739 91.1163840213556
87.5263136388159 85.3208427639379 86.8784130290517 85.1798910614678 82.8129004903881 85.1470209343093 87.3867381239972 81.2795848479266 78.0360367454923 87.3744079106752 0 75.0930706154422 87.2765064464768 78.7966354858417 82.3184606669553 89.9907630000784 85.289026176076 87.7783103125321
89.113037513307 87.6085169412828 88.7666298257024 87.3406915354064 85.7749292329038 87.4000155515516 88.3572170605267 83.8090244763067 82.6342007106042 87.8898277842104 75.0930706154422 0 87.4952018715281 73.2478263495168 77.4802850888848 89.3846903526008 82.6810253671005 85.4841598430449
86.6376614949834 90.3805076074556 91.5118141713929 86.6998332832862 87.9334714518628 90.7678586495839 79.7997758540917 83.622091328923 88.458052813232 71.1963957883817 87.2765064464768 87.4952018715281 0 86.1448960051827 88.9312242752465 83.381156296672 86.6516841999762 90.4267331260094
89.1183297544116 88.6148957965558 89.7537582176681 87.5921063340461 86.573399006352 88.5494465197111 87.679995898191 83.6115316848253 84.3872598725851 86.8030176358052 78.7966354858417 73.2478263495168 86.1448960051827 0 78.0908247429846 87.9317341001769 79.7170505944318 84.7544879428325
91.0853912752715 89.8119089631897 90.6321341665918 89.7468991299264 88.5884608842856 89.5598758378731 90.1646206036976 87.0679967752654 86.2842330833397 89.4839672543982 82.3184606669553 77.4802850888848 88.9312242752465 78.0908247429846 0 89.5747805982607 80.8222332357115 81.4063373322637
91.1752442078643 93.2151315038683 94.0337804004948 91.0755025319784 91.5738545932049 93.4056139134072 87.7580108710713 88.9021373091748 91.4596851756052 85.2003092693599 89.9907630000784 89.3846903526008 83.381156296672 87.9317341001769 89.5747805982607 0 85.8939214659009 89.4745369779097
91.0805549162447 91.2598450712467 92.1286297110514 90.1343796747967 89.6788680708702 91.2292529792868 89.1236155543266 87.1514619931528 88.375297950221 87.7235104485739 85.289026176076 82.6810253671005 86.6516841999762 79.7170505944318 80.8222332357115 85.8939214659009 0 81.3769599159453
93.2113976307413 92.6002308959102 93.2111400038796 92.3081646317422 91.630018568593 92.4270497090564 92.0134005995495 90.2018704630034 90.174222290158 91.1163840213556 87.7783103125321 85.4841598430449 90.4267331260094 84.7544879428325 81.4063373322637 89.4745369779097 81.3769599159453 0
