0 83.3350801775148 83.3836330260342 85.2287344421139 82.8926411279113 86.393932982674 83.6582681575906 85.4719304936925 87.9125772197882 86.9688201157248 89.0818146780226 90.1354259784382 90.5549367782243 90.634932606136 91.429502874245 92.9532093273657 92.7510452744803 92.1398543561327
83.3350801775148 0 77.2016042685911 87.2991797988463 57.9330371790942 76.3152293981705 82.6017133826353 82.4247345007462 80.1964580507305 86.7055985102301 85.7181672964835 85.9415820941298 88.8030383870541 86.9345227862877 87.9443141818646 91.6763039205898 90.9302887188506 89.0163191217561
83.3836330260342 77.2016042685911 0 89.0190256388299 77.3827962632147 79.0724707021626 85.8883616061958 86.108690874692 83.197722303789 88.9796150891822 88.4622840161715 88.3631212778937 90.8300412803813 89.1679601933207 89.8723490908437 93.1790752462809 92.5337426120358 90.7342661421173
85.2287344421139 87.2991797988463 89.0190256388299 0 87.0414148290211 89.2610753591142 80.4372372021832 82.8926411279113 89.4809274664817 78.3784347830183 86.7690837883171 89.2684262627964 86.6998332832862 89.4301536759735 90.3970380806371 89.701181985842 90.1073501717728 91.0107778642651
82.8926411279113 57.9330371790942 77.3827962632147 87.0414148290211 0 77.3031982537424 82.2337877346136 82.1965229169693 80.7705710124195 86.5087742205692 85.7326076915633 86.0914700857269 88.7623263292455 87.0520671395345 88.0715171378125 91.6564487431177 90.9420340568167 89.1285651557654
86.393932982674 76.3152293981705 79.0724707021626 89.2610753591142 77.3031982537424 0 85.4925475891355 84.7544879428325 74.8615063718665 88.3960373756239 86.1677794707972 85.1733369084502 89.3958683106901 86.3597535167021 87.1659955856493 91.9885496619173 91.0193215050847 88.2993261327158
83.6582681575906 82.6017133826353 85.8883616061958 80.4372372021832 82.2337877346136 85.4925475891355 0 72.9436298012717 85.6985962861268 78.5475619699661 83.087801592918 86.0621707455228 85.3303424647414 86.5495758812333 87.8770886459859 89.3144846208891 89.0355663526282 88.8239597375214
85.4719304936925 82.4247345007462 86.108690874692 82.8926411279113 82.1965229169693 84.7544879428325 72.9436298012717 0 84.3724963065749 79.1551959618225 79.9579203496951 83.9242228296478 83.7593515739906 84.5160136821761 86.1632124135547 88.4205617560891 87.8457410710452 87.3031982537424
87.9125772197882 80.1964580507305 83.197722303789 89.4809274664817 80.7705710124195 74.8615063718665 85.6985962861268 84.3724963065749 0 88.1407920610298 84.5007249717544 82.3452739215203 88.3666599593055 83.964480905296 84.8615063718665 91.0963058395484 89.8620554401899 86.2867717037943
86.9688201157248 86.7055985102301 88.9796150891822 78.3784347830183 86.5087742205692 88.3960373756239 78.5475619699661 79.1551959618225 88.1407920610298 0 83.0237176292658 86.8249332995649 82.5570171580838 86.8806271228131 88.1233688184042 87.2338635130179 87.5453491495408 88.8409064585869
89.0818146780226 85.7181672964835 88.4622840161715 86.7690837883171 85.7326076915633 86.1677794707972 83.087801592918 79.9579203496951 84.5007249717544 83.0237176292658 0 78.1407920610298 79.4833594670039 77.9719488414633 81.0906420857516 85.7677850549167 84.0279140776271 82.7674836600796
90.1354259784382 85.9415820941298 88.3631212778937 89.2684262627964 86.0914700857269 85.1733369084502 86.0621707455228 83.9242228296478 82.3452739215203 86.8249332995649 78.1407920610298 0 84.1323142820089 68.5776170713634 74.3279020717801 87.5827009274052 85.303372492433 78.5513302520412
90.5549367782243 88.8030383870541 90.8300412803813 86.6998332832862 88.7623263292455 89.3958683106901 85.3303424647414 83.7593515739906 88.3666599593055 82.5570171580838 79.4833594670039 84.1323142820089 0 83.2834453116058 84.5869706818913 80.7953557193797 80.3534795727897 85.0299758763721
90.634932606136 86.9345227862877 89.1679601933207 89.4301536759735 87.0520671395345 86.3597535167021 86.5495758812333 84.5160136821761 83.964480905296 86.8806271228131 77.9719488414633 68.5776170713634 83.2834453116058 0 70.943337135734 86.7073265869764 84.0161576060675 76.213187821334
91.429502874245 87.9443141818646 89.8723490908437 90.3970380806371 88.0715171378125 87.1659955856493 87.8770886459859 86.1632124135547 84.8615063718665 88.1233688184042 81.0906420857516 74.3279020717801 84.5869706818913 70.943337135734 0 87.0504709576535 84.1427215355371 70.3134982103822
92.9532093273657 91.6763039205898 93.1790752462809 89.701181985842 91.6564487431177 91.9885496619173 89.3144846208891 88.4205617560891 91.0963058395484 87.2338635130179 85.7677850549167 87.5827009274052 80.7953557193797 86.7073265869764 87.0504709576535 0 76.9257690522703 86.7514468623435
92.7510452744803 90.9302887188506 92.5337426120358 90.1073501717728 90.9420340568167 91.0193215050847 89.0355663526282 87.8457410710452 89.8620554401899 87.5453491495408 84.0279140776271 85.303372492433 80.3534795727897 84.0161576060675 84.1427215355371 76.9257690522703 0 83.4972683928071
92.1398543561327 89.0163191217561 90.7342661421173 91.0107778642651 89.1285651557654 88.2993261327158 88.8239597375214 87.3031982537424 86.2867717037943 88.8409064585869 82.7674836600796 78.5513302520412 85.0299758763721 76.213187821334 70.3134982103822 86.7514468623435 83.4972683928071 0
