0 86.2842330833397 88.8482999054051 76.5184091547906 84.5016820945834 87.6089849058131 82.774611422748 82.2867022452208 88.6223132959149 85.6591876775859 89.4988315371399 89.8648399147477 86.301340043983 88.3882228079391 90.1471795575176 91.1036367664943 91.0365710695442 91.2940305799451
86.2842330833397 0 78.7859429613949 85.1929697683414 73.555965823659 71.9124372658146 86.1677794707972 84.1114246562642 81.955651003641 88.1799458026485 88.8398492236681 86.7211265026863 90.7372272668562 87.4034512316464 87.8634294971633 93.2835720000969 91.985646795042 90.3036967046482
88.8482999054051 78.7859429613949 0 87.4947214838478 80.8110544783965 73.6964506811521 87.3486483814549 85.7556129157272 76.706750637792 88.6760806191086 87.9542656413458 84.3279020717801 91.4929130958581 86.5716167979339 86.0191975333641 93.4262583620372 91.6797875908655 89.1189908313318
76.5184091547906 85.1929697683414 87.4947214838478 0 82.6751998198568 86.3846379556137 77.2016042685911 76.213187821334 86.728583188484 82.3578348697387 87.2986772304469 87.873567814971 84.8615063718665 85.8323679884117 88.1581456834345 90.0158379645473 89.4681370721026 89.546717201444
84.5016820945834 73.555965823659 80.8110544783965 82.6751998198568 0 77.3031982537424 83.8758574672123 81.0906420857516 81.6658361118692 86.4785265372237 87.7344349565518 85.9866862537587 89.444283079601 86.0494573936257 87.0541944698827 92.3800414704356 91.0641131310442 89.5407227977055
87.6089849058131 71.9124372658146 73.6964506811521 86.3846379556137 77.3031982537424 0 86.7923005771085 84.9383437488801 79.8781805979189 88.4887315797041 88.5369933522933 85.8040981094599 91.1661770837149 87.1143894407578 87.1659955856493 93.4231924796764 91.9306394361979 89.8756823393494
82.774611422748 86.1677794707972 87.3486483814549 77.2016042685911 83.8758574672123 86.7923005771085 0 72.6459542896836 85.7181672964835 75.891837352535 84.2005457159281 85.8464342187456 83.1247518173108 82.2787262194362 85.8772204878356 88.3850930394448 87.1368796008778 87.2704401740636
82.2867022452208 84.1114246562642 85.7556129157272 76.213187821334 81.0906420857516 84.9383437488801 72.6459542896836 0 84.1416819317454 80.0308673275794 84.7904545651168 85.2481190150545 85.3500670186716 82.5868656935784 85.6452361985895 89.6605255689216 88.2837306233053 87.6332498373779
88.6223132959149 81.955651003641 76.706750637792 86.728583188484 81.6658361118692 79.8781805979189 85.7181672964835 84.1416819317454 0 86.8428331489911 85.2190096129285 79.7799514872702 90.3693696241556 83.3749582867445 82.420100378145 92.2441004609057 90.0415708322431 86.7514468623435
85.6591876775859 88.1799458026485 88.6760806191086 82.3578348697387 86.4785265372237 88.4887315797041 75.891837352535 80.0308673275794 86.8428331489911 0 82.0977779700964 85.7217818991216 81.1136705287218 80.8222332357115 85.2198208476034 86.2402066734632 84.4166372889035 85.7217818991216
89.4988315371399 88.8398492236681 87.9542656413458 87.2986772304469 87.7344349565518 88.5369933522933 84.2005457159281 84.7904545651168 85.2190096129285 82.0977779700964 0 80.3410248902675 87.1473005892469 72.6751998198568 77.4802850888848 87.8475131591322 82.774611422748 76.7468837467999
89.8648399147477 86.7211265026863 84.3279020717801 87.873567814971 85.9866862537587 85.8040981094599 85.8464342187456 85.2481190150545 79.7799514872702 85.7217818991216 80.3410248902675 0 89.7176265436162 78.8426679450515 71.1963957883817 90.8684304864118 87.627196302634 81.7423818124012
86.301340043983 90.7372272668562 91.4929130958581 84.8615063718665 89.444283079601 91.1661770837149 83.1247518173108 85.3500670186716 90.3693696241556 81.1136705287218 87.1473005892469 89.7176265436162 0 86.8678806412791 89.3122722994984 83.8525827295616 85.9195436335469 89.0891422958372
88.3882228079391 87.4034512316464 86.5716167979339 85.8323679884117 86.0494573936257 87.1143894407578 82.2787262194362 82.5868656935784 83.3749582867445 80.8222332357115 72.6751998198568 78.8426679450515 86.8678806412791 0 77.2016042685911 88.5176770351167 84.6401331313322 80.5456658670191
90.1471795575176 87.8634294971633 86.0191975333641 88.1581456834345 87.0541944698827 87.1659955856493 85.8772204878356 85.6452361985895 82.420100378145 85.2198208476034 77.4802850888848 71.1963957883817 89.3122722994984 77.2016042685911 0 90.1450923558343 86.3616248035471 78.6957997331364
91.1036367664943 93.2835720000969 93.4262583620372 90.0158379645473 92.3800414704356 93.4231924796764 88.3850930394448 89.6605255689216 92.2441004609057 86.2402066734632 87.8475131591322 90.8684304864118 83.8525827295616 88.5176770351167 90.1450923558343 0 82.21762491425 88.6643528285041
91.0365710695442 91.985646795042 91.6797875908655 89.4681370721026 91.0641131310442 91.9306394361979 87.1368796008778 88.2837306233053 90.0415708322431 84.4166372889035 82.774611422748 87.627196302634 85.9195436335469 84.6401331313322 86.3616248035471 82.21762491425 0 83.2222041818708
91.2940305799451 90.3036967046482 89.1189908313318 89.546717201444 89.5407227977055 89.8756823393494 87.2704401740636 87.6332498373779 86.7514468623435 85.7217818991216 76.7468837467999 81.7423818124012 89.0891422958372 80.5456658670191 78.6957997331364 88.6643528285041 83.2222041818708 0
