0 79.3443980803016 85.4412056055918 80.2119042252309 77.9330371790942 84.3239158899316 77.7647878994723 81.989915045822 86.7211265026863 84.8615063718665 84.909688805571 88.6496484135121 87.8718063285063 89.8178221382336 91.5580504183843 90.7125656494823 90.3089771870867 91.8101380730803
79.3443980803016 0 82.1654959184623 85.7563298690626 81.8211513138294 80.4372372021832 83.6964506811521 85.2287344421139 85.0197951063596 87.989131632697 87.0822836611457 89.1077388152954 90.1120859211209 90.7338104052137 91.964414045358 92.0047359439313 91.693328996376 92.4530494563601
85.4412056055918 82.1654959184623 0 88.4205617560891 83.7056567149524 67.4754622734875 86.1020755728508 85.7756430047551 75.6635841127368 88.7608908822587 86.6024053564106 86.4797404980476 90.3150041728844 89.1806870197213 89.9472815548933 91.2930289551755 91.0463367021322 90.8873886026257
80.2119042252309 85.7563298690626 88.4205617560891 0 81.0505757896518 87.7602710557797 76.2325041385106 80.593000884045 88.7698546518372 80.0814756595712 83.3550650034345 88.5776170713634 84.5700464329907 88.9132410411909 91.1661770837149 89.0446537748701 88.5188156704265 91.0809756830733
77.9330371790942 81.8211513138294 83.7056567149524 81.0505757896518 0 82.6751998198568 73.7989102258118 75.4535216572886 84.1913043119513 82.420100378145 80.4004842763326 85.6635841127368 85.9539297579115 87.3590696675158 89.5326172058794 88.8451328264355 88.3760823708534 89.895904667183
84.3239158899316 80.4372372021832 67.4754622734875 87.7602710557797 82.6751998198568 0 85.2970022018606 85.189703782236 77.7783103125321 88.3477535852317 86.2791513863211 86.7239959740949 90.0623670961744 89.2639532816413 90.1956842980511 91.2519644201164 90.9835398682664 91.0416689218196
77.7647878994723 83.6964506811521 86.1020755728508 76.2325041385106 73.7989102258118 85.2970022018606 0 74.8615063718665 86.4339831229612 79.941542160005 80.4103155081914 86.6790148661262 84.6669329609772 87.6457956664753 90.01879426857 88.5252623043911 87.9951295844708 90.1445703986413
81.989915045822 85.2287344421139 85.7756430047551 80.593000884045 75.4535216572886 85.189703782236 74.8615063718665 0 85.3915891308315 78.0402758330119 74.0608757462916 84.2199910062345 82.9641315458079 85.4001574042608 88.3564292247297 86.8249332995649 86.2099600658387 88.5161583901781
86.7211265026863 85.0197951063596 75.6635841127368 88.7698546518372 84.1913043119513 77.7783103125321 86.4339831229612 85.3915891308315 0 88.372551361727 85.6120133392751 84.0022224385771 89.6896046519108 87.5789330539932 88.1934643891456 90.2584243544002 90.0305994016828 89.4218388703765
84.8615063718665 87.989131632697 88.7608908822587 80.0814756595712 82.420100378145 88.3477535852317 79.941542160005 78.0402758330119 88.372551361727 0 78.0402758330119 86.000262209856 77.2272264362371 85.5039593802835 88.8140435255208 85.2190096129285 84.3872598725851 88.4453344140258
84.909688805571 87.0822836611457 86.6024053564106 83.3550650034345 80.4004842763326 86.2791513863211 80.4103155081914 74.0608757462916 85.6120133392751 78.0402758330119 0 81.8722972449526 81.2066265229575 82.6941043474961 86.6499338359494 84.7327641218684 83.9893193991704 86.7188295597164
88.6496484135121 89.1077388152954 86.4797404980476 88.5776170713634 85.6635841127368 86.7239959740949 86.6790148661262 84.2199910062345 84.0022224385771 86.000262209856 81.8722972449526 0 86.1821018921153 78.3784347830183 80.9193850103386 85.0095904144061 84.7922451010396 82.9023336598264
87.8718063285063 90.1120859211209 90.3150041728844 84.5700464329907 85.9539297579115 90.0623670961744 84.6669329609772 82.9641315458079 89.6896046519108 77.2272264362371 81.2066265229575 86.1821018921153 0 84.2250937501173 88.0092349242682 81.7729850735115 80.5289759679537 87.1059911885511
89.8178221382336 90.7338104052137 89.1806870197213 88.9132410411909 87.3590696675158 89.2639532816413 87.6457956664753 85.4001574042608 87.5789330539932 85.5039593802835 82.6941043474961 78.3784347830183 84.2250937501173 0 79.0220684557673 79.9003244053271 79.8419543483159 78.103370572082
91.5580504183843 91.964414045358 89.9472815548933 91.1661770837149 89.5326172058794 90.1956842980511 90.01879426857 88.3564292247297 88.1934643891456 88.8140435255208 86.6499338359494 80.9193850103386 88.0092349242682 79.0220684557673 0 84.3872598725851 84.7136662288377 74.7904545651168
90.7125656494823 92.0047359439313 91.2930289551755 89.0446537748701 88.8451328264355 91.2519644201164 88.5252623043911 86.8249332995649 90.2584243544002 85.2190096129285 84.7327641218684 85.0095904144061 81.7729850735115 79.9003244053271 84.3872598725851 0 64.4651623168477 81.8015924709415
90.3089771870867 91.693328996376 91.0463367021322 88.5188156704265 88.3760823708534 90.9835398682664 87.9951295844708 86.2099600658387 90.0305994016828 84.3872598725851 83.9893193991704 84.7922451010396 80.5289759679537 79.8419543483159 84.7136662288377 64.4651623168477 0 82.4784370287424
91.8101380730803 92.4530494563601 90.8873886026257 91.0809756830733 89.895904667183 91.0416689218196 90.1445703986413 88.5161583901781 89.4218388703765 88.4453344140258 86.7188295597164 82.9023336598264 87.1059911885511 78.103370572082 74.7904545651168 81.8015924709415 82.4784370287424 0
