0 76.108690874692 85.0838738860435 78.2390343987537 71.1136705287218 86.821007853661 80.497809241511 85.7505909256189 88.150303823232 88.0715171378125 85.8076419242784 89.8310272854925 90.3646583301047 88.6738840693766 89.7975147868434 92.2354007132093 91.3635764082227 91.2292529792868
76.108690874692 0 81.3176021151403 77.0605702158074 69.546717201444 83.9209422467254 82.2305599791183 82.8143121415688 85.9948369189331 87.9525365899369 83.8714337899069 88.4622840161715 90.0330101399179 87.8898277842104 88.4349006758478 92.0094951497198 90.5738923206482 90.2119042252309
85.0838738860435 81.3176021151403 0 84.1593214403875 83.3049294415307 77.3082160992677 87.1561388112382 80.1576005458867 82.9023336598264 89.586370905064 84.2525454416864 87.2598037653182 90.8258043694878 88.5085571896395 87.2704401740636 92.5923652565189 90.3097310178785 89.4313841462521
78.2390343987537 77.0605702158074 84.1593214403875 0 75.7217818991216 84.7635075614827 76.4578371154628 82.4555029242986 85.6459716053848 85.1338029067756 81.3513377482993 87.3471575828297 88.0428173008416 85.5859964760748 87.2946545882058 90.4462553022501 89.1992209343237 89.0758101447101
71.1136705287218 69.546717201444 83.3049294415307 75.7217818991216 0 85.2674174500048 80.6305009104019 84.0161576060675 86.8678806412791 87.6476512293401 84.3774230737726 88.9038741397594 89.9242783253275 87.9347740096789 88.8707549940815 91.9100045354878 90.7369995596956 90.5014168381346
86.821007853661 83.9209422467254 77.3082160992677 84.7635075614827 85.2674174500048 0 87.4269372455433 74.7544879428325 76.6136007973246 88.5644935501606 81.715198676593 84.1593214403875 89.5323167080541 86.7211265026863 84.1913043119513 91.4596851756052 88.3960373756239 87.1143894407578
80.497809241511 82.2305599791183 87.1561388112382 76.4578371154628 80.6305009104019 87.4269372455433 0 85.5410302954014 87.7130152786816 83.7820006204687 83.7228656061221 88.456898132988 87.4444687801697 85.7065803099363 88.3960373756239 89.8712374392553 89.4745369779097 89.703782638195
85.7505909256189 82.8143121415688 80.1576005458867 82.4555029242986 84.0161576060675 74.7544879428325 85.5410302954014 0 75.8076419242784 86.5982734344227 76.625354376404 82.6179874241649 87.9438809920164 84.4555005891274 82.6046768387851 90.273145354966 87.1143894407578 85.9955154510521
88.150303823232 85.9948369189331 82.9023336598264 85.6459716053848 86.8678806412791 76.6136007973246 87.7130152786816 75.8076419242784 0 87.3921523472869 79.7657356159223 79.5166621000467 87.9512393494775 84.5502177560408 79.5914134259955 90.0764412822916 85.9518742503466 84.0608757462916
88.0715171378125 87.9525365899369 89.586370905064 85.1338029067756 87.6476512293401 88.5644935501606 83.7820006204687 86.5982734344227 87.3921523472869 0 83.3011458390096 85.8323679884117 78.3666599593055 78.2993261327158 85.7217818991216 83.9209422467254 84.7922451010396 86.1944333584534
85.8076419242784 83.8714337899069 84.2525454416864 81.3513377482993 84.3774230737726 81.715198676593 83.7228656061221 76.625354376404 79.7657356159223 83.3011458390096 0 81.3036344422995 85.3248034982015 80.3134982103822 81.1963957883817 88.4127912318851 85.2068228736091 84.5841545498447
89.8310272854925 88.4622840161715 87.2598037653182 87.3471575828297 88.9038741397594 84.1593214403875 88.456898132988 82.6179874241649 79.5166621000467 85.8323679884117 81.3036344422995 0 85.1675938994461 81.1902457592883 47.9330371790942 87.550569320962 80.4881743072895 76.3340981236618
90.3646583301047 90.0330101399179 90.8258043694878 88.0428173008416 89.9242783253275 89.5323167080541 87.4444687801697 87.9438809920164 87.9512393494775 78.3666599593055 85.3248034982015 85.1675938994461 0 78.3666599593055 85.053638603705 78.1901910181076 81.2956326992361 84.2005457159281
88.6738840693766 87.8898277842104 88.5085571896395 85.5859964760748 87.9347740096789 86.7211265026863 85.7065803099363 84.4555005891274 84.5502177560408 78.2993261327158 80.3134982103822 81.1902457592883 78.3666599593055 0 80.9994315893368 84.0756800526813 80.4372372021832 81.9002599641319
89.7975147868434 88.4349006758478 87.2704401740636 87.2946545882058 88.8707549940815 84.1913043119513 88.3960373756239 82.6046768387851 79.5914134259955 85.7217818991216 81.1963957883817 47.9330371790942 85.053638603705 80.9994315893368 0 87.4754622734875 80.3733330693944 76.2899428940185
92.2354007132093 92.0094951497198 92.5923652565189 90.4462553022501 91.9100045354878 91.4596851756052 89.8712374392553 90.273145354966 90.0764412822916 83.9209422467254 88.4127912318851 87.550569320962 78.1901910181076 84.0756800526813 87.4754622734875 0 83.2299067168234 86.0009398949349
91.3635764082227 90.5738923206482 90.3097310178785 89.1992209343237 90.7369995596956 88.3960373756239 89.4745369779097 87.1143894407578 85.9518742503466 84.7922451010396 85.2068228736091 80.4881743072895 81.2956326992361 80.4372372021832 80.3733330693944 83.2299067168234 0 74.7544879428325
91.2292529792868 90.2119042252309 89.4313841462521 89.0758101447101 90.5014168381346 87.1143894407578 89.703782638195 85.9955154510521 84.0608757462916 86.1944333584534 84.5841545498447 76.3340981236618 84.2005457159281 81.9002599641319 76.2899428940185 86.0009398949349 74.7544879428325 0
