0 86.4284596991444 87.6085169412828 73.2222041818708 81.7658036831707 87.0711757029314 78.8143980660997 86.7159566715922 87.5424991364325 85.9764763638929 83.5261172881643 88.1799458026485 88.3886138704597 89.0834811316783 91.5118141713929 90.2693429807388 91.8255842475807 92.9002585089615
86.4284596991444 0 78.6665542029632 85.0274329204183 80.3708563400322 77.3382020284199 89.2379830643289 84.8491559212384 84.0608757462916 90.1018185961228 87.7125583911088 86.1866491386205 91.8015924709415 91.4077034371004 91.5557879769254 93.5949364473669 92.9013653794811 93.4437537335141
87.6085169412828 78.6665542029632 0 86.965022649524 81.4063373322637 63.9536370923738 89.6896046519108 80.9865508735604 78.6223132959149 89.2802255840982 86.7280100515885 82.2675351167102 91.0161196090765 90.2214020543736 89.6628590741529 93.0775849237984 91.5474822599575 92.0196759197323
73.2222041818708 85.0274329204183 86.965022649524 0 80.7953557193797 86.3453801341546 82.41855457111 86.9257690522703 87.5110249283942 87.5353659103793 85.1338029067756 88.3929132357039 89.6614007803213 90.114451860671 92.0196759197323 91.3881467560637 92.5095857212788 93.4496105419569
81.7658036831707 80.3708563400322 81.4063373322637 80.7953557193797 0 80.2807401307034 85.6591876775859 81.7441879861927 82.3247845775289 86.8249332995649 83.1365622199274 84.2066957450215 89.230258266053 88.9669688788295 90.0878265427196 91.4990315363439 91.2343328039695 92.099442252477
87.0711757029314 77.3382020284199 63.9536370923738 86.3453801341546 80.2807401307034 0 89.3207993363877 81.0208149157414 79.0724707021626 89.0967897908913 86.436435724929 82.5942958832762 90.8966172265081 90.1687752896411 89.8242892483495 92.9661764072531 91.6037996017817 92.1235029501358
78.8143980660997 89.2379830643289 89.6896046519108 82.41855457111 85.6591876775859 89.3207993363877 0 88.034764211962 88.9959663008508 83.8924062417859 83.1679005025265 89.1558514511934 86.2766083062783 87.8293148865457 91.3168051714149 88.0198903710459 91.0906420857516 92.3921913186054
86.7159566715922 84.8491559212384 80.9865508735604 86.9257690522703 81.7441879861927 81.0208149157414 88.034764211962 0 71.1136705287218 85.6452361985895 82.0710623467877 72.2305599791183 87.9685041101155 86.5811134693557 86.2331465384554 90.8175416618506 88.5749955377406 89.4082546144702
87.5424991364325 84.0608757462916 78.6223132959149 87.5110249283942 82.3247845775289 79.0724707021626 88.9959663008508 71.1136705287218 0 87.1389657999423 84.1913043119513 73.051870788883 89.115684439989 87.8226378829976 86.850083941486 91.6630772267669 89.332142737851 89.9407216269259
85.9764763638929 90.1018185961228 89.2802255840982 87.5353659103793 86.8249332995649 89.0967897908913 83.8924062417859 85.6452361985895 87.1389657999423 0 77.7285209261352 86.341622719513 76.9257690522703 79.0724707021626 86.9747808619358 84.0841170535261 86.108690874692 88.3279715303536
83.5261172881643 87.7125583911088 86.7280100515885 85.1338029067756 83.1365622199274 86.436435724929 83.1679005025265 82.0710623467877 84.1913043119513 77.7285209261352 0 83.6964506811521 83.3049294415307 83.0838239298534 87.205713987203 87.4754622734875 87.6624672601499 89.2945330399795
88.1799458026485 86.1866491386205 82.2675351167102 88.3929132357039 84.2066957450215 82.5942958832762 89.1558514511934 72.2305599791183 73.051870788883 86.341622719513 83.6964506811521 0 88.2580160076653 86.5256213537673 84.8667886893461 91.0399703025278 87.9477781460115 88.6030013835912
88.3886138704597 91.8015924709415 91.0161196090765 89.6614007803213 89.230258266053 90.8966172265081 86.2766083062783 87.9685041101155 89.115684439989 76.9257690522703 83.3049294415307 88.2580160076653 0 76.9257690522703 87.0611011057071 79.7997758540917 84.7245895919278 87.4430105189823
89.0834811316783 91.4077034371004 90.2214020543736 90.114451860671 88.9669688788295 90.1687752896411 87.8293148865457 86.5811134693557 87.8226378829976 79.0724707021626 83.0838239298534 86.5256213537673 76.9257690522703 0 83.8213544350363 83.8681130724119 81.0505757896518 84.7922451010396
91.5118141713929 91.5557879769254 89.6628590741529 92.0196759197323 90.0878265427196 89.8242892483495 91.3168051714149 86.2331465384554 86.850083941486 86.9747808619358 87.205713987203 84.8667886893461 87.0611011057071 83.8213544350363 0 89.6549784637635 80.2119042252309 79.7170505944318
90.2693429807388 93.5949364473669 93.0775849237984 91.3881467560637 91.4990315363439 92.9661764072531 88.0198903710459 90.8175416618506 91.6630772267669 84.0841170535261 87.4754622734875 91.0399703025278 79.7997758540917 83.8681130724119 89.6549784637635 0 87.094417010166 89.1709004652479
91.8255842475807 92.9013653794811 91.5474822599575 92.5095857212788 91.2343328039695 91.6037996017817 91.0906420857516 88.5749955377406 89.332142737851 86.108690874692 87.6624672601499 87.9477781460115 84.7245895919278 81.0505757896518 80.2119042252309 87.094417010166 0 76.0621707455228
92.9002585089615 93.4437537335141 92.0196759197323 93.4496105419569 92.099442252477 92.1235029501358 92.3921913186054 89.4082546144702 89.9407216269259 88.3279715303536 89.2945330399795 88.6030013835912 87.4430105189823 84.7922451010396 79.7170505944318 89.1709004652479 76.0621707455228 0
