0 76.8148321182775 86.3547594729504 82.420100378145 81.6841840260165 87.1311373807962 85.8097668259691 86.5811134693557 85.9415820941298 85.9546147109638 86.4284596991444 88.6994416157976 88.5843509004963 90.5527990930723 91.0473968619858 91.5047597563245 92.3974767874129 92.6591391550547
76.8148321182775 0 84.5150597129644 86.0815038651388 81.5218992231529 86.7690837883171 87.9762509169206 87.2709460205284 86.5453933654346 88.3192387985912 87.9178102094593 89.0741407444131 90.3735806646637 91.3574613894126 91.6797875908655 92.8813984194373 93.3822709996789 93.2840787171081
86.3547594729504 84.5150597129644 0 89.8634479006266 80.8222332357115 80.1990362311678 89.1295543994929 84.8615063718665 83.9154690956304 90.0330101399179 87.6014914156434 85.885579004903 91.4434592364886 90.01879426857 89.941542160005 93.7714835044362 93.1267224494942 91.9609796655032
82.420100378145 86.0815038651388 89.8634479006266 0 86.1664750873007 89.2543527807476 82.1965229169693 87.4293764170868 87.2415090959192 80.3310353635652 85.3978222783945 89.3255293548103 84.3872598725851 89.703782638195 90.5263474282708 88.2097943381431 90.5451899017801 91.8529679016913
81.6841840260165 81.5218992231529 80.8222332357115 86.1664750873007 0 80.5098229277861 85.2287344421139 81.1655581808111 79.546717201444 86.4486780017291 83.6150544197642 84.3616377049391 88.6378489297544 88.2688829342483 88.5884608842856 91.7271802232159 91.4668131279807 90.8542682162229
87.1311373807962 86.7690837883171 80.1990362311678 89.2543527807476 80.5098229277861 0 87.0227101832781 78.7429076482031 77.4754622734875 88.4022789213946 84.2169264795973 79.5407227977055 89.7170505944318 86.7331655627619 86.5310226538999 92.3887678784619 91.1111642606024 89.371924760187
85.8097668259691 87.9762509169206 89.1295543994929 82.1965229169693 85.2287344421139 87.0227101832781 0 83.2299067168234 83.5500125056341 72.5570171580838 77.2016042685911 85.5859964760748 78.8707549940815 84.9925291281972 86.4309154214711 86.1606005086081 86.9470754473467 88.3882228079391
86.5811134693557 87.2709460205284 84.8615063718665 87.4293764170868 81.1655581808111 78.7429076482031 83.2299067168234 0 66.0621707455228 85.4024912752453 77.7783103125321 75.604595839916 86.9252213576079 83.3699935021867 83.778610784351 90.3805076074556 88.8885661392882 87.4293764170868
85.9415820941298 86.5453933654346 83.9154690956304 87.2415090959192 79.546717201444 77.4754622734875 83.5500125056341 66.0621707455228 0 85.5859964760748 78.9021373091748 77.3975598292249 87.2840773906087 84.4786527265116 84.8252375517326 90.6806177226143 89.4412153781109 88.1383073018398
85.9546147109638 88.3192387985912 90.0330101399179 80.3310353635652 86.4486780017291 88.4022789213946 72.5570171580838 85.4024912752453 85.5859964760748 0 81.2066265229575 87.334714319435 76.9257690522703 86.5644806416209 87.8461841608603 85.1536148924089 87.3605563833923 89.3422009484849
86.4284596991444 87.9178102094593 87.6014914156434 85.3978222783945 83.6150544197642 84.2169264795973 77.2016042685911 77.7783103125321 78.9021373091748 81.2066265229575 0 81.4238688668901 83.1990142701287 82.1883793840769 83.7182832318441 88.0933368098544 86.965022649524 86.8728728512127
88.6994416157976 89.0741407444131 85.885579004903 89.3255293548103 84.3616377049391 79.5407227977055 85.5859964760748 75.604595839916 77.3975598292249 87.334714319435 81.4238688668901 0 88.1498907012513 81.9089615194754 81.3828513183668 91.0007175622483 88.7147042607757 85.9948369189331
88.5843509004963 90.3735806646637 91.4434592364886 84.3872598725851 88.6378489297544 89.7170505944318 78.8707549940815 86.9252213576079 87.2840773906087 76.9257690522703 83.1990142701287 88.1498907012513 0 85.9689738268077 87.4546629212388 81.2493343553935 84.8913549073611 88.4065647866336
90.5527990930723 91.3574613894126 90.01879426857 89.703782638195 88.2688829342483 86.7331655627619 84.9925291281972 83.3699935021867 84.4786527265116 86.5644806416209 82.1883793840769 81.9089615194754 85.9689738268077 0 71.4548623602078 88.5776170713634 83.6501254971811 79.3255293548103
91.0473968619858 91.6797875908655 89.941542160005 90.5263474282708 88.5884608842856 86.5310226538999 86.4309154214711 83.778610784351 84.8252375517326 87.8461841608603 83.7182832318441 81.3828513183668 87.4546629212388 71.4548623602078 0 89.6779963728472 85.0299758763721 78.3192387985912
91.5047597563245 92.8813984194373 93.7714835044362 88.2097943381431 91.7271802232159 92.3887678784619 86.1606005086081 90.3805076074556 90.6806177226143 85.1536148924089 88.0933368098544 91.0007175622483 81.2493343553935 88.5776170713634 89.6779963728472 0 84.5473776830334 89.5961539856901
92.3974767874129 93.3822709996789 93.1267224494942 90.5451899017801 91.4668131279807 91.1111642606024 86.9470754473467 88.8885661392882 89.4412153781109 87.3605563833923 86.965022649524 88.7147042607757 84.8913549073611 83.6501254971811 85.0299758763721 84.5473776830334 0 83.1600871064417
92.6591391550547 93.2840787171081 91.9609796655032 91.8529679016913 90.8542682162229 89.371924760187 88.3882228079391 87.4293764170868 88.1383073018398 89.3422009484849 86.8728728512127 85.9948369189331 88.4065647866336 79.3255293548103 78.3192387985912 89.5961539856901 83.1600871064417 0
