0 64.4651623168477 85.2068228736091 74.7544879428325 80.6398255405413 85.1097422091168 84.5007249717544 80.5906463462703 85.2930160200121 85.8653516496594 84.2322275341296 88.4100682604373 89.250506630103 90.7508678941587 89.703782638195 92.2043263686201 89.6183066410211 90.8961782126266
64.4651623168477 0 85.5560708119719 76.4578371154628 81.8246980227395 85.5440425686756 85.1130688617644 81.8512064152267 85.9140164997191 86.2254314605081 85.0561662659079 88.9298435901867 89.6005935657466 91.155643720531 90.1583811129113 92.5059505703793 90.0543803137744 91.3002355027376
85.2068228736091 85.5560708119719 0 86.5382139537117 82.2547098735201 67.0711757029314 89.1797093560803 84.4555005891274 79.2202600224785 90.6398255405413 87.011985533257 86.3246740082407 91.9280437922403 90.8823265100299 87.9347740096789 93.3677574961093 90.7987245196668 89.8737382553052
74.7544879428325 76.4578371154628 86.5382139537117 0 80.3930962198545 86.230576368344 81.1136705287218 78.5962964327146 85.5628220877716 83.1247518173108 81.7711908388985 87.7935849867912 87.4468981278971 89.687575441599 89.0674567187474 91.0431546689071 88.170498810619 90.1458751740211
80.6398255405413 81.8246980227395 82.2547098735201 80.3930962198545 0 81.2147937934774 83.9903961178617 71.4548623602078 78.6223132959149 86.5716167979339 79.9360690089101 83.9209422467254 88.5252623043911 88.2881350299898 86.0440932492735 90.93920937716 87.4502969333401 87.9732399116266
85.1097422091168 85.5440425686756 67.0711757029314 86.230576368344 81.2147937934774 0 88.7295519498327 83.6477962159136 76.7696515306304 90.3104847178461 86.2867717037943 85.3248034982015 91.53442531487 90.3097310178785 87.1185824845969 92.9674028621278 90.2551179630574 89.2234877779738
84.5007249717544 85.1130688617644 89.1797093560803 81.1136705287218 83.9903961178617 88.7295519498327 0 81.6566330043375 87.2425274907694 75.891837352535 78.5626155199393 87.1530214921769 81.7441879861927 87.0933632809799 88.0635171402465 87.8740080749763 84.1758581374509 88.5944321078012
80.5906463462703 81.8512064152267 84.4555005891274 78.5962964327146 71.4548623602078 83.6477962159136 81.6566330043375 0 81.2392038520386 84.9504435034663 76.5364172448041 84.1291872365223 87.2516823140145 87.6406887769019 86.0661777685526 90.1638411574058 86.3771875838325 87.7357985898726
85.2930160200121 85.9140164997191 79.2202600224785 85.5628220877716 78.6223132959149 76.7696515306304 87.2425274907694 81.2392038520386 0 89.2379830643289 83.6964506811521 81.3926525972256 90.1718886978531 88.2608359710067 84.1416819317454 91.5768584024763 88.2993261327158 86.9296009821506
85.8653516496594 86.2254314605081 90.6398255405413 83.1247518173108 86.5716167979339 90.3104847178461 75.891837352535 84.9504435034663 89.2379830643289 0 83.3500774119371 89.230258266053 81.3176021151403 88.6581095343822 89.9003244053271 88.303315976652 85.9846461950885 90.1912970937131
84.2322275341296 85.0561662659079 87.011985533257 81.7711908388985 79.9360690089101 86.2867717037943 78.5626155199393 76.5364172448041 83.6964506811521 83.3500774119371 0 83.237595614941 84.6696959415512 85.2457006698491 84.8641483337156 88.1354066182023 83.0625479788191 86.137022406134
88.4100682604373 88.9298435901867 86.3246740082407 87.7935849867912 83.9209422467254 85.3248034982015 87.1530214921769 84.1291872365223 81.3926525972256 89.230258266053 83.237595614941 0 88.8493550853623 83.6964506811521 73.051870788883 89.2725756242738 85.0612171811727 80.4004842763326
89.250506630103 89.6005935657466 91.9280437922403 87.4468981278971 88.5252623043911 91.53442531487 81.7441879861927 87.2516823140145 90.1718886978531 81.3176021151403 84.6696959415512 88.8493550853623 0 85.9298880881852 89.0517086471389 83.2910400873432 81.780154608477 88.6548006238839
90.7508678941587 91.155643720531 90.8823265100299 89.687575441599 88.2881350299898 90.3097310178785 87.0933632809799 87.6406887769019 88.2608359710067 88.6581095343822 85.2457006698491 83.6964506811521 85.9298880881852 0 82.1900093127201 83.3749582867445 77.6085169412828 78.5210920458533
89.703782638195 90.1583811129113 87.9347740096789 89.0674567187474 86.0440932492735 87.1185824845969 88.0635171402465 86.0661777685526 84.1416819317454 89.9003244053271 84.8641483337156 73.051870788883 89.0517086471389 82.1900093127201 0 88.7608908822587 84.7463542387859 76.0621707455228
92.2043263686201 92.5059505703793 93.3677574961093 91.0431546689071 90.93920937716 92.9674028621278 87.8740080749763 90.1638411574058 91.5768584024763 88.303315976652 88.1354066182023 89.2725756242738 83.2910400873432 83.3749582867445 88.7608908822587 0 81.5370777263936 87.2628453983262
89.6183066410211 90.0543803137744 90.7987245196668 88.170498810619 87.4502969333401 90.2551179630574 84.1758581374509 86.3771875838325 88.2993261327158 85.9846461950885 83.0625479788191 85.0612171811727 81.780154608477 77.6085169412828 84.7463542387859 81.5370777263936 0 83.4972683928071
90.8961782126266 91.3002355027376 89.8737382553052 90.1458751740211 87.9732399116266 89.2234877779738 88.5944321078012 87.7357985898726 86.9296009821506 90.1912970937131 86.137022406134 80.4004842763326 88.6548006238839 78.5210920458533 76.0621707455228 87.2628453983262 83.4972683928071 0
