0 82.1900093127201 87.3382020284199 74.2169264795973 85.8005514005498 87.3072129938656 82.1900093127201 86.8030176358052 88.8380865933347 85.6238550502764 88.0313689651798 88.18363686509 89.5934880576065 88.8504100090108 91.157917784275 90.4857622301273 90.672998316687 91.9141740963992
82.1900093127201 0 81.4683527698718 81.4741215705682 79.3349739648805 80.7683108277111 86.0621707455228 81.7097415724374 83.8924062417859 87.1473005892469 84.2959097000793 83.379917402121 89.687575441599 86.8366883935755 88.5550952672913 91.1554369284057 89.8564811295554 90.3447650467947
87.3382020284199 81.4683527698718 0 87.4098245784636 83.9968508302003 81.7819451443998 90.0859751609594 85.13049210439 83.8714337899069 90.6902958548309 86.8299750935361 84.9796890336395 92.1676258972893 89.3443980803016 89.4082546144702 93.4181597425046 91.9000857550696 91.6581068127232
74.2169264795973 81.4741215705682 87.4098245784636 0 84.1706971804335 86.3171199640361 79.2684262627964 85.1872526798368 87.8858782559868 83.197722303789 86.4602762870063 86.9361621489315 88.0198903710459 87.1639223335182 90.0623670961744 89.1992209343237 89.2581955282206 90.7581254149979
85.8005514005498 79.3349739648805 83.9968508302003 84.1706971804335 0 75.1097422091168 86.5430015466662 69.3002428506583 78.8707549940815 86.341622719513 77.1394871931621 75.7863355292019 87.9697962045821 82.7273505510716 84.8957271465495 90.0281873245205 87.4468981278971 87.5680821732371
87.3072129938656 80.7683108277111 81.7819451443998 86.3171199640361 75.1097422091168 0 88.5252623043911 76.3152293981705 73.555965823659 88.447649622336 79.8781805979189 74.7814907955383 89.586370905064 84.8615063718665 84.9374781893717 91.3812810589918 88.8324413640806 88.2993261327158
82.1900093127201 86.0621707455228 90.0859751609594 79.2684262627964 86.5430015466662 88.5252623043911 0 86.9345227862877 89.5178683060867 77.3031982537424 87.4502969333401 88.458052813232 85.61053085255 86.9252213576079 90.4372372021832 86.4339831229612 88.015631329007 90.3696174454812
86.8030176358052 81.7097415724374 85.13049210439 85.1872526798368 69.3002428506583 76.3152293981705 86.9345227862877 0 77.9762509169206 86.3397427924283 72.6751998198568 72.6017133826353 87.4658005457673 81.0399703025278 83.361291448686 89.7161865274158 86.5840769255055 86.4681941466635
88.8380865933347 83.8924062417859 83.8714337899069 87.8858782559868 78.8707549940815 73.555965823659 89.5178683060867 77.9762509169206 0 89.14568023139 79.2684262627964 72.3578348697387 89.703782638195 84.4892230145064 82.9023336598264 91.5542790275703 88.5369933522933 87.3605563833923
85.6238550502764 87.1473005892469 90.6902958548309 83.197722303789 86.341622719513 88.447649622336 77.3031982537424 86.3397427924283 89.14568023139 0 86.3372349564591 87.8673994840703 81.398522764579 84.7054556385607 89.2186452446874 83.1600871064417 85.2125142745422 88.5933131285828
88.0313689651798 84.2959097000793 86.8299750935361 86.4602762870063 77.1394871931621 79.8781805979189 87.4502969333401 72.6751998198568 79.2684262627964 86.3372349564591 0 74.1758581374509 86.6029953102007 77.7783103125321 80.7750878561122 89.1561791587823 85.042668369047 84.4892230145064
88.18363686509 83.379917402121 84.9796890336395 86.9361621489315 75.7863355292019 74.7814907955383 88.458052813232 72.6017133826353 72.3578348697387 87.8673994840703 74.1758581374509 0 88.4426317768107 82.1523653118793 81.8512064152267 90.5456658670192 87.1907977174617 86.2504555155506
89.5934880576065 89.687575441599 92.1676258972893 88.0198903710459 87.9697962045821 89.586370905064 85.61053085255 87.4658005457673 89.703782638195 81.398522764579 86.6029953102007 88.4426317768107 0 83.1561751306609 88.002829084837 77.4995229711462 78.7608908822587 85.6275489731146
88.8504100090108 86.8366883935755 89.3443980803016 87.1639223335182 82.7273505510716 84.8615063718665 86.9252213576079 81.0399703025278 84.4892230145064 84.7054556385607 77.7783103125321 82.1523653118793 83.1561751306609 0 81.4452006324876 86.7956877693918 80.1262622632876 81.3769599159453
91.157917784275 88.5550952672913 89.4082546144702 90.0623670961744 84.8957271465495 84.9374781893717 90.4372372021832 83.361291448686 82.9023336598264 89.2186452446874 80.7750878561122 81.8512064152267 88.002829084837 81.4452006324876 0 90.2449286339209 85.1395907446115 80.4881743072895
90.4857622301273 91.1554369284057 93.4181597425046 89.1992209343237 90.0281873245205 91.3812810589918 86.4339831229612 89.7161865274158 91.5542790275703 83.1600871064417 89.1561791587823 90.5456658670192 77.4995229711462 86.7956877693918 90.2449286339209 0 83.6396338793095 88.2000037388758
90.672998316687 89.8564811295554 91.9000857550696 89.2581955282206 87.4468981278971 88.8324413640806 88.015631329007 86.5840769255055 88.5369933522933 85.2125142745422 85.042668369047 87.1907977174617 78.7608908822587 80.1262622632876 85.1395907446115 83.6396338793095 0 80.4591405847679
91.9141740963992 90.3447650467947 91.6581068127232 90.7581254149979 87.5680821732371 88.2993261327158 90.3696174454812 86.4681941466635 87.3605563833923 88.5933131285828 84.4892230145064 86.2504555155506 85.6275489731146 81.3769599159453 80.4881743072895 88.2000037388758 80.4591405847679 0
