0 83.9536370923738 86.7804245567905 79.7170505944318 80.9541809486562 85.1362843532686 83.7136960174551 85.0070354904267 87.9125772197882 89.0918038217787 89.2945330399795 90.4396763737266 91.1255555904968 89.593191742332 91.0416689218196 91.9141740963992 92.4692779150087 93.0288255534401
83.9536370923738 0 77.1185824845969 87.210845672568 81.3671231171328 71.1963957883817 84.3527331561148 75.2408599357581 81.8652783427072 89.5700166380199 86.1033994395945 87.0764687502886 91.032956466906 88.7016252803801 88.2584189716943 91.0399703025278 91.7387672097631 91.0480328336979
86.7804245567905 77.1185824845969 0 89.487915800507 85.5085157137867 78.3666599593055 87.3985422847928 80.9193850103386 83.447537158823 91.2422454850466 87.5067152634095 87.8898277842104 92.3358293114501 90.2733987282527 89.0607623901479 92.1215167715948 92.746460027619 91.5851081814124
79.7170505944318 87.210845672568 89.487915800507 0 82.4982157571468 87.6457956664753 82.8759748657475 87.1561388112382 89.1193213320602 87.2302909628742 89.553301503306 90.8222332357115 89.7870420109987 88.6914254388411 91.201718778031 91.1190958196448 91.6311307658296 92.9436298012717
80.9541809486562 81.3671231171328 85.5085157137867 82.4982157571468 0 81.2876161859881 74.9227372224544 79.7657356159223 83.6779798619475 86.0009398949349 85.1601988539792 87.0205673709395 88.5210920458533 85.8883616061958 87.8226378829976 89.2225197031875 90.013417672626 90.5435236125365
85.1362843532686 71.1963957883817 78.3666599593055 87.6457956664753 81.2876161859881 0 83.8045321616377 69.0724707021626 78.8567341753854 89.0058154076919 84.4786527265116 85.5628220877716 90.4188996176453 87.8007545217567 86.965022649524 90.2766912365105 91.041244329277 90.1288824412368
83.7136960174551 84.3527331561148 87.3985422847928 82.8759748657475 74.9227372224544 83.8045321616377 0 82.2867022452208 84.2413823573747 83.1561751306609 84.1665639944741 86.42415884094 86.5364172448041 83.4291995742851 87.0012343337597 87.6351107671628 88.5343471744047 89.7230942547424
85.0070354904267 75.2408599357581 80.9193850103386 87.1561388112382 79.7657356159223 69.0724707021626 82.2867022452208 0 77.3827962632147 88.0933368098544 83.2067580073703 84.7054556385607 89.6429841994572 86.7468837467999 86.1651703119209 89.5287091114304 90.3569604928516 89.5771606201419
87.9125772197882 81.8652783427072 83.447537158823 89.1193213320602 83.6779798619475 78.8567341753854 84.2413823573747 77.3827962632147 0 87.9869874979613 79.0220684557673 80.229855602271 89.0159806884951 85.6803960046117 82.7402909689791 88.2821279127717 89.230258266053 87.4078645446634
89.0918038217787 89.5700166380199 91.2422454850466 87.2302909628742 86.0009398949349 89.0058154076919 83.1561751306609 88.0933368098544 87.9869874979613 0 85.6562542463234 87.4034512316464 77.9199887622108 78.4944597996847 87.0711757029314 83.0277507001197 83.9384101227389 88.5119793763395
89.2945330399795 86.1033994395945 87.5067152634095 89.553301503306 85.1601988539792 84.4786527265116 84.1665639944741 83.2067580073703 79.0220684557673 85.6562542463234 0 73.8213544350363 86.2254314605081 81.3769599159453 76.2581263061566 84.6871541162429 86.0715147213828 84.0417671828947
90.4396763737266 87.0764687502886 87.8898277842104 90.8222332357115 87.0205673709395 85.5628220877716 86.42415884094 84.7054556385607 80.229855602271 87.4034512316464 73.8213544350363 0 87.4604774192432 83.778610784351 71.1963957883817 85.4673355948484 86.6545999065771 82.420100378145
91.1255555904968 91.032956466906 92.3358293114501 89.7870420109987 88.5210920458533 90.4188996176453 86.5364172448041 89.6429841994572 89.0159806884951 77.9199887622108 86.2254314605081 87.4604774192432 0 79.0891422958372 86.6819122875553 78.222814231182 78.7284672531233 87.0949437788996
89.593191742332 88.7016252803801 90.2733987282527 88.6914254388411 85.8883616061958 87.8007545217567 83.4291995742851 86.7468837467999 85.6803960046117 78.4944597996847 81.3769599159453 83.778610784351 79.0891422958372 0 83.0625479788191 79.3255293548103 81.5653952239311 85.4211172286802
91.0416689218196 88.2584189716943 89.0607623901479 91.201718778031 87.8226378829976 86.965022649524 87.0012343337597 86.1651703119209 82.7402909689791 87.0711757029314 76.2581263061566 71.1963957883817 86.6819122875553 83.0625479788191 0 84.0311148723812 85.3413992496673 79.8251320749173
91.9141740963992 91.0399703025278 92.1215167715948 91.1190958196448 89.2225197031875 90.2766912365105 87.6351107671628 89.5287091114304 88.2821279127717 83.0277507001197 84.6871541162429 85.4673355948484 78.222814231182 79.3255293548103 84.0311148723812 0 69.5765657369386 83.381156296672
92.4692779150087 91.7387672097631 92.746460027619 91.6311307658296 90.013417672626 91.041244329277 88.5343471744047 90.3569604928516 89.230258266053 83.9384101227389 86.0715147213828 86.6545999065771 78.7284672531233 81.5653952239311 85.3413992496673 69.5765657369386 0 84.09464030757
93.0288255534401 91.0480328336979 91.5851081814124 92.9436298012717 90.5435236125365 90.1288824412368 89.7230942547424 89.5771606201419 87.4078645446634 88.5119793763395 84.0417671828947 82.420100378145 87.0949437788996 85.4211172286802 79.8251320749173 83.381156296672 84.09464030757 0
