0 80.1990362311678 84.7182209694953 79.6707254104607 78.0908247429846 85.0002150024618 82.9518421166448 81.3769599159453 85.3563600026657 87.0205673709395 85.583013171943 87.0055380079075 87.7647878994723 89.6977120250856 90.4316219032679 90.8735087925314 90.0827995263149 92.0196759197323
80.1990362311678 0 76.8817337465467 84.1458388545984 78.1860958317419 80.0415708322431 86.2536533250015 76.6545999065771 81.9124372658146 88.3453844908085 85.7563298690626 84.0672266294399 89.1469939861664 89.2428040951504 89.6788680708702 91.2663005831288 89.8920337031865 91.3008355089306
84.7182209694953 76.8817337465467 0 86.9519774988324 82.7460299124228 78.7966354858417 88.4383813744954 80.237526392877 81.7441879861927 89.6849650629602 87.0759397357537 83.2132005909862 90.4103155081914 89.5530024333187 89.7058042916801 91.8868253773157 90.2996691661283 91.1735970472437
79.6707254104607 84.1458388545984 86.9519774988324 0 78.6848557252811 85.435034457386 73.2478263495168 82.1654959184623 84.8852263681457 82.2930725357932 81.5597464763509 86.3995004648654 83.447537158823 87.4430105189823 88.6197186119532 88.2837306233053 87.6960783446142 90.5263474282708
78.0908247429846 78.1860958317419 82.7460299124228 78.6848557252811 0 80.6861507245123 82.0844407010529 73.1574795141574 80.6560956231151 85.16595164387 81.7819451443998 83.2910400873432 86.2791513863211 87.3082160992677 88.1465843099084 89.3255293548103 87.9399803377578 90.1466578511299
85.0002150024618 80.0415708322431 78.7966354858417 85.435034457386 80.6861507245123 0 86.8193244329465 75.9948369189331 71.0505757896518 87.4759447961055 83.5595339012134 75.7217818991216 88.4135689102503 86.592955180357 86.8052704927194 89.838875138866 87.6481149962068 88.8394967548274
82.9518421166448 86.2536533250015 88.4383813744954 73.2478263495168 82.0844407010529 86.8193244329465 0 84.3774230737726 86.1027375566672 79.6736352563445 81.4063373322637 87.2704401740636 80.8110544783965 87.0205673709395 88.3866582056277 87.1701391230598 87.0589771566153 90.2814988783078
81.3769599159453 76.6545999065771 80.237526392877 82.1654959184623 73.1574795141574 75.9948369189331 84.3774230737726 0 76.7696515306304 86.1396485255302 82.1572939428063 80.6398255405413 87.2016042685911 86.9296009821506 87.55625690639 89.5278067438365 87.7580108710713 89.6171280142905
85.3563600026657 81.9124372658146 81.7441879861927 84.8852263681457 80.6560956231151 71.0505757896518 86.1027375566672 76.7696515306304 0 86.3340981236618 81.561630208681 71.7711908388985 87.3901843196928 85.015546065008 85.3461292680899 88.7952113360276 86.2581263061566 87.7738075181225
87.0205673709395 88.3453844908085 89.6849650629602 82.2930725357932 85.16595164387 87.4759447961055 79.6736352563445 86.1396485255302 86.3340981236618 0 78.9298435901867 86.9388930455938 68.6148957965558 83.5008850021645 85.6562542463234 82.4108172720404 82.9953807752155 87.9330371790942
85.583013171943 85.7563298690626 87.0759397357537 81.5597464763509 81.7819451443998 83.5595339012134 81.4063373322637 82.1572939428063 81.561630208681 78.9298435901867 0 82.5570171580838 81.2066265229575 81.3769599159453 83.5273151766891 84.7036289530158 82.21762491425 86.7055985102301
87.0055380079075 84.0672266294399 83.2132005909862 86.3995004648654 83.2910400873432 75.7217818991216 87.2704401740636 80.6398255405413 71.7711908388985 86.9388930455938 82.5570171580838 0 87.9003423334457 84.3059326558759 84.2250937501173 88.6760806191086 85.7677850549167 86.737743107132
87.7647878994723 89.1469939861664 90.4103155081914 83.447537158823 86.2791513863211 88.4135689102503 80.8110544783965 87.2016042685911 87.3901843196928 68.6148957965558 81.2066265229575 87.9003423334457 0 84.2646907159332 86.2766083062783 81.8722972449526 83.5261172881643 88.2821279127717
89.6977120250856 89.2428040951504 89.5530024333187 87.4430105189823 87.3082160992677 86.592955180357 87.0205673709395 86.9296009821506 85.015546065008 83.5008850021645 81.3769599159453 84.3059326558759 84.2646907159332 0 72.5868656935784 81.4510002480644 70.0814756595712 80.1964580507305
90.4316219032679 89.6788680708702 89.7058042916801 88.6197186119532 88.1465843099084 86.8052704927194 88.3866582056277 87.55625690639 85.3461292680899 85.6562542463234 83.5273151766891 84.2250937501173 86.2766083062783 72.5868656935784 0 83.5201228844259 76.2581263061566 76.5063621434069
90.8735087925314 91.2663005831288 91.8868253773157 88.2837306233053 89.3255293548103 89.838875138866 87.1701391230598 89.5278067438365 88.7952113360276 82.4108172720404 84.7036289530158 88.6760806191086 81.8722972449526 81.4510002480644 83.5201228844259 0 78.7966354858417 84.8913549073611
90.0827995263149 89.8920337031865 90.2996691661283 87.6960783446142 87.9399803377578 87.6481149962068 87.0589771566153 87.7580108710713 86.2581263061566 82.9953807752155 82.21762491425 85.7677850549167 83.5261172881643 70.0814756595712 76.2581263061566 78.7966354858417 0 80.7841074747623
92.0196759197323 91.3008355089306 91.1735970472437 90.5263474282708 90.1466578511299 88.8394967548274 90.2814988783078 89.6171280142905 87.7738075181225 87.9330371790942 86.7055985102301 86.737743107132 88.2821279127717 80.1964580507305 76.5063621434069 84.8913549073611 80.7841074747623 0
