0 85.3184645883821 88.108795863005 64.0608757462916 85.3649979935812 86.975322342495 79.2299361010872 88.2097943381431 87.8355375083724 82.5420156066597 90.0543803137744 89.4387596557842 89.5359213104071 89.6159490676069 91.2503461072488 91.4168647432734 90.2908458823698 92.1259843966288
85.3184645883821 0 76.8982993539898 85.7863355292019 81.398522764579 73.323798167022 84.1913043119513 85.3184645883821 81.8652783427072 86.4706275098419 87.7940334296455 86.230576368344 91.2300661506264 87.4034512316464 88.4081222350343 91.9327148349801 88.7612497884875 90.5071827667161
88.108795863005 76.8982993539898 0 88.4407002914246 83.9242228296478 73.2222041818708 87.1138650255161 86.1396485255302 82.2867022452208 88.6463330476976 88.0870539161237 86.436435724929 92.2833540983856 87.8417512271091 88.1200421657566 92.6349362419497 89.1992209343237 90.5549367782243
64.0608757462916 85.7863355292019 88.4407002914246 0 86.0601658467479 87.4142314228996 80.6117913722832 88.7295519498327 88.3410377916595 83.4144735534427 90.4792429221945 89.8889898091495 89.8756823393494 90.0623670961744 91.6177655634978 91.7324344071134 90.7033960608153 92.4620897596694
85.3649979935812 81.398522764579 83.9242228296478 86.0601658467479 0 80.9368178278012 80.738820882775 77.9762509169206 76.6136007973246 82.21762491425 83.1679005025265 81.1136705287218 88.103370572082 82.2867022452208 85.1994943815033 88.8728542182353 84.3616377049391 87.4269372455433
86.975322342495 73.323798167022 73.2222041818708 87.4142314228996 80.9368178278012 0 85.3563600026657 84.1913043119513 79.3097425514618 87.097050215133 86.7440293629844 84.8358842042205 91.2592393747506 86.3902173587608 87.1143894407578 91.6997190371995 87.9577216803775 89.6675223265374
79.2299361010872 84.1913043119513 87.1138650255161 80.6117913722832 80.738820882775 85.3563600026657 0 84.6595564074942 84.9105599207718 75.1097422091168 87.2016042685911 86.5087742205692 87.1861580940907 86.5787412476285 88.9329495145411 89.2234877779738 87.4532080795685 89.9130061550656
88.2097943381431 85.3184645883821 86.1396485255302 88.7295519498327 77.9762509169206 84.1913043119513 84.6595564074942 0 77.3382020284199 84.4613002047043 76.2325041385106 72.3105428072981 87.3630331127546 74.2169264795973 80.7228583477486 87.1933731458827 79.05908719444 83.8681130724119
87.8355375083724 81.8652783427072 82.2867022452208 88.3410377916595 76.6136007973246 79.3097425514618 84.9105599207718 77.3382020284199 0 85.8005514005498 81.9401435468265 78.3073021585004 89.5027665980572 81.3513377482993 82.9092436769071 89.6032551369968 83.9968508302003 86.5507701462811
82.5420156066597 86.4706275098419 88.6463330476976 83.4144735534427 82.21762491425 87.097050215133 75.1097422091168 84.4613002047043 85.8005514005498 0 86.6323912855628 86.3653649600743 84.7254986332328 85.9682911348595 88.6947065725435 87.5453491495408 86.5256213537673 89.2254232804135
90.0543803137744 87.7940334296455 88.0870539161237 90.4792429221945 83.1679005025265 86.7440293629844 87.2016042685911 76.2325041385106 81.9401435468265 86.6323912855628 0 72.9023336598264 87.3827962632147 64.0608757462916 75.9195436335469 86.108690874692 71.8069354424815 79.2234877779738
89.4387596557842 86.230576368344 86.436435724929 89.8889898091495 81.1136705287218 84.8358842042205 86.5087742205692 72.3105428072981 78.3073021585004 86.3653649600743 72.9023336598264 0 88.2737039650698 72.2305599791183 76.7468837467999 87.5935153898588 78.2106092259997 82.3105428072981
89.5359213104071 91.2300661506264 92.2833540983856 89.8756823393494 88.103370572082 91.2592393747506 87.1861580940907 87.3630331127546 89.5027665980572 84.7254986332328 87.3827962632147 88.2737039650698 0 87.0312708756033 89.3622477542504 79.8864977625784 86.1821018921153 88.1647383903082
89.6159490676069 87.4034512316464 87.8417512271091 90.0623670961744 82.2867022452208 86.3902173587608 86.5787412476285 74.2169264795973 81.3513377482993 85.9682911348595 64.0608757462916 72.2305599791183 87.0312708756033 0 77.6457956664753 85.9873660604156 72.420100378145 80.4299114571472
91.2503461072488 88.4081222350343 88.1200421657566 91.6177655634978 85.1994943815033 87.1143894407578 88.9329495145411 80.7228583477486 82.9092436769071 88.6947065725435 75.9195436335469 76.7468837467999 89.3622477542504 77.6457956664753 0 87.9955576927879 79.1551959618225 79.0220684557673
91.4168647432734 91.9327148349801 92.6349362419497 91.7324344071134 88.8728542182353 91.6997190371995 89.2234877779738 87.1933731458827 89.6032551369968 87.5453491495408 86.108690874692 87.5935153898588 79.8864977625784 85.9873660604156 87.9955576927879 0 84.2979161426279 85.5160989963473
90.2908458823698 88.7612497884875 89.1992209343237 90.7033960608153 84.3616377049391 87.9577216803775 87.4532080795685 79.05908719444 83.9968508302003 86.5256213537673 71.8069354424815 78.2106092259997 86.1821018921153 72.420100378145 79.1551959618225 84.2979161426279 0 77.8007545217567
92.1259843966288 90.5071827667161 90.5549367782243 92.4620897596694 87.4269372455433 89.6675223265374 89.9130061550656 83.8681130724119 86.5507701462811 89.2254232804135 79.2234877779738 82.3105428072981 88.1647383903082 80.4299114571472 79.0220684557673 85.5160989963473 77.8007545217567 0
