0 86.9818148487283 88.9782497052775 78.8143980660997 86.7211265026863 89.3258445062795 85.280235595651 87.8333161667972 90.1718886978531 89.7150341705748 90.9919224819373 92.4653029590761 91.0973538727635 91.8812299248282 92.5513226711176 91.9748721612208 91.5491824493427 95.1085772784206
86.9818148487283 0 75.2408599357581 87.0006960745015 70.4857622301273 78.1860958317419 87.5803463896305 81.2493343553935 83.7944074314021 88.2737039650698 88.9628594842768 88.8282026213424 90.6877631897884 88.9949461517284 89.0967897908913 92.1498988973393 89.6733443594745 93.071203908499
88.9782497052775 75.2408599357581 0 88.9180900111074 77.5803463896305 74.3872598725851 89.0758101447101 82.5868656935784 83.1155436921792 88.9429424097939 89.2869082629181 88.3583985463156 91.2300661506264 88.9312242752465 88.6815671379067 92.6642558120015 89.9209821808502 92.8028645510118
78.8143980660997 87.0006960745015 88.9180900111074 0 86.2325041385106 88.7737928568809 79.8195101390914 86.1664750873007 88.9298435901867 87.1696213970273 88.922933573106 91.1280535696592 88.752627842099 90.2237091998029 91.1875780396568 89.8242892483495 89.5851835781975 93.9276101639678
86.7211265026863 70.4857622301273 77.5803463896305 86.2325041385106 0 77.6085169412828 86.4578371154628 78.4018890874713 82.3859648733539 87.0775265860798 87.9016548640009 88.0092349242682 89.7949696782977 88.0402758330119 88.2837306233053 91.4022364375504 88.7078063741376 92.5457708553321
89.3258445062795 78.1860958317419 74.3872598725851 88.7737928568809 77.6085169412828 0 88.3564292247297 79.7799514872702 79.178079427437 87.4889526831515 87.7157555952006 86.42415884094 90.1239027507867 87.1561388112382 86.8232514000465 91.7577103992525 88.4410866572288 91.6982592851353
85.280235595651 87.5803463896305 89.0758101447101 79.8195101390914 86.4578371154628 88.3564292247297 0 84.5700464329907 87.4034512316464 82.7674836600796 85.5912123321934 89.1757964991576 84.909688805571 87.7056993033671 89.1836186908149 86.6235933661133 86.4584470367922 92.2087096562887
87.8333161667972 81.2493343553935 82.5868656935784 86.1664750873007 78.4018890874713 79.7799514872702 84.5700464329907 0 77.7285209261352 83.3011458390096 84.3616377049391 85.1470209343093 87.2501578496618 84.716399646416 85.4496766417041 89.4045424311949 85.5440425686756 90.8229030470105
90.1718886978531 83.7944074314021 83.1155436921792 88.9298435901867 82.3859648733539 79.178079427437 87.4034512316464 77.7285209261352 0 84.3990346962979 84.0608757462916 81.7079210128555 87.8101466103973 82.7531929436013 82.3310992930275 89.9055670090681 85.0265849374382 89.4402946449562
89.7150341705748 88.2737039650698 88.9429424097939 87.1696213970273 87.0775265860798 87.4889526831515 82.7674836600796 83.3011458390096 84.3990346962979 0 74.484421527208 84.3368576261899 78.5210920458533 80.8776994407101 84.1913043119513 83.5404701896413 77.3031982537424 88.6389564942146
90.9919224819373 88.9628594842768 89.2869082629181 88.922933573106 87.9016548640009 87.7157555952006 85.5912123321934 84.3616377049391 84.0608757462916 74.484421527208 0 81.7441879861927 79.4589779583689 75.9539297579115 81.3828513183668 84.0065149467783 67.9762509169206 86.7690837883171
92.4653029590761 88.8282026213424 88.3583985463156 91.1280535696592 88.0092349242682 86.42415884094 89.1757964991576 85.1470209343093 81.7079210128555 84.3368576261899 81.7441879861927 0 86.573399006352 75.7217818991216 60.943337135734 88.7147042607757 81.8211513138294 84.8667886893461
91.0973538727635 90.6877631897884 91.2300661506264 88.752627842099 89.7949696782977 90.1239027507867 84.909688805571 87.2501578496618 87.8101466103973 78.5210920458533 79.4589779583689 86.573399006352 0 83.6396338793095 86.301340043983 76.5304228410657 79.1123755294906 88.3532764515829
91.8812299248282 88.9949461517284 88.9312242752465 90.2237091998029 88.0402758330119 87.1561388112382 87.7056993033671 84.716399646416 82.7531929436013 80.8776994407101 75.9539297579115 75.7217818991216 83.6396338793095 0 74.7904545651168 86.5310226538999 75.891837352535 85.0299758763721
92.5513226711176 89.0967897908913 88.6815671379067 91.1875780396568 88.2837306233053 86.8232514000465 89.1836186908149 85.4496766417041 82.3310992930275 84.1913043119513 81.3828513183668 60.943337135734 86.301340043983 74.7904545651168 0 88.4653586674992 81.3176021151403 84.3872598725851
91.9748721612208 92.1498988973393 92.6642558120015 89.8242892483495 91.4022364375504 91.7577103992525 86.6235933661133 89.4045424311949 89.9055670090681 83.5404701896413 84.0065149467783 88.7147042607757 76.5304228410657 86.5310226538999 88.4653586674992 0 83.5201228844259 89.2027885677725
91.5491824493427 89.6733443594745 89.9209821808502 89.5851835781975 88.7078063741376 88.4410866572288 86.4584470367922 85.5440425686756 85.0265849374382 77.3031982537424 67.9762509169206 81.8211513138294 79.1123755294906 75.891837352535 81.3176021151403 83.5201228844259 0 85.9126336164662
95.1085772784206 93.071203908499 92.8028645510118 93.9276101639678 92.5457708553321 91.6982592851353 92.2087096562887 90.8229030470105 89.4402946449562 88.6389564942146 86.7690837883171 84.8667886893461 88.3532764515829 85.0299758763721 84.3872598725851 89.2027885677725 85.9126336164662 0
