0 87.1597728576798 87.5353659103793 64.9227372224544 87.4269372455433 87.6910302758883 85.13049210439 86.230576368344 88.5494465197111 81.5142900318607 88.8423157049103 89.8242892483495 88.370981102352 87.3827962632147 91.2844054328105 89.4550030024363 90.5299314062634 92.4912274231215
87.1597728576798 0 67.9330371790942 86.4681941466635 78.444562403568 74.0075874112409 87.5576776396732 85.6854997764966 81.1303421223965 87.9693655491383 88.404227566296 88.2993261327158 92.0384476580333 88.1221216222575 90.2693429807388 92.3200425081016 90.5634770122259 91.8113829030023
87.5353659103793 67.9330371790942 0 86.8678806412791 75.891837352535 68.3073021585004 87.2169957016613 85.042668369047 79.0724707021626 87.9016548640009 87.7998589768893 87.5803463896305 91.8922391058005 87.6295255839015 89.6838043908563 92.1226754861304 90.0775016362782 91.3185980891887
64.9227372224544 86.4681941466635 86.8678806412791 0 86.7696515306304 87.0371465782411 84.7680103558923 85.7007752032153 87.9869874979613 81.3513377482993 88.5252623043911 89.4927706264932 88.5039900752209 87.0605702158074 91.0403950196392 89.5169636829654 90.3290346979446 92.3045155646988
87.4269372455433 78.444562403568 75.891837352535 86.7696515306304 0 71.6251957531956 85.1798910614678 81.8512064152267 71.4548623602078 86.6563483913967 85.3152916605193 84.9616488848235 90.8130687794128 85.2970022018606 87.7056993033671 90.9574288197928 88.2106092259997 89.7170505944318
87.6910302758883 74.0075874112409 68.3073021585004 87.0371465782411 71.6251957531956 0 86.6141892323664 84.0576968186256 76.108690874692 87.6014914156434 86.9470754473467 86.6235933661133 91.579109896795 86.8784130290517 88.9298435901867 91.7634671721516 89.4098004215052 90.6953567583125
85.13049210439 87.5576776396732 87.2169957016613 84.7680103558923 85.1798910614678 86.6141892323664 0 76.2325041385106 85.6120133392751 77.3382020284199 80.1497871498019 83.1391823978766 84.3872598725851 74.7904545651168 85.5949341121958 84.8314512704693 83.8403412370211 87.6629294476477
86.230576368344 85.6854997764966 85.042668369047 85.7007752032153 81.8512064152267 84.0576968186256 76.2325041385106 0 82.1226754861304 81.9401435468265 78.2753097867997 80.4857622301273 87.1342704420015 75.891837352535 84.469985132245 87.2272264362371 83.8045321616377 87.1368796008778
88.5494465197111 81.1303421223965 79.0724707021626 87.9869874979613 71.4548623602078 76.108690874692 85.6120133392751 82.1226754861304 0 87.4191226778586 84.7544879428325 83.8924062417859 91.0054295411106 85.2125142745422 86.8277350187893 91.0301903276857 87.6795355234814 88.9959663008508
81.5142900318607 87.9693655491383 87.9016548640009 81.3513377482993 86.6563483913967 87.6014914156434 77.3382020284199 81.9401435468265 87.4191226778586 0 84.875578299347 86.7159566715922 84.0438945132429 82.1375457701549 88.4131800884748 85.3962648299937 87.0012343337597 89.8889898091495
88.8423157049103 88.404227566296 87.7998589768893 88.5252623043911 85.3152916605193 86.9470754473467 80.1497871498019 78.2753097867997 84.7544879428325 84.875578299347 0 73.5201228844259 86.6917490863679 73.6501254971811 79.0758101447101 86.1033994395945 77.4802850888848 83.3250531720355
89.8242892483495 88.2993261327158 87.5803463896305 89.4927706264932 84.9616488848235 86.6235933661133 83.1391823978766 80.4857622301273 83.8924062417859 86.7159566715922 73.5201228844259 0 88.3784347830183 79.4098004215052 76.5364172448041 87.8007545217567 79.0220684557673 82.3184606669553
88.370981102352 92.0384476580333 91.8922391058005 88.5039900752209 90.8130687794128 91.579109896795 84.3872598725851 87.1342704420015 91.0054295411106 84.0438945132429 86.6917490863679 88.3784347830183 0 85.1338029067756 88.6815671379067 73.2478263495168 86.4339831229612 89.275127108415
87.3827962632147 88.1221216222575 87.6295255839015 87.0605702158074 85.2970022018606 86.8784130290517 74.7904545651168 75.891837352535 85.2125142745422 82.1375457701549 73.6501254971811 79.4098004215052 85.1338029067756 0 82.6459542896836 84.8570995274305 80.3134982103822 85.4535216572886
91.2844054328105 90.2693429807388 89.6838043908563 91.0403950196392 87.7056993033671 88.9298435901867 85.5949341121958 84.469985132245 86.8277350187893 88.4131800884748 79.0758101447101 76.5364172448041 88.6815671379067 82.6459542896836 0 87.7580108710713 76.0621707455228 76.0621707455228
89.4550030024363 92.3200425081016 92.1226754861304 89.5169636829654 90.9574288197928 91.7634671721516 84.8314512704693 87.2272264362371 91.0301903276857 85.3962648299937 86.1033994395945 87.8007545217567 73.2478263495168 84.8570995274305 87.7580108710713 0 85.1470209343093 88.1552582241713
90.5299314062634 90.5634770122259 90.0775016362782 90.3290346979446 88.2106092259997 89.4098004215052 83.8403412370211 83.8045321616377 87.6795355234814 87.0012343337597 77.4802850888848 79.0220684557673 86.4339831229612 80.3134982103822 76.0621707455228 85.1470209343093 0 79.0724707021626
92.4912274231215 91.8113829030023 91.3185980891887 92.3045155646988 89.7170505944318 90.6953567583125 87.6629294476477 87.1368796008778 88.9959663008508 89.8889898091495 83.3250531720355 82.3184606669553 89.275127108415 85.4535216572886 76.0621707455228 88.1552582241713 79.0724707021626 0
