0 83.7228656061221 87.0589771566153 77.4754622734875 86.2459746228643 87.6202009537621 80.6305009104019 82.6135550936366 87.4802850888848 87.6624672601499 87.9095217280563 89.6849650629602 88.6903311765032 87.9607434601061 90.2814988783078 92.1042650678744 90.3397774552973 93.5595339012134
83.7228656061221 0 80.1288824412368 79.9003244053271 84.9383437488801 85.5266933956535 84.3774230737726 84.4039314662598 85.5107920892135 89.804012184929 89.6745078300645 89.7571837034398 90.6635131224742 89.9110787108283 90.1120859211209 93.7411469057037 91.5218992231529 93.9792931093108
87.0589771566153 80.1288824412368 0 83.6582681575906 82.240236057727 81.5653952239311 85.3208427639379 84.4815380847081 81.7369587796645 89.4082546144702 89.0594222852791 88.0198903710459 90.229855602271 89.4144345441064 88.222814231182 93.4147193967429 90.6875328742569 92.9195881315454
77.4754622734875 79.9003244053271 83.6582681575906 0 82.9586738701678 84.6953993467273 77.4802850888848 78.9298435901867 84.5321991797927 87.0371465782411 87.042481236594 88.1815866621444 88.2044938368376 87.2598037653182 88.7941429171074 92.0237415546845 89.6253716921052 92.8815373958952
86.2459746228643 84.9383437488801 82.240236057727 82.9586738701678 0 72.0827706588024 80.8378353124009 78.0402758330119 70.8776994407101 84.6140995584215 83.8714337899069 82.3578348697387 85.9140164997191 84.5502177560408 83.1679005025265 90.6234942756704 86.573399006352 90.2152436677784
87.6202009537621 85.5266933956535 81.5653952239311 84.6953993467273 72.0827706588024 0 83.5008850021645 81.5597464763509 54.9227372224544 85.9873660604156 85.2287344421139 82.4324470668276 86.9996193558102 85.8576544925637 82.8100758107315 91.1568842665482 87.1861580940907 90.1822506349345
80.6305009104019 84.3774230737726 85.3208427639379 77.4802850888848 80.8378353124009 83.5008850021645 0 69.7799514872702 83.2132005909862 83.5261172881643 83.5879734777828 85.9084823227115 85.2198208476034 83.8714337899069 86.8193244329465 90.2283198169709 87.2415090959192 91.424840769058
82.6135550936366 84.4039314662598 84.4815380847081 78.9298435901867 78.0402758330119 81.5597464763509 69.7799514872702 0 81.1881938127257 83.1155436921792 82.9023336598264 84.6807303192485 84.8782117172058 83.361291448686 85.6716327028611 90.1155029757772 86.6726337265277 90.9398613893948
87.4802850888848 85.5107920892135 81.7369587796645 84.5321991797927 70.8776994407101 54.9227372224544 83.2132005909862 81.1881938127257 0 85.7563298690626 84.984829627831 82.2547098735201 86.8030176358052 85.6282873808047 82.6999046085507 91.0473968619858 87.0312708756033 90.1288824412368
87.6624672601499 89.804012184929 89.4082546144702 87.0371465782411 84.6140995584215 85.9873660604156 83.5261172881643 83.1155436921792 85.7563298690626 0 67.0711757029314 82.2930725357932 70.2119042252309 60.943337135734 83.7910272692242 84.9822600913282 79.115684439989 87.7239661854775
87.9095217280563 89.6745078300645 89.0594222852791 87.042481236594 83.8714337899069 85.2287344421139 83.5879734777828 82.9023336598264 84.984829627831 67.0711757029314 0 80.6398255405413 72.3578348697387 63.2478263495168 82.4247345007462 85.3563600026657 78.0908247429846 87.2516823140145
89.6849650629602 89.7571837034398 88.0198903710459 88.1815866621444 82.3578348697387 82.4324470668276 85.9084823227115 84.6807303192485 82.2547098735201 82.2930725357932 80.6398255405413 0 82.7445958873746 81.6492564508544 68.103370572082 87.8673994840703 80.788610269172 85.7152734467552
88.6903311765032 90.6635131224742 90.229855602271 88.2044938368376 85.9140164997191 86.9996193558102 85.2198208476034 84.8782117172058 86.8030176358052 70.2119042252309 72.3578348697387 82.7445958873746 0 69.3002428506583 84.0608757462916 83.2707577629414 76.706750637792 86.8833931536174
87.9607434601061 89.9110787108283 89.4144345441064 87.2598037653182 84.5502177560408 85.8576544925637 83.8714337899069 83.361291448686 85.6282873808047 60.943337135734 63.2478263495168 81.6492564508544 69.3002428506583 0 83.233752867468 84.8465048204424 78.0908247429846 87.3431796161499
90.2814988783078 90.1120859211209 88.222814231182 88.7941429171074 83.1679005025265 82.8100758107315 86.8193244329465 85.6716327028611 82.6999046085507 83.7910272692242 82.4247345007462 68.103370572082 84.0608757462916 83.233752867468 0 88.3287645450219 81.8810549507213 85.3374536285919
92.1042650678744 93.7411469057037 93.4147193967429 92.0237415546845 90.6234942756704 91.1568842665482 90.2283198169709 90.1155029757772 91.0473968619858 84.9822600913282 85.3563600026657 87.8673994840703 83.2707577629414 84.8465048204424 88.3287645450219 0 82.79025144391 85.9955154510521
90.3397774552973 91.5218992231529 90.6875328742569 89.6253716921052 86.573399006352 87.1861580940907 87.2415090959192 86.6726337265277 87.0312708756033 79.115684439989 78.0908247429846 80.788610269172 76.706750637792 78.0908247429846 81.8810549507213 82.79025144391 0 83.7136960174551
93.5595339012134 93.9792931093108 92.9195881315454 92.8815373958952 90.2152436677784 90.1822506349345 91.424840769058 90.9398613893948 90.1288824412368 87.7239661854775 87.2516823140145 85.7152734467552 86.8833931536174 87.3431796161499 85.3374536285919 85.9955154510521 83.7136960174551 0
