0 81.6418673468703 83.9405886754904 77.0178873678807 75.604595839916 84.8252375517326 82.8759748657475 85.5266933956535 87.0849242308258 86.1560258917179 88.8676042540802 90.1990362311678 90.2807401307034 90.4520948838155 89.7161865274158 92.3974767874129 91.39989132937 92.483618631766
81.6418673468703 0 73.051870788883 83.1457259350781 77.3877230304124 80.7841074747623 88.1341628747489 84.1913043119513 85.4619687279401 88.976883891973 89.3756649167141 89.918783360567 91.8255842475807 91.3769599159453 89.3002428506583 93.8071158103265 91.7300798693387 92.7636297985507
83.9405886754904 73.051870788883 0 84.2979161426279 80.1576005458867 78.1407920610298 89.0741407444131 83.051870788883 84.1009420423914 89.2970716604341 88.9755176489986 89.2408763249838 91.8554327830753 91.1810043553115 88.5494465197111 93.8714337899069 91.3384697542362 92.3912579207112
77.0178873678807 83.1457259350781 84.2979161426279 0 76.9693623399366 83.2644000618806 81.989915045822 82.7445958873746 84.8632678583311 83.0384872811603 86.3397427924283 88.2171228302489 88.3311427205777 88.3835273089838 87.6592305696904 91.0165466649615 89.5721015136717 90.8882683645691
75.604595839916 77.3877230304124 80.1576005458867 76.9693623399366 0 81.2331141878218 85.2505360143668 82.8926411279113 84.8394272962539 86.4900454874486 87.9477781460115 89.0808144988098 90.2662986825928 90.0222854898969 88.4661269903352 92.5337426120358 90.7338104052137 91.90426484507
84.8252375517326 80.7841074747623 78.1407920610298 83.2644000618806 81.2331141878218 0 88.6555361552294 76.1350517739506 78.0402758330119 87.7089015591327 86.2093142267685 86.4044433532283 90.2936208464798 89.2027885677725 85.4304003347848 92.6840806541128 89.2338005042658 90.5397125489943
82.8759748657475 88.1341628747489 89.0741407444131 81.989915045822 85.2505360143668 88.6555361552294 0 88.034764211962 89.1940264119802 82.2867022452208 88.5933131285828 90.5473313346887 87.8598975707155 89.1787314723026 90.2847852536588 89.9864343934094 90.857813115772 91.8959026397782
85.5266933956535 84.1913043119513 83.051870788883 82.7445958873746 82.8926411279113 76.1350517739506 88.034764211962 0 71.5879170280032 85.8541512699659 82.9422595709972 83.6009463029101 88.5369933522933 87.0312708756033 82.2867022452208 91.3855979068609 87.1138650255161 88.7737928568809
87.0849242308258 85.4619687279401 84.1009420423914 84.8632678583311 84.8394272962539 78.0402758330119 89.1940264119802 71.5879170280032 0 86.9399849236182 82.8143121415688 82.2787262194362 88.8965747790272 87.0589771566153 80.6398255405413 91.6251957531956 86.6376614949834 88.2993261327158
86.1560258917179 88.976883891973 89.2970716604341 83.0384872811603 86.4900454874486 87.7089015591327 82.2867022452208 85.8541512699659 86.9399849236182 0 83.6442999499373 87.0859800093211 81.9745296711912 83.9547226928842 86.9164488363693 86.6136007973246 86.9230298879921 88.4453344140258
88.8676042540802 89.3756649167141 88.9755176489986 86.3397427924283 87.9477781460115 86.2093142267685 88.5933131285828 82.9422595709972 82.8143121415688 83.6442999499373 0 77.5186760113139 83.5737769688657 78.8108513571896 77.6457956664753 87.9334714518628 79.5166621000467 83.1821886544929
90.1990362311678 89.918783360567 89.2408763249838 88.2171228302489 89.0808144988098 86.4044433532283 90.5473313346887 83.6009463029101 82.2787262194362 87.0859800093211 77.5186760113139 0 86.6882798185873 82.7517612822008 67.0178873678807 89.7170505944318 79.4344587975798 82.4784370287424
90.2807401307034 91.8255842475807 91.8554327830753 88.3311427205777 90.2662986825928 90.2936208464798 87.8598975707155 88.5369933522933 88.8965747790272 81.9745296711912 83.5737769688657 86.6882798185873 0 78.5663707686117 87.0141325830197 80.3185160559075 84.0830633243401 85.3176715737137
90.4520948838155 91.3769599159453 91.1810043553115 88.3835273089838 90.0222854898969 89.2027885677725 89.1787314723026 87.0312708756033 87.0589771566153 83.9547226928842 78.8108513571896 82.7517612822008 78.5663707686117 0 83.4960621867671 84.5502177560408 77.6457956664753 80.7683108277111
89.7161865274158 89.3002428506583 88.5494465197111 87.6592305696904 88.4661269903352 85.4304003347848 90.2847852536588 82.2867022452208 80.6398255405413 86.9164488363693 77.6457956664753 67.0178873678807 87.0141325830197 83.4960621867671 0 90.0487808139227 81.1303421223965 83.8045321616377
92.3974767874129 93.8071158103265 93.8714337899069 91.0165466649615 92.5337426120358 92.6840806541128 89.9864343934094 91.3855979068609 91.6251957531956 86.6136007973246 87.9334714518628 89.7170505944318 80.3185160559075 84.5502177560408 90.0487808139227 0 87.2704401740636 87.4444687801697
91.39989132937 91.7300798693387 91.3384697542362 89.5721015136717 90.7338104052137 89.2338005042658 90.857813115772 87.1138650255161 86.6376614949834 86.9230298879921 79.5166621000467 79.4344587975798 84.0830633243401 77.6457956664753 81.1303421223965 87.2704401740636 0 73.9209422467254
92.483618631766 92.7636297985507 92.3912579207112 90.8882683645691 91.90426484507 90.5397125489943 91.8959026397782 88.7737928568809 88.2993261327158 88.4453344140258 83.1821886544929 82.4784370287424 85.3176715737137 80.7683108277111 83.8045321616377 87.4444687801697 73.9209422467254 0
