0 76.3902173587608 83.3836330260342 77.7239661854775 82.5344953540117 86.9208373119925 84.6595564074942 84.4892230145064 88.3882228079391 88.5513302520412 88.3073021585004 89.1666527665572 90.577673521143 91.3008355089306 92.5180559259582 92.7909610174463 92.8634330622707 92.5882040662155
76.3902173587608 0 79.115684439989 82.099442252477 79.4005173154006 84.7922451010396 86.8634382986654 85.4024912752453 87.3630331127546 89.3220611784301 88.3631212778937 88.1581456834345 91.3608158529667 91.2422454850466 92.2198913334861 93.2971063597564 93.1125138990467 92.3603427057079
83.3836330260342 79.115684439989 0 85.1733369084502 72.9436298012717 78.7716451877599 88.2905355522908 85.5138254015903 84.2888798422065 89.2408763249838 87.2415090959192 85.2060092071301 91.4201736537717 90.1152402208497 90.8300412803813 93.1151486216191 92.5588138669913 91.0811860512014
77.7239661854775 82.099442252477 85.1733369084502 0 83.5008850021645 87.3630331127546 79.5317156500199 80.6792333700066 87.8007545217567 85.8966987288694 86.4044433532283 88.6643528285041 88.4018890874713 89.9810175610028 91.6155340254754 91.1951664790885 91.4604563293017 91.6166499378157
82.5344953540117 79.4005173154006 72.9436298012717 83.5008850021645 0 78.9298435901867 86.86121542219 83.1990142701287 82.9518421166448 87.7994111351958 85.5410302954014 84.2169264795973 90.3185160559075 89.0714683684691 90.0814756595712 92.2366906648989 91.6850993900875 90.3049545448456
86.9208373119925 84.7922451010396 78.7716451877599 87.3630331127546 78.9298435901867 0 89.276402288581 85.8987805111985 79.4497994875647 88.9177438356005 85.8716391925209 80.4078597858648 91.1490214837476 88.4856734369361 88.8398492236681 92.5856756826601 91.6238963873093 89.2428040951504
84.6595564074942 86.8634382986654 88.2905355522908 79.5317156500199 86.86121542219 89.276402288581 0 80.3509914920462 88.7078063741376 82.6751998198568 85.6459716053848 89.4476550503375 85.2125142745422 89.113037513307 91.2121411149047 89.0981184164677 89.9464621055713 91.0853912752715
84.4892230145064 85.4024912752453 85.5138254015903 80.6792333700066 83.1990142701287 85.8987805111985 80.3509914920462 0 84.5321991797927 80.5456658670191 80.1471795575176 85.6942351696241 85.4102617994493 86.3397427924283 88.8030383870541 88.8179418809182 88.6947065725435 88.7608908822587
88.3882228079391 87.3630331127546 84.2888798422065 87.8007545217567 82.9518421166448 79.4497994875647 88.7078063741376 84.5321991797927 0 86.7894758974519 81.780154608477 68.1860958317419 89.3794018549791 84.7680103558923 85.3461292680899 90.7683108277111 89.3068948224339 85.8862748223873
88.5513302520412 89.3220611784301 89.2408763249838 85.8966987288694 87.7994111351958 88.9177438356005 82.6751998198568 80.5456658670191 86.7894758974519 0 79.8920337031866 87.4546629212388 78.3823526405858 84.0756800526813 87.7525816237939 84.6028943623908 85.0947406576928 87.4098245784636
88.3073021585004 88.3631212778937 87.2415090959192 86.4044433532283 85.5410302954014 85.8716391925209 85.6459716053848 80.1471795575176 81.780154608477 79.8920337031866 0 82.7973419676385 84.6953993467273 80.6188168979226 84.8358842042205 87.2093068035438 85.7863355292019 84.7354855495203
89.1666527665572 88.1581456834345 85.2060092071301 88.6643528285041 84.2169264795973 80.4078597858648 89.4476550503375 85.6942351696241 68.1860958317419 87.4546629212388 82.7973419676385 0 89.7997758540917 84.7245895919278 84.7182209694953 90.971043416746 89.3709892175519 85.3962648299937
90.577673521143 91.3608158529667 91.4201736537717 88.4018890874713 90.3185160559075 91.1490214837476 85.2125142745422 85.4102617994493 89.3794018549791 78.3823526405858 84.6953993467273 89.7997758540917 0 85.7094799560591 88.8756516062992 80.2528274474092 83.7136960174551 88.4011093146316
91.3008355089306 91.2422454850466 90.1152402208497 89.9810175610028 89.0714683684691 88.4856734369361 89.113037513307 86.3397427924283 84.7680103558923 84.0756800526813 80.6188168979226 84.7245895919278 85.7094799560591 0 78.6848557252811 85.9077900544676 81.828241837558 77.4802850888848
92.5180559259582 92.2198913334861 90.8300412803813 91.6155340254754 90.0814756595712 88.8398492236681 91.2121411149047 88.8030383870541 85.3461292680899 87.7525816237939 84.8358842042205 84.7182209694953 88.8756516062992 78.6848557252811 0 88.5603608111481 85.0637404376506 66.625354376404
92.7909610174463 93.2971063597564 93.1151486216191 91.1951664790885 92.2366906648989 92.5856756826601 89.0981184164677 88.8179418809182 90.7683108277111 84.6028943623908 87.2093068035438 90.971043416746 80.2528274474092 85.9077900544676 88.5603608111481 0 79.5556933220744 87.9016548640009
92.8634330622707 93.1125138990467 92.5588138669913 91.4604563293017 91.6850993900875 91.6238963873093 89.9464621055713 88.6947065725435 89.3068948224339 85.0947406576928 85.7863355292019 89.3709892175519 83.7136960174551 81.828241837558 85.0637404376506 79.5556933220744 0 83.9979256835207
92.5882040662155 92.3603427057079 91.0811860512014 91.6166499378157 90.3049545448456 89.2428040951504 91.0853912752715 88.7608908822587 85.8862748223873 87.4098245784636 84.7354855495203 85.3962648299937 88.4011093146316 77.4802850888848 66.625354376404 87.9016548640009 83.9979256835207 0
