0 79.5166621000467 87.9951295844708 82.3358293114501 84.8429675000929 88.6665542029632 81.6065963893544 83.2631274040491 88.2773162293482 86.3852582433843 88.6167513594206 90.4041735968028 87.3744079106752 91.3176021151403 92.3366171472471 90.9182931323142 91.4929130958581 92.7687675209955
79.5166621000467 0 84.056636658772 84.2107909313872 79.3349739648805 86.1020755728508 84.0672266294399 81.7423818124012 86.7325930303217 87.4142314228996 87.7198628306637 89.8444720786432 88.5779914470215 91.3556844474483 91.8784294928163 91.8362048638026 91.9625254725383 92.4233447830984
87.9951295844708 84.056636658772 0 88.3073021585004 78.444562403568 80.8378353124009 88.5028475457753 85.1097422091168 85.2642069935148 89.661984156616 87.2256933616249 89.230258266053 90.6674485222223 91.5047597563245 91.0406073626202 93.1198870980245 92.6708255255615 91.7396711425
82.3358293114501 84.2107909313872 88.3073021585004 0 85.0299758763721 87.0006960745015 63.2478263495168 78.3311427205777 84.8002933898396 77.8718063285063 84.2969130372258 86.6446785071237 80.6398255405413 87.5576776396732 89.3809579640714 87.2154590106673 87.7998589768893 89.8934165864394
84.8429675000929 79.3349739648805 78.444562403568 85.0299758763721 0 80.9368178278012 85.2706255349662 80.1471795575176 83.341335320205 87.2195556456312 85.3461292680899 88.0173354470665 88.5263989529871 90.2946294848908 90.3405259592751 91.6746527851439 91.3779423715131 91.0505757896518
88.6665542029632 86.1020755728508 80.8378353124009 87.0006960745015 80.9368178278012 0 87.4142314228996 83.2222041818708 78.5210920458533 87.6131943190306 82.41855457111 85.2898244381533 88.7912925143016 88.7852291895436 87.8475131591322 91.4131635633162 90.5494717122131 88.8451328264355
81.6065963893544 84.0672266294399 88.5028475457753 63.2478263495168 85.2706255349662 87.4142314228996 0 79.2234877779738 85.4496766417041 78.922933573106 85.0299758763721 87.2093068035438 81.1902457592883 88.0062467083217 89.7904413548438 87.4352248455128 88.1383073018398 90.2723851464011
83.2631274040491 81.7423818124012 85.1097422091168 78.3311427205777 80.1471795575176 83.2222041818708 79.2234877779738 0 81.1490214837476 82.1654959184623 82.0509172245329 85.6657806624687 84.3724963065749 87.8718063285063 88.7827300638441 89.0594222852791 88.8986615628356 89.5060934823739
88.2773162293482 86.7325930303217 85.2642069935148 84.8002933898396 83.341335320205 78.5210920458533 85.4496766417041 81.1490214837476 0 84.5007249717544 73.6150544197642 80.6047544631244 86.0070343066891 85.7181672964835 85.2003092693599 89.2202600224785 88.0500100602356 86.4541757875918
86.3852582433843 87.4142314228996 89.661984156616 77.8718063285063 87.2195556456312 87.6131943190306 78.922933573106 82.1654959184623 84.5007249717544 0 82.7632013805355 84.4195641304064 71.4548623602078 84.4555005891274 87.5047984831427 83.9110856031371 84.4651623168477 87.9697962045821
88.6167513594206 87.7198628306637 87.2256933616249 84.2969130372258 85.3461292680899 82.41855457111 85.0299758763721 82.0509172245329 73.6150544197642 82.7632013805355 0 76.625354376404 84.3199260459954 83.3049294415307 83.4864004590469 87.7430640785082 86.2254314605081 84.8632678583311
90.4041735968028 89.8444720786432 89.230258266053 86.6446785071237 88.0173354470665 85.2898244381533 87.2093068035438 85.6657806624687 80.6047544631244 84.4195641304064 76.625354376404 0 85.1626652685191 79.5317156500199 78.3784347830183 87.0541944698827 84.5007249717544 80.6188168979226
87.3744079106752 88.5779914470215 90.6674485222223 80.6398255405413 88.5263989529871 88.7912925143016 81.1902457592883 84.3724963065749 86.0070343066891 71.4548623602078 84.3199260459954 85.1626652685191 0 84.1458388545984 87.7303414857171 81.7423818124012 83.1925505915743 88.0377328770581
91.3176021151403 91.3556844474483 91.5047597563245 87.5576776396732 90.2946294848908 88.7852291895436 88.0062467083217 87.8718063285063 85.7181672964835 84.4555005891274 83.3049294415307 79.5317156500199 84.1458388545984 0 79.9985976200845 83.5547758127407 77.9762509169206 79.7657356159223
92.3366171472471 91.8784294928163 91.0406073626202 89.3809579640714 90.3405259592751 87.8475131591322 89.7904413548438 88.7827300638441 85.2003092693599 87.5047984831427 83.4864004590469 78.3784347830183 87.7303414857171 79.9985976200845 0 87.9762509169206 84.9374781893717 69.6356543330438
90.9182931323142 91.8362048638026 93.1198870980245 87.2154590106673 91.6746527851439 91.4131635633162 87.4352248455128 89.0594222852791 89.2202600224785 83.9110856031371 87.7430640785082 87.0541944698827 81.7423818124012 83.5547758127407 87.9762509169206 0 77.9199887622108 87.7593671230427
91.4929130958581 91.9625254725383 92.6708255255615 87.7998589768893 91.3779423715131 90.5494717122131 88.1383073018398 88.8986615628356 88.0500100602356 84.4651623168477 86.2254314605081 84.5007249717544 83.1925505915743 77.9762509169206 84.9374781893717 77.9199887622108 0 84.469985132245
92.7687675209955 92.4233447830984 91.7396711425 89.8934165864394 91.0505757896518 88.8451328264355 90.2723851464011 89.5060934823739 86.4541757875918 87.9697962045821 84.8632678583311 80.6188168979226 88.0377328770581 79.7657356159223 69.6356543330438 87.7593671230427 84.469985132245 0
