0 80.1052437355394 87.2272264362371 70.8776994407101 82.3578348697387 86.108690874692 74.7182209694953 86.2408479351578 87.2663912798707 86.7211265026863 86.6265279866851 89.3475349130989 87.4132525105052 91.0632682823266 90.3375311690272 91.2066265229575 91.438812097267 92.6642558120015
80.1052437355394 0 84.5236379015036 77.9330371790942 80.497809241511 82.9641315458079 83.447537158823 87.7738075181225 86.2581263061566 88.6148957965558 88.4426317768107 89.2853180813548 89.8656749091077 91.9513489281837 90.6143687181552 92.8618976882969 92.0242494915462 93.1749205603375
87.2272264362371 84.5236379015036 0 85.7927384304143 80.3134982103822 69.0724707021626 87.858130529772 86.6282878076665 78.5513302520412 88.0550801394016 87.753034320393 84.9659509602808 90.3255313138615 90.2812459771682 87.4132525105052 92.8143121415688 89.804012184929 91.1105374675165
70.8776994407101 77.9330371790942 85.7927384304143 0 79.7314264593261 84.4584013650245 76.9639370490137 85.5372620133263 85.9566689221897 86.301340043983 86.1448960051827 88.502466635823 87.499043061226 90.7033960608153 89.6896046519108 91.2729477947893 90.9925666286993 92.2854270650549
82.3578348697387 80.497809241511 80.3134982103822 79.7314264593261 0 77.9330371790942 83.1352515379138 83.6952985535903 80.4004842763326 85.3563600026657 85.015546065008 85.3681348263785 87.8497272528937 89.4516367342193 87.3749017919311 91.3136159332918 89.4193721639877 90.9270204797757
86.108690874692 82.9641315458079 69.0724707021626 84.4584013650245 77.9330371790942 0 86.9054582071479 86.2254314605081 79.0891422958372 87.6758507678725 87.3719376615789 85.3681348263785 89.9333298446319 90.3049545448456 87.679995898191 92.6135550936366 89.9472815548933 91.2825983404627
74.7182209694953 83.447537158823 87.858130529772 76.9639370490137 83.1352515379138 86.9054582071479 0 84.598216984643 87.1882207608685 84.8065428746745 84.7680103558923 88.7827300638441 85.1994943815033 90.01879426857 89.6076874675251 89.8242892483495 90.5783821298769 91.898866095928
86.2408479351578 87.7738075181225 86.6282878076665 85.5372620133263 83.6952985535903 86.2254314605081 84.598216984643 0 83.0811701290871 71.8069354424815 69.546717201444 82.111074405493 81.693328996376 83.7365837901601 82.7517612822008 86.960135308793 84.5416919591329 87.0382140342669
87.2663912798707 86.2581263061566 78.5513302520412 85.9566689221897 80.4004842763326 79.0891422958372 87.1882207608685 83.0811701290871 0 85.1757958751021 84.7354855495203 79.6032551369968 88.3960373756239 87.6795355234814 83.6442999499373 91.1628752485782 87.0520671395345 88.8398492236681
86.7211265026863 88.6148957965558 88.0550801394016 86.301340043983 85.3563600026657 87.6758507678725 84.8065428746745 71.8069354424815 85.1757958751021 0 59.0724707021626 83.9590623832968 78.5210920458533 83.1194924223973 83.8314166105688 85.3563600026657 84.575695180571 86.9476203930553
86.6265279866851 88.4426317768107 87.753034320393 86.1448960051827 85.015546065008 87.3719376615789 84.7680103558923 69.546717201444 84.7354855495203 59.0724707021626 0 83.5153213971275 79.3756649167141 83.1574795141574 83.5081091981508 85.7376505077114 84.4776905142957 86.9076585592248
89.3475349130989 89.2853180813548 84.9659509602808 88.502466635823 85.3681348263785 85.3681348263785 88.7827300638441 82.111074405493 79.6032551369968 83.9590623832968 83.5153213971275 0 87.6243995150613 84.0756800526813 75.2408599357581 89.8195101390914 82.5163934390137 85.2125142745422
87.4132525105052 89.8656749091077 90.3255313138615 87.499043061226 87.8497272528937 89.9333298446319 85.1994943815033 81.693328996376 88.3960373756239 78.5210920458533 79.3756649167141 87.6243995150613 0 85.16595164387 87.2272264362371 82.21762491425 86.9361621489315 88.5085571896395
91.0632682823266 91.9513489281837 90.2812459771682 90.7033960608153 89.4516367342193 90.3049545448456 90.01879426857 83.7365837901601 87.6795355234814 83.1194924223973 83.1574795141574 84.0756800526813 85.16595164387 0 80.7750878561122 85.1014144120895 74.0502702591676 78.5962964327146
90.3375311690272 90.6143687181552 87.4132525105052 89.6896046519108 87.3749017919311 87.679995898191 89.6076874675251 82.7517612822008 83.6442999499373 83.8314166105688 83.5081091981508 75.2408599357581 87.2272264362371 80.7750878561122 0 88.8058810936318 77.6689334133668 81.9141740963992
91.2066265229575 92.8618976882969 92.8143121415688 91.2729477947893 91.3136159332918 92.6135550936366 89.8242892483495 86.960135308793 91.1628752485782 85.3563600026657 85.7376505077114 89.8195101390914 82.21762491425 85.1014144120895 88.8058810936318 0 87.2460899933109 87.9438809920164
91.438812097267 92.0242494915462 89.804012184929 90.9925666286993 89.4193721639877 89.9472815548933 90.5783821298769 84.5416919591329 87.0520671395345 84.575695180571 84.4776905142957 82.5163934390137 86.9361621489315 74.0502702591676 77.6689334133668 87.2460899933109 0 75.1097422091168
92.6642558120015 93.1749205603375 91.1105374675165 92.2854270650549 90.9270204797757 91.2825983404627 91.898866095928 87.0382140342669 88.8398492236681 86.9476203930553 86.9076585592248 85.2125142745422 88.5085571896395 78.5962964327146 81.9141740963992 87.9438809920164 75.1097422091168 0
