0 84.716399646416 86.7826891611015 76.4578371154628 78.0402758330119 85.6511159690853 83.778610784351 87.202632062897 86.7468837467999 87.5263136388159 87.5047984831427 88.8306757240111 89.9579203496951 90.5556491061807 89.7543293196242 91.1224310947009 90.4201245351034 91.4426850585252
84.716399646416 0 74.7544879428325 86.3340981236618 82.5163934390137 79.7997758540917 87.2668975981248 85.5523155632995 81.9504880014648 89.6736352563445 87.462413856604 86.4136961331341 91.4825686412198 90.649594902617 87.6057080946921 93.1457259350781 91.1770965171296 90.7689890066396
86.7826891611015 74.7544879428325 0 88.2821279127717 85.4673355948484 82.9106243619669 89.1074074319204 87.3546064637691 84.2077199036913 91.0727633677003 89.062436939935 87.761626602215 92.6077862929402 91.7251855928805 88.7179678607599 94.1194790620572 92.2705755542618 91.6841840260165
76.4578371154628 86.3340981236618 88.2821279127717 0 77.9199887622108 85.7756430047551 79.7342959307347 86.1468621765672 86.593546419187 84.9105599207718 85.8295492670283 88.103370572082 88.0173354470665 89.140092335677 89.0139495349064 89.3475349130989 88.7716451877599 90.3805076074556
78.0402758330119 82.5163934390137 85.4673355948484 77.9199887622108 0 81.4702765549837 80.6676799053077 83.5165222667104 82.9913175176426 85.6275489731146 84.3139343989393 85.8716391925209 88.5494465197111 88.5989051438011 87.1473005892469 90.4316219032679 88.7048987199532 89.5082092644203
85.6511159690853 79.7997758540917 82.9106243619669 85.7756430047551 81.4702765549837 0 84.8145647350099 79.4098004215052 69.6648998632169 87.274485297019 83.2478263495168 81.0399703025278 89.3622477542504 87.815504412848 83.1925505915743 91.6630772267669 88.6976210562157 87.8814856746282
83.778610784351 87.2668975981248 89.1074074319204 79.7342959307347 80.6676799053077 84.8145647350099 0 82.7531929436013 85.0930706154422 78.5776170713634 80.7683108277111 85.4963548523048 84.2005457159281 85.5807743482046 86.4602762870063 87.0520671395345 85.015546065008 87.5353659103793
87.202632062897 85.5523155632995 87.3546064637691 86.1468621765672 83.5165222667104 79.4098004215052 82.7531929436013 0 77.4658005457673 84.1758581374509 75.2970022018606 74.3279020717801 86.5111849588043 83.6663955797549 78.0105149591016 89.7907245134303 85.1872526798368 84.0279140776271
86.7468837467999 81.9504880014648 84.2077199036913 86.593546419187 82.9913175176426 69.6648998632169 85.0930706154422 77.4658005457673 0 87.1049402642099 82.3687959765968 78.4944597996847 89.0597573502655 87.0679967752654 81.2209091826396 91.53442531487 88.1778938560859 86.9230298879921
87.5263136388159 89.6736352563445 91.0727633677003 84.9105599207718 85.6275489731146 87.274485297019 78.5776170713634 84.1758581374509 87.1049402642099 0 80.6676799053077 86.0981015495578 77.7647878994723 82.5057990397075 86.5376151333289 83.6337942323103 80.3185160559075 85.8182560513189
87.5047984831427 87.462413856604 89.062436939935 85.8295492670283 84.3139343989393 83.2478263495168 80.7683108277111 75.2970022018606 82.3687959765968 80.6676799053077 0 79.4467356815688 83.7182832318441 80.6398255405413 80.6024062906859 88.0024016927371 82.0710623467877 82.6839352129843
88.8306757240111 86.4136961331341 87.761626602215 88.103370572082 85.8716391925209 81.0399703025278 85.4963548523048 74.3279020717801 78.4944597996847 86.0981015495578 79.4467356815688 0 87.5803463896305 83.8879993973499 70.237526392877 90.6584149528466 85.9195436335469 82.93128213749
89.9579203496951 91.4825686412198 92.6077862929402 88.0173354470665 88.5494465197111 89.3622477542504 84.2005457159281 86.5111849588043 89.0597573502655 77.7647878994723 83.7182832318441 87.5803463896305 0 81.1963957883817 87.5944545064845 80.3534795727897 75.9539297579115 85.1994943815033
90.5556491061807 90.649594902617 91.7251855928805 89.140092335677 88.5989051438011 87.815504412848 85.5807743482046 83.6663955797549 87.0679967752654 82.5057990397075 80.6398255405413 83.8879993973499 81.1963957883817 0 83.2093361878076 86.6917490863679 74.6168963459942 76.5840769255055
89.7543293196242 87.6057080946921 88.7179678607599 89.0139495349064 87.1473005892469 83.1925505915743 86.4602762870063 78.0105149591016 81.2209091826396 86.5376151333289 80.6024062906859 70.237526392877 87.5944545064845 83.2093361878076 0 90.7150838959359 85.6445006672441 81.2956326992361
91.1224310947009 93.1457259350781 94.1194790620572 89.3475349130989 90.4316219032679 91.6630772267669 87.0520671395345 89.7907245134303 91.53442531487 83.6337942323103 88.0024016927371 90.6584149528466 80.3534795727897 86.6917490863679 90.7150838959359 0 84.2066957450215 88.9946060487626
90.4201245351034 91.1770965171296 92.2705755542618 88.7716451877599 88.7048987199532 88.6976210562157 85.015546065008 85.1872526798368 88.1778938560859 80.3185160559075 82.0710623467877 85.9195436335469 75.9539297579115 74.6168963459942 85.6445006672441 84.2066957450215 0 81.5747935068004
91.4426850585252 90.7689890066396 91.6841840260165 90.3805076074556 89.5082092644203 87.8814856746282 87.5353659103793 84.0279140776271 86.9230298879921 85.8182560513189 82.6839352129843 82.93128213749 85.1994943815033 76.5840769255055 81.2956326992361 88.9946060487626 81.5747935068004 0
