0 84.3872598725851 88.7698546518372 84.9788316760572 87.4802850888848 88.5663707686117 82.7531929436013 86.9399849236182 90.4401640436861 89.2610753591142 90.4946802318904 91.3337088404238 89.725394391079 92.9674028621278 93.9418952827767 93.6817959041306 91.964414045358 93.2464210517943
84.3872598725851 0 82.9092436769071 83.1089544862133 77.0178873678807 80.3134982103822 84.4088227212188 79.1123755294906 84.6354957098355 88.372551361727 87.0611011057071 87.3127272086087 88.6566392187291 90.5380441564851 91.4168647432734 92.7756083766519 90.0477134234856 90.7308469490639
88.7698546518372 82.9092436769071 0 88.9298435901867 80.6861507245123 79.2202600224785 89.7081136010434 85.8295492670283 84.9891088131403 91.8144045767249 89.8870516742964 89.1044238431331 91.9391077449011 92.2255522124011 92.4932035272717 94.7153064858232 92.394679399349 92.2134127094473
84.9788316760572 83.1089544862133 88.9298435901867 0 85.2416670995592 86.7050223318121 75.604595839916 80.5170152200493 87.2093068035438 82.0323684124072 84.3852942944484 86.706750637792 82.8550516930196 88.6595793524246 90.3656506063001 89.950284880258 86.8159556326594 89.1787314723026
87.4802850888848 77.0178873678807 80.6861507245123 85.2416670995592 0 70.943337135734 86.8982993539898 78.9298435901867 80.5289759679537 89.0634413599724 86.3120766250236 85.6393484568723 89.2031127528075 89.8059877260316 90.4338200588907 92.7960665274058 89.8209163054689 89.8812320747146
88.5663707686117 80.3134982103822 79.2202600224785 86.7050223318121 70.943337135734 0 88.1762516005099 81.3769599159453 79.3756649167141 89.8889898091495 86.9164488363693 85.7813489603389 89.9810175610028 90.0281873245205 90.4396763737266 93.17946454439 90.2905935249614 90.0263103378749
82.7531929436013 84.4088227212188 89.7081136010434 75.604595839916 86.8982993539898 88.1762516005099 0 83.947117784441 89.0355663526282 83.7136960174551 87.0205673709395 88.8409064585869 84.5916601811258 90.270103721958 91.7715497451273 90.7816289464318 88.5115992665131 90.7372272668562
86.9399849236182 79.1123755294906 85.8295492670283 80.5170152200493 78.9298435901867 81.3769599159453 83.947117784441 0 81.9745296711912 85.8295492670283 82.6179874241649 83.443875830952 86.0252663959884 87.8319828162819 89.1123755294906 90.9418168389799 87.2460899933109 88.1221216222575
90.4401640436861 84.6354957098355 84.9891088131403 87.2093068035438 80.5289759679537 79.3756649167141 89.0355663526282 81.9745296711912 0 89.2444099168803 84.2969130372258 81.1655581808111 89.1836186908149 87.5906968209211 87.7593671230427 92.0379413791287 88.5704977952286 87.4293764170868
89.2610753591142 88.372551361727 91.8144045767249 82.0323684124072 89.0634413599724 89.8889898091495 83.7136960174551 85.8295492670283 89.2444099168803 0 83.5008850021645 86.9476203930553 65.0930706154422 86.4803473512336 89.043308689356 85.6985962861268 82.3200425081016 87.3877230304124
90.4946802318904 87.0611011057071 89.8870516742964 84.3852942944484 86.3120766250236 86.9164488363693 87.0205673709395 82.6179874241649 84.2969130372258 83.5008850021645 0 77.3082160992677 82.9845369622933 81.0399703025278 84.3169312557476 87.4995229711462 80.5098229277861 81.9332335297458
91.3337088404238 87.3127272086087 89.1044238431331 86.706750637792 85.6393484568723 85.7813489603389 88.8409064585869 83.443875830952 81.1655581808111 86.9476203930553 77.3082160992677 0 86.6218316414651 81.9625254725383 83.0129444272911 89.3255293548103 84.2312091392794 81.7819451443998
89.725394391079 88.6566392187291 91.9391077449011 82.8550516930196 89.2031127528075 89.9810175610028 84.5916601811258 86.0252663959884 89.1836186908149 65.0930706154422 82.9845369622933 86.6218316414651 0 85.8040981094599 88.5644935501606 84.9659509602808 81.0843403509302 86.7956877693918
92.9674028621278 90.5380441564851 92.2255522124011 88.6595793524246 89.8059877260316 90.0281873245205 90.270103721958 87.8319828162819 87.5906968209211 86.4803473512336 81.0399703025278 81.9625254725383 85.8040981094599 0 77.4269372455433 85.5560708119719 78.940188044825 67.9762509169206
93.9418952827767 91.4168647432734 92.4932035272717 90.3656506063001 90.4338200588907 90.4396763737266 91.7715497451273 89.1123755294906 87.7593671230427 89.043308689356 84.3169312557476 83.0129444272911 88.5644935501606 77.4269372455433 0 87.9577216803775 84.2322275341296 73.9209422467254
93.6817959041306 92.7756083766519 94.7153064858232 89.950284880258 92.7960665274058 93.17946454439 90.7816289464318 90.9418168389799 92.0379413791287 85.6985962861268 87.4995229711462 89.3255293548103 84.9659509602808 85.5560708119719 87.9577216803775 0 82.3859648733539 86.4785265372237
91.964414045358 90.0477134234856 92.394679399349 86.8159556326594 89.8209163054689 90.2905935249614 88.5115992665131 87.2460899933109 88.5704977952286 82.3200425081016 80.5098229277861 84.2312091392794 81.0843403509302 78.940188044825 84.2322275341296 82.3859648733539 0 81.1011246996244
93.2464210517943 90.7308469490639 92.2134127094473 89.1787314723026 89.8812320747146 90.0263103378749 90.7372272668562 88.1221216222575 87.4293764170868 87.3877230304124 81.9332335297458 81.7819451443998 86.7956877693918 67.9762509169206 73.9209422467254 86.4785265372237 81.1011246996244 0
