0 81.676854159603 86.9257690522703 72.1654959184623 83.6536170783573 86.7872148302036 79.05908719444 84.4815380847081 88.029670345888 86.3171199640361 88.0500100602356 88.8239597375214 90.1262622632876 91.2145897987937 90.5556491061807 90.00991931245 92.6978753982388 91.5537130363682
81.676854159603 0 81.4548623602078 82.1900093127201 72.3578348697387 79.9333298446319 82.8298100957312 79.5317156500199 84.5083760546741 86.1944333584534 85.8966987288694 86.3120766250236 90.7027075605651 89.9110787108283 88.3073021585004 90.4905850455247 91.6303893326534 90.0415708322431
86.9257690522703 81.4548623602078 0 87.6295255839015 82.0509172245329 80.8222332357115 88.18363686509 85.4681017490039 87.1368796008778 89.8856667625148 88.8885661392882 88.7626851168717 93.1155436921792 91.7048243089966 89.8737382553052 92.9345782819673 93.049464799263 91.6065963893544
72.1654959184623 82.1900093127201 87.6295255839015 0 83.5392759245935 86.7696515306304 74.0502702591676 83.5008850021645 87.3031982537424 84.5719301653208 86.9996193558102 87.9719488414633 88.9522255158984 90.4024523039268 89.8834499846608 88.8211288437071 91.9979280186918 90.825581259636
83.6536170783573 72.3578348697387 82.0509172245329 83.5392759245935 0 76.6136007973246 83.3049294415307 75.9948369189331 82.1259843966288 85.3649979935812 84.2169264795973 84.5321991797927 90.2652834421419 88.8426679450515 86.8456233481356 90.013417672626 90.7490516173508 88.9288077882613
86.7872148302036 79.9333298446319 80.8222332357115 86.7696515306304 76.6136007973246 0 86.4924666414174 80.1497871498019 81.4741215705682 87.1185824845969 84.8065428746745 84.3872598725851 91.2430562275363 88.8108513571896 86.1027375566672 90.9867658655072 90.6162421912796 88.6463330476976
79.05908719444 82.8298100957312 88.18363686509 74.0502702591676 83.3049294415307 86.4924666414174 0 81.9141740963992 86.0009398949349 81.5218992231529 85.1798910614678 86.4851991264278 87.3391980024683 89.0754763159833 88.7088962427666 87.1530214921769 90.8847482469952 89.6174227009619
84.4815380847081 79.5317156500199 85.4681017490039 83.5008850021645 75.9948369189331 80.1497871498019 81.9141740963992 0 78.5550952672913 82.0693871510798 80.2119042252309 81.2331141878218 88.5252623043911 86.7923005771085 84.7680103558923 88.1963265663177 89.1666527665572 87.0419480655395
88.029670345888 84.5083760546741 87.1368796008778 87.3031982537424 82.1259843966288 81.4741215705682 86.0009398949349 78.5550952672913 0 83.4984742639294 76.1020755728508 73.4960621867671 88.6463330476976 83.9405886754904 79.2970716604341 88.2547909487078 86.940530759705 83.7820006204687
86.3171199640361 86.1944333584534 89.8856667625148 84.5719301653208 85.3649979935812 87.1185824845969 81.5218992231529 82.0693871510798 83.4984742639294 0 79.8251320749173 82.4936594236437 82.9586738701678 84.7544879428325 85.4280814178556 82.3687959765968 87.4235201022508 85.8576544925637
88.0500100602356 85.8966987288694 88.8885661392882 86.9996193558102 84.2169264795973 84.8065428746745 85.1798910614678 80.2119042252309 76.1020755728508 79.8251320749173 0 70.943337135734 86.3397427924283 81.3176021151403 79.3475349130989 85.8182560513189 85.3563600026657 82.0103444593576
88.8239597375214 86.3120766250236 88.7626851168717 87.9719488414633 84.5321991797927 84.3872598725851 86.4851991264278 81.2331141878218 73.4960621867671 82.4936594236437 70.943337135734 0 87.481730889759 80.8821062851461 75.8076419242784 87.0141325830197 84.9582041534757 80.9106422900855
90.1262622632876 90.7027075605651 93.1155436921792 88.9522255158984 90.2652834421419 91.2430562275363 87.3391980024683 88.5252623043911 88.6463330476976 82.9586738701678 86.3397427924283 87.481730889759 0 86.1265020198987 88.5271565534808 62.0827706588024 87.3072129938656 87.4132525105052
91.2145897987937 89.9110787108283 91.7048243089966 90.4024523039268 88.8426679450515 88.8108513571896 89.0754763159833 86.7923005771085 83.9405886754904 84.7544879428325 81.3176021151403 80.8821062851461 86.1265020198987 0 79.0891422958372 85.5859964760748 76.7696515306304 70.2119042252309
90.5556491061807 88.3073021585004 89.8737382553052 89.8834499846608 86.8456233481356 86.1027375566672 88.7088962427666 84.7680103558923 79.2970716604341 85.4280814178556 79.3475349130989 75.8076419242784 88.5271565534808 79.0891422958372 0 88.103370572082 83.0384872811603 77.2272264362371
90.00991931245 90.4905850455247 92.9345782819673 88.8211288437071 90.013417672626 90.9867658655072 87.1530214921769 88.1963265663177 88.2547909487078 82.3687959765968 85.8182560513189 87.0141325830197 62.0827706588024 85.5859964760748 88.103370572082 0 86.8982993539898 86.9476203930553
92.6978753982388 91.6303893326534 93.049464799263 91.9979280186918 90.7490516173508 90.6162421912796 90.8847482469952 89.1666527665572 86.940530759705 87.4235201022508 85.3563600026657 84.9582041534757 87.3072129938656 76.7696515306304 83.0384872811603 86.8982993539898 0 76.8428331489911
91.5537130363682 90.0415708322431 91.6065963893544 90.825581259636 88.9288077882613 88.6463330476976 89.6174227009619 87.0419480655395 83.7820006204687 85.8576544925637 82.0103444593576 80.9106422900855 87.4132525105052 70.2119042252309 77.2272264362371 86.9476203930553 76.8428331489911 0
