0 83.3513248469073 86.3114457956494 68.9021373091748 83.2478263495168 86.5141965009949 78.9298435901867 86.5982734344227 87.5047984831427 83.9731365032165 85.6452361985895 87.7235104485739 87.9443141818646 89.8042944601115 90.1241649821559 90.706378301254 92.4779795315263 91.9346164129987
83.3513248469073 0 77.3877230304124 81.7658036831707 64.9227372224544 77.650433087972 85.9539297579115 81.5729154765791 82.8255888627868 87.202632062897 84.2888798422065 84.0022224385771 89.8296243895863 89.6869954930345 87.7047839392961 91.7762128290069 91.7577103992525 90.8737294538031
86.3114457956494 77.3877230304124 0 85.0838738860435 78.9642297145514 79.9985976200845 88.6052340688356 84.5016820945834 85.0805247863448 89.6338933227531 87.2379428321569 86.2151233237737 91.6742857808915 91.3386680124279 89.0355663526282 93.2388757755454 92.8602221155717 92.0161153643317
68.9021373091748 81.7658036831707 85.0838738860435 0 81.780154608477 85.61053085255 80.8843080316161 86.0414086904991 86.9996193558102 84.8465048204424 85.5523155632995 87.3352127350916 88.5176770351167 89.9745084312227 89.9132814344254 91.0912717566058 92.5212279985545 91.9251001858073
83.2478263495168 64.9227372224544 78.9642297145514 81.780154608477 0 76.7923005771085 85.5447953106515 80.3534795727897 81.8512064152267 86.6685681142304 83.3049294415307 83.087801592918 89.3874875404723 89.1709004652479 87.1311373807962 91.3969581622675 91.3621963499351 90.4430889140306
86.5141965009949 77.650433087972 79.9985976200845 85.61053085255 76.7923005771085 0 87.683217155423 77.1185824845969 78.0529683256868 87.9869874979613 83.4304244917432 80.4857622301273 90.01879426857 88.9038741397594 85.2513413819758 91.6209249475053 90.649594902617 89.5241953973719
78.9298435901867 85.9539297579115 88.6052340688356 80.8843080316161 85.5447953106515 87.683217155423 0 86.706750637792 87.5353659103793 77.6457956664753 84.1124715273839 87.3921523472869 84.3279020717801 87.8007545217567 89.4497994875647 88.2737039650698 91.2300661506264 90.7899601976351
86.5982734344227 81.5729154765791 84.5016820945834 86.0414086904991 80.3534795727897 77.1185824845969 86.706750637792 0 67.4269372455433 86.2093142267685 78.5962964327146 71.7532076048429 88.2106092259997 86.3340981236618 81.8069354424815 89.9360690089101 88.6874117949503 87.3152313572216
87.5047984831427 82.8255888627868 85.0805247863448 86.9996193558102 81.8512064152267 78.0529683256868 87.5353659103793 67.4269372455433 0 86.9164488363693 79.8026005337483 68.5776170713634 88.5839770726657 86.3070274225144 80.4396763737266 90.0827995263149 88.3311427205777 86.8277350187893
83.9731365032165 87.202632062897 89.6338933227531 84.8465048204424 86.6685681142304 87.9869874979613 77.6457956664753 86.2093142267685 86.9164488363693 0 82.0844407010529 86.42415884094 79.2684262627964 84.8349979793794 88.0983565886669 85.3461292680899 89.4119636274227 89.0220684557673
85.6452361985895 84.2888798422065 87.2379428321569 85.5523155632995 83.3049294415307 83.4304244917432 84.1124715273839 78.5962964327146 79.8026005337483 82.0844407010529 0 78.3390605802349 84.7245895919278 83.0075477881139 82.6941043474961 87.3406915354064 87.4298640870463 86.2459746228643
87.7235104485739 84.0022224385771 86.2151233237737 87.3352127350916 83.087801592918 80.4857622301273 87.3921523472869 71.7532076048429 68.5776170713634 86.42415884094 78.3390605802349 0 87.9265178711614 85.13049210439 78.5663707686117 89.4033043313165 87.4269372455433 85.7756430047551
87.9443141818646 89.8296243895863 91.6742857808915 88.5176770351167 89.3874875404723 90.01879426857 84.3279020717801 88.2106092259997 88.5839770726657 79.2684262627964 84.7245895919278 87.9265178711614 0 82.5570171580838 88.4638216139284 79.5407227977055 87.9680733265196 88.0062467083217
89.8042944601115 89.6869954930345 91.3386680124279 89.9745084312227 89.1709004652479 88.9038741397594 87.8007545217567 86.3340981236618 86.3070274225144 84.8349979793794 83.0075477881139 85.13049210439 82.5570171580838 0 83.8658978492988 82.1292907879716 81.700631133143 81.3769599159453
90.1241649821559 87.7047839392961 89.0355663526282 89.9132814344254 87.1311373807962 85.2513413819758 89.4497994875647 81.8069354424815 80.4396763737266 88.0983565886669 82.6941043474961 78.5663707686117 88.4638216139284 83.8658978492988 0 89.0496941384894 84.4195641304064 81.6951556819209
90.706378301254 91.7762128290069 93.2388757755454 91.0912717566058 91.3969581622675 91.6209249475053 88.2737039650698 89.9360690089101 90.0827995263149 85.3461292680899 87.3406915354064 89.4033043313165 79.5407227977055 82.1292907879716 89.0496941384894 0 86.392075568082 87.1143894407578
92.4779795315263 91.7577103992525 92.8602221155717 92.5212279985545 91.3621963499351 90.649594902617 91.2300661506264 88.6874117949503 88.3311427205777 89.4119636274227 87.4298640870463 87.4269372455433 87.9680733265196 81.700631133143 84.4195641304064 86.392075568082 0 73.2093361878076
91.9346164129987 90.8737294538031 92.0161153643317 91.9251001858073 90.4430889140306 89.5241953973719 90.7899601976351 87.3152313572216 86.8277350187893 89.0220684557673 86.2459746228643 85.7756430047551 88.0062467083217 81.3769599159453 81.6951556819209 87.1143894407578 73.2093361878076 0
