0 85.0805247863448 87.3072129938656 62.5570171580838 80.943337135734 87.0589771566153 81.7441879861927 87.7253331093158 88.5962964327146 83.2834453116058 87.8439682595831 89.3756649167141 87.7580108710713 90.0487808139227 91.2795848479266 90.6356319343604 92.2787262194362 92.0162849807984
85.0805247863448 0 78.8986615628356 84.8667886893461 79.5914134259955 75.5523155632995 82.987250454927 82.7273505510716 84.9409393928377 86.7280100515885 87.0168149034182 85.7326076915633 89.0617671974988 89.7158984668699 89.4598947394621 92.3780131869964 92.2378190584147 90.8115021815894
87.3072129938656 78.8986615628356 0 87.3127272086087 84.9383437488801 81.7441879861927 87.0589771566153 86.6376614949834 88.1117143687293 89.553301503306 89.8656749091077 88.5301856345584 91.4022364375504 91.8749264115059 91.4556343706656 94.0244972943902 93.8943878638321 92.598302906306
62.5570171580838 84.8667886893461 87.3127272086087 0 80.1576005458867 86.7923005771085 80.788610269172 87.3302260026353 88.2093868368697 82.4738598864051 87.3630331127546 89.0257845613972 87.2820597623173 89.6742169916369 90.967805715133 90.3447650467947 91.9931561132189 91.7224641652286
80.943337135734 79.5914134259955 84.9383437488801 80.1576005458867 0 81.7658036831707 74.0075874112409 82.486054895665 84.2169264795973 81.8564887327063 84.4039314662598 85.4304003347848 86.1317653985997 87.8616638929845 88.6555361552294 90.3265325691556 90.855597892659 89.8656749091077
87.0589771566153 75.5523155632995 81.7441879861927 86.7923005771085 81.7658036831707 0 83.785387812752 79.4497994875647 82.4738598864051 87.1368796008778 86.0621707455228 83.2132005909862 88.7916489169787 88.8875204444754 88.0194646547471 92.2705755542618 91.5761076449103 89.6788680708702
81.7441879861927 82.987250454927 87.0589771566153 80.788610269172 74.0075874112409 83.785387812752 0 82.4447587542196 83.5737769688657 77.6131943190306 82.1292907879716 84.9374781893717 83.6964506811521 86.2491757321852 87.7580108710713 88.8899600074921 89.6838043908563 88.9021373091748
87.7253331093158 82.7273505510716 86.6376614949834 87.3302260026353 82.486054895665 79.4497994875647 82.4447587542196 0 72.0323684124072 85.3374536285919 81.3136159332918 75.2650098301599 86.1020755728508 85.4550587108594 84.1082825279571 90.5397125489943 89.1430515289906 86.5220167514142
88.5962964327146 84.9409393928377 88.1117143687293 88.2093868368697 84.2169264795973 82.4738598864051 83.5737769688657 72.0323684124072 0 85.5266933956535 79.5317156500199 68.1860958317419 85.372052683946 83.8090244763067 81.6251957531956 90.0029141266583 87.989131632697 84.7136662288377
83.2834453116058 86.7280100515885 89.553301503306 82.4738598864051 81.8564887327063 87.1368796008778 77.6131943190306 85.3374536285919 85.5266933956535 0 81.8512064152267 86.573399006352 79.8559233047754 85.0637404376506 87.9512393494775 86.341622719513 88.5127394962013 88.6256470419417
87.8439682595831 87.0168149034182 89.8656749091077 87.3630331127546 84.4039314662598 86.0621707455228 82.1292907879716 81.3136159332918 79.5317156500199 81.8512064152267 0 80.9281101660991 79.2234877779738 78.3390605802349 82.0171329637785 86.9252213576079 85.381441146948 83.6477962159136
89.3756649167141 85.7326076915633 88.5301856345584 89.0257845613972 85.4304003347848 83.2132005909862 84.9374781893717 75.2650098301599 68.1860958317419 86.573399006352 80.9281101660991 0 86.137022406134 84.104089484118 80.6234942756704 90.3693696241556 87.9762509169206 84.1830731892428
87.7580108710713 89.0617671974988 91.4022364375504 87.2820597623173 86.1317653985997 88.7916489169787 83.6964506811521 86.1020755728508 85.372052683946 79.8559233047754 79.2234877779738 86.137022406134 0 79.7170505944318 85.7326076915633 82.6591391550547 84.6028943623908 85.8358888194266
90.0487808139227 89.7158984668699 91.8749264115059 89.6742169916369 87.8616638929845 88.8875204444754 86.2491757321852 85.4550587108594 83.8090244763067 85.0637404376506 78.3390605802349 84.104089484118 79.7170505944318 0 80.6117913722832 85.2642069935148 80.2807401307034 79.9360690089101
91.2795848479266 89.4598947394621 91.4556343706656 90.967805715133 88.6555361552294 88.0194646547471 87.7580108710713 84.1082825279571 81.6251957531956 87.9512393494775 82.0171329637785 80.6234942756704 85.7326076915633 80.6117913722832 0 89.2408763249838 84.2169264795973 74.9659509602808
90.6356319343604 92.3780131869964 94.0244972943902 90.3447650467947 90.3265325691556 92.2705755542618 88.8899600074921 90.5397125489943 90.0029141266583 86.341622719513 86.9252213576079 90.3693696241556 82.6591391550547 85.2642069935148 89.2408763249838 0 84.9504435034663 88.5267777697538
92.2787262194362 92.2378190584147 93.8943878638321 91.9931561132189 90.855597892659 91.5761076449103 89.6838043908563 89.1430515289906 87.989131632697 88.5127394962013 85.381441146948 87.9762509169206 84.6028943623908 80.2807401307034 84.2169264795973 84.9504435034663 0 81.2876161859881
92.0162849807984 90.8115021815894 92.598302906306 91.7224641652286 89.8656749091077 89.6788680708702 88.9021373091748 86.5220167514142 84.7136662288377 88.6256470419417 83.6477962159136 84.1830731892428 85.8358888194266 79.9360690089101 74.9659509602808 88.5267777697538 81.2876161859881 0
