0 85.5523155632995 88.280925491606 70.9865508735604 84.0956912319113 87.4894337093267 81.8529679016913 84.3049314005818 89.8402750501759 84.2888798422065 85.5523155632995 90.2441634696577 89.7314264593261 91.5766707252515 91.4879355081281 91.8042647783701 90.9972874546011 92.0025245385978
85.5523155632995 0 77.4658005457673 84.3139343989393 74.1758581374509 73.6964506811521 88.447649622336 81.9002599641319 84.9796890336395 88.7698546518372 84.5832154332189 86.6359054690201 91.0007175622483 90.3485019850597 89.2027885677725 92.4779795315263 90.6398255405413 90.2619822706543
88.280925491606 77.4658005457673 0 87.4947214838478 80.1990362311678 73.4107842329724 90.0485139909067 83.6814491297281 82.2595237792253 90.0615690785653 85.4841598430449 84.8491559212384 91.3706669319512 89.7291295163562 88.0402758330119 92.571519319603 90.4284448241106 89.3500427490681
70.9865508735604 84.3139343989393 87.4947214838478 0 83.087801592918 86.4486780017291 83.8879993973499 84.2199910062345 89.580133814493 85.7181672964835 85.8076419242784 90.1288824412368 90.3693696241556 91.7658036831707 91.5218992231529 92.2852676412045 91.3358915737989 92.1031014302822
84.0956912319113 74.1758581374509 80.1990362311678 83.087801592918 0 79.546717201444 86.7826891611015 77.4658005457673 84.3169312557476 87.0382140342669 81.6418673468703 85.7094799560591 89.6814821156488 89.3283648950736 88.3299537955845 91.4250351233942 89.4598947394621 89.3971085319647
87.4894337093267 73.6964506811521 73.4107842329724 86.4486780017291 79.546717201444 0 89.8823411712714 84.1984937693655 84.8002933898396 90.0962799659609 86.191840168456 86.7325930303217 91.8177792554037 90.7262838335203 89.3709892175519 93.0795770698949 91.2105078916188 90.481175589443
81.8529679016913 88.447649622336 90.0485139909067 83.8879993973499 86.7826891611015 89.8823411712714 0 84.8358842042205 90.0708701724473 73.9209422467254 84.4786527265116 89.9742370056535 86.107368620208 90.1262622632876 90.6584149528466 89.1074074319204 88.8868231746949 90.9193850103386
84.3049314005818 81.9002599641319 83.6814491297281 84.2199910062345 77.4658005457673 84.1984937693655 84.8358842042205 0 83.5737769688657 84.4613002047043 73.361291448686 84.1458388545984 87.2501578496618 87.2926418689859 86.6212442410694 89.4888264938635 87.1222480800076 87.6758507678725
89.8402750501759 84.9796890336395 82.2595237792253 89.580133814493 84.3169312557476 84.8002933898396 90.0708701724473 83.5737769688657 0 89.5193755926805 83.6687149094864 73.4960621867671 89.3794018549791 85.3978222783945 81.8810549507213 90.3696174454812 87.0838681956062 84.4166372889035
84.2888798422065 88.7698546518372 90.0615690785653 85.7181672964835 87.0382140342669 90.0962799659609 73.9209422467254 84.4613002047043 89.5193755926805 0 83.3550650034345 89.2160603507377 83.6582681575906 88.8913534284775 89.701181985842 87.4502969333401 87.2986772304469 89.8779030845913
85.5523155632995 84.5832154332189 85.4841598430449 85.8076419242784 81.6418673468703 86.191840168456 84.4786527265116 73.361291448686 83.6687149094864 83.3550650034345 0 83.440211413787 85.3915891308315 85.6913253237403 85.4304003347848 88.0211672696151 85.2003092693599 86.393932982674
90.2441634696577 86.6359054690201 84.8491559212384 90.1288824412368 85.7094799560591 86.7325930303217 89.9742370056535 84.1458388545984 73.4960621867671 89.2160603507377 83.440211413787 0 88.3658738348 82.8884805545587 77.8007545217567 89.2379830643289 85.2698237358651 81.5313920024931
89.7314264593261 91.0007175622483 91.3706669319512 90.3693696241556 89.6814821156488 91.8177792554037 86.107368620208 87.2501578496618 89.3794018549791 83.6582681575906 85.3915891308315 88.3658738348 0 85.0612171811727 87.5110249283942 78.444562403568 81.1136705287218 86.965022649524
91.5766707252515 90.3485019850597 89.7291295163562 91.7658036831707 89.3283648950736 90.7262838335203 90.1262622632876 87.2926418689859 85.3978222783945 88.8913534284775 85.6913253237403 82.8884805545587 85.0612171811727 0 77.4754622734875 84.6623240835214 76.5662657802988 73.091775616211
91.4879355081281 89.2027885677725 88.0402758330119 91.5218992231529 88.3299537955845 89.3709892175519 90.6584149528466 86.6212442410694 81.8810549507213 89.701181985842 85.4304003347848 77.8007545217567 87.5110249283942 77.4754622734875 0 87.7198628306637 82.6488877209461 72.5868656935784
91.8042647783701 92.4779795315263 92.571519319603 92.2852676412045 91.4250351233942 93.0795770698949 89.1074074319204 89.4888264938635 90.3696174454812 87.4502969333401 88.0211672696151 89.2379830643289 78.444562403568 84.6623240835214 87.7198628306637 0 80.6861507245123 86.6633352997047
90.9972874546011 90.6398255405413 90.4284448241106 91.3358915737989 89.4598947394621 91.2105078916188 88.8868231746949 87.1222480800076 87.0838681956062 87.2986772304469 85.2003092693599 85.2698237358651 81.1136705287218 76.5662657802988 82.6488877209461 80.6861507245123 0 81.0165466649615
92.0025245385978 90.2619822706543 89.3500427490681 92.1031014302822 89.3971085319647 90.481175589443 90.9193850103386 87.6758507678725 84.4166372889035 89.8779030845913 86.393932982674 81.5313920024931 86.965022649524 73.091775616211 72.5868656935784 86.6633352997047 81.0165466649615 0
