0 85.7927384304143 85.891837352535 75.9948369189331 81.4238688668901 84.7544879428325 80.3509914920462 81.0843403509302 86.4511223213766 84.4467866182246 87.3827962632147 88.8958789615428 88.2837306233053 87.5124605335482 89.0051368755729 88.6167513594206 90.3509914920462 93.3836330260342
85.7927384304143 0 76.0016174742824 86.1317653985997 78.2390343987537 77.3630331127546 88.2905355522908 84.1665639944741 84.7327641218684 88.3666599593055 89.8287824344667 88.0262711129043 91.4114092712714 89.3949379122535 88.1154638536733 91.898866095928 90.6905260238862 93.2754564770364
85.891837352535 76.0016174742824 0 85.322427491129 78.2993261327158 68.5776170713634 87.481730889759 82.1027689051246 80.9800961612219 86.86121542219 88.2993261327158 85.54930902471 90.302690170124 87.6740072170355 85.6635841127368 90.9086727501878 88.9847314590875 91.9994607326019
75.9948369189331 86.1317653985997 85.322427491129 0 81.6658361118692 83.964480905296 75.2970022018606 76.706750637792 84.3408319525428 80.3509914920462 84.6669329609772 86.9996193558102 86.1080297977718 84.8358842042205 87.1342704420015 86.6633352997047 88.5513302520412 92.1556516872302
81.4238688668901 78.2390343987537 78.2993261327158 81.6658361118692 0 75.9126336164662 85.0435132177645 79.0724707021626 83.0290942252098 85.6127543929104 87.8417512271091 87.0071507868401 89.5721015136717 87.4778743506497 87.1311373807962 90.1112969880927 89.6132952668405 92.7184135576832
84.7544879428325 77.3630331127546 68.5776170713634 83.964480905296 75.9126336164662 0 86.436435724929 80.0814756595712 79.9769504982872 85.8379999487653 87.5576776396732 85.1626652685191 89.6605255689216 86.9361621489315 85.2970022018606 90.2946294848908 88.607465606858 91.8512064152267
80.3509914920462 88.2905355522908 87.481730889759 75.2970022018606 85.0435132177645 86.436435724929 0 80.9281101660991 85.8005514005498 78.5475619699661 83.3250531720355 87.481730889759 83.9296849669784 84.0268466216013 87.6014914156434 84.3872598725851 88.2692848912868 91.9202475393495
81.0843403509302 84.1665639944741 82.1027689051246 76.706750637792 79.0724707021626 80.0814756595712 80.9281101660991 0 79.8335513566863 80.1262622632876 83.9405886754904 84.4029525538654 86.5214156933801 83.4972683928071 84.5850934634402 87.3207354069254 87.1217246129041 91.1902457592883
86.4511223213766 84.7327641218684 80.9800961612219 84.3408319525428 83.0290942252098 79.9769504982872 85.8005514005498 79.8335513566863 0 83.0384872811603 84.1082825279571 78.3666599593055 87.4142314228996 82.79025144391 78.6848557252811 88.3453844908085 84.6066326409251 89.332142737851
84.4467866182246 88.3666599593055 86.86121542219 80.3509914920462 85.6127543929104 85.8379999487653 78.5475619699661 80.1262622632876 83.0384872811603 0 76.5364172448041 84.1291872365223 80.8600272095335 77.4754622734875 84.2888798422065 82.3859648733539 84.8358842042205 89.8343923878645
87.3827962632147 89.8287824344667 88.2993261327158 84.6669329609772 87.8417512271091 87.5576776396732 83.3250531720355 83.9405886754904 84.1082825279571 76.5364172448041 0 83.091775616211 77.7239661854775 68.9021373091748 83.2093361878076 80.4299114571472 81.6251957531956 87.9685041101155
88.8958789615428 88.0262711129043 85.54930902471 86.9996193558102 87.0071507868401 85.1626652685191 87.481730889759 84.4029525538654 78.3666599593055 84.1291872365223 83.091775616211 0 86.7872148302036 81.2066265229575 50.943337135734 87.8492845244343 79.6707254104607 86.4541757875918
88.2837306233053 91.4114092712714 90.302690170124 86.1080297977718 89.5721015136717 89.6605255689216 83.9296849669784 86.5214156933801 87.4142314228996 80.8600272095335 77.7239661854775 86.7872148302036 0 80.3534795727897 86.8545399581078 69.0724707021626 84.9409393928377 89.1272458135151
87.5124605335482 89.3949379122535 87.6740072170355 84.8358842042205 87.4778743506497 86.9361621489315 84.0268466216013 83.4972683928071 82.79025144391 77.4754622734875 68.9021373091748 81.2066265229575 80.3534795727897 0 81.3513377482993 82.4416841028919 80.0735239732136 87.4410654087408
89.0051368755729 88.1154638536733 85.6635841127368 87.1342704420015 87.1311373807962 85.2970022018606 87.6014914156434 84.5850934634402 78.6848557252811 84.2888798422065 83.2093361878076 50.943337135734 86.8545399581078 81.3513377482993 0 87.9090850536988 79.546717201444 86.3340981236618
88.6167513594206 91.898866095928 90.9086727501878 86.6633352997047 90.1112969880927 90.2946294848908 84.3872598725851 87.3207354069254 88.3453844908085 82.3859648733539 80.4299114571472 87.8492845244343 69.0724707021626 82.4416841028919 87.9090850536988 0 86.1448960051827 89.7299910123393
90.3509914920462 90.6905260238862 88.9847314590875 88.5513302520412 89.6132952668405 88.607465606858 88.2692848912868 87.1217246129041 84.6066326409251 84.8358842042205 81.6251957531956 79.6707254104607 84.9409393928377 80.0735239732136 79.546717201444 86.1448960051827 0 82.7760355725621
93.3836330260342 93.2754564770364 91.9994607326019 92.1556516872302 92.7184135576832 91.8512064152267 91.9202475393495 91.1902457592883 89.332142737851 89.8343923878645 87.9685041101155 86.4541757875918 89.1272458135151 87.4410654087408 86.3340981236618 89.7299910123393 82.7760355725621 0
