0 85.5016794196997 86.5310226538999 83.8090244763067 86.5172059563291 88.9038741397594 83.3049294415307 84.2717598056775 88.9370872947531 89.1862229603295 90.5158173315245 91.5310126894382 89.7314264593261 91.7369587796645 91.6498101271808 91.4203682170771 93.1065799226007 92.6166581999151
85.5016794196997 0 78.4638216139284 78.9021373091748 75.7217818991216 79.1453517305904 86.5662657802988 78.5210920458533 79.2299361010872 85.9635092840055 85.3790959332366 86.3821559182156 89.0257845613972 89.1901264388207 87.250666063906 90.1615019788357 91.1603972237937 88.8707549940815
86.5310226538999 78.4638216139284 0 84.3872598725851 83.1089544862133 81.9124372658146 88.940188044825 84.2969130372258 81.7962429180347 88.9888202196146 88.1067100146295 88.3835273089838 91.2689203963284 91.3066312991077 89.3905934154663 92.1656598000803 92.8836215092611 90.649594902617
83.8090244763067 78.9021373091748 84.3872598725851 0 76.5364172448041 83.785387812752 82.1654959184623 59.0724707021626 83.9209422467254 83.2222041818708 85.1362843532686 87.0440803571346 86.2408479351578 87.7344349565518 87.1342704420015 88.1354066182023 89.9538315891681 88.7045351262639
86.5172059563291 75.7217818991216 83.1089544862133 76.5364172448041 0 79.1420653552395 85.6628516825438 75.3681348263785 79.4098004215052 82.8255888627868 82.4061682673299 84.4029525538654 87.202632062897 87.1217246129041 85.0299758763721 88.4127912318851 89.553301503306 87.0632240165738
88.9038741397594 79.1453517305904 81.9124372658146 83.785387812752 79.1420653552395 0 89.0031006429096 83.3500774119371 50.943337135734 86.0621707455228 82.9463689655499 82.8312162621087 89.7058042916801 88.5494465197111 84.8667886893461 90.276438055246 90.5814514323857 86.8226906220976
83.3049294415307 86.5662657802988 88.940188044825 82.1654959184623 85.6628516825438 89.0031006429096 0 82.6179874241649 89.0831478920987 85.435034457386 88.6555361552294 90.2733987282527 84.4892230145064 88.7497500520034 89.8848356034133 87.5181982133246 90.3696174454812 90.8684304864118
84.2717598056775 78.5210920458533 84.2969130372258 59.0724707021626 75.3681348263785 83.3500774119371 82.6179874241649 0 83.4972683928071 82.8981823660717 84.7136662288377 86.6917490863679 86.2080222604288 87.5263136388159 86.8030176358052 88.0402758330119 89.8059877260316 88.4349006758478
88.9370872947531 79.2299361010872 81.7962429180347 83.9209422467254 79.4098004215052 50.943337135734 89.0831478920987 83.4972683928071 0 86.213187821334 83.1365622199274 82.9641315458079 89.804012184929 88.6581095343822 85.0002150024618 90.3696174454812 90.6655970136117 86.921385559777
89.1862229603295 85.9635092840055 88.9888202196146 83.2222041818708 82.8255888627868 86.0621707455228 85.435034457386 82.8981823660717 86.213187821334 0 80.4078597858648 84.3249127784517 80.9193850103386 79.9333298446319 82.5570171580838 82.0509172245329 84.5916601811258 84.3557033681209
90.5158173315245 85.3790959332366 88.1067100146295 85.1362843532686 82.4061682673299 82.9463689655499 88.6555361552294 84.7136662288377 83.1365622199274 80.4078597858648 0 75.5447953106515 86.592955180357 82.4616305370527 73.447537158823 86.4044433532283 86.0090638782592 79.4313841462521
91.5310126894382 86.3821559182156 88.3835273089838 87.0440803571346 84.4029525538654 82.8312162621087 90.2733987282527 86.6917490863679 82.9641315458079 84.3249127784517 75.5447953106515 0 88.6957997331364 84.8913549073611 74.1758581374509 88.3390605802349 87.3431796161499 78.5513302520412
89.7314264593261 89.0257845613972 91.2689203963284 86.2408479351578 87.202632062897 89.7058042916801 84.4892230145064 86.2080222604288 89.804012184929 80.9193850103386 86.592955180357 88.6957997331364 0 82.8129004903881 87.396085729029 77.0711757029314 84.7761036398105 88.0567688513191
91.7369587796645 89.1901264388207 91.3066312991077 87.7344349565518 87.1217246129041 88.5494465197111 88.7497500520034 87.5263136388159 88.6581095343822 79.9333298446319 82.4616305370527 84.8913549073611 82.8129004903881 0 82.0171329637785 79.5407227977055 77.3082160992677 81.9967355337869
91.6498101271808 87.250666063906 89.3905934154663 87.1342704420015 85.0299758763721 84.8667886893461 89.8848356034133 86.8030176358052 85.0002150024618 82.5570171580838 73.447537158823 74.1758581374509 87.396085729029 82.0171329637785 0 86.6563483913967 85.189703782236 73.4960621867671
91.4203682170771 90.1615019788357 92.1656598000803 88.1354066182023 88.4127912318851 90.276438055246 87.5181982133246 88.0402758330119 90.3696174454812 82.0509172245329 86.4044433532283 88.3390605802349 77.0711757029314 79.5407227977055 86.6563483913967 0 80.5289759679537 86.8678806412791
93.1065799226007 91.1603972237937 92.8836215092611 89.9538315891681 89.553301503306 90.5814514323857 90.3696174454812 89.8059877260316 90.6655970136117 84.5916601811258 86.0090638782592 87.3431796161499 84.7761036398105 77.3082160992677 85.189703782236 80.5289759679537 0 84.2888798422065
92.6166581999151 88.8707549940815 90.649594902617 88.7045351262639 87.0632240165738 86.8226906220976 90.8684304864118 88.4349006758478 86.921385559777 84.3557033681209 79.4313841462521 78.5513302520412 88.0567688513191 81.9967355337869 73.4960621867671 86.8678806412791 84.2888798422065 0
