0 76.9639370490137 86.2504555155506 81.1881938127257 87.2353937067571 87.0227101832781 87.7285209261352 89.5060934823739 89.1787314723026 90.4299114571472 88.8707549940815 89.4119636274227 89.5314150898053 91.2731490667077 92.4309056489519 93.3088357042707 93.8241518231002 94.1227175320946
76.9639370490137 0 82.6046768387851 81.9950314157273 85.7863355292019 84.1458388545984 87.2598037653182 88.1519559182853 87.6726240401613 90.4881743072895 87.8319828162819 87.8775285492346 89.6005935657466 90.5608692776019 91.7137441191586 93.3359564400376 93.3509506540367 93.4694405414077
86.2504555155506 82.6046768387851 0 87.0541944698827 86.0487872378001 79.3475349130989 88.6665542029632 87.1075670983908 86.3902173587608 91.7181063307774 87.8779684079293 86.3372349564591 91.0431546689071 90.3589483380947 91.1951664790885 94.0537729338049 93.1088226000681 92.7583430204116
81.1881938127257 81.9950314157273 87.0541944698827 0 83.0811701290871 85.7756430047551 82.4416841028919 86.6633352997047 86.4247735100825 86.7696515306304 85.1213743621328 86.8545399581078 85.3563600026657 88.3823526405858 90.0308673275794 90.8504985873363 91.6704303626087 92.240236057727
87.2353937067571 85.7863355292019 86.0487872378001 83.0811701290871 0 81.4529317334505 78.103370572082 77.2425274907694 76.6604254538209 85.5927014269514 74.3872598725851 78.0232945999633 84.3764381673574 83.1155436921792 85.61053085255 89.6558547936442 88.6639858242517 88.9090804678383
87.0227101832781 84.1458388545984 79.3475349130989 85.7756430047551 81.4529317334505 0 85.8576544925637 82.5420156066597 81.2876161859881 89.7836400043081 84.0576968186256 81.1963957883817 89.0220684557673 87.5181982133246 88.6315673902305 92.4717222346562 91.1157579812105 90.7125656494823
87.7285209261352 87.2598037653182 88.6665542029632 82.4416841028919 78.103370572082 85.8576544925637 0 82.0911144554496 82.4570356382086 81.1510920176696 77.3082160992677 83.233752867468 78.7284672531233 82.5659932787142 85.604595839916 87.5124605335482 87.9955576927879 89.0294974900039
89.5060934823739 88.1519559182853 87.1075670983908 86.6633352997047 77.2425274907694 82.5420156066597 82.0911144554496 0 65.1757958751021 86.5716167979339 74.8615063718665 67.8452979360192 85.8987805111985 80.4299114571472 82.7402909689791 89.6338933227531 87.0711757029314 86.7325930303217
89.1787314723026 87.6726240401613 86.3902173587608 86.4247735100825 76.6604254538209 81.2876161859881 82.4570356382086 65.1757958751021 0 87.0520671395345 76.2325041385106 61.9124372658146 86.3372349564591 81.8069354424815 83.785387812752 90.0827995263149 87.7344349565518 87.3391980024683
90.4299114571472 90.4881743072895 91.7181063307774 86.7696515306304 85.5927014269514 89.7836400043081 81.1510920176696 86.5716167979339 87.0520671395345 0 84.1239704853616 87.4701509833698 70.3134982103822 83.7989102258118 86.051467240859 82.3310992930275 86.7690837883171 88.9374319318853
88.8707549940815 87.8319828162819 87.8779684079293 85.1213743621328 74.3872598725851 84.0576968186256 77.3082160992677 74.8615063718665 76.2325041385106 84.1239704853616 0 77.6689334133668 83.087801592918 79.178079427437 82.968220306335 88.356823160493 86.8052704927194 87.2709460205284
89.4119636274227 87.8775285492346 86.3372349564591 86.8545399581078 78.0232945999633 81.1963957883817 83.233752867468 67.8452979360192 61.9124372658146 87.4701509833698 77.6689334133668 0 86.8148321182775 82.1572939428063 83.8358812162758 90.3134982103822 87.7998589768893 87.2460899933109
89.5314150898053 89.6005935657466 91.0431546689071 85.3563600026657 84.3764381673574 89.0220684557673 78.7284672531233 85.8987805111985 86.3372349564591 70.3134982103822 83.087801592918 86.8148321182775 0 83.8314166105688 86.299442594822 84.2737774339689 87.4658005457673 89.2827725791534
91.2731490667077 90.5608692776019 90.3589483380947 88.3823526405858 83.1155436921792 87.5181982133246 82.5659932787142 80.4299114571472 81.8069354424815 83.7989102258118 79.178079427437 82.1572939428063 83.8314166105688 0 75.0257367888525 86.42415884094 82.1441384770285 83.4304244917432
92.4309056489519 91.7137441191586 91.1951664790885 90.0308673275794 85.61053085255 88.6315673902305 85.604595839916 82.7402909689791 83.785387812752 86.051467240859 82.968220306335 83.8358812162758 86.299442594822 75.0257367888525 0 87.097050215133 79.1551959618225 79.3002428506583
93.3088357042707 93.3359564400376 94.0537729338049 90.8504985873363 89.6558547936442 92.4717222346562 87.5124605335482 89.6338933227531 90.0827995263149 82.3310992930275 88.356823160493 90.3134982103822 84.2737774339689 86.42415884094 87.097050215133 0 85.4412056055918 88.6048620343283
93.8241518231002 93.3509506540367 93.1088226000681 91.6704303626087 88.6639858242517 91.1157579812105 87.9955576927879 87.0711757029314 87.7344349565518 86.7690837883171 86.8052704927194 87.7998589768893 87.4658005457673 82.1441384770285 79.1551959618225 85.4412056055918 0 78.444562403568
94.1227175320946 93.4694405414077 92.7583430204116 92.240236057727 88.9090804678383 90.7125656494823 89.0294974900039 86.7325930303217 87.3391980024683 88.9374319318853 87.2709460205284 87.2460899933109 89.2827725791534 83.4304244917432 79.3002428506583 88.6048620343283 78.444562403568 0
