0 83.785387812752 86.1606005086081 63.9536370923738 80.0708701724473 84.6733771834068 76.4578371154628 84.2434141444616 87.6014914156434 87.7688490461521 89.2280026092608 88.444562403568 88.3603669753114 89.6356543330438 89.8779030845913 89.7314264593261 92.1664791154221 92.5835923786124
83.785387812752 0 78.222814231182 84.0735682389664 74.9227372224544 76.5840769255055 85.26340400843 85.042668369047 81.6566330043375 89.1548681800329 88.7859429613949 85.7849113793878 89.8848356034133 90.1466578511299 88.5343471744047 90.7989490134675 92.1900093127201 91.5173353083946
86.1606005086081 78.222814231182 0 86.1317653985997 80.7228583477486 83.2093361878076 87.9003423334457 88.2933344856596 85.1014144120895 91.3176021151403 90.9910634709433 88.5207127327984 91.8868253773157 92.1042650678744 90.6787718210589 92.6314045548491 93.7401206226418 93.0095723137441
63.9536370923738 84.0735682389664 86.1317653985997 0 80.3980229870522 85.189703782236 78.103370572082 85.042668369047 87.9869874979613 88.2933344856596 89.687575441599 88.8986615628356 88.8398492236681 90.0708701724473 90.2936208464798 90.1471795575176 92.4957863074959 92.8926411279113
80.0708701724473 74.9227372224544 80.7228583477486 80.3980229870522 0 79.7997758540917 82.9023336598264 84.5150597129644 84.2969130372258 88.739662743036 89.0031006429096 86.8461811729156 89.4467356815688 90.0485139909067 89.1074074319204 90.5246738924964 92.2867022452208 92.0184893922487
84.6733771834068 76.5840769255055 83.2093361878076 85.189703782236 79.7997758540917 0 84.8358842042205 82.1965229169693 76.8092101824516 87.3827962632147 86.436435724929 82.1177073885602 88.3029171571633 88.3315389565909 86.0056807318553 89.2597956700238 90.6739225933213 89.8119089631897
76.4578371154628 85.26340400843 87.9003423334457 78.103370572082 82.9023336598264 84.8358842042205 0 81.3176021151403 87.4778743506497 85.1798910614678 87.5529400534949 87.4570865748645 85.891837352535 87.7157555952006 88.6212014783164 87.6910302758883 90.8043333862853 91.604732064441
84.2434141444616 85.042668369047 88.2933344856596 85.042668369047 84.5150597129644 82.1965229169693 81.3176021151403 0 84.2525454416864 80.6861507245123 82.0323684124072 82.1259843966288 82.5057990397075 83.5392759245935 83.7182832318441 84.5549470876843 87.8814856746282 88.4599765983439
87.6014914156434 81.6566330043375 85.1014144120895 87.9869874979613 84.2969130372258 76.8092101824516 87.4778743506497 84.2525454416864 0 88.0908247429846 86.0440932492735 79.5914134259955 88.9494770339973 88.4193970634207 84.7054556385607 89.5839959266364 90.2905935249614 88.6018846103919
87.7688490461521 89.1548681800329 91.3176021151403 88.2933344856596 88.739662743036 87.3827962632147 85.1798910614678 80.6861507245123 88.0908247429846 0 80.1887143134889 85.280235595651 68.4638216139284 76.4394995309249 83.9731365032165 76.0016174742824 84.5803968642813 87.5353659103793
89.2280026092608 88.7859429613949 90.9910634709433 89.687575441599 89.0031006429096 86.436435724929 87.5529400534949 82.0323684124072 86.0440932492735 80.1887143134889 0 80.7750878561122 81.5653952239311 76.9312422033652 75.2003092693599 81.3414426772175 82.4108172720404 83.201597050353
88.444562403568 85.7849113793878 88.5207127327984 88.8986615628356 86.8461811729156 82.1177073885602 87.4570865748645 82.1259843966288 79.5914134259955 85.280235595651 80.7750878561122 0 86.3740794860693 84.9659509602808 77.7056993033671 86.8428331489911 87.3062096567191 85.1986793407167
88.3603669753114 89.8848356034133 91.8868253773157 88.8398492236681 89.4467356815688 88.3029171571633 85.891837352535 82.5057990397075 88.9494770339973 68.4638216139284 81.5653952239311 86.3740794860693 0 76.706750637792 84.9582041534757 73.2478263495168 84.3279020717801 87.873567814971
89.6356543330438 90.1466578511299 92.1042650678744 90.0708701724473 90.0485139909067 88.3315389565909 87.7157555952006 83.5392759245935 88.4193970634207 76.4394995309249 76.9312422033652 84.9659509602808 76.706750637792 0 81.9625254725383 73.6150544197642 80.3534795727897 85.1080779267362
89.8779030845913 88.5343471744047 90.6787718210589 90.2936208464798 89.1074074319204 86.0056807318553 88.6212014783164 83.7182832318441 84.7054556385607 83.9731365032165 75.2003092693599 77.7056993033671 84.9582041534757 81.9625254725383 0 84.7571957958678 83.9590623832968 81.2066265229575
89.7314264593261 90.7989490134675 92.6314045548491 90.1471795575176 90.5246738924964 89.2597956700238 87.6910302758883 84.5549470876843 89.5839959266364 76.0016174742824 81.3414426772175 86.8428331489911 73.2478263495168 73.6150544197642 84.7571957958678 0 81.828241837558 86.9487100793787
92.1664791154221 92.1900093127201 93.7401206226418 92.4957863074959 92.2867022452208 90.6739225933213 90.8043333862853 87.8814856746282 90.2905935249614 84.5803968642813 82.4108172720404 87.3062096567191 84.3279020717801 80.3534795727897 83.9590623832968 81.828241837558 0 82.4784370287424
92.5835923786124 91.5173353083946 93.0095723137441 92.8926411279113 92.0184893922487 89.8119089631897 91.604732064441 88.4599765983439 88.6018846103919 87.5353659103793 83.201597050353 85.1986793407167 87.873567814971 85.1080779267362 81.2066265229575 86.9487100793787 82.4784370287424 0
