0 78.4018890874713 86.1970250009704 68.5776170713634 76.7923005771085 86.8900244486873 77.8497272528937 84.9719667154197 86.6610075789902 86.4797404980476 86.213187821334 89.6426912422026 90.4372372021832 89.0149652304446 90.4267331260094 91.3382714869934 90.2946294848908 91.7505036855987
78.4018890874713 0 82.0710623467877 75.1757958751021 68.4638216139284 82.7916704750675 81.715198676593 83.3550650034345 82.6002308959102 87.0125223952169 83.3637795294295 87.7674957525076 90.8542682162229 88.370981102352 89.1312026384664 91.2650909053476 89.735729955783 90.7508678941587
86.1970250009704 82.0710623467877 0 85.1733369084502 83.6291168545625 75.5523155632995 87.873567814971 87.1112419990312 80.3980229870522 90.362673097309 85.4280814178556 88.1054580245707 93.0498658901081 90.4372372021832 89.9796622965764 93.0063326195754 91.4168647432734 91.4741215705682
68.5776170713634 75.1757958751021 85.1733369084502 0 72.5420156066597 85.8097668259691 78.0908247429846 83.9979256835207 85.5047191012369 86.2581263061566 85.1213743621328 88.9298435901867 90.3574575394695 88.5494465197111 89.8589904547863 91.1211806667008 89.9022566272888 91.2930289551755
76.7923005771085 68.4638216139284 83.6291168545625 72.5420156066597 0 83.9209422467254 79.6356543330438 82.3105428072981 83.323798167022 86.0009398949349 83.0290942252098 87.6332498373779 90.2244779759935 87.7593671230427 88.8461887760664 90.7481431940208 89.22735792065 90.48383160337
86.8900244486873 82.7916704750675 75.5523155632995 85.8097668259691 83.9209422467254 0 87.8319828162819 85.7563298690626 74.0608757462916 89.6745078300645 83.0718690352051 85.9105584656013 92.4177814612158 89.2434464950952 88.3351034548413 92.1676258972893 90.2807401307034 90.0862396923935
77.8497272528937 81.715198676593 87.873567814971 78.0908247429846 79.6356543330438 87.8319828162819 0 82.3358293114501 87.0178873678807 82.5824014703115 85.0905643473228 88.6815671379067 88.120458136718 86.7956877693918 89.1189908313318 89.3958683106901 88.3658738348 90.5011764249031
84.9719667154197 83.3550650034345 87.1112419990312 83.9979256835207 82.3105428072981 85.7563298690626 82.3358293114501 0 83.5630990497122 81.1157579812105 76.3902173587608 83.087801592918 87.0055380079075 81.2209091826396 83.8924062417859 86.9731560150681 84.0608757462916 86.4309154214711
86.6610075789902 82.6002308959102 80.3980229870522 85.5047191012369 83.323798167022 74.0608757462916 87.0178873678807 83.5630990497122 0 88.4240539611798 79.4467356815688 83.4972683928071 91.4201736537717 87.6253319777206 86.5063621434069 91.0473968619858 88.8349120548484 88.6385873374445
86.4797404980476 87.0125223952169 90.362673097309 86.2581263061566 86.0009398949349 89.6745078300645 82.5824014703115 81.1157579812105 88.4240539611798 0 85.0206444159974 87.2272264362371 81.9401435468265 81.0399703025278 86.4706275098419 84.1613919743094 83.3200309745183 87.6997459853423
86.213187821334 83.3637795294295 85.4280814178556 85.1213743621328 83.0290942252098 83.0718690352051 85.0905643473228 76.3902173587608 79.4467356815688 85.0206444159974 0 79.9360690089101 88.940188044825 83.3749582867445 82.9422595709972 88.4135689102503 85.372052683946 86.0198722703839
89.6426912422026 87.7674957525076 88.1054580245707 88.9298435901867 87.6332498373779 85.9105584656013 88.6815671379067 83.087801592918 83.4972683928071 87.2272264362371 79.9360690089101 0 89.4387596557842 83.2796429373787 76.6545999065771 87.9710879147445 84.2199910062345 81.780154608477
90.4372372021832 90.8542682162229 93.0498658901081 90.3574575394695 90.2244779759935 92.4177814612158 88.120458136718 87.0055380079075 91.4201736537717 81.9401435468265 88.940188044825 89.4387596557842 0 83.5547758127407 87.9577216803775 78.8108513571896 83.3550650034345 88.0466267161603
89.0149652304446 88.370981102352 90.4372372021832 88.5494465197111 87.7593671230427 89.2434464950952 86.7956877693918 81.2209091826396 87.6253319777206 81.0399703025278 83.3749582867445 83.2796429373787 83.5547758127407 0 80.4372372021832 81.3036344422995 73.091775616211 82.2787262194362
90.4267331260094 89.1312026384664 89.9796622965764 89.8589904547863 88.8461887760664 88.3351034548413 89.1189908313318 83.8924062417859 86.5063621434069 86.4706275098419 82.9422595709972 76.6545999065771 87.9577216803775 80.4372372021832 0 85.6540528718643 80.4761005024071 75.5673171147236
91.3382714869934 91.2650909053476 93.0063326195754 91.1211806667008 90.7481431940208 92.1676258972893 89.3958683106901 86.9731560150681 91.0473968619858 84.1613919743094 88.4135689102503 87.9710879147445 78.8108513571896 81.3036344422995 85.6540528718643 0 78.8707549940815 85.0435132177645
90.2946294848908 89.735729955783 91.4168647432734 89.9022566272888 89.22735792065 90.2807401307034 88.3658738348 84.0608757462916 88.8349120548484 83.3200309745183 85.372052683946 84.2199910062345 83.3550650034345 73.091775616211 80.4761005024071 78.8707549940815 0 80.6374962592738
91.7505036855987 90.7508678941587 91.4741215705682 91.2930289551755 90.48383160337 90.0862396923935 90.5011764249031 86.4309154214711 88.6385873374445 87.6997459853423 86.0198722703839 81.780154608477 88.0466267161603 82.2787262194362 75.5673171147236 85.0435132177645 80.6374962592738 0
