0 84.3557033681209 86.7468837467999 80.4396763737266 70.5098229277861 84.9796890336395 80.237526392877 80.5622918724125 87.9762509169206 87.0632240165738 87.5348899451403 88.6478068560834 88.7887968762792 90.0880909614124 89.3116400006228 89.2428040951504 90.1458751740211 90.2693429807388
84.3557033681209 0 74.3872598725851 88.4426317768107 82.5344953540117 77.4658005457673 87.8488417508376 85.2408599357581 88.0428173008416 91.3692891253393 89.8531331056309 89.1940264119802 92.1730280796715 91.8262930972691 89.9796622965764 92.1259843966288 92.565544913022 91.1735970472437
86.7468837467999 74.3872598725851 0 89.9821014681199 85.4032689536105 79.178079427437 89.4344587975798 87.0849242308258 88.6848557252811 92.4270497090564 90.7628815804338 89.815288906147 93.0811701290871 92.4932035272717 90.5513733848517 92.9674028621278 93.3143740516009 91.7055531438746
80.4396763737266 88.4426317768107 89.9821014681199 0 82.8354320315571 88.2418667101909 72.099442252477 82.0844407010529 88.3299537955845 81.9504880014648 85.9846461950885 88.5119793763395 85.202753015923 88.5933131285828 88.9453510470012 86.392075568082 87.8248646916497 89.553301503306
70.5098229277861 82.5344953540117 85.4032689536105 82.8354320315571 0 83.8090244763067 82.4982157571468 81.4063373322637 88.0652025753386 88.2163091637699 88.1569084359586 88.8567341753854 89.6896046519108 90.5854618654322 89.5577850834754 90.01879426857 90.8043333862853 90.5760196509964
84.9796890336395 77.4658005457673 79.178079427437 88.2418667101909 83.8090244763067 0 87.2709460205284 83.4304244917432 85.2068228736091 90.7644658121266 88.1639148490487 86.8232514000465 91.3863823274932 90.3903841136601 87.8461841608603 91.1307580933578 91.4965469593999 89.3784679218221
80.237526392877 87.8488417508376 89.4344587975798 72.099442252477 82.4982157571468 87.2709460205284 0 79.178079427437 86.8761978059386 81.955651003641 84.2312091392794 87.097050215133 84.7254986332328 87.4778743506497 87.6253319777206 85.5523155632995 86.999080896344 88.3882228079391
80.5622918724125 85.2408599357581 87.0849242308258 82.0844407010529 81.4063373322637 83.4304244917432 79.178079427437 0 83.323798167022 85.8883616061958 82.9463689655499 84.3049314005818 87.0382140342669 86.975322342495 85.3649979935812 86.8982993539898 87.7562018760149 86.8767517176566
87.9762509169206 88.0428173008416 88.6848557252811 88.3299537955845 88.0652025753386 85.2068228736091 86.8761978059386 83.323798167022 0 88.8409064585869 81.4510002480644 71.7532076048429 88.6230543495502 84.4351407256978 76.3340981236618 87.4889526831515 87.4293764170868 81.1324215788973
87.0632240165738 91.3692891253393 92.4270497090564 81.9504880014648 88.2163091637699 90.7644658121266 81.955651003641 85.8883616061958 88.8409064585869 0 84.6289949893373 88.4391544843896 76.108690874692 86.2478955715808 88.4856734369361 80.6584149528466 83.447537158823 88.4653586674992
87.5348899451403 89.8531331056309 90.7628815804338 85.9846461950885 88.1569084359586 88.1639148490487 84.2312091392794 82.9463689655499 81.4510002480644 84.6289949893373 0 79.6736352563445 83.6964506811521 78.3666599593055 79.5765657369386 81.5047597563245 81.7729850735115 80.1990362311678
88.6478068560834 89.1940264119802 89.815288906147 88.5119793763395 88.8567341753854 86.8232514000465 87.097050215133 84.3049314005818 71.7532076048429 88.4391544843896 79.6736352563445 0 87.9265178711614 82.3358293114501 68.7608908822587 86.4900454874486 86.2196361444474 77.5519919157727
88.7887968762792 92.1730280796715 93.0811701290871 85.202753015923 89.6896046519108 91.3863823274932 84.7254986332328 87.0382140342669 88.6230543495502 76.108690874692 83.6964506811521 87.9265178711614 0 84.1913043119513 87.7457855061601 74.3872598725851 79.1551959618225 87.3207354069254
90.0880909614124 91.8262930972691 92.4932035272717 88.5933131285828 90.5854618654322 90.3903841136601 87.4778743506497 86.975322342495 84.4351407256978 86.2478955715808 78.3666599593055 82.3358293114501 84.1913043119513 0 80.9368178278012 80.9106422900855 78.6957997331364 77.9330371790942
89.3116400006228 89.9796622965764 90.5513733848517 88.9453510470012 89.5577850834754 87.8461841608603 87.6253319777206 85.3649979935812 76.3340981236618 88.4856734369361 79.5765657369386 68.7608908822587 87.7457855061601 80.9368178278012 0 86.107368620208 85.6038533927274 73.6964506811521
89.2428040951504 92.1259843966288 92.9674028621278 86.392075568082 90.01879426857 91.1307580933578 85.5523155632995 86.8982993539898 87.4889526831515 80.6584149528466 81.5047597563245 86.4900454874486 74.3872598725851 80.9106422900855 86.107368620208 0 72.2305599791183 85.3248034982015
90.1458751740211 92.565544913022 93.3143740516009 87.8248646916497 90.8043333862853 91.4965469593999 86.999080896344 87.7562018760149 87.4293764170868 83.447537158823 81.7729850735115 86.2196361444474 79.1551959618225 78.6957997331364 85.6038533927274 72.2305599791183 0 84.3199260459954
90.2693429807388 91.1735970472437 91.7055531438746 89.553301503306 90.5760196509964 89.3784679218221 88.3882228079391 86.8767517176566 81.1324215788973 88.4653586674992 80.1990362311678 77.5519919157727 87.3207354069254 77.9330371790942 73.6964506811521 85.3248034982015 84.3199260459954 0
