0 85.9546147109638 89.9491930022336 83.1561751306609 86.8092101824516 90.5729465059073 86.9027061984258 90.497809241511 89.895904667183 88.0402758330119 89.7997758540917 91.8305437674693 90.1152402208497 92.3622226327926 92.9316942923851 91.8538483770758 93.8811599390343 93.4059834261474
85.9546147109638 0 81.6121845670317 84.6354957098355 68.4638216139284 84.2169264795973 84.535049192901 86.6726337265277 82.1965229169693 87.9629005876621 87.3526213444023 88.0062467083217 90.584282710686 91.0047872994977 90.1471795575176 92.2841515103591 92.2294296977097 91.3084284210613
89.9491930022336 81.6121845670317 0 87.8492845244343 79.6707254104607 76.560312462274 86.0621707455228 84.6521673035101 70.8110544783965 89.0301722270237 86.8817337465467 84.9719667154197 91.220094294783 90.3175129505054 88.0262711129043 92.6384650594123 91.0518467094733 89.804012184929
83.1561751306609 84.6354957098355 87.8492845244343 0 84.8145647350099 87.6910302758883 78.4599765983439 86.2254314605081 87.2338635130179 81.0314672262549 84.5007249717544 88.444562403568 85.6745557686413 88.669854173857 89.7543293196242 88.5271565534808 90.9051691389906 90.2807401307034
86.8092101824516 68.4638216139284 79.6707254104607 84.8145647350099 0 82.6708255255615 84.0311148723812 85.7217818991216 80.2119042252309 87.7056993033671 86.6917490863679 87.097050215133 90.3822376182188 90.5527990930723 89.4708810437879 92.0902807967814 91.7614891420568 90.7590317529402
90.5729465059073 84.2169264795973 76.560312462274 87.6910302758883 82.6708255255615 0 84.9822600913282 80.9972874546011 71.3769599159453 87.9732399116266 84.6953993467273 80.8378353124009 90.2018704630034 88.5644935501606 85.3303424647414 91.6488872940843 89.275127108415 87.6974540728827
86.9027061984258 84.535049192901 86.0621707455228 78.4599765983439 84.0311148723812 84.9822600913282 0 81.6951556819209 84.8825972015924 78.5550952672913 78.9021373091748 85.189703782236 84.6871541162429 86.1651703119209 87.0055380079075 87.7235104485739 88.8058810936318 87.8475131591322
90.497809241511 86.6726337265277 84.6521673035101 86.2254314605081 85.7217818991216 80.9972874546011 81.6951556819209 0 82.6810253671005 84.3279020717801 76.625354376404 75.6635841127368 86.9519774988324 83.9296849669784 80.8843080316161 88.7698546518372 85.7777836167194 83.6396338793095
89.895904667183 82.1965229169693 70.8110544783965 87.2338635130179 80.2119042252309 71.3769599159453 84.8825972015924 82.6810253671005 0 88.1233688184042 85.4673355948484 83.2028878646942 90.4649628778786 89.3475349130989 86.8232514000465 91.9664733703987 90.181991887589 88.8041046200851
88.0402758330119 87.9629005876621 89.0301722270237 81.0314672262549 87.7056993033671 87.9732399116266 78.5550952672913 84.3279020717801 88.1233688184042 0 80.0708701724473 86.940530759705 78.9021373091748 84.5093314929837 87.5789330539932 84.1913043119513 88.103370572082 87.6145965505939
89.7997758540917 87.3526213444023 86.8817337465467 84.5007249717544 86.6917490863679 84.6953993467273 78.9021373091748 76.625354376404 85.4673355948484 80.0708701724473 0 81.7369587796645 83.8146333429251 81.7387672097631 83.1194924223973 86.4706275098419 85.4795778716485 84.0321812799542
91.8305437674693 88.0062467083217 84.9719667154197 88.444562403568 87.097050215133 80.8378353124009 85.189703782236 75.6635841127368 83.2028878646942 86.940530759705 81.7369587796645 0 88.6742502381572 84.8358842042205 77.4754622734875 89.950284880258 85.2092629587856 82.4784370287424
90.1152402208497 90.584282710686 91.220094294783 85.6745557686413 90.3822376182188 90.2018704630034 84.6871541162429 86.9519774988324 90.4649628778786 78.9021373091748 83.8146333429251 88.6742502381572 0 83.6291168545625 88.4488067638196 77.4995229711462 87.5944545064845 87.7398869227274
92.3622226327926 91.0047872994977 90.3175129505054 88.669854173857 90.5527990930723 88.5644935501606 86.1651703119209 83.9296849669784 89.3475349130989 84.5093314929837 81.7387672097631 84.8358842042205 83.6291168545625 0 82.4982157571468 84.0830633243401 79.0119174309222 79.5556933220744
92.9316942923851 90.1471795575176 88.0262711129043 89.7543293196242 89.4708810437879 85.3303424647414 87.0055380079075 80.8843080316161 86.8232514000465 87.5789330539932 83.1194924223973 77.4754622734875 88.4488067638196 82.4982157571468 0 89.259475688825 81.0314672262549 75.9126336164662
91.8538483770758 92.2841515103591 92.6384650594123 88.5271565534808 92.0902807967814 91.6488872940843 87.7235104485739 88.7698546518372 91.9664733703987 84.1913043119513 86.4706275098419 89.950284880258 77.4995229711462 84.0830633243401 89.259475688825 0 87.4293764170868 88.1067100146295
93.8811599390343 92.2294296977097 91.0518467094733 90.9051691389906 91.7614891420568 89.275127108415 88.8058810936318 85.7777836167194 90.181991887589 88.103370572082 85.4795778716485 85.2092629587856 87.5944545064845 79.0119174309222 81.0314672262549 87.4293764170868 0 74.0075874112409
93.4059834261474 91.3084284210613 89.804012184929 90.2807401307034 90.7590317529402 87.6974540728827 87.8475131591322 83.6396338793095 88.8041046200851 87.6145965505939 84.0321812799542 82.4784370287424 87.7398869227274 79.5556933220744 75.9126336164662 88.1067100146295 74.0075874112409 0
