0 82.9463689655499 86.7872148302036 75.4841598430449 77.4802850888848 87.9869874979613 82.6342007106042 80.5098229277861 86.4979093077805 87.2598037653182 88.9891607759621 88.029670345888 88.1465843099084 88.9714163393503 91.592594405751 89.0724707021626 91.5188571462793 92.6869884543079
82.9463689655499 0 78.5210920458533 79.2202600224785 79.2073249576102 81.780154608477 86.6511008236815 77.0605702158074 79.9360690089101 89.3818913619656 87.4293764170868 83.9590623832968 89.3255293548103 87.28054592573 90.1280965538228 90.4284448241106 91.7079210128555 91.6520241268816
86.7872148302036 78.5210920458533 0 84.2066957450215 84.8913549073611 81.1011246996244 89.4988315371399 83.7182832318441 81.9280437922403 91.4596851756052 88.9669688788295 85.2198208476034 91.2785798855667 88.7966354858417 90.9119548206408 92.2009140836742 92.98250072963 92.37535938623
75.4841598430449 79.2202600224785 84.2066957450215 0 77.0711757029314 86.5075683494469 85.0637404376506 78.940188044825 85.0637404376506 88.6976210562157 88.9724420299244 87.2180198603311 89.1797093560803 88.9090804678383 91.5093368986618 90.1375178297974 92.0534404810108 92.7210100637805
77.4802850888848 79.2073249576102 84.8913549073611 77.0711757029314 0 85.2068228736091 81.989915045822 70.3134982103822 82.8815373958952 86.5214156933801 86.5662657802988 84.9728254291781 86.8678806412791 86.5087742205692 89.8296243895863 88.1799458026485 90.3646583301047 91.2274227868887
87.9869874979613 81.780154608477 81.1011246996244 86.5075683494469 85.2068228736091 0 88.8394967548274 83.4972683928071 73.6501254971811 90.3277838137461 85.3287606235951 77.9330371790942 89.6872854769974 85.0206444159974 87.6689334133668 90.8148584852308 91.1004964558035 89.7314264593261
82.6342007106042 86.6511008236815 89.4988315371399 85.0637404376506 81.989915045822 88.8394967548274 0 83.2401555589108 87.1809971370733 79.5765657369386 86.4900454874486 87.5047984831427 82.0154368322127 86.6024053564106 89.6814821156488 83.5153213971275 88.0740403942904 90.6757705566784
80.5098229277861 77.0605702158074 83.7182832318441 78.940188044825 70.3134982103822 83.4972683928071 83.2401555589108 0 80.5527990930723 86.9780287330724 85.7065803099363 83.3250531720355 86.9996193558102 85.6038533927274 89.1797093560803 88.3823526405858 90.2160139438428 90.7426886600651
86.4979093077805 79.9360690089101 81.9280437922403 85.0637404376506 82.8815373958952 73.6501254971811 87.1809971370733 80.5527990930723 0 88.9949461517284 83.8714337899069 75.6635841127368 88.3351034548413 83.5547758127407 87.2072541295984 89.6385877643063 90.2375263928769 89.337174755005
87.2598037653182 89.3818913619656 91.4596851756052 88.6976210562157 86.5214156933801 90.3277838137461 79.5765657369386 86.9780287330724 88.9949461517284 0 86.2254314605081 88.6286082249212 74.9227372224544 86.4486780017291 88.9467268115867 75.3208427639379 84.9659509602808 89.5470167045522
88.9891607759621 87.4293764170868 88.9669688788295 88.9724420299244 86.5662657802988 85.3287606235951 86.4900454874486 85.7065803099363 83.8714337899069 86.2254314605081 0 80.5098229277861 84.0279140776271 56.9639370490137 79.8864977625784 85.8604550374417 84.8957271465495 83.6150544197642
88.029670345888 83.9590623832968 85.2198208476034 87.2180198603311 84.9728254291781 77.9330371790942 87.5047984831427 83.3250531720355 75.6635841127368 88.6286082249212 80.5098229277861 0 87.550569320962 79.9579203496951 84.5700464329907 88.9494770339973 88.976883891973 87.3630331127546
88.1465843099084 89.3255293548103 91.2785798855667 89.1797093560803 86.8678806412791 89.6872854769974 82.0154368322127 86.9996193558102 88.3351034548413 74.9227372224544 84.0279140776271 87.550569320962 0 84.3527331561148 87.1075670983908 72.5269620566865 82.1654959184623 87.7652393255752
88.9714163393503 87.28054592573 88.7966354858417 88.9090804678383 86.5087742205692 85.0206444159974 86.6024053564106 85.6038533927274 83.5547758127407 86.4486780017291 56.9639370490137 79.9579203496951 84.3527331561148 0 79.9085993106296 86.1396485255302 85.2287344421139 83.7445660987571
91.592594405751 90.1280965538228 90.9119548206408 91.5093368986618 89.8296243895863 87.6689334133668 89.6814821156488 89.1797093560803 87.2072541295984 88.9467268115867 79.8864977625784 84.5700464329907 87.1075670983908 79.9085993106296 0 88.1054580245707 85.1338029067756 76.2325041385106
89.0724707021626 90.4284448241106 92.2009140836742 90.1375178297974 88.1799458026485 90.8148584852308 83.5153213971275 88.3823526405858 89.6385877643063 75.3208427639379 85.8604550374417 88.9494770339973 72.5269620566865 86.1396485255302 88.1054580245707 0 81.8388559645986 88.3991592697787
91.5188571462793 91.7079210128555 92.98250072963 92.0534404810108 90.3646583301047 91.1004964558035 88.0740403942904 90.2160139438428 90.2375263928769 84.9659509602808 84.8957271465495 88.976883891973 82.1654959184623 85.2287344421139 85.1338029067756 81.8388559645986 0 84.2281525210987
92.6869884543079 91.6520241268816 92.37535938623 92.7210100637805 91.2274227868887 89.7314264593261 90.6757705566784 90.7426886600651 89.337174755005 89.5470167045522 83.6150544197642 87.3630331127546 87.7652393255752 83.7445660987571 76.2325041385106 88.3991592697787 84.2281525210987 0
