0 78.8707549940815 85.9539297579115 81.2066265229575 85.2279248708898 87.3307249336277 83.5069059996893 85.1831644325058 87.2840773906087 86.7531567953608 87.6573799486679 89.012256180957 90.1492657565821 89.2444099168803 91.2145897987937 93.4163170390674 92.944314754324 93.103015641047
78.8707549940815 0 81.0399703025278 82.3859648733539 80.4103155081914 83.5725918290523 82.1226754861304 79.6239007539644 83.1457259350781 85.9209243186067 85.7376505077114 86.0232443839309 89.4415222457894 87.4132525105052 89.0443175425455 92.5755474028898 91.5131475024152 91.5976403219377
85.9539297579115 81.0399703025278 0 87.1473005892469 79.9085993106296 73.051870788883 85.9271319752455 75.8358888194266 74.8172353991213 88.0500100602356 86.5811134693557 82.7460299124228 90.4063856856688 87.378357389014 86.6934826815552 92.5637509872167 90.5158173315245 90.3447650467947
81.2066265229575 82.3859648733539 87.1473005892469 0 84.0022224385771 88.6738840693766 75.5673171147236 85.1329754427702 87.4000155515516 80.8378353124009 83.8879993973499 87.989131632697 86.5310226538999 86.3516352768448 90.1047169668058 91.2856097434395 91.3493605368748 91.7060996897762
85.2279248708898 80.4103155081914 79.9085993106296 84.0022224385771 0 83.0290942252098 80.9972874546011 71.3769599159453 78.103370572082 83.8714337899069 81.2310824007349 80.0415708322431 87.3352127350916 83.087801592918 85.1601988539792 90.5416184988056 88.7078063741376 88.7955674172658
87.3307249336277 83.5725918290523 73.051870788883 88.6738840693766 83.0290942252098 0 87.7047839392961 80.4372372021832 77.9719488414633 89.4497994875647 88.103370572082 84.0417671828947 91.424840769058 88.6341550069162 87.2272264362371 93.2093361878076 91.0505757896518 90.788610269172
83.5069059996893 82.1226754861304 85.9271319752455 75.5673171147236 80.9972874546011 87.7047839392961 0 83.0331223084966 85.6745557686413 77.0711757029314 79.8419543483159 85.8358888194266 84.8252375517326 83.4864004590469 88.3453844908085 90.0782967319053 89.8385951024459 90.2405909195141
85.1831644325058 79.6239007539644 75.8358888194266 85.1329754427702 71.3769599159453 80.4372372021832 83.0331223084966 0 74.7182209694953 85.6562542463234 83.6337942323103 80.5098229277861 88.6167513594206 84.9192614761152 85.5673171147236 91.3493605368748 89.3818913619656 89.3494159258269
87.2840773906087 83.1457259350781 74.8172353991213 87.4000155515516 78.103370572082 77.9719488414633 85.6745557686413 74.7182209694953 0 87.3882153998726 85.1929697683414 78.3666599593055 89.5317156500199 85.6891416591578 84.1416819317454 91.5595580581718 88.9946060487626 88.7612497884875
86.7531567953608 85.9209243186067 88.0500100602356 80.8378353124009 83.8714337899069 89.4497994875647 77.0711757029314 85.6562542463234 87.3882153998726 0 77.3975598292249 86.5268222233502 80.3509914920462 81.4121890441111 88.2511598923979 88.1860958317419 88.7966354858417 89.4387596557842
87.6573799486679 85.7376505077114 86.5811134693557 83.8879993973499 81.2310824007349 88.103370572082 79.8419543483159 83.6337942323103 85.1929697683414 77.3975598292249 0 83.1155436921792 81.4683527698718 74.2066957450215 85.3176715737137 87.3082160992677 86.5662657802988 87.2272264362371
89.012256180957 86.0232443839309 82.7460299124228 87.989131632697 80.0415708322431 84.0417671828947 85.8358888194266 80.5098229277861 78.3666599593055 86.5268222233502 83.1155436921792 0 87.9732399116266 82.4570356382086 78.4638216139284 89.6479614516232 85.9689738268077 85.6694391116945
90.1492657565821 89.4415222457894 90.4063856856688 86.5310226538999 87.3352127350916 91.424840769058 84.8252375517326 88.6167513594206 89.5317156500199 80.3509914920462 81.4683527698718 87.9732399116266 0 81.5218992231529 88.458052813232 84.1706971804335 87.1784143568491 88.2418667101909
89.2444099168803 87.4132525105052 87.378357389014 86.3516352768448 83.087801592918 88.6341550069162 83.4864004590469 84.9192614761152 85.6891416591578 81.4121890441111 74.2066957450215 82.4570356382086 81.5218992231529 0 83.5392759245935 85.7520263726057 84.1779208042287 85.0964100579897
91.2145897987937 89.0443175425455 86.6934826815552 90.1047169668058 85.1601988539792 87.2272264362371 88.3453844908085 85.5673171147236 84.1416819317454 88.2511598923979 85.3176715737137 78.4638216139284 88.458052813232 83.5392759245935 0 88.607465606858 82.5269620566865 81.3887347396581
93.4163170390674 92.5755474028898 92.5637509872167 91.2856097434395 90.5416184988056 93.2093361878076 90.0782967319053 91.3493605368748 91.5595580581718 88.1860958317419 87.3082160992677 89.6479614516232 84.1706971804335 85.7520263726057 88.607465606858 0 83.9536370923738 85.6854997764966
92.944314754324 91.5131475024152 90.5158173315245 91.3493605368748 88.7078063741376 91.0505757896518 89.8385951024459 89.3818913619656 88.9946060487626 88.7966354858417 86.5662657802988 85.9689738268077 87.1784143568491 84.1779208042287 82.5269620566865 83.9536370923738 0 70.943337135734
93.103015641047 91.5976403219377 90.3447650467947 91.7060996897762 88.7955674172658 90.788610269172 90.2405909195141 89.3494159258269 88.7612497884875 89.4387596557842 87.2272264362371 85.6694391116945 88.2418667101909 85.0964100579897 81.3887347396581 85.6854997764966 70.943337135734 0
