0 73.2478263495168 86.0279609484676 75.6562542463234 83.9154690956304 86.5214156933801 85.3184645883821 87.4059036258722 89.3784679218221 88.4622840161715 86.137022406134 89.935247441013 88.7941429171074 90.8282578216759 90.6801563207739 92.7943653575512 93.267834376354 92.2366906648989
73.2478263495168 0 83.9154690956304 77.3975598292249 82.176952723197 84.469985132245 85.0838738860435 85.8576544925637 88.2093868368697 88.7723611954805 85.3374536285919 89.0081894356089 88.9010948773214 90.3237785614532 89.7890252849174 92.6519656928 92.9035782745675 91.638908181561
86.0279609484676 83.9154690956304 0 86.9731560150681 85.5039593802835 80.6234942756704 89.0058154076919 85.0612171811727 87.210845672568 91.8959026397782 88.1341628747489 88.8679544492035 91.7050065291834 91.2699275961333 89.2980232606612 93.9371024663375 93.4660405956172 91.692415365402
75.6562542463234 77.3975598292249 86.9731560150681 0 81.5218992231529 86.1970250009704 81.955651003641 86.3397427924283 88.3929132357039 86.2581263061566 83.5500125056341 88.7338880295529 86.6353199692122 89.3784679218221 89.6333061606054 91.5133379448638 92.169591104828 91.1672083925984
83.9154690956304 82.176952723197 85.5039593802835 81.5218992231529 0 81.2331141878218 79.7799514872702 79.2234877779738 83.1548703552811 86.4511223213766 76.6604254538209 83.9209422467254 85.9084823227115 86.1192544428531 85.3783139138199 90.0228223518567 89.9796622965764 88.0853769415613
86.5214156933801 84.469985132245 80.6234942756704 86.1970250009704 81.2331141878218 0 86.5184091547906 77.2169957016613 81.7819451443998 90.2029006343464 84.6354957098355 84.6168963459942 89.7468991299264 88.3658738348 85.3374536285919 92.0089854842017 91.2392038520386 88.8451328264355
85.3184645883821 85.0838738860435 89.0058154076919 81.955651003641 79.7799514872702 86.5184091547906 0 84.676136068509 86.1821018921153 81.0399703025278 74.9227372224544 85.5673171147236 80.3185160559075 84.9607879581046 86.8856047105432 88.0232945999633 89.0891422958372 88.150303823232
87.4059036258722 85.8576544925637 85.0612171811727 86.3397427924283 79.2234877779738 77.2169957016613 84.676136068509 0 75.7863355292019 88.8394967548274 81.5729154765791 79.9850808185757 88.103370572082 85.5673171147236 81.5218992231529 90.3290346979446 89.3173273791542 86.3246740082407
89.3784679218221 88.2093868368697 87.210845672568 88.3929132357039 83.1548703552811 81.7819451443998 86.1821018921153 75.7863355292019 0 89.4402946449562 83.4107842329724 74.7635075614827 88.5603608111481 84.2169264795973 75.891837352535 89.7388831451238 87.9899889902793 83.8714337899069
88.4622840161715 88.7723611954805 91.8959026397782 86.2581263061566 86.4511223213766 90.2029006343464 81.0399703025278 88.8394967548274 89.4402946449562 0 83.9154690956304 88.5267777697538 71.6065963893544 86.2459746228643 89.4017562099516 86.2459746228643 89.0607623901479 89.4221471101878
86.137022406134 85.3374536285919 88.1341628747489 83.5500125056341 76.6604254538209 84.6354957098355 74.9227372224544 81.5729154765791 83.4107842329724 83.9154690956304 0 82.6751998198568 82.7273505510716 83.237595614941 84.469985132245 87.9477781460115 88.2390343987537 86.5430015466662
89.935247441013 89.0081894356089 88.8679544492035 88.7338880295529 83.9209422467254 84.6168963459942 85.5673171147236 79.9850808185757 74.7635075614827 88.5267777697538 82.6751998198568 0 87.4034512316464 80.7750878561122 69.8920337031865 88.0908247429846 85.891837352535 80.6117913722832
88.7941429171074 88.9010948773214 91.7050065291834 86.6353199692122 85.9084823227115 89.7468991299264 80.3185160559075 88.103370572082 88.5603608111481 71.6065963893544 82.7273505510716 87.4034512316464 0 84.484421527208 88.3583985463156 84.8615063718665 87.8461841608603 88.2418667101909
90.8282578216759 90.3237785614532 91.2699275961333 89.3784679218221 86.1192544428531 88.3658738348 84.9607879581046 85.5673171147236 84.2169264795973 86.2459746228643 83.237595614941 80.7750878561122 84.484421527208 0 81.780154608477 83.1990142701287 81.1011246996244 79.1551959618225
90.6801563207739 89.7890252849174 89.2980232606612 89.6333061606054 85.3783139138199 85.3374536285919 86.8856047105432 81.5218992231529 75.891837352535 89.4017562099516 84.469985132245 69.8920337031865 88.3583985463156 81.780154608477 0 88.4565131713408 85.7556129157272 79.546717201444
92.7943653575512 92.6519656928 93.9371024663375 91.5133379448638 90.0228223518567 92.0089854842017 88.0232945999633 90.3290346979446 89.7388831451238 86.2459746228643 87.9477781460115 88.0908247429846 84.8615063718665 83.1990142701287 88.4565131713408 0 81.5879170280032 86.0009398949349
93.267834376354 92.9035782745675 93.4660405956172 92.169591104828 89.9796622965764 91.2392038520386 89.0891422958372 89.3173273791542 87.9899889902793 89.0607623901479 88.2390343987537 85.891837352535 87.8461841608603 81.1011246996244 85.7556129157272 81.5879170280032 0 80.3708563400322
92.2366906648989 91.638908181561 91.692415365402 91.1672083925984 88.0853769415613 88.8451328264355 88.150303823232 86.3246740082407 83.8714337899069 89.4221471101878 86.5430015466662 80.6117913722832 88.2418667101909 79.1551959618225 79.546717201444 86.0009398949349 80.3708563400322 0
