0 83.1574795141574 86.440724448383 74.6354957098355 85.280235595651 86.5840769255055 82.2787262194362 83.2388757755454 88.1860958317419 86.0198722703839 86.0090638782592 89.8889898091495 87.7738075181225 90.9374701991545 90.4455248021527 89.4467356815688 92.4779795315263 93.1716719441611
83.1574795141574 0 76.6136007973246 85.7620612388407 78.6994416157976 79.9085993106296 86.6499338359494 80.593000884045 84.5321991797927 86.7211265026863 86.1053844833492 87.9594486690946 89.813317592445 90.6096814964828 89.1806870197213 90.788610269172 92.200263820552 92.419018370995
86.440724448383 76.6136007973246 0 88.2382248275296 78.0908247429846 76.5662657802988 88.3893958898764 82.4309056489519 82.9463689655499 87.5751619087924 86.8545399581078 87.1473005892469 90.7013302325281 90.5273034449647 88.6819326595009 91.3938272656236 92.0534404810108 92.0047359439313
74.6354957098355 85.7620612388407 88.2382248275296 0 86.8900244486873 88.0538131744044 80.4761005024071 84.7427343637532 89.1084015061976 85.8883616061958 86.137022406134 90.3457618781112 86.706750637792 90.8611338332671 90.6953567583125 88.6848557252811 92.3630056956351 93.2228465818156
85.280235595651 78.6994416157976 78.0908247429846 86.8900244486873 0 70.3134982103822 85.9381459480379 75.5971656502182 78.4599765983439 84.0841170535261 82.9436298012717 84.2959097000793 88.502466635823 88.2993261327158 86.1448960051827 89.3018275778494 90.2787161554511 90.4372372021832
86.5840769255055 79.9085993106296 76.5662657802988 88.0538131744044 70.3134982103822 0 87.2425274907694 79.2970716604341 77.4269372455433 85.3469171038869 84.3049314005818 84.1416819317454 89.3475349130989 88.6063499811759 86.2118970069928 89.9753226061638 90.4579266239441 90.4159584053974
82.2787262194362 86.6499338359494 88.3893958898764 80.4761005024071 85.9381459480379 87.2425274907694 0 82.7973419676385 87.3975598292249 80.2604578063016 81.3036344422995 88.0635171402465 81.1963957883817 87.9247777349791 88.1540201537056 84.5016820945834 89.901152605721 91.158744421407
83.2388757755454 80.593000884045 82.4309056489519 84.7427343637532 75.5971656502182 79.2970716604341 82.7973419676385 0 81.0569266728001 80.8776994407101 79.546717201444 84.598216984643 86.4706275098419 87.4908764682633 85.9050198774838 87.6740072170355 89.7176265436162 90.2640140577412
88.1860958317419 84.5321991797927 82.9463689655499 89.1084015061976 78.4599765983439 77.4269372455433 87.3975598292249 81.0569266728001 0 84.0150872561375 82.7056971333427 78.8285560079588 88.5475619699661 86.2022036509434 82.4570356382086 88.8426679450515 88.4472638399846 88.2305263647626
86.0198722703839 86.7211265026863 87.5751619087924 85.8883616061958 84.0841170535261 85.3469171038869 80.2604578063016 80.8776994407101 84.0150872561375 0 66.9639370490137 83.778610784351 80.8222332357115 83.6964506811521 83.6814491297281 82.41855457111 86.8784130290517 88.3477535852317
86.0090638782592 86.1053844833492 86.8545399581078 86.137022406134 82.9436298012717 84.3049314005818 81.3036344422995 79.546717201444 82.7056971333427 66.9639370490137 0 82.7531929436013 82.41855457111 83.7056567149524 82.9913175176426 83.6115316848253 86.9399849236182 88.1901910181076
89.8889898091495 87.9594486690946 87.1473005892469 90.3457618781112 84.2959097000793 84.1416819317454 88.0635171402465 84.598216984643 78.8285560079588 83.778610784351 82.7531929436013 0 87.8333161667972 82.1883793840769 73.6501254971811 87.5124605335482 85.1675938994461 84.6429132091945
87.7738075181225 89.813317592445 90.7013302325281 86.706750637792 88.502466635823 89.3475349130989 81.1963957883817 86.4706275098419 88.5475619699661 80.8222332357115 82.41855457111 87.8333161667972 0 85.3089388419514 87.1269564468328 75.1097422091168 87.3585739824363 89.4745369779097
90.9374701991545 90.6096814964828 90.5273034449647 90.8611338332671 88.2993261327158 88.6063499811759 87.9247777349791 87.4908764682633 86.2022036509434 83.6964506811521 83.7056567149524 82.1883793840769 85.3089388419514 0 78.3666599593055 83.4291995742851 76.8428331489911 81.1963957883817
90.4455248021527 89.1806870197213 88.6819326595009 90.6953567583125 86.1448960051827 86.2118970069928 88.1540201537056 85.9050198774838 82.4570356382086 83.6814491297281 82.9913175176426 73.6501254971811 87.1269564468328 78.3666599593055 0 86.3715914053258 82.4921395829216 82.2867022452208
89.4467356815688 90.788610269172 91.3938272656236 88.6848557252811 89.3018275778494 89.9753226061638 84.5016820945834 87.6740072170355 88.8426679450515 82.41855457111 83.6115316848253 87.5124605335482 75.1097422091168 83.4291995742851 86.3715914053258 0 85.4001574042608 88.1717321929775
92.4779795315263 92.200263820552 92.0534404810108 92.3630056956351 90.2787161554511 90.4579266239441 89.901152605721 89.7176265436162 88.4472638399846 86.8784130290517 86.9399849236182 85.1675938994461 87.3585739824363 76.8428331489911 82.4921395829216 85.4001574042608 0 77.7647878994723
93.1716719441611 92.419018370995 92.0047359439313 93.2228465818156 90.4372372021832 90.4159584053974 91.158744421407 90.2640140577412 88.2305263647626 88.3477535852317 88.1901910181076 84.6429132091945 89.4745369779097 81.1963957883817 82.2867022452208 88.1717321929775 77.7647878994723 0
