0 86.4044433532283 89.0284851878777 80.5622918724125 86.436435724929 87.669856364134 83.6663955797549 88.5513302520412 89.0704658033877 84.3398387118709 89.5145504330212 90.00991931245 88.034764211962 89.4439764069448 91.4511934352631 92.7356943477188 92.9195881315454 93.4947349730711
86.4044433532283 0 77.4947214838478 83.7820006204687 81.2614598490377 79.4467356815688 88.029670345888 84.7680103558923 85.5440425686756 89.2853180813548 86.965022649524 85.4032689536105 90.6509887335417 89.5220873909696 90.1152402208497 93.7967719805641 92.5426166646939 92.6141463324666
89.0284851878777 77.4947214838478 0 86.7050223318121 83.0277507001197 79.7428929869615 89.7230942547424 84.8992217714165 85.4558270336954 90.825581259636 86.9693623399366 84.3249127784517 91.693328996376 90.1010277955709 90.0281873245205 94.2378244411206 92.5939989196316 92.449059612424
80.5622918724125 83.7820006204687 86.7050223318121 0 80.7501868793672 83.5008850021645 80.0814756595712 84.1758581374509 85.0002150024618 82.7674836600796 85.6891416591578 86.5662657802988 86.0009398949349 86.2099600658387 88.6595793524246 91.3370816934188 90.8629038449352 91.4481014083847
86.436435724929 81.2614598490377 83.0277507001197 80.7501868793672 0 73.8325331923513 84.8358842042205 76.5364172448041 78.5962964327146 86.7325930303217 81.1011246996244 80.6117913722832 87.7239661854775 85.322427491129 86.4136961331341 91.5353727906725 89.8059877260316 90.0174507434799
87.669856364134 79.4467356815688 79.7428929869615 83.5008850021645 73.8325331923513 0 86.9747808619358 78.3390605802349 79.7571837034398 88.4898778282883 82.4247345007462 79.4681370721026 89.2916753170929 86.9666505416474 87.2093068035438 92.4247345007462 90.5158173315245 90.5043007593201
83.6663955797549 88.029670345888 89.7230942547424 80.0814756595712 84.8358842042205 86.9747808619358 0 85.891837352535 86.3202690794079 72.5868656935784 86.1866491386205 88.1117143687293 80.2807401307034 83.9110856031371 87.9438809920164 89.0031006429096 89.5060934823739 90.5463797170855
88.5513302520412 84.7680103558923 84.8992217714165 84.1758581374509 76.5364172448041 78.3390605802349 85.891837352535 0 65.0930706154422 87.5263136388159 73.964480905296 75.1757958751021 87.5524660105081 83.4095537626939 83.3699935021867 90.7050021370538 88.0618310508071 88.102117618815
89.0704658033877 85.5440425686756 85.4558270336954 85.0002150024618 78.5962964327146 79.7571837034398 86.3202690794079 65.0930706154422 0 87.8497272528937 71.0505757896518 74.0608757462916 87.6481149962068 83.0983909180522 82.41855457111 90.5299314062634 87.580817399318 87.5353659103793
84.3398387118709 89.2853180813548 90.825581259636 82.7674836600796 86.7325930303217 88.4898778282883 72.5868656935784 87.5263136388159 87.8497272528937 0 87.6351107671628 89.4017562099516 79.1551959618225 85.0265849374382 88.8324413640806 88.6848557252811 89.8889898091495 91.0176141209872
89.5145504330212 86.965022649524 86.9693623399366 85.6891416591578 81.1011246996244 82.4247345007462 86.1866491386205 73.964480905296 71.0505757896518 87.6351107671628 0 77.5944545064845 86.9487100793787 81.1136705287218 79.7799514872702 89.6476688299326 86.1821018921153 86.213187821334
90.00991931245 85.4032689536105 84.3249127784517 86.5662657802988 80.6117913722832 79.4681370721026 88.1117143687293 75.1757958751021 74.0608757462916 89.4017562099516 77.5944545064845 0 89.2967544140174 85.5410302954014 83.9110856031371 91.5687809491987 88.5373712461216 88.1387215271078
88.034764211962 90.6509887335417 91.693328996376 86.0009398949349 87.7239661854775 89.2916753170929 80.2807401307034 87.5524660105081 87.6481149962068 79.1551959618225 86.9487100793787 89.2967544140174 0 81.9401435468265 87.042481236594 85.1798910614678 87.4142314228996 89.0891422958372
89.4439764069448 89.5220873909696 90.1010277955709 86.2099600658387 85.322427491129 86.9666505416474 83.9110856031371 83.4095537626939 83.0983909180522 85.0265849374382 81.1136705287218 85.5410302954014 81.9401435468265 0 80.0867687069284 85.8182560513189 83.2910400873432 85.1014144120895
91.4511934352631 90.1152402208497 90.0281873245205 88.6595793524246 86.4136961331341 87.2093068035438 87.9438809920164 83.3699935021867 82.41855457111 88.8324413640806 79.7799514872702 83.9110856031371 87.042481236594 80.0867687069284 0 87.6332498373779 80.855597892659 80.6374962592738
92.7356943477188 93.7967719805641 94.2378244411206 91.3370816934188 91.5353727906725 92.4247345007462 89.0031006429096 90.7050021370538 90.5299314062634 88.6848557252811 89.6476688299326 91.5687809491987 85.1798910614678 85.8182560513189 87.6332498373779 0 84.2888798422065 86.9470754473467
92.9195881315454 92.5426166646939 92.5939989196316 90.8629038449352 89.8059877260316 90.5158173315245 89.5060934823739 88.0618310508071 87.580817399318 89.8889898091495 86.1821018921153 88.5373712461216 87.4142314228996 83.2910400873432 80.855597892659 84.2888798422065 0 75.5372620133263
93.4947349730711 92.6141463324666 92.449059612424 91.4481014083847 90.0174507434799 90.5043007593201 90.5463797170855 88.102117618815 87.5353659103793 91.0176141209872 86.213187821334 88.1387215271078 89.0891422958372 85.1014144120895 80.6374962592738 86.9470754473467 75.5372620133263 0
