0 79.6239007539644 85.583013171943 85.5949341121958 85.2003092693599 88.1799458026485 88.4565131713408 88.5884608842856 88.6731516391837 87.9607434601061 91.1562640378343 91.2066265229575 90.9437714085026 90.5984114814373 92.3358293114501 91.3580535418715 92.8981823660717 93.5858469576037
79.6239007539644 0 81.2066265229575 84.8358842042205 78.7320818557614 84.2646907159332 87.3167331536123 85.4925475891355 84.9383437488801 86.5184091547906 88.8927464025314 88.8058810936318 89.7997758540917 88.6830290397362 90.2528274474093 89.9130061550656 91.2683159643051 91.9504880014648
85.583013171943 81.2066265229575 0 88.8798443128057 78.3351034548413 79.4313841462521 90.1241649821559 86.9399849236182 83.9242228296478 89.4818396262818 89.3500427490681 88.8394967548274 91.6483335000871 90.0735239732136 90.1091924657575 91.3928483973573 91.8262930972691 92.1235029501358
85.5949341121958 84.8358842042205 88.8798443128057 0 86.411847153548 88.9969862103985 77.8007545217567 84.6280655201376 87.5827009274052 76.9476203930553 87.8497272528937 88.5161583901781 84.5160136821761 85.4841598430449 89.8779030845913 85.9381459480379 89.4586723216596 90.8175416618506
85.2003092693599 78.7320818557614 78.3351034548413 86.411847153548 0 78.1407920610298 87.6960783446142 83.0129444272911 79.6356543330438 86.8193244329465 86.8277350187893 86.3715914053258 89.5479150899687 87.5047984831427 88.1573208909491 89.2125036075832 89.950284880258 90.4804509400096
88.1799458026485 84.2646907159332 79.4313841462521 88.9969862103985 78.1407920610298 0 89.6056196095305 84.575695180571 78.0908247429846 88.9038741397594 86.8148321182775 85.8464342187456 90.7326708536816 88.4228902048013 87.4078645446634 90.1239027507867 89.9972478314741 90.1364720300647
88.4565131713408 87.3167331536123 90.1241649821559 77.8007545217567 87.6960783446142 89.6056196095305 0 83.6964506811521 87.6795355234814 67.4269372455433 86.2325041385106 87.3187347413048 79.1420653552395 82.2787262194362 88.6419086192796 81.955651003641 87.4059036258722 89.2379830643289
88.5884608842856 85.4925475891355 86.9399849236182 84.6280655201376 83.0129444272911 84.575695180571 83.6964506811521 0 79.5914134259955 82.4247345007462 79.3255293548103 80.0522480221793 84.909688805571 79.7342959307347 83.5165222667104 83.6442999499373 85.0129946433235 86.411847153548
88.6731516391837 84.9383437488801 83.9242228296478 87.5827009274052 79.6356543330438 78.0908247429846 87.6795355234814 79.5914134259955 0 86.8282951458061 82.9037165430793 81.5653952239311 88.6665542029632 85.3657824142135 84.2737774339689 87.7239661854775 87.4947214838478 87.8461841608603
87.9607434601061 86.5184091547906 89.4818396262818 76.9476203930553 86.8193244329465 88.9038741397594 67.4269372455433 82.4247345007462 86.8282951458061 0 85.6127543929104 86.6917490863679 80.2119042252309 81.7079210128555 88.1860958317419 82.1292907879716 87.2180198603311 89.0159806884951
91.1562640378343 88.8927464025314 89.3500427490681 87.8497272528937 86.8277350187893 86.8148321182775 86.2325041385106 79.3255293548103 82.9037165430793 85.6127543929104 0 71.0505757896518 85.280235595651 78.5776170713634 76.3653649600743 82.6941043474961 79.7657356159223 81.398522764579
91.2066265229575 88.8058810936318 88.8394967548274 88.5161583901781 86.3715914053258 85.8464342187456 87.3187347413048 80.0522480221793 81.5653952239311 86.6917490863679 71.0505757896518 0 86.7707867926468 81.4990315363439 74.0608757462916 84.7036289530158 81.7711908388985 82.0861101013499
90.9437714085026 89.7997758540917 91.6483335000871 84.5160136821761 89.5479150899687 90.7326708536816 79.1420653552395 84.909688805571 88.6665542029632 80.2119042252309 85.280235595651 86.7707867926468 0 79.9333298446319 87.6689334133668 74.8349979793794 84.8172353991213 87.3749017919311
90.5984114814373 88.6830290397362 90.0735239732136 85.4841598430449 87.5047984831427 88.4228902048013 82.2787262194362 79.7342959307347 85.3657824142135 81.7079210128555 78.5776170713634 81.4990315363439 79.9333298446319 0 83.3049294415307 75.3287606235951 80.7683108277111 84.116656490193
92.3358293114501 90.2528274474093 90.1091924657575 89.8779030845913 88.1573208909491 87.4078645446634 88.6419086192796 83.5165222667104 84.2737774339689 88.1860958317419 76.3653649600743 74.0608757462916 87.6689334133668 83.3049294415307 0 85.5762932353541 80.5289759679537 78.922933573106
91.3580535418715 89.9130061550656 91.3928483973573 85.9381459480379 89.2125036075832 90.1239027507867 81.955651003641 83.6442999499373 87.7239661854775 82.1292907879716 82.6941043474961 84.7036289530158 74.8349979793794 75.3287606235951 85.5762932353541 0 81.5313920024931 85.042668369047
92.8981823660717 91.2683159643051 91.8262930972691 89.4586723216596 89.950284880258 89.9972478314741 87.4059036258722 85.0129946433235 87.4947214838478 87.2180198603311 79.7657356159223 81.7711908388985 84.8172353991213 80.7683108277111 80.5289759679537 81.5313920024931 0 75.5523155632995
93.5858469576037 91.9504880014648 92.1235029501358 90.8175416618506 90.4804509400096 90.1364720300647 89.2379830643289 86.411847153548 87.8461841608603 89.0159806884951 81.398522764579 82.0861101013499 87.3749017919311 84.116656490193 78.922933573106 85.042668369047 75.5523155632995 0
