0 79.7997758540917 88.1465843099084 73.4960621867671 86.4198537193337 87.761626602215 86.0788423391974 86.6545999065771 88.4127912318851 86.5238194265639 86.082168991845 90.4956432442163 89.0163191217561 89.4412153781109 90.6535429289803 90.4635080362083 90.8961782126266 93.3197797121259
79.7997758540917 0 83.9590623832968 79.9003244053271 81.4063373322637 83.4107842329724 86.4136961331341 84.5083760546741 85.6745557686413 87.6131943190306 84.388242328153 88.7773699469597 89.5914134259955 88.8409064585869 89.4098004215052 90.6711491730883 90.1956842980511 92.6642558120015
88.1465843099084 83.9590623832968 0 87.9330371790942 77.4269372455433 70.6047544631244 89.487915800507 85.9140164997191 83.8924062417859 90.7262838335203 86.6499338359494 87.4894337093267 91.7288115123723 89.9085993106296 89.043308689356 92.1759718947623 90.5925300786004 92.4416841028919
73.4960621867671 79.9003244053271 87.9330371790942 0 85.6811254822013 87.3227351513231 83.7593515739906 84.8615063718665 87.2537141011014 84.469985132245 84.0161576060675 89.4230716983797 87.4894337093267 87.9538334430254 89.480623370636 89.1558514511934 89.6683961291933 92.4145328959537
86.4198537193337 81.4063373322637 77.4269372455433 85.6811254822013 0 73.051870788883 87.0012343337597 81.9401435468265 79.9796622965764 88.6315673902305 82.9899622532162 85.4342624469282 89.8712374392553 87.7056993033671 87.0440803571346 90.457198084537 88.7429076482031 91.2066265229575
87.761626602215 83.4107842329724 70.6047544631244 87.3227351513231 73.051870788883 0 88.5603608111481 84.3288980458285 81.8015924709415 89.9579203496951 85.2481190150545 86.2325041385106 90.9865508735604 88.9177438356005 87.9607434601061 91.438812097267 89.6779963728472 91.7396711425
86.0788423391974 86.4136961331341 89.487915800507 83.7593515739906 87.0012343337597 88.5603608111481 0 81.2066265229575 85.5047191012369 74.0608757462916 79.115684439989 86.3453801341546 79.3756649167141 80.6584149528466 85.2457006698491 82.5824014703115 84.3049314005818 88.8423157049103
86.6545999065771 84.5083760546741 85.9140164997191 84.8615063718665 81.9401435468265 84.3288980458285 81.2066265229575 0 77.4269372455433 84.3646018352913 68.103370572082 81.6566330043375 85.6716327028611 81.5313920024931 82.1900093127201 86.3902173587608 83.9731365032165 88.3572170605267
88.4127912318851 85.6745557686413 83.8924062417859 87.2537141011014 79.9796622965764 81.8015924709415 85.5047191012369 77.4269372455433 0 87.5657196943566 79.9796622965764 78.8426679450515 88.2580160076653 84.3279020717801 82.0911144554496 88.4638216139284 85.2440876912534 88.4530469801072
86.5238194265639 87.6131943190306 90.7262838335203 84.469985132245 88.6315673902305 89.9579203496951 74.0608757462916 84.3646018352913 87.5657196943566 0 82.9532093273657 88.1050406143326 77.0711757029314 82.9092436769071 87.0006960745015 82.0977779700964 85.7094799560591 89.560174434925
86.082168991845 84.388242328153 86.6499338359494 84.0161576060675 82.9899622532162 85.2481190150545 79.115684439989 68.103370572082 79.9796622965764 82.9532093273657 0 82.9532093273657 84.6807303192485 80.9994315893368 82.8926411279113 85.7159970899826 83.964480905296 88.5150190578767
90.4956432442163 88.7773699469597 87.4894337093267 89.4230716983797 85.4342624469282 86.2325041385106 86.3453801341546 81.6566330043375 78.8426679450515 88.1050406143326 82.9532093273657 0 87.9330371790942 82.6179874241649 75.0930706154422 87.4430105189823 81.955651003641 85.2287344421139
89.0163191217561 89.5914134259955 91.7288115123723 87.4894337093267 89.8712374392553 90.9865508735604 79.3756649167141 85.6716327028611 88.2580160076653 77.0711757029314 84.6807303192485 87.9330371790942 0 81.2876161859881 86.2734273606889 75.3915891308315 83.8714337899069 87.9869874979613
89.4412153781109 88.8409064585869 89.9085993106296 87.9538334430254 87.7056993033671 88.9177438356005 80.6584149528466 81.5313920024931 84.3279020717801 82.9092436769071 80.9994315893368 82.6179874241649 81.2876161859881 0 79.0891422958372 80.237526392877 75.0257367888525 84.598216984643
90.6535429289803 89.4098004215052 89.043308689356 89.480623370636 87.0440803571346 87.9607434601061 85.2457006698491 82.1900093127201 82.0911144554496 87.0006960745015 82.8926411279113 75.0930706154422 86.2734273606889 79.0891422958372 0 85.3089388419514 76.7468837467999 82.8312162621087
90.4635080362083 90.6711491730883 92.1759718947623 89.1558514511934 90.457198084537 91.438812097267 82.5824014703115 86.3902173587608 88.4638216139284 82.0977779700964 85.7159970899826 87.4430105189823 75.3915891308315 80.237526392877 85.3089388419514 0 81.7423818124012 86.0299807662634
90.8961782126266 90.1956842980511 90.5925300786004 89.6683961291933 88.7429076482031 89.6779963728472 84.3049314005818 83.9731365032165 85.2440876912534 85.7094799560591 83.964480905296 81.955651003641 83.8714337899069 75.0257367888525 76.7468837467999 81.7423818124012 0 81.1136705287218
93.3197797121259 92.6642558120015 92.4416841028919 92.4145328959537 91.2066265229575 91.7396711425 88.8423157049103 88.3572170605267 88.4530469801072 89.560174434925 88.5150190578767 85.2287344421139 87.9869874979613 84.598216984643 82.8312162621087 86.0299807662634 81.1136705287218 0
