0 85.8939214659009 89.1044238431331 81.0505757896518 83.3288160125473 89.9850808185757 86.0815038651388 85.4125902481615 89.3434565884847 86.1350517739506 89.6159490676069 90.5215641855172 90.3953139567674 92.0033752123746 92.3073716170739 90.2152436677784 92.5621059040169 93.6539660821333
85.8939214659009 0 80.5456658670191 81.6418673468703 74.0502702591676 81.693328996376 83.5008850021645 82.9023336598264 79.8419543483159 84.3288980458285 85.9948369189331 84.2717598056775 89.0335443405708 90.0093808529838 88.8913534284775 89.8352332562048 90.8575916443006 91.1963957883817
89.1044238431331 80.5456658670191 0 87.0933632809799 83.4181597425046 80.943337135734 87.9247777349791 87.6573799486679 79.7543293196242 88.456898132988 88.6903311765032 85.4465981763481 91.3146128218119 91.7113794237997 90.0782967319053 92.110244569851 92.41855457111 92.1794038255962
81.0505757896518 81.6418673468703 87.0933632809799 0 78.2106092259997 86.9257690522703 79.3349739648805 77.7239661854775 86.1053844833492 79.8195101390914 85.6186782742299 87.1659955856493 87.3546064637691 89.337174755005 89.5341193832037 87.5902268815364 90.1466578511299 91.3787281759788
83.3288160125473 74.0502702591676 83.4181597425046 78.2106092259997 0 84.6280655201376 82.8815373958952 81.989915045822 83.3699935021867 83.622091328923 86.5597166813801 86.1448960051827 89.0163191217561 90.3036967046482 89.7020490430077 89.5732924219726 91.1007058805085 91.7440074026122
89.9850808185757 81.693328996376 80.943337135734 86.9257690522703 84.6280655201376 0 86.0198722703839 85.9955154510521 67.4269372455433 86.6639170349971 85.2706255349662 77.8319828162819 89.1074074319204 89.1587999296661 86.440724448383 90.3596935455468 90.0735239732136 89.4488805726932
86.0815038651388 83.5008850021645 87.9247777349791 79.3349739648805 82.8815373958952 86.0198722703839 0 63.9536370923738 85.4550587108594 64.0608757462916 80.1964580507305 84.8349979793794 83.2067580073703 86.0393941818496 86.6446785071237 84.2107909313872 87.213409243163 88.9518820507696
85.4125902481615 82.9023336598264 87.6573799486679 77.7239661854775 81.989915045822 85.9955154510521 63.9536370923738 0 85.3555738781601 68.3073021585004 81.3176021151403 85.1097422091168 84.0735682389664 86.696370469958 87.1659955856493 84.877334088665 87.790444589595 89.4005173154006
89.3434565884847 79.8419543483159 79.7543293196242 86.1053844833492 83.3699935021867 67.4269372455433 85.4550587108594 85.3555738781601 0 86.1553719814826 85.2505360143668 79.1123755294906 89.0496941384894 89.2970716604341 86.9230298879921 90.2375263928769 90.2111332198464 89.8059877260316
86.1350517739506 84.3288980458285 88.456898132988 79.8195101390914 83.622091328923 86.6639170349971 64.0608757462916 68.3073021585004 86.1553719814826 0 80.4881743072895 85.4465981763481 82.653284156097 85.854852140591 86.8148321182775 83.4827717624266 87.0071507868401 88.964572204581
89.6159490676069 85.9948369189331 88.6903311765032 85.6186782742299 86.5597166813801 85.2706255349662 80.1964580507305 81.3176021151403 85.2505360143668 80.4881743072895 0 81.7060996897762 80.1964580507305 81.3769599159453 81.0906420857516 83.5630990497122 83.5069059996893 85.0930706154422
90.5215641855172 84.2717598056775 85.4465981763481 87.1659955856493 86.1448960051827 77.8319828162819 84.8349979793794 85.1097422091168 79.1123755294906 85.4465981763481 81.7060996897762 0 86.9574177410809 86.5698338578532 82.4247345007462 88.7045351262639 87.7525816237939 86.8226906220976
90.3953139567674 89.0335443405708 91.3146128218119 87.3546064637691 89.0163191217561 89.1074074319204 83.2067580073703 84.0735682389664 89.0496941384894 82.653284156097 80.1964580507305 86.9574177410809 0 78.0105149591016 84.348769710876 74.9227372224544 79.7657356159223 85.3555738781601
92.0033752123746 90.0093808529838 91.7113794237997 89.337174755005 90.3036967046482 89.1587999296661 86.0393941818496 86.696370469958 89.2970716604341 85.854852140591 81.3769599159453 86.5698338578532 78.0105149591016 0 80.9541809486562 82.0323684124072 70.3134982103822 80.6047544631244
92.3073716170739 88.8913534284775 90.0782967319053 89.5341193832037 89.7020490430077 86.440724448383 86.6446785071237 87.1659955856493 86.9230298879921 86.8148321182775 81.0906420857516 82.4247345007462 84.348769710876 80.9541809486562 0 86.8678806412791 82.5659932787142 78.8285560079588
90.2152436677784 89.8352332562048 92.110244569851 87.5902268815364 89.5732924219726 90.3596935455468 84.2107909313872 84.877334088665 90.2375263928769 83.4827717624266 83.5630990497122 88.7045351262639 74.9227372224544 82.0323684124072 86.8678806412791 0 82.5344953540117 87.3660033247608
92.5621059040169 90.8575916443006 92.41855457111 90.1466578511299 91.1007058805085 90.0735239732136 87.213409243163 87.790444589595 90.2111332198464 87.0071507868401 83.5069059996893 87.7525816237939 79.7657356159223 70.3134982103822 82.5659932787142 82.5344953540117 0 80.6024062906859
93.6539660821333 91.1963957883817 92.1794038255962 91.3787281759788 91.7440074026122 89.4488805726932 88.9518820507696 89.4005173154006 89.8059877260316 88.964572204581 85.0930706154422 86.8226906220976 85.3555738781601 80.6047544631244 78.8285560079588 87.3660033247608 80.6024062906859 0
