0 86.7696515306304 87.8718063285063 73.8213544350363 83.9373204364155 87.4000155515516 81.8512064152267 86.7440293629844 88.9888202196146 84.5083760546741 88.2993261327158 89.1312026384664 86.3547594729504 89.1561791587823 90.1985207175083 88.3666599593055 90.1542164666764 92.4620897596694
86.7696515306304 0 75.5523155632995 88.1540201537056 78.5962964327146 74.9659509602808 89.5899309392704 85.0872204050448 86.0340175859056 87.9869874979613 86.9476203930553 85.372052683946 91.2325047514966 90.3036967046482 88.634894042878 91.3761737914398 91.1471571588343 92.5852293444861
87.8718063285063 75.5523155632995 0 88.8644512266057 79.2970716604341 62.5570171580838 89.8254129807625 83.2796429373787 83.5392759245935 87.5581511141702 85.1626652685191 82.4432217006488 91.1628752485782 89.4144345441064 86.8784130290517 90.9628365465767 90.276438055246 91.6268657954462
73.8213544350363 88.1540201537056 88.8644512266057 0 85.3563600026657 88.4349006758478 77.7602710557797 86.8745356467734 89.1453517305904 83.3200309745183 88.2106092259997 89.3983483991687 84.1913043119513 88.4022789213946 90.0740545388265 86.9996193558102 89.432921744009 91.9808613687606
83.9373204364155 78.5962964327146 79.2970716604341 85.3563600026657 0 77.9330371790942 86.8817337465467 81.1011246996244 83.9373204364155 84.4166372889035 84.1913043119513 83.6337942323103 88.940188044825 88.0198903710459 86.8545399581078 89.1430515289906 89.14994848217 91.1770965171296
87.4000155515516 74.9659509602808 62.5570171580838 88.4349006758478 77.9330371790942 0 89.4467356815688 82.7531929436013 83.3550650034345 87.1185824845969 84.8570995274305 82.3358293114501 90.857813115772 89.1656719381225 86.7531567953608 90.6914465781409 90.0692771132551 91.5173353083946
81.8512064152267 89.5899309392704 89.8254129807625 77.7602710557797 86.8817337465467 89.4467356815688 0 86.6813329578914 88.9260444414288 80.943337135734 87.6014914156434 89.3500427490681 78.5626155199393 86.5087742205692 89.3896618861697 83.6814491297281 87.627196302634 90.715999260007
86.7440293629844 85.0872204050448 83.2796429373787 86.8745356467734 81.1011246996244 82.7531929436013 86.6813329578914 0 76.3902173587608 81.1303421223965 73.8325331923513 77.8007545217567 87.6327844803114 83.5201228844259 80.9193850103386 86.592955180357 85.1986793407167 87.9347740096789
88.9888202196146 86.0340175859056 83.5392759245935 89.1453517305904 83.9373204364155 83.3550650034345 88.9260444414288 76.3902173587608 0 84.7391114690121 73.9536370923738 67.4269372455433 89.4144345441064 84.535049192901 76.9639370490137 88.0908247429846 85.6657806624687 87.3207354069254
84.5083760546741 87.9869874979613 87.5581511141702 83.3200309745183 84.4166372889035 87.1185824845969 80.943337135734 81.1303421223965 84.7391114690121 0 82.2547098735201 85.5447953106515 82.1027689051246 81.5047597563245 85.2642069935148 81.6270513160605 83.7491208394148 88.0377328770581
88.2993261327158 86.9476203930553 85.1626652685191 88.2106092259997 84.1913043119513 84.8570995274305 87.6014914156434 73.8325331923513 73.9536370923738 82.2547098735201 0 77.1809971370733 87.9090850536988 81.6566330043375 76.1020755728508 86.1924886111327 83.3848708612483 86.1684315156628
89.1312026384664 85.372052683946 82.4432217006488 89.3983483991687 83.6337942323103 82.3358293114501 89.3500427490681 77.8007545217567 67.4269372455433 85.5447953106515 77.1809971370733 0 89.9464621055713 85.6635841127368 79.062436939935 88.8083669364351 86.6685681142304 88.0706757264335
86.3547594729504 91.2325047514966 91.1628752485782 84.1913043119513 88.940188044825 90.857813115772 78.5626155199393 87.6327844803114 89.4144345441064 82.1027689051246 87.9090850536988 89.9464621055713 0 85.0053313723672 89.2610753591142 78.8707549940815 85.8987805111985 89.4412153781109
89.1561791587823 90.3036967046482 89.4144345441064 88.4022789213946 88.0198903710459 89.1656719381225 86.5087742205692 83.5201228844259 84.535049192901 81.5047597563245 81.6566330043375 85.6635841127368 85.0053313723672 0 82.3121275344892 80.2807401307034 71.1963957883817 82.5510227543453
90.1985207175083 88.634894042878 86.8784130290517 90.0740545388265 86.8545399581078 86.7531567953608 89.3896618861697 80.9193850103386 76.9639370490137 85.2642069935148 76.1020755728508 79.062436939935 89.2610753591142 82.3121275344892 0 87.2425274907694 83.0983909180522 84.2928982971025
88.3666599593055 91.3761737914398 90.9628365465767 86.9996193558102 89.1430515289906 90.6914465781409 83.6814491297281 86.592955180357 88.0908247429846 81.6270513160605 86.1924886111327 88.8083669364351 78.8707549940815 80.2807401307034 87.2425274907694 0 81.1324215788973 86.436435724929
90.1542164666764 91.1471571588343 90.276438055246 89.432921744009 89.14994848217 90.0692771132551 87.627196302634 85.1986793407167 85.6657806624687 83.7491208394148 83.3848708612483 86.6685681142304 85.8987805111985 71.1963957883817 83.0983909180522 81.1324215788973 0 80.237526392877
92.4620897596694 92.5852293444861 91.6268657954462 91.9808613687606 91.1770965171296 91.5173353083946 90.715999260007 87.9347740096789 87.3207354069254 88.0377328770581 86.1684315156628 88.0706757264335 89.4412153781109 82.5510227543453 84.2928982971025 86.436435724929 80.237526392877 0
