0 86.9257690522703 88.3760823708534 84.3049314005818 88.3516992063071 89.5314150898053 82.9518421166448 89.3625602525285 89.7799514872702 87.094417010166 90.1246893973976 90.9919224819373 89.5003454440884 91.4145275229358 91.7962429180347 90.5861692046372 93.140753746197 93.3249276878528
86.9257690522703 0 77.9330371790942 85.2674174500048 79.3255293548103 80.4004842763326 87.2180198603311 86.6813329578914 83.361291448686 90.3649064204089 88.6906959612515 87.2216025149133 90.6430844369512 90.5513733848517 89.3450256281416 91.8255842475807 92.8007413114836 91.9808613687606
88.3760823708534 77.9330371790942 0 84.469985132245 64.9227372224544 71.4548623602078 87.0125223952169 83.5725918290523 76.706750637792 89.8469883502153 86.4198537193337 83.6536170783573 89.5214849154441 88.725573403395 86.7787253282775 90.8300412803813 91.4203682170771 90.2152436677784
84.3049314005818 85.2674174500048 84.469985132245 0 83.8714337899069 86.0016174742824 75.4535216572886 82.4555029242986 85.1238629181091 83.3550650034345 83.9154690956304 86.051467240859 84.469985132245 86.5117874343298 87.0886183332094 86.6813329578914 89.5673346121089 89.553301503306
88.3516992063071 79.3255293548103 64.9227372224544 83.8714337899069 0 72.7760355725621 86.6136007973246 82.4936594236437 75.0257367888525 89.4681370721026 85.6562542463234 82.7460299124228 89.0355663526282 88.1465843099084 86.107368620208 90.4081054205934 91.0002889469191 89.7563275852613
89.5314150898053 80.4004842763326 71.4548623602078 86.0016174742824 72.7760355725621 0 88.2207824440951 84.0914860078412 75.1675938994461 90.6171786248596 86.7826891611015 83.1155436921792 90.0923194724934 88.9218961216174 86.5430015466662 91.2956326992361 91.5270279009031 90.094168152246
82.9518421166448 87.2180198603311 87.0125223952169 75.4535216572886 86.6136007973246 88.2207824440951 0 85.2003092693599 87.5878764215456 80.4761005024071 85.6825840698956 88.102117618815 84.0417671828947 87.4658005457673 88.6385873374445 86.1080297977718 89.9360690089101 90.3953139567674
89.3625602525285 86.6813329578914 83.5725918290523 82.4555029242986 82.4936594236437 84.0914860078412 85.2003092693599 0 80.715999260007 86.8282951458061 75.3681348263785 77.5186760113139 84.598216984643 81.7532076048429 79.5943768821453 86.5858540290503 86.9257690522703 85.4032689536105
89.7799514872702 83.361291448686 76.706750637792 85.1238629181091 75.0257367888525 75.1675938994461 87.5878764215456 80.715999260007 0 89.7697207526944 84.3517426338573 78.7429076482031 88.7916489169787 87.0028487113828 83.8213544350363 90.1239027507867 90.121541955671 88.3819610138378
87.094417010166 90.3649064204089 89.8469883502153 83.3550650034345 89.4681370721026 90.6171786248596 80.4761005024071 86.8282951458061 89.7697207526944 0 85.9948369189331 89.3634976124701 79.7799514872702 86.625354376404 89.0724707021626 81.604732064441 88.3784347830183 89.8310272854925
90.1246893973976 88.6906959612515 86.4198537193337 83.9154690956304 85.6562542463234 86.7826891611015 85.6825840698956 75.3681348263785 84.3517426338573 85.9948369189331 0 80.7228583477486 82.1654959184623 76.2581263061566 78.5776170713634 84.3764381673574 84.3279020717801 83.1457259350781
90.9919224819373 87.2216025149133 83.6536170783573 86.051467240859 82.7460299124228 83.1155436921792 88.102117618815 77.5186760113139 78.7429076482031 89.3634976124701 80.7228583477486 0 87.4430105189823 83.7228656061221 76.8817337465467 88.7608908822587 87.7344349565518 84.9590655924985
89.5003454440884 90.6430844369512 89.5214849154441 84.469985132245 89.0355663526282 90.0923194724934 84.0417671828947 84.598216984643 88.7916489169787 79.7799514872702 82.1654959184623 87.4430105189823 0 81.7819451443998 86.3353531286753 73.9209422467254 84.3931512750066 86.6633352997047
91.4145275229358 90.5513733848517 88.725573403395 86.5117874343298 88.1465843099084 88.9218961216174 87.4658005457673 81.7532076048429 87.0028487113828 86.625354376404 76.2581263061566 83.7228656061221 81.7819451443998 0 79.9742370056535 83.0129444272911 79.9742370056535 79.7428929869615
91.7962429180347 89.3450256281416 86.7787253282775 87.0886183332094 86.107368620208 86.5430015466662 88.6385873374445 79.5943768821453 83.8213544350363 89.0724707021626 78.5776170713634 76.8817337465467 86.3353531286753 79.9742370056535 0 87.481730889759 85.0257367888525 80.6117913722832
90.5861692046372 91.8255842475807 90.8300412803813 86.6813329578914 90.4081054205934 91.2956326992361 86.1080297977718 86.5858540290503 90.1239027507867 81.604732064441 84.3764381673574 88.7608908822587 73.9209422467254 83.0129444272911 87.481730889759 0 83.6162280300453 86.9345227862877
93.140753746197 92.8007413114836 91.4203682170771 89.5673346121089 91.0002889469191 91.5270279009031 89.9360690089101 86.9257690522703 90.121541955671 88.3784347830183 84.3279020717801 87.7344349565518 84.3931512750066 79.9742370056535 85.0257367888525 83.6162280300453 0 79.966086340479
93.3249276878528 91.9808613687606 90.2152436677784 89.553301503306 89.7563275852613 90.094168152246 90.3953139567674 85.4032689536105 88.3819610138378 89.8310272854925 83.1457259350781 84.9590655924985 86.6633352997047 79.7428929869615 80.6117913722832 86.9345227862877 79.966086340479 0
