0 80.6047544631244 84.6066326409251 83.4107842329724 83.7411469057037 84.3724963065749 85.4412056055918 85.7412489376289 88.0975203616846 87.5124605335482 89.4054707745279 91.1544028200552 91.0039308295804 90.9174194322018 92.7256222450917 91.9354804914757 92.4404536326133 92.0844407010529
80.6047544631244 0 76.0016174742824 85.6149767954249 79.7997758540917 79.0220684557673 86.4309154214711 84.1954140305632 85.823200447028 89.480623370636 88.6819326595009 90.2584243544002 91.6564487431177 91.247107671292 91.9967355337869 92.3711411903082 92.3285745085256 91.5819226242647
84.6066326409251 76.0016174742824 0 87.2481243977604 80.1497871498019 77.7647878994723 87.5353659103793 84.4166372889035 84.8358842042205 90.5911173559578 88.5779914470215 89.8756823393494 92.1226754861304 91.5729154765791 91.6298331746924 92.6999046085507 92.3554824575737 91.3951973106443
83.4107842329724 85.6149767954249 87.2481243977604 0 83.087801592918 84.6733771834068 73.447537158823 81.6492564508544 85.7376505077114 80.6861507245123 85.0947406576928 87.9685041101155 86.3171199640361 86.2408479351578 89.9856222991348 87.8616638929845 88.9153198341236 88.7966354858417
83.7411469057037 79.7997758540917 80.1497871498019 83.087801592918 0 69.2684262627964 82.93128213749 76.4578371154628 80.2604578063016 87.8718063285063 84.8429675000929 87.1701391230598 89.6032551369968 88.8707549940815 89.5613686178758 90.3693696241556 90.0594403144425 89.0000445027178
84.3724963065749 79.0220684557673 77.7647878994723 84.6733771834068 69.2684262627964 0 84.5577822165973 79.0051368755729 80.5456658670191 88.8349120548484 85.6745557686413 87.6014914156434 90.3330351079629 89.6056196095305 89.864561547615 91.0028600046079 90.577673521143 89.4550030024363
85.4412056055918 86.4309154214711 87.5353659103793 73.447537158823 82.93128213749 84.5577822165973 0 79.7657356159223 84.3239158899316 81.0653800960415 82.5659932787142 86.223500547626 84.8216828596421 84.3328796595101 88.5962964327146 86.4730595103641 87.3827962632147 87.1696213970273
85.7412489376289 84.1954140305632 84.4166372889035 81.6492564508544 76.4578371154628 79.0051368755729 79.7657356159223 0 77.3031982537424 86.4602762870063 80.8222332357115 84.5841545498447 87.6392949459772 86.5698338578532 87.6758507678725 88.4944597996847 88.029670345888 86.7804245567905
88.0975203616846 85.823200447028 84.8358842042205 85.7376505077114 80.2604578063016 80.5456658670191 84.3239158899316 77.3031982537424 0 88.8041046200851 80.6047544631244 82.7760355725621 88.8239597375214 87.5315567270903 86.3202690794079 89.2725756242738 87.989131632697 86.000262209856
87.5124605335482 89.480623370636 90.5911173559578 80.6861507245123 87.8718063285063 88.8349120548484 81.0653800960415 86.4602762870063 88.8041046200851 0 86.8545399581078 89.0594222852791 83.3313227628732 84.6595564074942 90.4744074879489 85.6913253237403 88.3029171571633 89.0567408343525
89.4054707745279 88.6819326595009 88.5779914470215 85.0947406576928 84.8429675000929 85.6745557686413 82.5659932787142 80.8222332357115 80.6047544631244 86.8545399581078 0 76.9639370490137 84.9719667154197 82.5525221311318 82.8298100957312 85.3783139138199 83.323798167022 80.715999260007
91.1544028200552 90.2584243544002 89.8756823393494 87.9685041101155 87.1701391230598 87.6014914156434 86.223500547626 84.5841545498447 82.7760355725621 89.0594222852791 76.9639370490137 0 86.4924666414174 84.1830731892428 77.2169957016613 86.2022036509434 82.3105428072981 76.3715914053258
91.0039308295804 91.6564487431177 92.1226754861304 86.3171199640361 89.6032551369968 90.3330351079629 84.8216828596421 87.6392949459772 88.8239597375214 83.3313227628732 84.9719667154197 86.4924666414174 0 73.9536370923738 87.3546064637691 73.2222041818708 82.3121275344892 85.0805247863448
90.9174194322018 91.247107671292 91.5729154765791 86.2408479351578 88.8707549940815 89.6056196095305 84.3328796595101 86.5698338578532 87.5315567270903 84.6595564074942 82.5525221311318 84.1830731892428 73.9536370923738 0 85.3152916605193 74.5416919591329 79.0758101447101 82.3184606669553
92.7256222450917 91.9967355337869 91.6298331746924 89.9856222991348 89.5613686178758 89.864561547615 88.5962964327146 87.6758507678725 86.3202690794079 90.4744074879489 82.8298100957312 77.2169957016613 87.3546064637691 85.3152916605193 0 86.5214156933801 81.3176021151403 74.6168963459942
91.9354804914757 92.3711411903082 92.6999046085507 87.8616638929845 90.3693696241556 91.0028600046079 86.4730595103641 88.4944597996847 89.2725756242738 85.6913253237403 85.3783139138199 86.2022036509434 73.2222041818708 74.5416919591329 86.5214156933801 0 79.9333298446319 84.0830633243401
92.4404536326133 92.3285745085256 92.3554824575737 88.9153198341236 90.0594403144425 90.577673521143 87.3827962632147 88.029670345888 87.989131632697 88.3029171571633 83.323798167022 82.3105428072981 82.3121275344892 79.0758101447101 81.3176021151403 79.9333298446319 0 76.9312422033652
92.0844407010529 91.5819226242647 91.3951973106443 88.7966354858417 89.0000445027178 89.4550030024363 87.1696213970273 86.7804245567905 86.000262209856 89.0567408343525 80.715999260007 76.3715914053258 85.0805247863448 82.3184606669553 74.6168963459942 84.0830633243401 76.9312422033652 0
