0 80.0415708322431 84.4584013650245 81.8810549507213 83.1718019354755 85.435034457386 77.4995229711462 77.1342704420015 84.5719301653208 84.1913043119513 82.21762491425 85.8379999487653 87.9680733265196 88.7737928568809 88.4826131392183 90.7816289464318 90.239824990559 91.429502874245
80.0415708322431 0 81.6326132525547 87.011985533257 83.6033008406848 82.6415504243554 84.6871541162429 82.5163934390137 83.1247518173108 88.2106092259997 86.1553719814826 86.9487100793787 90.4440634332356 90.849611140116 89.6085733910625 92.6300794314048 91.798383529999 92.4333716550195
84.4584013650245 81.6326132525547 0 88.3362909710914 78.0105149591016 66.0621707455228 86.2325041385106 82.8255888627868 70.8776994407101 88.662150337635 85.5410302954014 83.1600871064417 89.8026005337483 89.804012184929 86.8784130290517 91.9504880014648 90.3980229870522 90.5513733848517
81.8810549507213 87.011985533257 88.3362909710914 0 86.1684315156628 88.9642297145514 75.1014144120895 81.7962429180347 87.9060271031893 74.7182209694953 80.3485019850597 86.6353199692122 84.1706971804335 86.0016174742824 88.0803421291117 87.9577216803775 88.3694102750199 90.4579266239441
83.1718019354755 83.6033008406848 78.0105149591016 86.1684315156628 0 79.4221471101878 83.6408008670417 78.6555361552294 74.2169264795973 86.1192544428531 81.2876161859881 77.2272264362371 87.2384524777385 87.2256933616249 83.6964506811521 90.0029141266583 88.1142143850042 88.6385873374445
85.435034457386 82.6415504243554 66.0621707455228 88.9642297145514 79.4221471101878 0 87.0312708756033 83.964480905296 72.79025144391 89.230258266053 86.2937452682456 83.6536170783573 90.2008400472398 90.1450923558343 87.0949437788996 92.2255522124011 90.634932606136 90.6563276118344
77.4995229711462 84.6871541162429 86.2325041385106 75.1014144120895 83.6408008670417 87.0312708756033 0 76.6545999065771 85.7670699903198 78.7966354858417 77.6131943190306 84.9192614761152 85.0830368532146 86.392075568082 87.210845672568 88.7666298257024 88.4622840161715 90.2175540862382
77.1342704420015 82.5163934390137 82.8255888627868 81.7962429180347 78.6555361552294 83.964480905296 76.6545999065771 0 82.022217387562 82.6708255255615 76.8428331489911 81.955651003641 85.9955154510521 86.6813329578914 85.7412489376289 89.3809579640714 88.3061066880651 89.6076874675251
84.5719301653208 83.1247518173108 70.8776994407101 87.9060271031893 74.2169264795973 72.79025144391 85.7670699903198 82.022217387562 0 88.0262711129043 84.4399969767003 80.7953557193797 88.964572204581 88.8798443128057 85.381441146948 91.2462976848451 89.4635599297653 89.5994101214123
84.1913043119513 88.2106092259997 88.662150337635 74.7182209694953 86.1192544428531 89.230258266053 78.7966354858417 82.6708255255615 88.0262711129043 0 78.8567341753854 85.7777836167194 80.6188168979226 83.3250531720355 86.7548660553969 85.8457319881969 86.4602762870063 89.1236155543266
82.21762491425 86.1553719814826 85.5410302954014 80.3485019850597 81.2876161859881 86.2937452682456 77.6131943190306 76.8428331489911 84.4399969767003 78.8567341753854 0 80.9106422900855 82.2867022452208 83.361291448686 83.7593515739906 87.0419480655395 85.8464342187456 87.9317341001769
85.8379999487653 86.9487100793787 83.1600871064417 86.6353199692122 77.2272264362371 83.6536170783573 84.9192614761152 81.955651003641 80.7953557193797 85.7777836167194 80.9106422900855 0 85.4211172286802 84.8465048204424 78.103370572082 88.3564292247297 85.4795778716485 85.9195436335469
87.9680733265196 90.4440634332356 89.8026005337483 84.1706971804335 87.2384524777385 90.2008400472398 85.0830368532146 85.9955154510521 88.964572204581 80.6188168979226 82.2867022452208 85.4211172286802 0 73.051870788883 84.4224890007509 79.6356543330438 80.8110544783965 85.8076419242784
88.7737928568809 90.849611140116 89.804012184929 86.0016174742824 87.2256933616249 90.1450923558343 86.392075568082 86.6813329578914 88.8798443128057 83.3250531720355 83.361291448686 84.8465048204424 73.051870788883 0 82.7056971333427 78.8143980660997 76.2899428940185 83.5500125056341
88.4826131392183 89.6085733910625 86.8784130290517 88.0803421291117 83.6964506811521 87.0949437788996 87.210845672568 85.7412489376289 85.381441146948 86.7548660553969 83.7593515739906 78.103370572082 84.4224890007509 82.7056971333427 0 86.6766955363947 81.8564887327063 81.3926525972256
90.7816289464318 92.6300794314048 91.9504880014648 87.9577216803775 90.0029141266583 92.2255522124011 88.7666298257024 89.3809579640714 91.2462976848451 85.8457319881969 87.0419480655395 88.3564292247297 79.6356543330438 78.8143980660997 86.6766955363947 0 80.237526392877 85.435034457386
90.239824990559 91.798383529999 90.3980229870522 88.3694102750199 88.1142143850042 90.634932606136 88.4622840161715 88.3061066880651 89.4635599297653 86.4602762870063 85.8464342187456 85.4795778716485 80.8110544783965 76.2899428940185 81.8564887327063 80.237526392877 0 79.0924689484848
91.429502874245 92.4333716550195 90.5513733848517 90.4579266239441 88.6385873374445 90.6563276118344 90.2175540862382 89.6076874675251 89.5994101214123 89.1236155543266 87.9317341001769 85.9195436335469 85.8076419242784 83.5500125056341 81.3926525972256 85.435034457386 79.0924689484848 0
