0 83.2478263495168 87.5803463896305 69.9742370056535 83.8714337899069 87.8275353557611 78.0105149591016 81.561630208681 88.8324413640806 84.9891088131403 87.992560047968 88.9714163393503 88.002829084837 89.9429093707259 91.0301903276857 91.1637009427332 90.337780813773 91.3873626540857
83.2478263495168 0 82.9023336598264 84.484421527208 82.9641315458079 85.8005514005498 86.8193244329465 82.8550516930196 87.378357389014 88.774150698501 89.0112398515747 87.4759447961055 91.2375807763142 90.3447650467947 90.8564841175001 93.1887972453989 91.8170690146206 91.6201817697805
87.5803463896305 82.9023336598264 0 88.6148957965558 81.1490214837476 78.6223132959149 89.2021401250958 83.440211413787 81.5747935068004 89.0257845613972 87.0082256401605 81.604732064441 91.4806502946101 87.815504412848 87.7738075181225 92.7687675209955 90.6339999932975 89.1522450347246
69.9742370056535 84.484421527208 88.6148957965558 0 85.4619687279401 88.8728542182353 77.8718063285063 83.555965823659 89.7620318545768 85.6774768683439 88.8426679450515 89.8878824094319 88.2097943381431 90.6535429289803 91.7009959178914 91.4092641737666 90.8336060021279 91.9911094047088
83.8714337899069 82.9641315458079 81.1490214837476 85.4619687279401 0 79.1551959618225 85.3184645883821 72.0323684124072 81.6251957531956 84.5850934634402 83.050534292544 81.9332335297458 88.3882228079391 85.5447953106515 86.6842288337199 90.457198084537 88.0715171378125 87.7130152786816
87.8275353557611 85.8005514005498 78.6223132959149 88.8728542182353 79.1551959618225 0 88.7110751598551 82.2819183877674 71.8246980227395 87.2886136300243 83.2910400873432 72.3578348697387 90.0522480221793 84.1291872365223 84.1613919743094 91.1752442078643 88.3108865966306 86.1027375566672
78.0105149591016 86.8193244329465 89.2021401250958 77.8718063285063 85.3184645883821 88.7110751598551 0 83.2067580073703 89.3896618861697 81.8512064152267 87.2840773906087 89.5326172058794 85.0830368532146 89.4586723216596 90.8311555702704 89.4230716983797 89.0513729605827 90.93920937716
81.561630208681 82.8550516930196 83.440211413787 83.555965823659 72.0323684124072 82.2819183877674 83.2067580073703 0 83.9416775421926 83.1718019354755 83.5201228844259 84.1913043119513 87.5119820512232 86.2867717037943 87.6392949459772 90.0880909614124 88.0211672696151 88.372551361727
88.8324413640806 87.378357389014 81.5747935068004 89.7620318545768 81.6251957531956 71.8246980227395 89.3896618861697 83.9416775421926 0 87.5186760113139 82.486054895665 53.9536370923738 90.0615690785653 82.4692779150087 81.9280437922403 90.8631250456799 87.6532131658344 84.5016820945834
84.9891088131403 88.774150698501 89.0257845613972 85.6774768683439 84.5850934634402 87.2886136300243 81.8512064152267 83.1718019354755 87.5186760113139 0 82.3184606669553 87.694702180414 79.4221471101878 85.6913253237403 87.9577216803775 85.3962648299937 84.0756800526813 87.7157555952006
87.992560047968 89.0112398515747 87.0082256401605 88.8426679450515 83.050534292544 83.2910400873432 87.2840773906087 83.5201228844259 82.486054895665 82.3184606669553 0 82.7402909689791 85.7376505077114 76.3653649600743 81.5766707252515 86.7211265026863 81.3036344422995 81.700631133143
88.9714163393503 87.4759447961055 81.604732064441 89.8878824094319 81.9332335297458 72.3578348697387 89.5326172058794 84.1913043119513 53.9536370923738 87.694702180414 82.7402909689791 0 90.1863884972796 82.6017133826353 81.9141740963992 90.9541809486562 87.7647878994723 84.5321991797927
88.002829084837 91.2375807763142 91.4806502946101 88.2097943381431 88.3882228079391 90.0522480221793 85.0830368532146 87.5119820512232 90.0615690785653 79.4221471101878 85.7376505077114 90.1863884972796 0 87.6684718644191 89.5890412042683 81.6270513160605 84.0534546255469 88.9522255158984
89.9429093707259 90.3447650467947 87.815504412848 90.6535429289803 85.5447953106515 84.1291872365223 89.4586723216596 86.2867717037943 82.4692779150087 85.6913253237403 76.3653649600743 82.6017133826353 87.6684718644191 0 75.5447953106515 87.3975598292249 81.4548623602078 75.0930706154422
91.0301903276857 90.8564841175001 87.7738075181225 91.7009959178914 86.6842288337199 84.1613919743094 90.8311555702704 87.6392949459772 81.9280437922403 87.9577216803775 81.5766707252515 81.9141740963992 89.5890412042683 75.5447953106515 0 89.1587999296661 84.6028943623908 73.8325331923513
91.1637009427332 93.1887972453989 92.7687675209955 91.4092641737666 90.457198084537 91.1752442078643 89.4230716983797 90.0880909614124 90.8631250456799 85.3962648299937 86.7211265026863 90.9541809486562 81.6270513160605 87.3975598292249 89.1587999296661 0 81.3769599159453 87.9330371790942
90.337780813773 91.8170690146206 90.6339999932975 90.8336060021279 88.0715171378125 88.3108865966306 89.0513729605827 88.0211672696151 87.6532131658344 84.0756800526813 81.3036344422995 87.7647878994723 84.0534546255469 81.4548623602078 84.6028943623908 81.3769599159453 0 82.5420156066597
91.3873626540857 91.6201817697805 89.1522450347246 91.9911094047088 87.7130152786816 86.1027375566672 90.93920937716 88.372551361727 84.5016820945834 87.7157555952006 81.700631133143 84.5321991797927 88.9522255158984 75.0930706154422 73.8325331923513 87.9330371790942 82.5420156066597 0
