0 80.5098229277861 86.8856047105432 73.8213544350363 82.2354007132093 87.7326161125009 79.7170505944318 79.7799514872702 87.5529400534949 86.1192544428531 87.9607434601061 89.8823411712714 89.0379241774609 88.43141718532 89.6174227009619 88.3061066880651 89.7697207526944 91.1510920176696
80.5098229277861 0 81.2795848479266 81.0165466649615 67.9762509169206 85.5198856779186 82.7531929436013 82.9463689655499 86.4578371154628 88.5127394962013 88.9976660170554 89.5721015136717 91.1851140739234 89.9508307163448 89.7571837034398 90.083858329226 90.2807401307034 91.2634774773291
86.8856047105432 81.2795848479266 0 87.0949437788996 79.2428040951504 84.4651623168477 87.0205673709395 87.1556194134239 86.7234222314666 90.825581259636 90.5014168381346 89.8195101390914 93.0697402710824 91.6105088685963 90.4257547098252 91.8747511832455 91.1916815452477 91.6850993900875
73.8213544350363 81.0165466649615 87.0949437788996 0 82.7632013805355 88.9038741397594 83.2478263495168 83.3011458390096 88.9649146676036 87.9199887622108 89.5178683060867 91.0811860512014 90.2111332198464 89.8831728078525 90.8966172265081 89.7437517573204 91.0505757896518 92.240236057727
82.2354007132093 67.9762509169206 79.2428040951504 82.7632013805355 0 84.7635075614827 83.4242964466753 83.6162280300453 86.0521369832952 88.857787308354 89.0874780134566 89.3519226761528 91.4990315363439 90.1354259784382 89.646498145966 90.3185160559075 90.2551179630574 91.1488143760522
87.7326161125009 85.5198856779186 84.4651623168477 88.9038741397594 84.7635075614827 0 84.9616488848235 85.0872204050448 75.604595839916 88.0803421291117 86.1632124135547 83.2222041818708 90.9972874546011 88.2692848912868 84.8252375517326 88.9132410411909 86.4900454874486 86.8678806412791
79.7170505944318 82.7531929436013 87.0205673709395 83.2478263495168 83.4242964466753 84.9616488848235 0 50.943337135734 83.778610784351 82.2305599791183 83.8703271661733 86.7554356592824 87.1535412007659 85.0830368532146 86.2747000185204 85.2190096129285 86.5184091547906 88.4407002914246
79.7799514872702 82.9463689655499 87.1556194134239 83.3011458390096 83.6162280300453 85.0872204050448 50.943337135734 0 83.8703271661733 82.0154368322127 83.778610784351 86.7690837883171 87.0227101832781 84.9590655924985 86.2581263061566 85.0805247863448 86.4736672977584 88.4228902048013
87.5529400534949 86.4578371154628 86.7234222314666 88.9649146676036 86.0521369832952 75.604595839916 83.778610784351 83.8703271661733 0 86.1782004591663 83.1990142701287 79.4954990830677 89.5839959266364 86.082168991845 81.3176021151403 86.960135308793 83.6033008406848 84.4632316900903
86.1192544428531 88.5127394962013 90.825581259636 87.9199887622108 88.857787308354 88.0803421291117 82.2305599791183 82.0154368322127 86.1782004591663 0 79.2234877779738 86.4486780017291 80.3410248902675 76.706750637792 84.8172353991213 75.2970022018606 83.6779798619475 86.7468837467999
87.9607434601061 88.9976660170554 90.5014168381346 89.5178683060867 89.0874780134566 86.1632124135547 83.8703271661733 83.778610784351 83.1990142701287 79.2234877779738 0 81.7658036831707 84.423463519956 75.289026176076 78.4018890874713 78.3666599593055 76.1020755728508 82.1027689051246
89.8823411712714 89.5721015136717 89.8195101390914 91.0811860512014 89.3519226761528 83.2222041818708 86.7554356592824 86.7690837883171 79.4954990830677 86.4486780017291 81.7658036831707 0 89.1709004652479 84.9374781893717 73.2093361878076 86.1651703119209 78.8707549940815 77.5944545064845
89.0379241774609 91.1851140739234 93.0697402710824 90.2111332198464 91.4990315363439 90.9972874546011 87.1535412007659 87.0227101832781 89.5839959266364 80.3410248902675 84.423463519956 89.1709004652479 0 80.9106422900855 87.7580108710713 78.4944597996847 86.42415884094 88.6197186119532
88.43141718532 89.9508307163448 91.6105088685963 89.8831728078525 90.1354259784382 88.2692848912868 85.0830368532146 84.9590655924985 86.082168991845 76.706750637792 75.289026176076 84.9374781893717 80.9106422900855 0 82.4936594236437 68.7608908822587 80.0174507434799 84.2596343120333
89.6174227009619 89.7571837034398 90.4257547098252 90.8966172265081 89.646498145966 84.8252375517326 86.2747000185204 86.2581263061566 81.3176021151403 84.8172353991213 78.4018890874713 73.2093361878076 87.7580108710713 82.4936594236437 0 84.1082825279571 72.5570171580838 75.4304003347848
88.3061066880651 90.083858329226 91.8747511832455 89.7437517573204 90.3185160559075 88.9132410411909 85.2190096129285 85.0805247863448 86.960135308793 75.2970022018606 78.3666599593055 86.1651703119209 78.4944597996847 68.7608908822587 84.1082825279571 0 82.111074405493 85.583013171943
89.7697207526944 90.2807401307034 91.1916815452477 91.0505757896518 90.2551179630574 86.4900454874486 86.5184091547906 86.4736672977584 83.6033008406848 83.6779798619475 76.1020755728508 78.8707549940815 86.42415884094 80.0174507434799 72.5570171580838 82.111074405493 0 76.2325041385106
91.1510920176696 91.2634774773291 91.6850993900875 92.240236057727 91.1488143760522 86.8678806412791 88.4407002914246 88.4228902048013 84.4632316900903 86.7468837467999 82.1027689051246 77.5944545064845 88.6197186119532 84.2596343120333 75.4304003347848 85.583013171943 76.2325041385106 0
