0 84.3517426338573 87.0859800093211 86.0009398949349 88.0803421291117 88.9177438356005 86.9818148487283 89.4854863508561 91.4108243497479 90.3534795727897 91.2392038520386 91.2209091826396 90.6227929900723 90.6560956231151 93.5494167247403 93.0552102314305 94.2051590540275 93.9767019177943
84.3517426338573 0 77.0711757029314 85.6803960046117 79.115684439989 81.2634774773291 85.2962052581353 85.2125142745422 86.9252213576079 89.3103751266313 88.3572170605267 87.3660033247608 89.4757549390252 88.499036942022 90.8637885803228 91.7792590636096 92.4406074604649 91.8262930972691
87.0859800093211 77.0711757029314 0 88.1815866621444 77.1809971370733 78.8567341753854 87.6629294476477 86.2689701190788 86.3597535167021 90.6801563207739 89.0891422958372 87.5803463896305 90.7744106289643 89.636827943325 90.892884193189 92.5577658771304 92.8327625194444 92.0755821502336
86.0009398949349 85.6803960046117 88.1815866621444 0 86.9996193558102 87.669856364134 72.0827706588024 84.1260579378503 88.5603608111481 82.2675351167102 85.8379999487653 87.1410509973508 82.9463689655499 83.7228656061221 90.0623670961744 88.002829084837 90.251809052559 90.1990362311678
88.0803421291117 79.115684439989 77.1809971370733 86.9996193558102 0 68.1860958317419 86.0016174742824 82.8129004903881 82.8522543049557 89.1666527665572 86.6563483913967 84.4584013650245 89.2254232804135 87.6014914156434 88.8986615628356 91.1011246996244 91.2876161859881 90.3534795727897
88.9177438356005 81.2634774773291 78.8567341753854 87.669856364134 68.1860958317419 0 86.6394168112023 82.8662232614152 81.6065963893544 89.4119636274227 86.5214156933801 83.9154690956304 89.4387596557842 87.7089015591327 88.4453344140258 91.1040553030743 91.1044737993231 90.0692771132551
86.9818148487283 85.2962052581353 87.6629294476477 72.0827706588024 86.0016174742824 86.6394168112023 0 81.6951556819209 87.2302909628742 81.0653800960415 83.9110856031371 85.4619687279401 81.676854159603 81.5446471310445 88.9132410411909 87.1269564468328 89.3255293548103 89.1551959618225
89.4854863508561 85.2125142745422 86.2689701190788 84.1260579378503 82.8129004903881 82.8662232614152 81.6951556819209 0 80.8110544783965 84.2928982971025 78.0740403942904 76.8148321182775 84.2169264795973 80.3509914920462 85.0002150024618 86.8806271228131 87.4879904709355 86.4136961331341
91.4108243497479 86.9252213576079 86.3597535167021 88.5603608111481 82.8522543049557 81.6065963893544 87.2302909628742 80.8110544783965 0 88.4426317768107 82.8592443995261 76.4394995309249 88.303315976652 85.7326076915633 83.4107842329724 89.1295543994929 88.2163091637699 86.4309154214711
90.3534795727897 89.3103751266313 90.6801563207739 82.2675351167102 89.1666527665572 89.4119636274227 81.0653800960415 84.2928982971025 88.4426317768107 0 82.7417264159659 86.125843648819 61.9124372658146 77.4754622734875 87.9003423334457 81.8512064152267 86.592955180357 87.1639223335182
91.2392038520386 88.3572170605267 89.0891422958372 85.8379999487653 86.6563483913967 86.5214156933801 83.9110856031371 78.0740403942904 82.8592443995261 82.7417264159659 0 77.2272264362371 82.2675351167102 75.8987805111985 81.8087149732661 83.5404701896413 83.9242228296478 82.6179874241649
91.2209091826396 87.3660033247608 87.5803463896305 87.1410509973508 84.4584013650245 83.9154690956304 85.4619687279401 76.8148321182775 76.4394995309249 86.125843648819 77.2272264362371 0 85.8939214659009 82.240236057727 81.2795848479266 86.8634382986654 86.137022406134 84.2077199036913
90.6227929900723 89.4757549390252 90.7744106289643 82.9463689655499 89.2254232804135 89.4387596557842 81.676854159603 84.2169264795973 88.303315976652 61.9124372658146 82.2675351167102 85.8939214659009 0 76.6545999065771 87.5424991364325 80.9822487981031 86.0728479354589 86.7055985102301
90.6560956231151 88.499036942022 89.636827943325 83.7228656061221 87.6014914156434 87.7089015591327 81.5446471310445 80.3509914920462 85.7326076915633 77.4754622734875 75.8987805111985 82.240236057727 76.6545999065771 0 85.0299758763721 81.7441879861927 84.7680103558923 84.6696959415512
93.5494167247403 90.8637885803228 90.892884193189 90.0623670961744 88.8986615628356 88.4453344140258 88.9132410411909 85.0002150024618 83.4107842329724 87.9003423334457 81.8087149732661 81.2795848479266 87.5424991364325 85.0299758763721 0 86.082168991845 82.0827706588024 76.9747808619358
93.0552102314305 91.7792590636096 92.5577658771304 88.002829084837 91.1011246996244 91.1040553030743 87.1269564468328 86.8806271228131 89.1295543994929 81.8512064152267 83.5404701896413 86.8634382986654 80.9822487981031 81.7441879861927 86.082168991845 0 80.8776994407101 83.5153213971275
94.2051590540275 92.4406074604649 92.8327625194444 90.251809052559 91.2876161859881 91.1044737993231 89.3255293548103 87.4879904709355 88.2163091637699 86.592955180357 83.9242228296478 86.137022406134 86.0728479354589 84.7680103558923 82.0827706588024 80.8776994407101 0 75.1757958751021
93.9767019177943 91.8262930972691 92.0755821502336 90.1990362311678 90.3534795727897 90.0692771132551 89.1551959618225 86.4136961331341 86.4309154214711 87.1639223335182 82.6179874241649 84.2077199036913 86.7055985102301 84.6696959415512 76.9747808619358 83.5153213971275 75.1757958751021 0
