0 85.7870474290181 88.5267777697538 80.2604578063016 85.7505909256189 89.935247441013 83.7910272692242 85.5138254015903 89.3709892175519 86.4192383534355 91.0473968619858 91.0403950196392 90.1492657565821 90.7665018326547 92.1201921477502 91.9146950101578 92.0161153643317 93.2388757755454
85.7870474290181 0 80.788610269172 82.4108172720404 78.940188044825 81.6251957531956 86.0016174742824 78.3073021585004 81.8529679016913 87.3827962632147 87.3272312123874 85.7613452311201 89.0741407444131 87.4000155515516 87.8461841608603 91.3922609704776 90.1615019788357 90.0423725326704
88.5267777697538 80.788610269172 0 87.3511319091826 85.8464342187456 82.5420156066597 89.7434655194017 85.5971656502182 85.4304003347848 90.715999260007 89.8531331056309 87.9334714518628 91.774240596833 90.0880909614124 89.5275059129689 93.5253983964223 92.3397670620318 91.5156226031002
80.2604578063016 82.4108172720404 87.3511319091826 0 79.661984156616 87.4908764682633 78.3073021585004 79.3255293548103 86.0981015495578 82.4692779150087 88.0908247429846 88.2580160076653 87.2093068035438 87.6905710694571 89.6479614516232 89.7952525418025 89.5386228001698 91.0431546689071
85.7505909256189 78.940188044825 85.8464342187456 79.661984156616 0 83.6814491297281 82.3310992930275 57.4754622734875 80.5456658670191 83.6814491297281 84.6028943623908 84.2495038086784 85.8625542615955 84.3199260459954 86.436435724929 89.043308689356 87.679995898191 88.5776170713634
89.935247441013 81.6251957531956 82.5420156066597 87.4908764682633 83.6814491297281 0 89.0517086471389 83.6501254971811 77.3877230304124 89.5317156500199 85.7044043041359 81.567276508266 89.6159490676069 86.3372349564591 84.4632316900903 91.6918670945465 89.6838043908563 87.7688490461521
83.7910272692242 86.0016174742824 89.7434655194017 78.3073021585004 82.3310992930275 89.0517086471389 0 82.4108172720404 87.2415090959192 74.8172353991213 87.5803463896305 88.6389564942146 84.5841545498447 86.8944396935144 89.6985797752271 87.5859951372108 88.0652025753386 90.6951268451428
85.5138254015903 78.3073021585004 85.5971656502182 79.3255293548103 57.4754622734875 83.6501254971811 82.4108172720404 0 80.7750878561122 83.8879993973499 84.9504435034663 84.5007249717544 86.1606005086081 84.6953993467273 86.6604254538209 89.2492238225855 87.9438809920164 88.7827300638441
89.3709892175519 81.8529679016913 85.4304003347848 86.0981015495578 80.5456658670191 77.3877230304124 87.2415090959192 80.7750878561122 0 87.4908764682633 81.9124372658146 76.9476203930553 87.1928581823652 82.6708255255615 81.8069354424815 89.8329905787374 87.3526213444023 85.8464342187456
86.4192383534355 87.3827962632147 90.715999260007 82.4692779150087 83.6814491297281 89.5317156500199 74.8172353991213 83.8879993973499 87.4908764682633 0 86.7159566715922 88.4131800884748 81.6121845670317 85.8040981094599 89.2581955282206 85.3461292680899 86.3995004648654 89.9929256866187
91.0473968619858 87.3272312123874 89.8531331056309 88.0908247429846 84.6028943623908 85.7044043041359 87.5803463896305 84.9504435034663 81.9124372658146 86.7159566715922 0 78.3823526405858 83.3049294415307 67.9762509169206 78.0529683256868 86.4309154214711 81.1902457592883 80.3410248902675
91.0403950196392 85.7613452311201 87.9334714518628 88.2580160076653 84.2495038086784 81.567276508266 88.6389564942146 84.5007249717544 76.9476203930553 88.4131800884748 78.3823526405858 0 86.8817337465467 80.3733330693944 74.4555005891274 89.2827725791534 85.907097675858 82.1259843966288
90.1492657565821 89.0741407444131 91.774240596833 87.2093068035438 85.8625542615955 89.6159490676069 84.5841545498447 86.1606005086081 87.1928581823652 81.6121845670317 83.3049294415307 86.8817337465467 0 81.676854159603 87.0822836611457 78.7859429613949 79.2492238225855 87.0414148290211
90.7665018326547 87.4000155515516 90.0880909614124 87.6905710694571 84.3199260459954 86.3372349564591 86.8944396935144 84.6953993467273 82.6708255255615 85.8040981094599 67.9762509169206 80.3733330693944 81.676854159603 0 80.4201245351034 85.4280814178556 79.7799514872702 81.7060996897762
92.1201921477502 87.8461841608603 89.5275059129689 89.6479614516232 86.436435724929 84.4632316900903 89.6985797752271 86.6604254538209 81.8069354424815 89.2581955282206 78.0529683256868 74.4555005891274 87.0822836611457 80.4201245351034 0 89.0724707021626 85.1470209343093 77.7783103125321
91.9146950101578 91.3922609704776 93.5253983964223 89.7952525418025 89.043308689356 91.6918670945465 87.5859951372108 89.2492238225855 89.8329905787374 85.3461292680899 86.4309154214711 89.2827725791534 78.7859429613949 85.4280814178556 89.0724707021626 0 80.6861507245123 88.3220193002395
92.0161153643317 90.1615019788357 92.3397670620318 89.5386228001698 87.679995898191 89.6838043908563 88.0652025753386 87.9438809920164 87.3526213444023 86.3995004648654 81.1902457592883 85.907097675858 79.2492238225855 79.7799514872702 85.1470209343093 80.6861507245123 0 83.6687149094864
93.2388757755454 90.0423725326704 91.5156226031002 91.0431546689071 88.5776170713634 87.7688490461521 90.6951268451428 88.7827300638441 85.8464342187456 89.9929256866187 80.3410248902675 82.1259843966288 87.0414148290211 81.7060996897762 77.7783103125321 88.3220193002395 83.6687149094864 0
