0 67.4754622734875 86.1684315156628 82.1292907879716 77.7783103125321 85.7613452311201 86.5304228410657 83.8946079882559 88.3917411035878 88.655168405128 87.7864035964503 88.5210920458533 89.7337221881064 91.6201817697805 90.7344939926364 92.2072490519002 93.1088226000681 93.1569578077697
67.4754622734875 0 85.2190096129285 82.3326765383033 75.6635841127368 84.6401331313322 86.6685681142304 83.2478263495168 87.7266996030558 88.6419086192796 87.4879904709355 87.8718063285063 89.5275059129689 91.3225797028703 90.2825103356211 92.1651681366727 92.9195881315454 92.8413272421323
86.1684315156628 85.2190096129285 0 89.1272458135151 85.2505360143668 80.6374962592738 91.1488143760522 87.6629294476477 87.4293764170868 91.9308124239822 90.2357377532063 87.6089849058131 91.6938770827178 92.111074405493 90.1762955422891 94.1784363178882 93.8950482036351 92.7441655875094
82.1292907879716 82.3326765383033 89.1272458135151 0 80.2604578063016 87.0589771566153 78.5626155199393 78.9298435901867 87.0253872127773 83.1821886544929 82.9518421166448 87.1017859644811 85.7620612388407 89.2044092510092 89.0000445027178 89.0051368755729 90.7445075993385 91.561630208681
77.7783103125321 75.6635841127368 85.2505360143668 80.2604578063016 0 82.6342007106042 85.1798910614678 78.8285560079588 85.3783139138199 87.1059911885511 85.1470209343093 85.5560708119719 87.7580108710713 89.77028975955 88.5241253582302 91.0626345379153 91.6900390249741 91.5527695537508
85.7613452311201 84.6401331313322 80.6374962592738 87.0589771566153 82.6342007106042 0 89.1193213320602 83.928593088954 82.1441384770285 89.7314264593261 87.1368796008778 82.4738598864051 89.0406172678931 89.4147433098681 86.7239959740949 92.3119690877894 91.7726262858853 90.3646583301047
86.5304228410657 86.6685681142304 91.1488143760522 78.5626155199393 85.1798910614678 89.1193213320602 0 82.2305599791183 87.8568047770822 76.7696515306304 81.2856097434395 87.8673994840703 83.2401555589108 88.1602069796045 88.9010948773214 86.2093142267685 89.2853180813548 91.0276354037063
83.8946079882559 83.2478263495168 87.6629294476477 78.9298435901867 78.8285560079588 83.928593088954 82.2305599791183 0 82.6810253671005 83.7136960174551 79.4497994875647 82.8129004903881 83.9405886754904 87.0312708756033 85.9873660604156 88.7973473856579 89.4635599297653 89.645619925852
88.3917411035878 87.7266996030558 87.4293764170868 87.0253872127773 85.3783139138199 82.1441384770285 87.8568047770822 82.6810253671005 0 87.5391717555733 83.341335320205 53.9536370923738 85.2922183444072 84.5841545498447 79.1420653552395 89.9003244053271 88.4147351667544 86.2491757321852
88.655168405128 88.6419086192796 91.9308124239822 83.1821886544929 87.1059911885511 89.7314264593261 76.7696515306304 83.7136960174551 87.5391717555733 0 79.2202600224785 87.499043061226 79.0220684557673 86.1703870630815 87.8452979360192 82.7916704750675 87.0849242308258 89.735729955783
87.7864035964503 87.4879904709355 90.2357377532063 82.9518421166448 85.1470209343093 87.1368796008778 81.2856097434395 79.4497994875647 83.341335320205 79.2202600224785 0 83.2707577629414 76.0621707455228 83.443875830952 84.2525454416864 85.4211172286802 86.3522602958887 87.7285209261352
88.5210920458533 87.8718063285063 87.6089849058131 87.1017859644811 85.5560708119719 82.4738598864051 87.8673994840703 82.8129004903881 53.9536370923738 87.499043061226 83.2707577629414 0 85.16595164387 84.3408319525428 78.6555361552294 89.8155704493593 88.2628491100679 86.0393941818496
89.7337221881064 89.5275059129689 91.6938770827178 85.7620612388407 87.7580108710713 89.0406172678931 83.2401555589108 83.9405886754904 85.2922183444072 79.0220684557673 76.0621707455228 85.16595164387 0 81.1490214837476 84.469985132245 82.3073716170739 83.5547758127407 86.7468837467999
91.6201817697805 91.3225797028703 92.111074405493 89.2044092510092 89.77028975955 89.4147433098681 88.1602069796045 87.0312708756033 84.5841545498447 86.1703870630815 83.443875830952 84.3408319525428 81.1490214837476 0 79.8864977625784 85.6745557686413 79.546717201444 80.3210228062334
90.7344939926364 90.2825103356211 90.1762955422891 89.0000445027178 88.5241253582302 86.7239959740949 88.9010948773214 85.9873660604156 79.1420653552395 87.8452979360192 84.2525454416864 78.6555361552294 84.469985132245 79.8864977625784 0 88.9010948773214 85.6635841127368 81.2066265229575
92.2072490519002 92.1651681366727 94.1784363178882 89.0051368755729 91.0626345379153 92.3119690877894 86.2093142267685 88.7973473856579 89.9003244053271 82.7916704750675 85.4211172286802 89.8155704493593 82.3073716170739 85.6745557686413 88.9010948773214 0 83.5547758127407 89.0764777251924
93.1088226000681 92.9195881315454 93.8950482036351 90.7445075993385 91.6900390249741 91.7726262858853 89.2853180813548 89.4635599297653 88.4147351667544 87.0849242308258 86.3522602958887 88.2628491100679 83.5547758127407 79.546717201444 85.6635841127368 83.5547758127407 0 83.379917402121
93.1569578077697 92.8413272421323 92.7441655875094 91.561630208681 91.5527695537508 90.3646583301047 91.0276354037063 89.645619925852 86.2491757321852 89.735729955783 87.7285209261352 86.0393941818496 86.7468837467999 80.3210228062334 81.2066265229575 89.0764777251924 83.379917402121 0
