0 86.1684315156628 88.3204306601417 84.6429132091945 84.3616377049391 89.9850808185757 85.2003092693599 89.5341193832037 90.5284981699644 90.5014168381346 89.4891300158834 90.9628365465767 92.1826698117016 90.5797990005825 93.3163862462654 91.4556343706656 94.1256405276122 93.5613168412941
86.1684315156628 0 78.9642297145514 88.5070353517548 82.5344953540117 84.469985132245 87.2946545882058 87.6703177659745 86.5214156933801 91.0809756830733 88.5663707686117 87.481730889759 93.1741411140456 89.741461325561 91.9970762771725 93.0504006202863 93.5350934087948 92.1759718947623
88.3204306601417 78.9642297145514 0 88.5494465197111 82.1900093127201 77.9719488414633 86.8966456337874 85.0603757697937 82.0777566753872 89.9590100360185 86.5840769255055 83.6582681575906 92.3722351901244 87.8492845244343 90.1152402208497 92.4737072318833 92.1314385932633 90.2943773472485
84.6429132091945 88.5070353517548 88.5494465197111 0 82.9436298012717 88.9312242752465 74.3872598725851 85.7044043041359 88.6819326595009 84.6438395064827 84.6401331313322 88.8679544492035 87.4546629212388 86.0715147213828 90.3715995071593 86.2734273606889 91.0054295411106 90.7590317529402
84.3616377049391 82.5344953540117 82.1900093127201 82.9436298012717 0 84.0075874112409 79.9085993106296 83.0970686635682 84.6944839826563 87.2154590106673 83.7593515739906 85.4887369853822 90.2172974337653 85.840110052371 89.8310272854925 89.9791200723646 91.3828513183668 90.1542164666764
89.9850808185757 84.469985132245 77.9719488414633 88.9312242752465 84.0075874112409 0 87.1561388112382 82.5659932787142 74.3872598725851 88.9549722594917 84.8394272962539 77.7647878994723 91.5985741078363 85.952559527637 87.9369440715933 91.9497991371888 90.5906463462703 88.108795863005
85.2003092693599 87.2946545882058 86.8966456337874 74.3872598725851 79.9085993106296 87.1561388112382 0 83.1391823978766 86.8226906220976 83.8045321616377 82.0509172245329 87.0711757029314 87.5353659103793 84.1984937693655 89.2802255840982 86.8817337465467 90.3029418256257 89.701181985842
89.5341193832037 87.6703177659745 85.0603757697937 85.7044043041359 83.0970686635682 82.5659932787142 83.1391823978766 0 79.8531331056309 83.3049294415307 72.2305599791183 79.3818913619656 87.8101466103973 76.625354376404 84.469985132245 88.4228902048013 87.3867381239972 85.0637404376506
90.5284981699644 86.5214156933801 82.0777566753872 88.6819326595009 84.6944839826563 74.3872598725851 86.8226906220976 79.8531331056309 0 87.7089015591327 82.8592443995261 68.103370572082 90.634932606136 83.8213544350363 85.8883616061958 91.1655581808111 89.1420653552395 86.1133155976868
90.5014168381346 91.0809756830733 89.9590100360185 84.6438395064827 87.2154590106673 88.9549722594917 83.8045321616377 83.3049294415307 87.7089015591327 0 80.4905850455247 87.3207354069254 80.0814756595712 79.3349739648805 85.5673171147236 81.6121845670317 85.5138254015903 86.2581263061566
89.4891300158834 88.5663707686117 86.5840769255055 84.6401331313322 83.7593515739906 84.8394272962539 82.0509172245329 72.2305599791183 82.8592443995261 80.4905850455247 0 82.4061682673299 86.2747000185204 72.420100378145 84.3931512750066 86.960135308793 86.7211265026863 85.0947406576928
90.9628365465767 87.481730889759 83.6582681575906 88.8679544492035 85.4887369853822 77.7647878994723 87.0711757029314 79.3818913619656 68.103370572082 87.3207354069254 82.4061682673299 0 90.2946294848908 83.0277507001197 84.7245895919278 90.9368178278012 88.4011093146316 84.9616488848235
92.1826698117016 93.1741411140456 92.3722351901244 87.4546629212388 90.2172974337653 91.5985741078363 87.5353659103793 87.8101466103973 90.634932606136 80.0814756595712 86.2747000185204 90.2946294848908 0 85.3657824142135 87.6974540728827 75.604595839916 85.8939214659009 88.1860958317419
90.5797990005825 89.741461325561 87.8492845244343 86.0715147213828 85.840110052371 85.952559527637 84.1984937693655 76.625354376404 83.8213544350363 79.3349739648805 72.420100378145 83.0277507001197 85.3657824142135 0 82.2289452013272 86.5650757693805 84.8615063718665 83.1718019354755
93.3163862462654 91.9970762771725 90.1152402208497 90.3715995071593 89.8310272854925 87.9369440715933 89.2802255840982 84.469985132245 85.8883616061958 85.5673171147236 84.3931512750066 84.7245895919278 87.6974540728827 82.2289452013272 0 89.3018275778494 79.7428929869615 63.9536370923738
91.4556343706656 93.0504006202863 92.4737072318833 86.2734273606889 89.9791200723646 91.9497991371888 86.8817337465467 88.4228902048013 91.1655581808111 81.6121845670317 86.960135308793 90.9368178278012 75.604595839916 86.5650757693805 89.3018275778494 0 88.1465843099084 89.7322874998376
94.1256405276122 93.5350934087948 92.1314385932633 91.0054295411106 91.3828513183668 90.5906463462703 90.3029418256257 87.3867381239972 89.1420653552395 85.5138254015903 86.7211265026863 88.4011093146316 85.8939214659009 84.8615063718665 79.7428929869615 88.1465843099084 0 80.1052437355394
93.5613168412941 92.1759718947623 90.2943773472485 90.7590317529402 90.1542164666764 88.108795863005 89.701181985842 85.0637404376506 86.1133155976868 86.2581263061566 85.0947406576928 84.9616488848235 88.1860958317419 83.1718019354755 63.9536370923738 89.7322874998376 80.1052437355394 0
