0 80.1471795575176 87.3941194834633 75.1757958751021 73.8213544350363 86.0198722703839 80.5456658670191 83.443875830952 87.9512393494775 80.6047544631244 82.764629276264 88.6341550069162 85.3184645883821 88.7598139855753 90.0330101399179 90.2121611966117 88.9888202196146 90.9450739663187
80.1471795575176 0 84.056636658772 83.6860705133182 80.2807401307034 85.1213743621328 86.2402066734632 85.0206444159974 88.6197186119532 86.2867717037943 86.42415884094 89.2827725791534 88.7168802665761 89.9464621055713 90.909548211526 92.2624095634779 90.7590317529402 92.035240227745
87.3941194834633 84.056636658772 0 88.3694102750199 86.1159560870942 81.5313920024931 89.8296243895863 85.7217818991216 87.2338635130179 89.8856667625148 88.5569765516262 87.8475131591322 90.7246856097169 89.3874875404723 89.9407216269259 93.2654179196972 91.0937895274782 91.5315816465978
75.1757958751021 83.6860705133182 88.3694102750199 0 75.6120133392751 86.0494573936257 74.4166372889035 82.1177073885602 86.9747808619358 74.6354957098355 78.9642297145514 87.6726240401613 82.0911144554496 87.4293764170868 88.9518820507696 88.522229786283 87.2709460205284 89.77028975955
73.8213544350363 80.2807401307034 86.1159560870942 75.6120133392751 0 83.6814491297281 80.9193850103386 80.0735239732136 86.108690874692 81.0505757896518 80.6234942756704 86.9574177410809 84.6028943623908 87.2704401740636 88.7197799126989 89.7437517573204 87.8858782559868 89.8920337031865
86.0198722703839 85.1213743621328 81.5313920024931 86.0494573936257 83.6814491297281 0 87.4802850888848 79.0724707021626 81.0058576494277 87.5676097802613 84.6844022237742 82.3310992930275 87.7935849867912 84.8913549073611 85.9298880881852 90.8422827729217 87.6295255839015 88.2741054761706
80.5456658670191 86.2402066734632 89.8296243895863 74.4166372889035 80.9193850103386 87.4802850888848 0 83.6964506811521 87.462413856604 47.9330371790942 78.6848557252811 88.0313689651798 78.9298435901867 87.3471575828297 88.9038741397594 87.0125223952169 86.4486780017291 89.4033043313165
83.443875830952 85.0206444159974 85.7217818991216 82.1177073885602 80.0735239732136 79.0724707021626 83.6964506811521 0 80.1052437355394 83.8358812162758 78.2390343987537 81.7224641652286 83.8481352690408 82.6810253671005 84.8570995274305 88.5475619699661 84.8570995274305 86.9076585592248
87.9512393494775 88.6197186119532 87.2338635130179 86.9747808619358 86.108690874692 81.0058576494277 87.462413856604 80.1052437355394 0 87.5519919157727 83.5725918290523 66.625354376404 86.1448960051827 76.5364172448041 78.6957997331364 88.5176770351167 83.2401555589108 83.361291448686
80.6047544631244 86.2867717037943 89.8856667625148 74.6354957098355 81.0505757896518 87.5676097802613 47.9330371790942 83.8358812162758 87.5519919157727 0 78.922933573106 88.1142143850042 79.0220684557673 87.4293764170868 88.9724420299244 87.0269926387653 86.5172059563291 89.4589779583689
82.764629276264 86.42415884094 88.5569765516262 78.9642297145514 80.6234942756704 84.6844022237742 78.6848557252811 78.2390343987537 83.5725918290523 78.922933573106 0 84.4166372889035 77.6131943190306 83.4827717624266 85.8005514005498 86.1553719814826 83.1679005025265 86.8193244329465
88.6341550069162 89.2827725791534 87.8475131591322 87.6726240401613 86.9574177410809 82.3310992930275 88.0313689651798 81.7224641652286 66.625354376404 88.1142143850042 84.4166372889035 0 86.5597166813801 75.3287606235951 76.5662657802988 88.4718850830411 82.9953807752155 82.3546980369414
85.3184645883821 88.7168802665761 90.7246856097169 82.0911144554496 84.6028943623908 87.7935849867912 78.9298435901867 83.8481352690408 86.1448960051827 79.0220684557673 77.6131943190306 86.5597166813801 0 84.9227372224544 86.8299750935361 82.8967977192182 82.3247845775289 86.8900244486873
88.7598139855753 89.9464621055713 89.3874875404723 87.4293764170868 87.2704401740636 84.8913549073611 87.3471575828297 82.6810253671005 76.5364172448041 87.4293764170868 83.4827717624266 75.3287606235951 84.9227372224544 0 73.2093361878076 86.393932982674 78.4599765983439 78.7429076482031
90.0330101399179 90.909548211526 89.9407216269259 88.9518820507696 88.7197799126989 85.9298880881852 88.9038741397594 84.8570995274305 78.6957997331364 88.9724420299244 85.8005514005498 76.5662657802988 86.8299750935361 73.2093361878076 0 87.3605563833923 80.8776994407101 76.4210841896122
90.2121611966117 92.2624095634779 93.2654179196972 88.522229786283 89.7437517573204 90.8422827729217 87.0125223952169 88.5475619699661 88.5176770351167 87.0269926387653 86.1553719814826 88.4718850830411 82.8967977192182 86.393932982674 87.3605563833923 0 81.955651003641 85.7670699903198
88.9888202196146 90.7590317529402 91.0937895274782 87.2709460205284 87.8858782559868 87.6295255839015 86.4486780017291 84.8570995274305 83.2401555589108 86.5172059563291 83.1679005025265 82.9953807752155 82.3247845775289 78.4599765983439 80.8776994407101 81.955651003641 0 79.2428040951504
90.9450739663187 92.035240227745 91.5315816465978 89.77028975955 89.8920337031865 88.2741054761706 89.4033043313165 86.9076585592248 83.361291448686 89.4589779583689 86.8193244329465 82.3546980369414 86.8900244486873 78.7429076482031 76.4210841896122 85.7670699903198 79.2428040951504 0
