0 76.3340981236618 85.2125142745422 61.9124372658146 74.7814907955383 82.1654959184623 82.7273505510716 82.2531040517902 84.9607879581046 88.0853769415613 86.2093142267685 87.8876340453048 86.4198537193337 87.6243995150613 90.3345343122189 90.5615806332561 90.8504985873363 92.7460299124228
76.3340981236618 0 85.13049210439 77.7056993033671 81.5879170280032 83.1155436921792 86.125843648819 85.5160989963473 86.5256213537673 90.0413035658768 88.5142593369233 89.5943768821453 88.7859429613949 89.6385877643063 91.7387672097631 92.1042650678744 92.3056264749288 93.8403412370211
85.2125142745422 85.13049210439 0 85.5971656502182 85.7181672964835 75.7505909256189 88.0415467528334 85.3469171038869 80.7953557193797 91.3863823274932 87.9680733265196 87.2926418689859 89.6838043908563 89.0513729605827 90.0827995263149 92.3276273357941 91.6801541304969 92.4097329493221
61.9124372658146 77.7056993033671 85.5971656502182 0 73.1574795141574 82.5942958832762 81.9967355337869 81.8512064152267 85.0299758763721 87.6624672601499 85.8688458527758 87.7253331093158 85.9546147109638 87.3187347413048 90.1687752896411 90.2771975547646 90.6248965072337 92.6131116116866
74.7814907955383 81.5879170280032 85.7181672964835 73.1574795141574 0 82.4447587542196 78.4407002914246 78.2511598923979 83.7944074314021 86.1970250009704 83.6009463029101 86.125843648819 83.8325331923513 85.4288545277498 88.9021373091748 89.0406172678931 89.3772223651149 91.6625252393721
82.1654959184623 83.1155436921792 75.7505909256189 82.5942958832762 82.4447587542196 0 85.6635841127368 82.1523653118793 78.1117143687293 89.8834499846608 86.0070343066891 85.8862748223873 87.8770886459859 87.4269372455433 89.1473223627738 91.1612233891682 90.6395926686241 91.8133383436939
82.7273505510716 86.125843648819 88.0415467528334 81.9967355337869 78.4407002914246 85.6635841127368 0 77.6457956664753 85.0561662659079 81.8087149732661 79.5765657369386 84.5832154332189 77.2272264362371 81.7532076048429 87.0838681956062 86.0494573936257 86.9098577970584 90.2175540862382
82.2531040517902 85.5160989963473 85.3469171038869 81.8512064152267 78.2511598923979 82.1523653118793 77.6457956664753 0 80.237526392877 85.4125902481615 78.0529683256868 81.6326132525547 81.5766707252515 81.3926525972256 85.9785202629748 87.4352248455128 87.1222480800076 89.6666483480365
84.9607879581046 86.5256213537673 80.7953557193797 85.0299758763721 83.7944074314021 78.1117143687293 85.0561662659079 80.237526392877 0 89.0513729605827 83.408322943692 81.7423818124012 86.5982734344227 85.0070354904267 86.4797404980476 89.8242892483495 88.774150698501 89.8715153788298
88.0853769415613 90.0413035658768 91.3863823274932 87.6624672601499 86.1970250009704 89.8834499846608 81.8087149732661 85.4125902481615 89.0513729605827 0 83.3049294415307 86.9557863838392 76.9476203930553 82.8981823660717 87.3307249336277 80.943337135734 84.9659509602808 89.6241949814514
86.2093142267685 88.5142593369233 87.9680733265196 85.8688458527758 83.6009463029101 86.0070343066891 79.5765657369386 78.0529683256868 83.408322943692 83.3049294415307 0 78.1860958317419 77.8007545217567 71.4741215705682 82.3859648733539 84.2525454416864 83.3550650034345 87.3471575828297
87.8876340453048 89.5943768821453 87.2926418689859 87.7253331093158 86.125843648819 85.8862748223873 84.5832154332189 81.6326132525547 81.7423818124012 86.9557863838392 78.1860958317419 0 83.9296849669784 78.6148957965558 79.05908719444 86.42415884094 83.9154690956304 85.7505909256189
86.4198537193337 88.7859429613949 89.6838043908563 85.9546147109638 83.8325331923513 87.8770886459859 77.2272264362371 81.5766707252515 86.5982734344227 76.9476203930553 77.8007545217567 83.9296849669784 0 78.1200421657566 85.3287606235951 82.1441384770285 83.928593088954 88.6797390683343
87.6243995150613 89.6385877643063 89.0513729605827 87.3187347413048 85.4288545277498 87.4269372455433 81.7532076048429 81.3926525972256 85.0070354904267 82.8981823660717 71.4741215705682 78.6148957965558 78.1200421657566 0 80.5289759679537 82.4309056489519 80.8043333862853 86.1020755728508
90.3345343122189 91.7387672097631 90.0827995263149 90.1687752896411 88.9021373091748 89.1473223627738 87.0838681956062 85.9785202629748 86.4797404980476 87.3307249336277 82.3859648733539 79.05908719444 85.3287606235951 80.5289759679537 0 84.8394272962539 79.5317156500199 80.4905850455247
90.5615806332561 92.1042650678744 92.3276273357941 90.2771975547646 89.0406172678931 91.1612233891682 86.0494573936257 87.4352248455128 89.8242892483495 80.943337135734 84.2525454416864 86.42415884094 82.1441384770285 82.4309056489519 84.8394272962539 0 78.9021373091748 86.5310226538999
90.8504985873363 92.3056264749288 91.6801541304969 90.6248965072337 89.3772223651149 90.6395926686241 86.9098577970584 87.1222480800076 88.774150698501 84.9659509602808 83.3550650034345 83.9154690956304 83.928593088954 80.8043333862853 79.5317156500199 78.9021373091748 0 82.0844407010529
92.7460299124228 93.8403412370211 92.4097329493221 92.6131116116866 91.6625252393721 91.8133383436939 90.2175540862382 89.6666483480365 89.8715153788298 89.6241949814514 87.3471575828297 85.7505909256189 88.6797390683343 86.1020755728508 80.4905850455247 86.5310226538999 82.0844407010529 0
