0 78.5513302520412 86.9470754473467 83.6396338793095 83.0718690352051 89.56524744625 85.9463881358397 88.662150337635 89.9319596143574 87.8475131591322 90.8222332357115 90.8719638496243 89.593191742332 91.9992904577663 93.051870788883 92.5939989196316 94.054621641787 93.9337225304513
78.5513302520412 0 82.8100758107315 82.968220306335 79.9850808185757 87.0055380079075 86.7239959740949 86.7872148302036 87.6019601377656 87.7130152786816 89.7058042916801 89.0754763159833 89.6779963728472 91.1157579812105 91.8517349361878 92.0156064751814 93.4242964466753 93.0558778119128
86.9470754473467 82.8100758107315 0 86.9388930455938 84.3059326558759 82.7574850982769 89.8385951024459 86.2766083062783 84.1613919743094 89.7388831451238 89.4623385433215 87.0312708756033 91.3257623676536 90.8979340019447 90.5738923206482 92.172864475866 93.1907390363395 92.3377198773157
83.6396338793095 82.968220306335 86.9388930455938 0 75.289026176076 86.8678806412791 78.9021373091748 83.0290942252098 86.9257690522703 80.2119042252309 86.0788423391974 87.3526213444023 84.2969130372258 87.9165025530579 89.9799333832978 88.7626851168717 90.959376377232 90.9368178278012
83.0718690352051 79.9850808185757 84.3059326558759 75.289026176076 0 84.9788316760572 83.3011458390096 82.1900093127201 85.2970022018606 83.6033008406848 86.411847153548 86.4413367775795 86.6212442410694 88.3666599593055 89.741461325561 89.5169636829654 91.3844210101952 91.0501520670485
89.56524744625 87.0055380079075 82.7574850982769 86.8678806412791 84.9788316760572 0 89.4635599297653 81.3769599159453 67.9762509169206 88.3866582056277 85.5039593802835 79.178079427437 89.9267487930091 87.4430105189823 86.1033994395945 89.4833594670039 90.4618101047318 88.9946060487626
85.9463881358397 86.7239959740949 89.8385951024459 78.9021373091748 83.3011458390096 89.4635599297653 0 85.932642453154 89.371924760187 77.0071507868401 86.9818148487283 89.2533915623692 80.6398255405413 88.2106092259997 90.8840879071923 88.3410377916595 90.8110544783965 91.2840039217096
88.662150337635 86.7872148302036 86.2766083062783 83.0290942252098 82.1900093127201 81.3769599159453 85.932642453154 0 80.4103155081914 83.5547758127407 79.3756649167141 79.3756649167141 85.8987805111985 83.3947608622636 85.0325173442018 86.0299807662634 88.1963265663177 87.2765064464768
89.9319596143574 87.6019601377656 84.1613919743094 86.9257690522703 85.2970022018606 67.9762509169206 89.371924760187 80.4103155081914 0 88.103370572082 84.4892230145064 76.3902173587608 89.5994101214123 86.5662657802988 84.9616488848235 88.8239597375214 89.8059877260316 88.1860958317419
87.8475131591322 87.7130152786816 89.7388831451238 80.2119042252309 83.6033008406848 88.3866582056277 77.0071507868401 83.5547758127407 88.103370572082 0 83.8714337899069 87.5047984831427 75.9744315024477 85.4304003347848 89.0741407444131 85.6540528718643 88.8504100090108 89.4313841462521
90.8222332357115 89.7058042916801 89.4623385433215 86.0788423391974 86.411847153548 85.5039593802835 86.9818148487283 79.3756649167141 84.4892230145064 83.8714337899069 0 81.3096260893556 84.7832850301513 74.7904545651168 82.1654959184623 80.8600272095335 84.3249127784517 83.5737769688657
90.8719638496243 89.0754763159833 87.0312708756033 87.3526213444023 86.4413367775795 79.178079427437 89.2533915623692 79.3756649167141 76.3902173587608 87.5047984831427 81.3096260893556 0 88.7630438748595 83.7274431504922 81.1011246996244 86.7923005771085 87.7652393255752 85.6097894193738
89.593191742332 89.6779963728472 91.3257623676536 84.2969130372258 86.6212442410694 89.9267487930091 80.6398255405413 85.8987805111985 89.5994101214123 75.9744315024477 84.7832850301513 88.7630438748595 0 85.4032689536105 89.5033716757062 84.5681618832458 88.1552582241713 89.3068948224339
91.9992904577663 91.1157579812105 90.8979340019447 87.9165025530579 88.3666599593055 87.4430105189823 88.2106092259997 83.3947608622636 86.5662657802988 85.4304003347848 74.7904545651168 83.7274431504922 85.4032689536105 0 81.5597464763509 76.3152293981705 80.8110544783965 80.7750878561122
93.051870788883 91.8517349361878 90.5738923206482 89.9799333832978 89.741461325561 86.1033994395945 90.8840879071923 85.0325173442018 84.9616488848235 89.0741407444131 82.1654959184623 81.1011246996244 89.5033716757062 81.5597464763509 0 84.877334088665 84.104089484118 78.7859429613949
92.5939989196316 92.0156064751814 92.172864475866 88.7626851168717 89.5169636829654 89.4833594670039 88.3410377916595 86.0299807662634 88.8239597375214 85.6540528718643 80.8600272095335 86.7923005771085 84.5681618832458 76.3152293981705 84.877334088665 0 78.7716451877599 82.5163934390137
94.054621641787 93.4242964466753 93.1907390363395 90.959376377232 91.3844210101952 90.4618101047318 90.8110544783965 88.1963265663177 89.8059877260316 88.8504100090108 84.3249127784517 87.7652393255752 88.1552582241713 80.8110544783965 84.104089484118 78.7716451877599 0 78.3311427205777
93.9337225304513 93.0558778119128 92.3377198773157 90.9368178278012 91.0501520670485 88.9946060487626 91.2840039217096 87.2765064464768 88.1860958317419 89.4313841462521 83.5737769688657 85.6097894193738 89.3068948224339 80.7750878561122 78.7859429613949 82.5163934390137 78.3311427205777 0
