0 85.4795778716485 89.043308689356 77.6457956664753 84.4351407256978 88.2801236925049 84.4555005891274 86.7348827073585 90.2908458823698 85.2287344421139 85.8541512699659 90.6935171120628 90.1490050364968 88.4022789213946 92.667176911704 92.1428207360432 90.4802093633265 92.774611422748
85.4795778716485 0 81.1655581808111 81.1220143253691 82.5163934390137 81.3176021151403 86.6265279866851 87.3744079106752 88.6230543495502 89.4854863508561 88.2511598923979 89.2562745795041 92.7223077349235 88.5207127327984 92.2916400348778 93.7447939492762 91.6372427645793 92.653284156097
89.043308689356 81.1655581808111 0 86.3372349564591 83.9209422467254 73.2093361878076 87.6684718644191 87.4532080795685 86.5310226538999 90.6454107238026 88.9549722594917 87.3047042162445 93.1925505915743 87.989131632697 91.1011246996244 93.7755576679529 91.4238688668901 91.6453787388597
77.6457956664753 81.1220143253691 86.3372349564591 0 80.9106422900855 85.3962648299937 83.4984742639294 85.5859964760748 88.8958789615428 86.2689701190788 85.5762932353541 89.4344587975798 90.8067989946202 87.3901843196928 92.0162849807984 92.3999618428095 90.3237785614532 92.2366906648989
84.4351407256978 82.5163934390137 83.9209422467254 80.9106422900855 0 81.3671231171328 78.8143980660997 80.0174507434799 84.4776905142957 85.289026176076 82.2482830209687 85.3657824142135 89.7434655194017 82.6751998198568 89.3475349130989 90.9816031190645 87.8990294060959 89.733435288366
88.2801236925049 81.3176021151403 73.2093361878076 85.3962648299937 81.3671231171328 0 85.9744315024477 85.5949341121958 84.7327641218684 89.5060934823739 87.4658005457673 85.6985962861268 92.2929133923563 86.2459746228643 90.0902057315894 92.9213786674681 90.2905935249614 90.6676799053077
84.4555005891274 86.6265279866851 87.6684718644191 83.4984742639294 78.8143980660997 85.9744315024477 0 74.2979161426279 84.9435334863856 80.0415708322431 72.9023336598264 85.4795778716485 86.8545399581078 79.7428929869615 88.4022789213946 88.7479504643512 85.0435132177645 88.5731220444114
86.7348827073585 87.3744079106752 87.4532080795685 85.5859964760748 80.0174507434799 85.5949341121958 74.2979161426279 0 82.1900093127201 82.3546980369414 75.0002150024618 82.7973419676385 86.9312422033652 73.2478263495168 86.5650757693805 88.1799458026485 83.4107842329724 86.8545399581078
90.2908458823698 88.6230543495502 86.5310226538999 88.8958789615428 84.4776905142957 84.7327641218684 84.9435334863856 82.1900093127201 0 88.1897816731977 85.2068228736091 66.2581263061566 89.948373913528 79.8559233047754 83.3550650034345 89.8329905787374 85.6891416591578 84.6168963459942
85.2287344421139 89.4854863508561 90.6454107238026 86.2689701190788 85.289026176076 89.5060934823739 80.0415708322431 82.3546980369414 88.1897816731977 0 77.5186760113139 88.3819610138378 83.0331223084966 84.09464030757 89.5485139103515 86.9470754473467 84.5850934634402 89.4045424311949
85.8541512699659 88.2511598923979 88.9549722594917 85.5762932353541 82.2482830209687 87.4658005457673 72.9023336598264 75.0002150024618 85.2068228736091 77.5186760113139 0 85.5266933956535 84.9925291281972 78.8567341753854 87.6960783446142 87.2302909628742 82.9037165430793 87.7239661854775
90.6935171120628 89.2562745795041 87.3047042162445 89.4344587975798 85.3657824142135 85.6985962861268 85.4795778716485 82.7973419676385 66.2581263061566 88.3819610138378 85.5266933956535 0 89.8444720786432 80.1990362311678 82.0844407010529 89.546717201444 85.2962052581353 83.5725918290523
90.1490050364968 92.7223077349235 93.1925505915743 90.8067989946202 89.7434655194017 92.2929133923563 86.8545399581078 86.9312422033652 89.948373913528 83.0331223084966 84.9925291281972 89.8444720786432 0 86.9508886321302 89.14994848217 80.1052437355394 82.7760355725621 88.5749955377406
88.4022789213946 88.5207127327984 87.989131632697 87.3901843196928 82.6751998198568 86.2459746228643 79.7428929869615 73.2478263495168 79.8559233047754 84.09464030757 78.8567341753854 80.1990362311678 86.9508886321302 0 84.4555005891274 87.5353659103793 81.7097415724374 84.8641483337156
92.667176911704 92.2916400348778 91.1011246996244 92.0162849807984 89.3475349130989 90.0902057315894 88.4022789213946 86.5650757693805 83.3550650034345 89.5485139103515 87.6960783446142 82.0844407010529 89.14994848217 84.4555005891274 0 87.4468981278971 83.5725918290523 69.546717201444
92.1428207360432 93.7447939492762 93.7755576679529 92.3999618428095 90.9816031190645 92.9213786674681 88.7479504643512 88.1799458026485 89.8329905787374 86.9470754473467 87.2302909628742 89.546717201444 80.1052437355394 87.5353659103793 87.4468981278971 0 81.4913821379436 86.4602762870063
90.4802093633265 91.6372427645793 91.4238688668901 90.3237785614532 87.8990294060959 90.2905935249614 85.0435132177645 83.4107842329724 85.6891416591578 84.5850934634402 82.9037165430793 85.2962052581353 82.7760355725621 81.7097415724374 83.5725918290523 81.4913821379436 0 82.6941043474961
92.774611422748 92.653284156097 91.6453787388597 92.2366906648989 89.733435288366 90.6676799053077 88.5731220444114 86.8545399581078 84.6168963459942 89.4045424311949 87.7239661854775 83.5725918290523 88.5749955377406 84.8641483337156 69.546717201444 86.4602762870063 82.6941043474961 0
