0 79.8781805979189 88.4395409877334 79.5765657369386 81.9625254725383 90.0029141266583 83.8625728945729 88.2753097867997 89.7617468189833 85.8966987288694 89.3859337696357 90.0867687069284 89.2221969636326 90.8076952325265 93.1716719441611 90.4761005024071 92.1709007493233 93.3550650034345
79.8781805979189 0 84.716399646416 80.1471795575176 76.8316543916761 88.2741054761706 85.5372620133263 87.6295255839015 87.7886490568277 87.873567814971 89.2027885677725 88.5449222257149 90.3814962694186 90.4004842763326 92.8100758107315 91.4201736537717 91.9669880491193 93.1293485688904
88.4395409877334 84.716399646416 0 86.4633233262241 83.447537158823 84.0661687936488 88.7479504643512 87.1368796008778 82.7632013805355 90.5299314062634 88.9738092406453 84.9582041534757 91.8177792554037 89.4147433098681 91.5766707252515 92.4822476324957 91.1444628313887 92.1604125185582
79.5765657369386 80.1471795575176 86.4633233262241 0 76.082168991845 87.1017859644811 78.8426679450515 84.3279020717801 86.8761978059386 83.3749582867445 86.1606005086081 87.1426142386487 87.1861580940907 88.0803421291117 91.1760675539626 88.6562715620246 89.9549223017547 91.4452006324876
81.9625254725383 76.8316543916761 83.447537158823 76.082168991845 0 85.8716391925209 83.0811701290871 84.6953993467273 85.3563600026657 86.2581263061566 86.8784130290517 86.137022406134 88.9038741397594 88.3635146071354 91.3072304223909 90.0487808139227 90.3094797554861 91.6902218665621
90.0029141266583 88.2741054761706 84.0661687936488 87.1017859644811 85.8716391925209 0 87.4952018715281 81.5766707252515 67.0711757029314 89.0607623901479 84.0022224385771 65.5673171147236 89.5413226105397 83.5261172881643 86.8678806412791 90.0308673275794 86.411847153548 87.9016548640009
83.8625728945729 85.5372620133263 88.7479504643512 78.8426679450515 83.0811701290871 87.4952018715281 0 82.6179874241649 87.5902268815364 76.0487872378001 83.6150544197642 87.2704401740636 83.0129444272911 86.3802934588265 89.9360690089101 85.3152916605193 88.2753097867997 90.0636967997514
88.2753097867997 87.6295255839015 87.1368796008778 84.3279020717801 84.6953993467273 81.5766707252515 82.6179874241649 0 82.3921913186054 84.5916601811258 74.7182209694953 80.6374962592738 85.1362843532686 79.1551959618225 85.9518742503466 86.0941238864933 83.8625728945729 86.560312462274
89.7617468189833 87.7886490568277 82.7632013805355 86.8761978059386 85.3563600026657 67.0711757029314 87.5902268815364 82.3921913186054 0 89.2444099168803 84.8465048204424 72.2787262194362 89.8920337031865 84.6438395064827 87.7143856530771 90.4245313795394 87.274485297019 88.6555361552294
85.8966987288694 87.873567814971 90.5299314062634 83.3749582867445 86.2581263061566 89.0607623901479 76.0487872378001 84.5916601811258 89.2444099168803 0 84.3872598725851 88.7784424997091 79.3475349130989 86.9257690522703 90.0527811932338 82.7916704750675 88.2753097867997 89.9961676984538
89.3859337696357 89.2027885677725 88.9738092406453 86.1606005086081 86.8784130290517 84.0022224385771 83.6150544197642 74.7182209694953 84.8465048204424 84.3872598725851 0 83.0718690352051 83.4144735534427 75.1757958751021 84.2312091392794 84.0576968186256 80.943337135734 84.6438395064827
90.0867687069284 88.5449222257149 84.9582041534757 87.1426142386487 86.137022406134 65.5673171147236 87.2704401740636 80.6374962592738 72.2787262194362 88.7784424997091 83.0718690352051 0 89.1295543994929 82.3687959765968 86.1265020198987 89.5943768821453 85.5859964760748 87.2302909628742
89.2221969636326 90.3814962694186 91.8177792554037 87.1861580940907 88.9038741397594 89.5413226105397 83.0129444272911 85.1362843532686 89.8920337031865 79.3475349130989 83.4144735534427 89.1295543994929 0 85.6628516825438 88.49025984393 73.091775616211 86.2664210684882 88.1407920610298
90.8076952325265 90.4004842763326 89.4147433098681 88.0803421291117 88.3635146071354 83.5261172881643 86.3802934588265 79.1551959618225 84.6438395064827 86.9257690522703 75.1757958751021 82.3687959765968 85.6628516825438 0 80.715999260007 85.6774768683439 76.5662657802988 81.7441879861927
93.1716719441611 92.8100758107315 91.5766707252515 91.1760675539626 91.3072304223909 86.8678806412791 89.9360690089101 85.9518742503466 87.7143856530771 90.0527811932338 84.2312091392794 86.1265020198987 88.49025984393 80.715999260007 0 87.9178102094593 75.5971656502182 70.5098229277861
90.4761005024071 91.4201736537717 92.4822476324957 88.6562715620246 90.0487808139227 90.0308673275794 85.3152916605193 86.0941238864933 90.4245313795394 82.7916704750675 84.0576968186256 89.5943768821453 73.091775616211 85.6774768683439 87.9178102094593 0 85.6097894193738 87.3590696675158
92.1709007493233 91.9669880491193 91.1444628313887 89.9549223017547 90.3094797554861 86.411847153548 88.2753097867997 83.8625728945729 87.274485297019 88.2753097867997 80.943337135734 85.5859964760748 86.2664210684882 76.5662657802988 75.5971656502182 85.6097894193738 0 75.4841598430449
93.3550650034345 93.1293485688904 92.1604125185582 91.4452006324876 91.6902218665621 87.9016548640009 90.0636967997514 86.560312462274 88.6555361552294 89.9961676984538 84.6438395064827 87.2302909628742 88.1407920610298 81.7441879861927 70.5098229277861 87.3590696675158 75.4841598430449 0
