0 81.1963957883817 86.7889107409908 84.469985132245 81.9967355337869 84.5549470876843 84.6168963459942 82.3121275344892 86.4803473512336 88.0211672696151 89.0704658033877 90.6861507245123 91.1330452217415 91.2349419838399 90.0455778552729 92.5923652565189 90.7816289464318 93.2402835165077
81.1963957883817 0 80.4761005024071 85.4001574042608 79.7997758540917 75.8987805111985 83.6150544197642 75.4841598430449 79.661984156616 86.3347256715018 87.0168149034182 87.9060271031893 90.7445075993385 89.2251007565695 86.9230298879921 92.0561303396925 89.0967897908913 91.3225797028703
86.7889107409908 80.4761005024071 0 88.6063499811759 85.0435132177645 74.4651623168477 86.8761978059386 82.4738598864051 67.2272264362371 87.7089015591327 87.6169325975649 86.4930717190664 91.7792590636096 88.8154615142099 85.3152916605193 92.7096027245635 89.2597956700238 90.2244779759935
84.469985132245 85.4001574042608 88.6063499811759 0 79.2234877779738 87.7453320532942 75.2003092693599 82.7531929436013 87.9443141818646 81.9124372658146 84.5160136821761 88.6389564942146 85.8246120982086 88.1573208909491 88.1540201537056 88.4228902048013 86.8417165672086 91.2940305799451
81.9967355337869 79.7997758540917 85.0435132177645 79.2234877779738 0 83.6860705133182 74.8615063718665 73.2478263495168 84.0735682389664 82.1259843966288 83.9893193991704 87.0949437788996 88.0377328770581 87.5935153898588 86.2325041385106 89.9085993106296 86.8584352256806 90.6038153464986
84.5549470876843 75.8987805111985 74.4651623168477 87.7453320532942 83.6860705133182 0 86.1350517739506 80.6861507245123 74.9659509602808 87.7089015591327 87.9538334430254 87.7593671230427 91.7360542821461 89.5386228001698 86.7257167473403 92.8039965211271 89.7150341705748 91.1735970472437
84.6168963459942 83.6150544197642 86.8761978059386 75.2003092693599 74.8615063718665 86.1350517739506 0 79.5317156500199 86.0036495782666 78.5513302520412 81.8529679016913 86.6917490863679 85.9050198774838 86.4803473512336 86.0117684991275 88.2789207162305 85.2092629587856 90.0636967997514
82.3121275344892 75.4841598430449 82.4738598864051 82.7531929436013 73.2478263495168 80.6861507245123 79.5317156500199 0 81.1881938127257 83.440211413787 84.5502177560408 86.5214156933801 89.1017700423667 87.6253319777206 85.4550587108594 90.6644394197623 87.2598037653182 90.3614318658224
86.4803473512336 79.661984156616 67.2272264362371 87.9443141818646 84.0735682389664 74.9659509602808 86.0036495782666 81.1881938127257 0 86.8461811729156 86.7554356592824 85.7354900177477 91.2493343553935 88.1498907012513 84.4224890007509 92.2376578772898 88.5776170713634 89.8014708823389
88.0211672696151 86.3347256715018 87.7089015591327 81.9124372658146 82.1259843966288 87.7089015591327 78.5513302520412 83.440211413787 86.8461811729156 0 72.8884805545587 83.9154690956304 83.2401555589108 82.3578348697387 83.4984742639294 85.7677850549167 79.8026005337483 87.7203189504791
89.0704658033877 87.0168149034182 87.6169325975649 84.5160136821761 83.9893193991704 87.9538334430254 81.8529679016913 84.5502177560408 86.7554356592824 72.8884805545587 0 81.3887347396581 83.9416775421926 78.8707549940815 81.1902457592883 85.6745557686413 75.891837352535 85.9846461950885
90.6861507245123 87.9060271031893 86.4930717190664 88.6389564942146 87.0949437788996 87.7593671230427 86.6917490863679 86.5214156933801 85.7354900177477 83.9154690956304 81.3887347396581 0 88.3631212778937 78.0908247429846 68.7608908822587 88.8154615142099 81.6270513160605 81.567276508266
91.1330452217415 90.7445075993385 91.7792590636096 85.8246120982086 88.0377328770581 91.7360542821461 85.9050198774838 89.1017700423667 91.2493343553935 83.2401555589108 83.9416775421926 88.3631212778937 0 85.7863355292019 88.5369933522933 76.8982993539898 83.201597050353 89.4005173154006
91.2349419838399 89.2251007565695 88.8154615142099 88.1573208909491 87.5935153898588 89.5386228001698 86.4803473512336 87.6253319777206 88.1498907012513 82.3578348697387 78.8707549940815 78.0908247429846 85.7863355292019 0 79.9085993106296 85.9621420732846 74.1239704853616 81.1136705287218
90.0455778552729 86.9230298879921 85.3152916605193 88.1540201537056 86.2325041385106 86.7257167473403 86.0117684991275 85.4550587108594 84.4224890007509 83.4984742639294 81.1902457592883 68.7608908822587 88.5369933522933 79.9085993106296 0 89.178079427437 82.3921913186054 83.3288160125473
92.5923652565189 92.0561303396925 92.7096027245635 88.4228902048013 89.9085993106296 92.8039965211271 88.2789207162305 90.6644394197623 92.2376578772898 85.7677850549167 85.6745557686413 88.8154615142099 76.8982993539898 85.9621420732846 89.178079427437 0 83.8658978492988 88.922933573106
90.7816289464318 89.0967897908913 89.2597956700238 86.8417165672086 86.8584352256806 89.7150341705748 85.2092629587856 87.2598037653182 88.5776170713634 79.8026005337483 75.891837352535 81.6270513160605 83.201597050353 74.1239704853616 82.3921913186054 83.8658978492988 0 84.1239704853616
93.2402835165077 91.3225797028703 90.2244779759935 91.2940305799451 90.6038153464986 91.1735970472437 90.0636967997514 90.3614318658224 89.8014708823389 87.7203189504791 85.9846461950885 81.567276508266 89.4005173154006 81.1136705287218 83.3288160125473 88.922933573106 84.1239704853616 0
