0 71.7711908388985 82.7273505510716 83.9242228296478 83.4682265805839 86.8628826862014 79.5407227977055 87.5124605335482 85.9546147109638 85.9764763638929 86.6218316414651 90.4557406389774 90.0308673275794 89.0112398515747 91.5738545932049 92.2184344854741 91.2640825830801 91.1742148056885
71.7711908388985 0 81.5313920024931 84.0661687936488 81.2066265229575 85.2003092693599 77.4658005457673 86.137022406134 84.104089484118 85.1536148924089 85.3208427639379 89.4023755247218 89.2234877779738 87.8858782559868 90.6978850001881 91.7048243089966 90.4462553022501 90.2766912365105
82.7273505510716 81.5313920024931 0 88.8899600074921 77.7783103125321 84.3199260459954 85.289026176076 88.0194646547471 83.0612147647429 89.0000445027178 88.2293095695683 89.6602337925892 91.1124175754548 89.3874875404723 91.308228777564 93.3524472321128 91.6238963873093 91.1011246996244
83.9242228296478 84.0661687936488 88.8899600074921 0 88.0529683256868 88.9343292126923 80.1887143134889 86.706750637792 88.5210920458533 79.9360690089101 84.4351407256978 90.4598687984162 87.4759447961055 87.8634294971633 90.891785631268 89.4350734667223 89.77028975955 90.2814988783078
83.4682265805839 81.2066265229575 77.7783103125321 88.0529683256868 0 79.0220684557673 83.5595339012134 85.015546065008 76.4210841896122 87.2668975981248 85.6745557686413 87.1347923991944 89.2186452446874 86.8299750935361 89.2543527807476 91.9724741636262 89.6945287903597 88.9946060487626
86.8628826862014 85.2003092693599 84.3199260459954 88.9343292126923 79.0220684557673 0 85.289026176076 81.9487656358587 67.4269372455433 87.0419480655395 84.1758581374509 82.9463689655499 87.4995229711462 83.8414555269102 86.3246740082407 90.7834316527594 87.3941194834633 86.125843648819
79.5407227977055 77.4658005457673 85.289026176076 80.1887143134889 83.5595339012134 85.289026176076 0 83.8403412370211 84.5160136821761 80.5456658670191 81.7962429180347 88.4515055622316 86.9866778667631 85.9140164997191 89.5241953973719 89.9253764844632 88.8451328264355 88.9298435901867
87.5124605335482 86.137022406134 88.0194646547471 86.706750637792 85.015546065008 81.9487656358587 83.8403412370211 0 82.420100378145 82.2819183877674 74.5321991797927 81.3671231171328 81.0906420857516 73.1574795141574 83.1548703552811 86.9508886321302 82.4324470668276 81.9280437922403
85.9546147109638 84.104089484118 83.0612147647429 88.5210920458533 76.4210841896122 67.4269372455433 84.5160136821761 82.420100378145 0 86.8249332995649 84.1913043119513 84.1830731892428 87.7994111351958 84.469985132245 87.1143894407578 90.9972874546011 87.9330371790942 86.8678806412791
85.9764763638929 85.1536148924089 89.0000445027178 79.9360690089101 87.2668975981248 87.0419480655395 80.5456658670191 82.2819183877674 86.8249332995649 0 77.7056993033671 87.7886490568277 82.8143121415688 83.6814491297281 88.0908247429846 86.5220167514142 86.3914562533118 87.2093068035438
86.6218316414651 85.3208427639379 88.2293095695683 84.4351407256978 85.6745557686413 84.1758581374509 81.7962429180347 74.5321991797927 84.1913043119513 77.7056993033671 0 84.5549470876843 80.4372372021832 78.1860958317419 85.3469171038869 86.3372349564591 83.7593515739906 84.2169264795973
90.4557406389774 89.4023755247218 89.6602337925892 90.4598687984162 87.1347923991944 82.9463689655499 88.4515055622316 81.3671231171328 84.1830731892428 87.7886490568277 84.5549470876843 0 84.7254986332328 79.7799514872702 77.1185824845969 88.4534322491089 81.989915045822 77.8275353557611
90.0308673275794 89.2234877779738 91.1124175754548 87.4759447961055 89.2186452446874 87.4995229711462 86.9866778667631 81.0906420857516 87.7994111351958 82.8143121415688 80.4372372021832 84.7254986332328 0 78.6665542029632 83.1821886544929 80.7683108277111 77.9719488414633 81.4702765549837
89.0112398515747 87.8858782559868 89.3874875404723 87.8634294971633 86.8299750935361 83.8414555269102 85.9140164997191 73.1574795141574 84.469985132245 83.6814491297281 78.1860958317419 79.7799514872702 78.6665542029632 0 80.3410248902675 85.6745557686413 78.8143980660997 78.3073021585004
91.5738545932049 90.6978850001881 91.308228777564 90.891785631268 89.2543527807476 86.3246740082407 89.5241953973719 83.1548703552811 87.1143894407578 88.0908247429846 85.3469171038869 77.1185824845969 83.1821886544929 80.3410248902675 0 86.625354376404 77.3082160992677 68.3073021585004
92.2184344854741 91.7048243089966 93.3524472321128 89.4350734667223 91.9724741636262 90.7834316527594 89.9253764844632 86.9508886321302 90.9972874546011 86.5220167514142 86.3372349564591 88.4534322491089 80.7683108277111 85.6745557686413 86.625354376404 0 83.051870788883 85.7326076915633
91.2640825830801 90.4462553022501 91.6238963873093 89.77028975955 89.6945287903597 87.3941194834633 88.8451328264355 82.4324470668276 87.9330371790942 86.3914562533118 83.7593515739906 81.989915045822 77.9719488414633 78.8143980660997 77.3082160992677 83.051870788883 0 74.2169264795973
91.1742148056885 90.2766912365105 91.1011246996244 90.2814988783078 88.9946060487626 86.125843648819 88.9298435901867 81.9280437922403 86.8678806412791 87.2093068035438 84.2169264795973 77.8275353557611 81.4702765549837 78.3073021585004 68.3073021585004 85.7326076915633 74.2169264795973 0
