0 82.2531040517902 86.4602762870063 83.1718019354755 84.1458388545984 84.5502177560408 84.8615063718665 83.5500125056341 88.7916489169787 88.5584809925589 87.7652393255752 90.8770380281923 91.1238894724812 89.6253716921052 89.8989437202673 91.780154608477 92.3441731080974 93.0843544954663
82.2531040517902 0 79.0724707021626 87.7940334296455 82.1177073885602 73.051870788883 88.2905355522908 83.4242964466753 86.0393941818496 89.7779640643784 87.1075670983908 89.4513305804129 92.0210315543195 89.5326172058794 88.7179678607599 91.9803483316292 92.1604125185582 92.5570171580838
86.4602762870063 79.0724707021626 0 89.5060934823739 82.0509172245329 73.051870788883 89.5819167545738 84.1458388545984 82.7417264159659 89.9831851047843 86.2254314605081 87.5827009274052 92.004055631446 88.8718047329947 87.1347923991944 91.4959733935759 91.3944144806986 91.5313920024931
83.1718019354755 87.7940334296455 89.5060934823739 0 85.5613227109851 88.6148957965558 72.7760355725621 83.8525827295616 89.4854863508561 84.3139343989393 86.6323912855628 90.4605968899799 87.7711035988784 87.6085169412828 89.1969490952604 89.5109280419147 90.6374962592738 91.8749264115059
84.1458388545984 82.1177073885602 82.0509172245329 85.5613227109851 0 81.5047597563245 85.2190096129285 71.1963957883817 81.4063373322637 85.604595839916 79.9850808185757 85.5673171147236 88.8567341753854 84.716399646416 83.8681130724119 88.6152669725587 88.922933573106 89.6476688299326
84.5502177560408 73.051870788883 73.051870788883 88.6148957965558 81.5047597563245 0 88.8718047329947 83.4181597425046 84.388242328153 89.7907245134303 86.4967004156867 88.4944597996847 91.9570267682265 89.1084015061976 87.8568047770822 91.685831542459 91.7358733600348 92.0196759197323
84.8615063718665 88.2905355522908 89.5819167545738 72.7760355725621 85.2190096129285 88.8718047329947 0 83.3049294415307 88.9669688788295 81.693328996376 85.4373496656962 89.6675223265374 86.0761791811688 86.1448960051827 88.2531775206893 88.1778938560859 89.5241953973719 90.9645655979856
83.5500125056341 83.4242964466753 84.1458388545984 83.8525827295616 71.1963957883817 83.4181597425046 83.3049294415307 0 83.1925505915743 84.1427215355371 79.5166621000467 86.0941238864933 87.989131632697 84.0608757462916 84.2169264795973 88.0803421291117 88.6385873374445 89.6005935657466
88.7916489169787 86.0393941818496 82.7417264159659 89.4854863508561 81.4063373322637 84.388242328153 88.9669688788295 83.1925505915743 0 87.6202009537621 80.9193850103386 80.1990362311678 89.6429841994572 84.5160136821761 79.7428929869615 88.2495451146068 87.7125583911088 87.657842677859
88.5584809925589 89.7779640643784 89.9831851047843 84.3139343989393 85.604595839916 89.7907245134303 81.693328996376 84.1427215355371 87.6202009537621 0 82.2305599791183 86.965022649524 79.3818913619656 80.0867687069284 85.0830368532146 82.6002308959102 85.1213743621328 87.5486718027149
87.7652393255752 87.1075670983908 86.2254314605081 86.6323912855628 79.9850808185757 86.4967004156867 85.4373496656962 79.5166621000467 80.9193850103386 82.2305599791183 0 81.5047597563245 85.9195436335469 77.3975598292249 77.4269372455433 84.7463542387859 85.0830368532146 86.3397427924283
90.8770380281923 89.4513305804129 87.5827009274052 90.4605968899799 85.5673171147236 88.4944597996847 89.6675223265374 86.0941238864933 80.1990362311678 86.965022649524 81.5047597563245 0 88.1573208909491 81.9193804244781 73.2222041818708 85.4280814178556 83.8213544350363 82.9913175176426
91.1238894724812 92.0210315543195 92.004055631446 87.7711035988784 88.8567341753854 91.9570267682265 86.0761791811688 87.989131632697 89.6429841994572 79.3818913619656 85.9195436335469 88.1573208909491 0 82.7417264159659 86.8982993539898 79.2970716604341 83.5081091981508 86.6563483913967
89.6253716921052 89.5326172058794 88.8718047329947 87.6085169412828 84.716399646416 89.1084015061976 86.1448960051827 84.0608757462916 84.5160136821761 80.0867687069284 77.3975598292249 81.9193804244781 82.7417264159659 0 78.6148957965558 79.8781805979189 80.943337135734 83.7228656061221
89.8989437202673 88.7179678607599 87.1347923991944 89.1969490952604 83.8681130724119 87.8568047770822 88.2531775206893 84.2169264795973 79.7428929869615 85.0830368532146 77.4269372455433 73.2222041818708 86.8982993539898 78.6148957965558 0 84.2928982971025 83.2910400873432 83.6396338793095
91.780154608477 91.9803483316292 91.4959733935759 89.5109280419147 88.6152669725587 91.685831542459 88.1778938560859 88.0803421291117 88.2495451146068 82.6002308959102 84.7463542387859 85.4280814178556 79.2970716604341 79.8781805979189 84.2928982971025 0 75.2003092693599 81.7962429180347
92.3441731080974 92.1604125185582 91.3944144806986 90.6374962592738 88.922933573106 91.7358733600348 89.5241953973719 88.6385873374445 87.7125583911088 85.1213743621328 85.0830368532146 83.8213544350363 83.5081091981508 80.943337135734 83.2910400873432 75.2003092693599 0 76.3152293981705
93.0843544954663 92.5570171580838 91.5313920024931 91.8749264115059 89.6476688299326 92.0196759197323 90.9645655979856 89.6005935657466 87.657842677859 87.5486718027149 86.3397427924283 82.9913175176426 86.6563483913967 83.7228656061221 83.6396338793095 81.7962429180347 76.3152293981705 0
