0 85.6540528718643 86.9639370490137 74.0608757462916 82.8550516930196 87.8990294060959 82.4447587542196 85.9846461950885 88.1717321929775 84.4429081229287 87.274485297019 88.8423157049103 86.9027061984258 88.9177438356005 90.4792429221945 91.8262930972691 91.1288859101953 92.9763862971189
85.6540528718643 0 71.3769599159453 83.7411469057037 78.940188044825 80.1052437355394 87.3107228495936 86.000262209856 83.440211413787 89.6338933227531 89.213150504854 87.7738075181225 89.8989437202673 89.4705762436461 89.7793837449569 93.2067580073703 91.4063373322637 92.7516180901001
86.9639370490137 71.3769599159453 0 85.1675938994461 80.273145354966 77.2272264362371 87.8532674567327 85.9628257324468 82.0509172245329 90.114451860671 89.3144846208891 87.334714319435 90.1320245695439 89.329624541176 89.3709892175519 93.1960421727505 91.1916815452477 92.4447587542196
74.0608757462916 83.7411469057037 85.1675938994461 0 79.0724707021626 86.0056807318553 80.8378353124009 83.8090244763067 86.2664210684882 84.348769710876 86.1080297977718 87.2886136300243 86.1350517739506 87.6960783446142 89.2840455167514 91.340055566411 90.2234529108282 92.1900093127201
82.8550516930196 78.940188044825 80.273145354966 79.0724707021626 0 80.8110544783965 83.201597050353 81.5597464763509 81.715198676593 86.7440293629844 86.137022406134 85.1338029067756 87.0125223952169 86.8232514000465 87.7886490568277 91.4364866615848 89.487915800507 91.3513377482993
87.8990294060959 80.1052437355394 77.2272264362371 86.0056807318553 80.8110544783965 0 87.3062096567191 83.9154690956304 75.2003092693599 89.7299910123393 88.0466267161603 84.6696959415512 89.2357314171479 87.5921063340461 87.188736274528 92.1924530592832 89.6100495288079 90.922877176428
82.4447587542196 87.3107228495936 87.8532674567327 80.8378353124009 83.201597050353 87.3062096567191 0 80.2807401307034 86.392075568082 77.4802850888848 79.9333298446319 84.8358842042205 79.3255293548103 83.7274431504922 86.8456233481356 88.2933344856596 87.2946545882058 90.0925836177855
85.9846461950885 86.000262209856 85.9628257324468 83.8090244763067 81.5597464763509 83.9154690956304 80.2807401307034 0 81.3769599159453 84.5321991797927 79.6239007539644 77.8275353557611 82.5525221311318 79.9742370056535 82.6839352129843 88.2511598923979 85.0612171811727 88.1320891771404
88.1717321929775 83.440211413787 82.0509172245329 86.2664210684882 81.715198676593 75.2003092693599 86.392075568082 81.3769599159453 0 88.9669688788295 86.4050608189035 81.2331141878218 87.9938450062552 85.4535216572886 84.676136068509 91.0007175622483 87.8168428313143 89.3734835502037
84.4429081229287 89.6338933227531 90.114451860671 84.348769710876 86.7440293629844 89.7299910123393 77.4802850888848 84.5321991797927 88.9669688788295 0 81.5313920024931 87.1768639511139 77.989131632697 85.2970022018606 88.3073021585004 87.4802850888848 87.9016548640009 90.5861692046372
87.274485297019 89.213150504854 89.3144846208891 86.1080297977718 86.137022406134 88.0466267161603 79.9333298446319 79.6239007539644 86.4050608189035 81.5313920024931 0 81.7423818124012 73.964480905296 76.2325041385106 83.051870788883 84.676136068509 82.5659932787142 87.0012343337597
88.8423157049103 87.7738075181225 87.334714319435 87.2886136300243 85.1338029067756 84.6696959415512 84.8358842042205 77.8275353557611 81.2331141878218 87.1768639511139 81.7423818124012 0 84.6953993467273 77.8275353557611 76.2196361444474 87.6864360251488 82.3578348697387 85.583013171943
86.9027061984258 89.8989437202673 90.1320245695439 86.1350517739506 87.0125223952169 89.2357314171479 79.3255293548103 82.5525221311318 87.9938450062552 77.989131632697 73.964480905296 84.6953993467273 0 80.9800961612219 85.583013171943 84.5502177560408 84.5841545498447 88.2753097867997
88.9177438356005 89.4705762436461 89.329624541176 87.6960783446142 86.8232514000465 87.5921063340461 83.7274431504922 79.9742370056535 85.4535216572886 85.2970022018606 76.2325041385106 77.8275353557611 80.9800961612219 0 77.8718063285063 84.484421527208 78.2753097867997 84.4351407256978
90.4792429221945 89.7793837449569 89.3709892175519 89.2840455167514 87.7886490568277 87.188736274528 86.8456233481356 82.6839352129843 84.676136068509 88.3073021585004 83.051870788883 76.2196361444474 85.583013171943 77.8718063285063 0 86.4050608189035 78.2511598923979 81.9967355337869
91.8262930972691 93.2067580073703 93.1960421727505 91.340055566411 91.4364866615848 92.1924530592832 88.2933344856596 88.2511598923979 91.0007175622483 87.4802850888848 84.676136068509 87.6864360251488 84.5502177560408 84.484421527208 86.4050608189035 0 82.3326765383033 85.0872204050448
91.1288859101953 91.4063373322637 91.1916815452477 90.2234529108282 89.487915800507 89.6100495288079 87.2946545882058 85.0612171811727 87.8168428313143 87.9016548640009 82.5659932787142 82.3578348697387 84.5841545498447 78.2753097867997 78.2511598923979 82.3326765383033 0 79.0891422958372
92.9763862971189 92.7516180901001 92.4447587542196 92.1900093127201 91.3513377482993 90.922877176428 90.0925836177855 88.1320891771404 89.3734835502037 90.5861692046372 87.0012343337597 85.583013171943 88.2753097867997 84.4351407256978 81.9967355337869 85.0872204050448 79.0891422958372 0
