0 86.8806271228131 88.4426317768107 84.7327641218684 88.2616413386156 87.753034320393 86.3340981236618 88.8409064585869 89.9253764844632 87.8475131591322 90.0415708322431 90.9313775855528 92.2072490519002 92.2305599791183 92.5762929344212 93.4660405956172 93.4147193967429 92.9924014247597
86.8806271228131 0 74.5321991797927 85.7563298690626 80.2119042252309 67.4754622734875 87.9607434601061 83.4972683928071 79.3475349130989 87.7778602431168 82.4936594236437 83.1194924223973 89.9360690089101 89.580133814493 88.458052813232 91.4879355081281 90.5098229277861 88.9180900111074
88.4426317768107 74.5321991797927 0 87.8439682595831 82.7114819424818 70.788610269172 89.6076874675251 85.3413992496673 76.0621707455228 89.3700534733419 83.3049294415307 82.5420156066597 90.7454167833726 90.3447650467947 88.8306757240111 92.1042650678744 90.9721221144538 89.1587999296661
84.7327641218684 85.7563298690626 87.8439682595831 0 83.6663955797549 86.5662657802988 75.1757958751021 82.9641315458079 88.3819610138378 77.7056993033671 86.4309154214711 88.3835273089838 87.5339378581434 87.6836771400466 88.9508514923739 89.5556933220744 89.7428929869615 89.6356543330438
88.2616413386156 80.2119042252309 82.7114819424818 83.6663955797549 0 80.4372372021832 85.8862748223873 73.6964506811521 81.780154608477 84.7571957958678 75.6854997764966 80.8311555702704 86.5075683494469 85.9744315024477 84.8252375517326 88.7197799126989 87.4879904709355 85.6913253237403
87.753034320393 67.4754622734875 70.788610269172 86.5662657802988 80.4372372021832 0 88.5663707686117 83.7228656061221 76.8817337465467 88.2821279127717 81.9193804244781 82.0103444593576 89.9834559717079 89.5819167545738 88.1914188213912 91.4913821379436 90.3886573456538 88.6148957965558
86.3340981236618 87.9607434601061 89.6076874675251 75.1757958751021 85.8862748223873 88.5663707686117 0 84.7895590202495 89.9242783253275 74.2979161426279 87.9199887622108 89.6838043908563 87.1696213970273 87.5424991364325 89.4427494997203 89.1123755294906 89.7617468189833 90.1052437355394
88.8409064585869 83.4972683928071 85.3413992496673 82.9641315458079 73.6964506811521 83.7228656061221 84.7895590202495 0 84.3990346962979 82.9023336598264 77.7783103125321 82.6342007106042 84.3368576261899 83.7548075559783 83.4499763303665 87.1347923991944 85.9846461950885 84.6140995584215
89.9253764844632 79.3475349130989 76.0621707455228 88.3819610138378 81.780154608477 76.8817337465467 89.9242783253275 84.3990346962979 0 89.3905934154663 80.4396763737266 77.4947214838478 89.8578753781208 89.3207993363877 87.0679967752654 91.2373778491913 89.7403156565393 87.3546064637691
87.8475131591322 87.7778602431168 89.3700534733419 77.7056993033671 84.7571957958678 88.2821279127717 74.2979161426279 82.9023336598264 89.3905934154663 0 86.7325930303217 88.7838012938152 84.9374781893717 85.4125902481615 87.9199887622108 87.4098245784636 88.1667965604898 88.7034441625188
90.0415708322431 82.4936594236437 83.3049294415307 86.4309154214711 75.6854997764966 81.9193804244781 87.9199887622108 77.7783103125321 80.4396763737266 86.7325930303217 0 75.2970022018606 86.2747000185204 85.4535216572886 82.41855457111 88.3001243947931 86.3353531286753 83.2834453116058
90.9313775855528 83.1194924223973 82.5420156066597 88.3835273089838 80.8311555702704 82.0103444593576 89.6838043908563 82.6342007106042 77.4947214838478 88.7838012938152 75.2970022018606 0 88.034764211962 87.2704401740636 83.7056567149524 89.5470167045522 87.4701509833698 84.0279140776271
92.2072490519002 89.9360690089101 90.7454167833726 87.5339378581434 86.5075683494469 89.9834559717079 87.1696213970273 84.3368576261899 89.8578753781208 84.9374781893717 86.2747000185204 88.034764211962 0 68.103370572082 82.3184606669553 76.2325041385106 79.0051368755729 83.4107842329724
92.2305599791183 89.580133814493 90.3447650467947 87.6836771400466 85.9744315024477 89.5819167545738 87.5424991364325 83.7548075559783 89.3207993363877 85.4125902481615 85.4535216572886 87.2704401740636 68.103370572082 0 80.4396763737266 77.3975598292249 77.0071507868401 81.7819451443998
92.5762929344212 88.458052813232 88.8306757240111 88.9508514923739 84.8252375517326 88.1914188213912 89.4427494997203 83.4499763303665 87.0679967752654 87.9199887622108 82.41855457111 83.7056567149524 82.3184606669553 80.4396763737266 0 84.0022224385771 78.5210920458533 67.4269372455433
93.4660405956172 91.4879355081281 92.1042650678744 89.5556933220744 88.7197799126989 91.4913821379436 89.1123755294906 87.1347923991944 91.2373778491913 87.4098245784636 88.3001243947931 89.5470167045522 76.2325041385106 77.3975598292249 84.0022224385771 0 78.4407002914246 84.5321991797927
93.4147193967429 90.5098229277861 90.9721221144538 89.7428929869615 87.4879904709355 90.3886573456538 89.7617468189833 85.9846461950885 89.7403156565393 88.1667965604898 86.3353531286753 87.4701509833698 79.0051368755729 77.0071507868401 78.5210920458533 78.4407002914246 0 78.9298435901867
92.9924014247597 88.9180900111074 89.1587999296661 89.6356543330438 85.6913253237403 88.6148957965558 90.1052437355394 84.6140995584215 87.3546064637691 88.7034441625188 83.2834453116058 84.0279140776271 83.4107842329724 81.7819451443998 67.4269372455433 84.5321991797927 78.9298435901867 0
