0 77.5424991364325 84.3774230737726 83.7331583043885 83.233752867468 84.8074349245531 88.1717321929775 87.2628453983262 85.7152734467552 90.0607709142933 89.0163191217561 90.1312392505666 88.9949461517284 89.0335443405708 91.7079210128555 91.6209249475053 92.0181503248465 92.8413272421323
77.5424991364325 0 81.2209091826396 80.8821062851461 78.8426679450515 81.2392038520386 86.8456233481356 83.8879993973499 81.4529317334505 88.9298435901867 86.8678806412791 87.8368697681565 86.9639370490137 86.593546419187 89.8262555892992 90.3775402704485 90.5797990005825 91.3096260893556
84.3774230737726 81.2209091826396 0 86.2478955715808 84.6844022237742 67.0178873678807 89.747185141637 84.2959097000793 80.2807401307034 91.1170099712693 88.5358594734777 87.4078645446634 88.8349120548484 87.5453491495408 89.1189908313318 91.8191993886088 91.5127665924628 91.3769599159453
83.7331583043885 80.8821062851461 86.2478955715808 0 71.0505757896518 85.8182560513189 80.7683108277111 82.6810253671005 83.2028878646942 84.5832154332189 82.6941043474961 86.6282878076665 82.4108172720404 83.6964506811521 88.9132410411909 87.1368796008778 87.9199887622108 89.7020490430077
83.233752867468 78.8426679450515 84.6844022237742 71.0505757896518 0 84.1114246562642 82.764629276264 80.7683108277111 80.8110544783965 85.7756430047551 82.7531929436013 85.7563298690626 82.7632013805355 83.0290942252098 88.2789207162305 87.7056993033671 88.1054580245707 89.4733186751262
84.8074349245531 81.2392038520386 67.0178873678807 85.8182560513189 84.1114246562642 0 89.3625602525285 83.1089544862133 78.3311427205777 90.7426886600651 87.8955263247855 86.5364172448041 88.2402484726988 86.7554356592824 88.4131800884748 91.398522764579 91.0252920689422 90.8371678003235
88.1717321929775 86.8456233481356 89.747185141637 80.7683108277111 82.764629276264 89.3625602525285 0 85.583013171943 87.1017859644811 75.891837352535 80.9865508735604 87.3719376615789 79.6385877643063 83.9677287764326 89.1797093560803 82.7273505510716 85.2674174500048 88.751189185417
87.2628453983262 83.8879993973499 84.2959097000793 82.6810253671005 80.7683108277111 83.1089544862133 85.583013171943 0 75.6635841127368 87.0541944698827 80.9193850103386 79.115684439989 81.9124372658146 77.4658005457673 83.7989102258118 87.4019791301175 86.5650757693805 86.6604254538209
85.7152734467552 81.4529317334505 80.2807401307034 83.2028878646942 80.8110544783965 78.3311427205777 87.1017859644811 75.6635841127368 0 88.6595793524246 84.4555005891274 82.8550516930196 85.0197951063596 82.6179874241649 85.9271319752455 89.2716184311276 88.7338880295529 88.6815671379067
90.0607709142933 88.9298435901867 91.1170099712693 84.5832154332189 85.7756430047551 90.7426886600651 75.891837352535 87.0541944698827 88.6595793524246 0 81.8512064152267 87.8616638929845 80.5527990930723 84.8190149299059 89.2849999751602 78.6848557252811 83.4304244917432 88.1050406143326
89.0163191217561 86.8678806412791 88.5358594734777 82.6941043474961 82.7531929436013 87.8955263247855 80.9865508735604 80.9193850103386 84.4555005891274 81.8512064152267 0 81.9193804244781 64.8349979793794 74.0502702591676 84.8992217714165 81.8564887327063 81.4063373322637 84.7608036422386
90.1312392505666 87.8368697681565 87.4078645446634 86.6282878076665 85.7563298690626 86.5364172448041 87.3719376615789 79.115684439989 82.8550516930196 87.8616638929845 81.9193804244781 0 83.0558778119128 77.5944545064845 76.3152293981705 86.9747808619358 84.8711857179884 82.6999046085507
88.9949461517284 86.9639370490137 88.8349120548484 82.4108172720404 82.7632013805355 88.2402484726988 79.6385877643063 81.9124372658146 85.0197951063596 80.5527990930723 64.8349979793794 83.0558778119128 0 76.6136007973246 85.6854997764966 81.0906420857516 81.3926525972256 85.289026176076
89.0335443405708 86.593546419187 87.5453491495408 83.6964506811521 83.0290942252098 86.7554356592824 83.9677287764326 77.4658005457673 82.6179874241649 84.8190149299059 74.0502702591676 77.5944545064845 76.6136007973246 0 82.4570356382086 84.3527331561148 82.8129004903881 83.8681130724119
91.7079210128555 89.8262555892992 89.1189908313318 88.9132410411909 88.2789207162305 88.4131800884748 89.1797093560803 83.7989102258118 85.9271319752455 89.2849999751602 84.8992217714165 76.3152293981705 85.6854997764966 82.4570356382086 0 87.9577216803775 85.4658028809384 80.5622918724125
91.6209249475053 90.3775402704485 91.8191993886088 87.1368796008778 87.7056993033671 91.398522764579 82.7273505510716 87.4019791301175 89.2716184311276 78.6848557252811 81.8564887327063 86.9747808619358 81.0906420857516 84.3527331561148 87.9577216803775 0 77.3031982537424 85.4558270336954
92.0181503248465 90.5797990005825 91.5127665924628 87.9199887622108 88.1054580245707 91.0252920689422 85.2674174500048 86.5650757693805 88.7338880295529 83.4304244917432 81.4063373322637 84.8711857179884 81.3926525972256 82.8129004903881 85.4658028809384 77.3031982537424 0 81.1676208475889
92.8413272421323 91.3096260893556 91.3769599159453 89.7020490430077 89.4733186751262 90.8371678003235 88.751189185417 86.6604254538209 88.6815671379067 88.1050406143326 84.7608036422386 82.6999046085507 85.289026176076 83.8681130724119 80.5622918724125 85.4558270336954 81.1676208475889 0
