0 87.4293764170868 89.6385877643063 76.2389238659457 85.1437201970658 88.5210920458533 85.5107920892135 87.0589771566153 88.9038741397594 87.1327041939281 88.5569765516262 90.0093808529838 90.48383160337 91.9145213791805 92.0215398082145 90.4004842763326 90.9589436621598 92.0822695208724
87.4293764170868 0 80.0415708322431 84.7254986332328 80.3733330693944 74.1758581374509 87.8718063285063 85.4673355948484 81.4548623602078 90.7246856097169 86.3653649600743 87.334714319435 91.4302794054382 91.4704688866336 90.6433171217174 91.39363150962 91.8615888729896 91.2795848479266
89.6385877643063 80.0415708322431 0 87.55625690639 82.1441384770285 73.8658978492988 87.8740080749763 84.3169312557476 74.2169264795973 90.7906350045486 84.2525454416864 84.4613002047043 90.5797990005825 89.9769504982872 88.6052340688356 90.5622918724125 91.0007175622483 89.5923026751852
76.2389238659457 84.7254986332328 87.55625690639 0 81.4741215705682 86.1053844833492 84.3139343989393 84.9659509602808 86.6882798185873 87.2272264362371 86.8092101824516 88.502466635823 89.9810175610028 91.1661770837149 91.0634795099144 89.9022566272888 90.5071827667161 91.2622670128388
85.1437201970658 80.3733330693944 82.1441384770285 81.4741215705682 0 80.4103155081914 83.1155436921792 79.3002428506583 79.8195101390914 87.6085169412828 81.9124372658146 84.2928982971025 88.7338880295529 89.2108859427159 88.5388824927029 88.6742502381572 89.332142737851 89.1123755294906
88.5210920458533 74.1758581374509 73.8658978492988 86.1053844833492 80.4103155081914 0 87.6592305696904 84.5083760546741 77.4802850888848 90.6433171217174 85.053638603705 85.8005514005498 90.9106422900855 90.6639762958143 89.5890412042683 90.8821062851461 91.3465909277313 90.3864362060474
85.5107920892135 87.8718063285063 87.8740080749763 84.3139343989393 83.1155436921792 87.6592305696904 0 78.922933573106 86.0016174742824 79.9360690089101 81.3769599159453 84.1830731892428 83.5926953535609 86.2791513863211 86.7849525851627 83.4291995742851 84.658633456727 86.6685681142304
87.0589771566153 85.4673355948484 84.3169312557476 84.9659509602808 79.3002428506583 84.5083760546741 78.922933573106 0 81.1510920176696 85.2970022018606 72.5570171580838 79.2073249576102 85.3563600026657 85.8939214659009 85.1929697683414 85.2866305091113 86.1996150978529 85.8246120982086
88.9038741397594 81.4548623602078 74.2169264795973 86.6882798185873 79.8195101390914 77.4802850888848 86.0016174742824 81.1510920176696 0 89.4705762436461 80.9865508735604 81.6492564508544 89.1561791587823 88.5779914470215 87.1159623066478 89.1338385203887 89.6558547936442 88.1860958317419
87.1327041939281 90.7246856097169 90.7906350045486 87.2272264362371 87.6085169412828 90.6433171217174 79.9360690089101 85.2970022018606 89.4705762436461 0 86.1677794707972 87.580817399318 82.4432217006488 86.927411721956 88.2837306233053 82.2095208909635 83.3099691227681 87.6383654767775
88.5569765516262 86.3653649600743 84.2525454416864 86.8092101824516 81.9124372658146 85.053638603705 81.3769599159453 72.5570171580838 80.9865508735604 86.1677794707972 0 73.8325331923513 84.8570995274305 84.4545332331107 83.1089544862133 84.8216828596421 85.6657806624687 84.1613919743094
90.0093808529838 87.334714319435 84.4613002047043 88.502466635823 84.2928982971025 85.8005514005498 84.1830731892428 79.2073249576102 81.6492564508544 87.580817399318 73.8325331923513 0 85.27783507335 83.4206154648313 80.6607330446118 85.289026176076 85.9084823227115 82.653284156097
90.48383160337 91.4302794054382 90.5797990005825 89.9810175610028 88.7338880295529 90.9106422900855 83.5926953535609 85.3563600026657 89.1561791587823 82.4432217006488 84.8570995274305 85.27783507335 0 79.7170505944318 83.5392759245935 50.943337135734 65.9948369189331 81.604732064441
91.9145213791805 91.4704688866336 89.9769504982872 91.1661770837149 89.2108859427159 90.6639762958143 86.2791513863211 85.8939214659009 88.5779914470215 86.927411721956 84.4545332331107 83.4206154648313 79.7170505944318 0 76.2581263061566 79.9796622965764 79.5287091114304 68.3073021585004
92.0215398082145 90.6433171217174 88.6052340688356 91.0634795099144 88.5388824927029 89.5890412042683 86.7849525851627 85.1929697683414 87.1159623066478 88.2837306233053 83.1089544862133 80.6607330446118 83.5392759245935 76.2581263061566 0 83.6687149094864 83.7262992166468 72.1654959184623
90.4004842763326 91.39363150962 90.5622918724125 89.9022566272888 88.6742502381572 90.8821062851461 83.4291995742851 85.2866305091113 89.1338385203887 82.2095208909635 84.8216828596421 85.289026176076 50.943337135734 79.9796622965764 83.6687149094864 0 67.0711757029314 81.8015924709415
90.9589436621598 91.8615888729896 91.0007175622483 90.5071827667161 89.332142737851 91.3465909277313 84.658633456727 86.1996150978529 89.6558547936442 83.3099691227681 85.6657806624687 85.9084823227115 65.9948369189331 79.5287091114304 83.7262992166468 67.0711757029314 0 81.5747935068004
92.0822695208724 91.2795848479266 89.5923026751852 91.2622670128388 89.1123755294906 90.3864362060474 86.6685681142304 85.8246120982086 88.1860958317419 87.6383654767775 84.1613919743094 82.653284156097 81.604732064441 68.3073021585004 72.1654959184623 81.8015924709415 81.5747935068004 0
