0 73.6964506811521 84.6438395064827 75.289026176076 73.8213544350363 82.4600994442045 84.6871541162429 83.0811701290871 84.3872598725851 87.9490764205922 87.1561388112382 89.1469939861664 89.0000445027178 88.4147351667544 89.9121802122784 91.9021758027469 89.1797093560803 90.7987245196668
73.6964506811521 0 81.7711908388985 80.3509914920462 77.4995229711462 81.8512064152267 86.7554356592824 82.5942958832762 84.2403661072662 89.3456530853151 88.1254466830527 89.2099150544927 89.9130061550656 88.8461887760664 90.3310353635652 92.6789873143206 89.950284880258 91.133668775044
84.6438395064827 81.7711908388985 0 86.960135308793 85.1798910614678 84.1913043119513 90.4666595774249 84.6401331313322 85.9846461950885 92.1027689051246 90.4802093633265 89.8936931102572 91.9834256457265 90.2943773472485 91.567276508266 94.3669716838257 91.8076473422977 92.1339155109664
75.289026176076 80.3509914920462 86.960135308793 0 73.9968508302003 83.0331223084966 81.1136705287218 83.447537158823 84.2434141444616 85.6540528718643 85.322427491129 88.6315673902305 87.334714319435 87.4000155515516 88.9467268115867 90.6012317281855 87.7143856530771 89.9679895310271
73.8213544350363 77.4995229711462 85.1798910614678 73.9968508302003 0 79.5166621000467 83.6710330012516 80.237526392877 81.7060996897762 86.940530759705 85.2003092693599 87.5694990439426 87.55625690639 86.6235933661133 88.4349006758478 91.0176141209872 87.6703177659745 89.4733186751262
82.4600994442045 81.8512064152267 84.1913043119513 83.0331223084966 79.5166621000467 0 86.8159556326594 60.943337135734 72.2787262194362 88.5704977952286 84.875578299347 84.4351407256978 87.5676097802613 84.4584013650245 86.8232514000465 91.2809914046619 87.1659955856493 87.8740080749763
84.6871541162429 86.7554356592824 90.4666595774249 81.1136705287218 83.6710330012516 86.8159556326594 0 86.8982993539898 86.8784130290517 78.444562403568 83.5273151766891 89.1312026384664 84.5083760546741 87.1784143568491 88.2402484726988 87.7688490461521 85.7007752032153 89.329624541176
83.0811701290871 82.5942958832762 84.6401331313322 83.447537158823 80.237526392877 60.943337135734 86.8982993539898 0 69.6356543330438 88.5358594734777 84.5775764649058 83.8358812162758 87.3486483814549 83.9373204364155 86.42415884094 91.1471571588343 86.8856047105432 87.5047984831427
84.3872598725851 84.2403661072662 85.9846461950885 84.2434141444616 81.7060996897762 72.2787262194362 86.8784130290517 69.6356543330438 0 88.2207824440951 83.4304244917432 82.0103444593576 86.5021377821021 82.1441384770285 85.1005807534212 90.6171786248596 85.8604550374417 86.3246740082407
87.9490764205922 89.3456530853151 92.1027689051246 85.6540528718643 86.940530759705 88.5704977952286 78.444562403568 88.5358594734777 88.2207824440951 0 82.7460299124228 89.14994848217 81.6251957531956 86.8584352256806 87.3590696675158 84.3139343989393 83.7445660987571 88.4267681806095
87.1561388112382 88.1254466830527 90.4802093633265 85.322427491129 85.2003092693599 84.875578299347 83.5273151766891 84.5775764649058 83.4304244917432 82.7460299124228 0 83.4972683928071 76.082168991845 78.444562403568 80.6861507245123 85.6452361985895 75.5447953106515 83.1089544862133
89.1469939861664 89.2099150544927 89.8936931102572 88.6315673902305 87.5694990439426 84.4351407256978 89.1312026384664 83.8358812162758 82.0103444593576 89.14994848217 83.4972683928071 0 85.5447953106515 76.706750637792 79.2428040951504 89.5943768821453 83.964480905296 80.1288824412368
89.0000445027178 89.9130061550656 91.9834256457265 87.334714319435 87.55625690639 87.5676097802613 84.5083760546741 87.3486483814549 86.5021377821021 81.6251957531956 76.082168991845 85.5447953106515 0 81.6841840260165 81.4238688668901 82.1523653118793 70.943337135734 83.237595614941
88.4147351667544 88.8461887760664 90.2943773472485 87.4000155515516 86.6235933661133 84.4584013650245 87.1784143568491 83.9373204364155 82.1441384770285 86.8584352256806 78.444562403568 76.706750637792 81.6841840260165 0 74.3872598725851 87.5605177126806 79.2299361010872 78.4407002914246
89.9121802122784 90.3310353635652 91.567276508266 88.9467268115867 88.4349006758478 86.8232514000465 88.2402484726988 86.42415884094 85.1005807534212 87.3590696675158 80.6861507245123 79.2428040951504 81.4238688668901 74.3872598725851 0 86.6136007973246 78.3390605802349 70.9865508735604
91.9021758027469 92.6789873143206 94.3669716838257 90.6012317281855 91.0176141209872 91.2809914046619 87.7688490461521 91.1471571588343 90.6171786248596 84.3139343989393 85.6452361985895 89.5943768821453 82.1523653118793 87.5605177126806 86.6136007973246 0 83.4304244917432 87.0679967752654
89.1797093560803 89.950284880258 91.8076473422977 87.7143856530771 87.6703177659745 87.1659955856493 85.7007752032153 86.8856047105432 85.8604550374417 83.7445660987571 75.5447953106515 83.964480905296 70.943337135734 79.2299361010872 78.3390605802349 83.4304244917432 0 80.855597892659
90.7987245196668 91.133668775044 92.1339155109664 89.9679895310271 89.4733186751262 87.8740080749763 89.329624541176 87.5047984831427 86.3246740082407 88.4267681806095 83.1089544862133 80.1288824412368 83.237595614941 78.4407002914246 70.9865508735604 87.0679967752654 80.855597892659 0
