0 78.8143980660997 85.6854997764966 80.4078597858648 73.555965823659 84.4613002047043 83.9731365032165 85.4032689536105 84.8711857179884 86.0761791811688 88.1647383903082 87.3699604501544 90.6398255405413 87.1659955856493 89.9333298446319 92.2929133923563 91.0904321751776 93.0277507001197
78.8143980660997 0 83.9154690956304 85.1437201970658 74.3872598725851 79.062436939935 82.688296329487 81.3926525972256 78.9090804678383 84.924474053039 86.2689701190788 83.5261172881643 89.9810175610028 85.1130688617644 87.4604774192432 91.3635764082227 89.4516367342193 91.5323401402152
85.6854997764966 83.9154690956304 0 89.4042329393139 83.4972683928071 80.6374962592738 89.3274199206759 87.9108314877502 84.8252375517326 90.3953139567674 90.7705710124195 87.4908764682633 93.379917402121 90.2029006343464 90.3089771870867 94.1336686361308 92.3929689969707 93.5201228844259
80.4078597858648 85.1437201970658 89.4042329393139 0 83.6396338793095 88.5626155199393 84.875578299347 87.7940334296455 88.372551361727 86.411847153548 89.0443175425455 89.7810867492866 90.3089771870867 88.1963265663177 91.4498409443732 92.3617527273062 91.8545526288824 93.8204588901689
73.555965823659 74.3872598725851 83.4972683928071 83.6396338793095 0 81.6418673468703 84.3646018352913 84.4651623168477 82.8100758107315 86.3740794860693 87.9542656413458 86.1159560870942 90.8690932110224 86.965022649524 89.1992209343237 92.2943454733912 90.7750878561122 92.6431656935329
84.4613002047043 79.062436939935 80.6374962592738 88.5626155199393 81.6418673468703 0 86.3152293981705 83.2388757755454 76.5364172448041 87.5827009274052 87.6772329176171 82.2787262194362 91.3164066447049 86.940530759705 86.921385559777 92.11754168739 89.797232070649 91.3382714869934
83.9731365032165 82.688296329487 89.3274199206759 84.875578299347 84.3646018352913 86.3152293981705 0 79.6032551369968 84.0022224385771 72.7760355725621 80.6792333700066 84.5321991797927 85.3176715737137 78.2390343987537 86.393932982674 88.1054580245707 86.7004101505009 89.9921148053681
85.4032689536105 81.3926525972256 87.9108314877502 87.7940334296455 84.4651623168477 83.2388757755454 79.6032551369968 0 78.1778938560859 80.738820882775 79.7428929869615 77.2628453983262 87.0012343337597 77.8007545217567 82.2547098735201 88.3192387985912 85.0830368532146 88.3819610138378
84.8711857179884 78.9090804678383 84.8252375517326 88.372551361727 82.8100758107315 76.5364172448041 84.0022224385771 78.1778938560859 0 85.2970022018606 84.9340142252247 76.7696515306304 89.6849650629602 84.0097315459766 84.1416819317454 90.5442378147832 87.694702180414 89.759751045849
86.0761791811688 84.924474053039 90.3953139567674 86.411847153548 86.3740794860693 87.5827009274052 72.7760355725621 80.738820882775 85.2970022018606 0 77.989131632697 85.0129946433235 82.9967343500493 75.4304003347848 85.9381459480379 86.5268222233502 85.3649979935812 89.1940264119802
88.1647383903082 86.2689701190788 90.7705710124195 89.0443175425455 87.9542656413458 87.6772329176171 80.6792333700066 79.7428929869615 84.9340142252247 77.989131632697 0 82.9899622532162 82.420100378145 68.9021373091748 82.1654959184623 84.3368576261899 80.6861507245123 86.4210841896122
87.3699604501544 83.5261172881643 87.4908764682633 89.7810867492866 86.1159560870942 82.2787262194362 84.5321991797927 77.2628453983262 76.7696515306304 85.0129946433235 82.9899622532162 0 88.725573403395 82.4982157571468 79.3255293548103 89.1627281230317 85.2190096129285 87.5859951372108
90.6398255405413 89.9810175610028 93.379917402121 90.3089771870867 90.8690932110224 91.3164066447049 85.3176715737137 87.0012343337597 89.6849650629602 82.9967343500493 82.420100378145 88.725573403395 0 83.3049294415307 87.669856364134 79.8447517363798 84.1082825279571 88.0402758330119
87.1659955856493 85.1130688617644 90.2029006343464 88.1963265663177 86.965022649524 86.940530759705 78.2390343987537 77.8007545217567 84.0097315459766 75.4304003347848 68.9021373091748 82.4982157571468 83.3049294415307 0 82.8926411279113 85.5673171147236 82.6017133826353 87.4000155515516
89.9333298446319 87.4604774192432 90.3089771870867 91.4498409443732 89.1992209343237 86.921385559777 86.393932982674 82.2547098735201 84.1416819317454 85.9381459480379 82.1654959184623 79.3255293548103 87.669856364134 82.8926411279113 0 87.0589771566153 80.6305009104019 83.3513248469073
92.2929133923563 91.3635764082227 94.1336686361308 92.3617527273062 92.2943454733912 92.11754168739 88.1054580245707 88.3192387985912 90.5442378147832 86.5268222233502 84.3368576261899 89.1627281230317 79.8447517363798 85.5673171147236 87.0589771566153 0 81.561630208681 85.0872204050448
91.0904321751776 89.4516367342193 92.3929689969707 91.8545526288824 90.7750878561122 89.797232070649 86.7004101505009 85.0830368532146 87.694702180414 85.3649979935812 80.6861507245123 85.2190096129285 84.1082825279571 82.6017133826353 80.6305009104019 81.561630208681 0 80.3509914920462
93.0277507001197 91.5323401402152 93.5201228844259 93.8204588901689 92.6431656935329 91.3382714869934 89.9921148053681 88.3819610138378 89.759751045849 89.1940264119802 86.4210841896122 87.5859951372108 88.0402758330119 87.4000155515516 83.3513248469073 85.0872204050448 80.3509914920462 0
