0 83.9198481681658 83.5725918290523 77.2016042685911 80.3485019850597 84.2979161426279 79.7997758540917 85.5949341121958 87.3471575828297 85.8966987288694 87.3062096567191 86.8817337465467 89.0068330071387 88.7698546518372 91.8044428737472 90.2996691661283 91.6481488863942 91.5218992231529
83.9198481681658 0 66.5662657802988 84.5245899885005 76.213187821334 73.5081091981508 85.7217818991216 81.1963957883817 81.4529317334505 87.8105933464794 86.7325930303217 82.5163934390137 90.3708563400322 87.1143894407578 90.3992538060541 92.0620086037787 91.6365023742065 90.0037229942352
83.5725918290523 66.5662657802988 0 84.6844022237742 76.9639370490137 76.6136007973246 85.9298880881852 82.5824014703115 82.8884805545587 88.2289038953988 87.4093346529378 83.778610784351 90.719887406351 87.8475131591322 90.9315953261369 92.3049917038795 92.0404721836635 90.5608692776019
77.2016042685911 84.5245899885005 84.6844022237742 0 80.3210228062334 83.7548075559783 69.2684262627964 83.6964506811521 86.230576368344 81.9193804244781 84.4351407256978 85.2060092071301 86.4578371154628 86.6511008236815 90.3117405938616 88.3192387985912 89.8478267835302 90.0026444706513
80.3485019850597 76.213187821334 76.9639370490137 80.3210228062334 0 75.5523155632995 82.1900093127201 79.966086340479 82.420100378145 85.5560708119719 85.0796871077196 82.1523653118793 88.8380865933347 86.2099600658387 90.0244325396595 90.7033960608153 90.7451895052074 89.6338933227531
84.2979161426279 73.5081091981508 76.6136007973246 83.7548075559783 75.5523155632995 0 84.8252375517326 76.5840769255055 77.8275353557611 86.4339831229612 84.7036289530158 78.7966354858417 89.2674681545852 85.0805247863448 89.0818146780226 91.247107671292 90.5150984397825 88.6223132959149
79.7997758540917 85.7217818991216 85.9298880881852 69.2684262627964 82.1900093127201 84.8252375517326 0 84.2413823573747 86.7325930303217 80.1445703986413 83.9110856031371 85.583013171943 85.3208427639379 86.4210841896122 90.0775016362782 87.3072129938656 89.2738515537193 89.7847743026676
85.5949341121958 81.1963957883817 82.5824014703115 83.6964506811521 79.966086340479 76.5840769255055 84.2413823573747 0 74.8615063718665 84.3059326558759 80.6861507245123 69.6648998632169 87.4648331897505 80.9994315893368 86.8545399581078 89.9753226061638 88.5989051438011 86.2689701190788
87.3471575828297 81.4529317334505 82.8884805545587 86.230576368344 82.420100378145 77.8275353557611 86.7325930303217 74.8615063718665 0 86.7050223318121 83.4107842329724 71.8069354424815 89.012256180957 82.3184606669553 86.8249332995649 91.2145897987937 89.4098004215052 86.2118970069928
85.8966987288694 87.8105933464794 88.2289038953988 81.9193804244781 85.5560708119719 86.4339831229612 80.1445703986413 84.3059326558759 86.7050223318121 0 79.1420653552395 85.0637404376506 78.922933573106 83.3836330260342 87.6014914156434 83.8325331923513 85.5859964760748 87.3167331536123
87.3062096567191 86.7325930303217 87.4093346529378 84.4351407256978 85.0796871077196 84.7036289530158 83.9110856031371 80.6861507245123 83.4107842329724 79.1420653552395 0 80.7705710124195 82.6415504243554 75.2003092693599 84.2005457159281 86.7939945034717 84.3872598725851 83.622091328923
86.8817337465467 82.5163934390137 83.778610784351 85.2060092071301 82.1523653118793 78.7966354858417 85.583013171943 69.6648998632169 71.8069354424815 85.0637404376506 80.7705710124195 0 87.7235104485739 79.7657356159223 85.9126336164662 90.2357377532063 88.3192387985912 85.2408599357581
89.0068330071387 90.3708563400322 90.719887406351 86.4578371154628 88.8380865933347 89.2674681545852 85.3208427639379 87.4648331897505 89.012256180957 78.922933573106 82.6415504243554 87.7235104485739 0 85.015546065008 87.28054592573 78.4638216139284 82.4247345007462 87.188736274528
88.7698546518372 87.1143894407578 87.8475131591322 86.6511008236815 86.2099600658387 85.0805247863448 86.4210841896122 80.9994315893368 82.3184606669553 83.3836330260342 75.2003092693599 79.7657356159223 85.015546065008 0 81.2147937934774 88.3572170605267 84.348769710876 80.1990362311678
91.8044428737472 90.3992538060541 90.9315953261369 90.3117405938616 90.0244325396595 89.0818146780226 90.0775016362782 86.8545399581078 86.8249332995649 87.6014914156434 84.2005457159281 85.9126336164662 87.28054592573 81.2147937934774 0 89.6675223265374 82.9436298012717 63.4960621867671
90.2996691661283 92.0620086037787 92.3049917038795 88.3192387985912 90.7033960608153 91.247107671292 87.3072129938656 89.9753226061638 91.2145897987937 83.8325331923513 86.7939945034717 90.2357377532063 78.4638216139284 88.3572170605267 89.6675223265374 0 85.2060092071301 89.6605255689216
91.6481488863942 91.6365023742065 92.0404721836635 89.8478267835302 90.7451895052074 90.5150984397825 89.2738515537193 88.5989051438011 89.4098004215052 85.5859964760748 84.3872598725851 88.3192387985912 82.4247345007462 84.348769710876 82.9436298012717 85.2060092071301 0 83.2910400873432
91.5218992231529 90.0037229942352 90.5608692776019 90.0026444706513 89.6338933227531 88.6223132959149 89.7847743026676 86.2689701190788 86.2118970069928 87.3167331536123 83.622091328923 85.2408599357581 87.188736274528 80.1990362311678 63.4960621867671 89.6605255689216 83.2910400873432 0
