0 80.3410248902675 83.4730803892132 82.8129004903881 82.2482830209687 87.4701509833698 84.5083760546741 84.4815380847081 88.47226868458 88.3311427205777 89.8469883502153 87.6684718644191 90.8635674133725 90.0179882033926 92.4108172720404 91.1643201103454 92.3424426944908 92.4515153347507
80.3410248902675 0 78.7320818557614 83.1925505915743 71.6251957531956 82.9763862971189 84.0311148723812 76.1020755728508 84.1665639944741 86.6188938446819 86.9164488363693 82.8100758107315 89.0379241774609 87.2501578496618 90.0796215678934 90.2234529108282 90.3745709046085 90.1500478229402
83.4730803892132 78.7320818557614 0 87.2216025149133 74.484421527208 80.237526392877 87.7998589768893 80.2119042252309 83.9154690956304 89.3559930619919 88.6167513594206 83.8213544350363 90.879683074096 88.9782497052775 90.7262838335203 92.134080588596 91.5738545932049 90.8300412803813
82.8129004903881 83.1925505915743 87.2216025149133 0 85.2060092071301 88.7048987199532 70.2119042252309 84.8358842042205 88.4967489738495 82.79025144391 87.4648331897505 87.1784143568491 87.4754622734875 87.4802850888848 91.0403950196392 87.1217246129041 90.1199673790078 91.0335945566031
82.2482830209687 71.6251957531956 74.484421527208 85.2060092071301 0 80.6188168979226 85.8076419242784 75.1757958751021 82.9092436769071 87.6332498373779 87.1159623066478 81.9401435468265 89.5518059473771 87.5047984831427 89.9110787108283 90.9182931323142 90.5435236125365 90.0037229942352
87.4701509833698 82.9763862971189 80.237526392877 88.7048987199532 80.6188168979226 0 88.8398492236681 79.8920337031866 76.6545999065771 89.1561791587823 86.6188938446819 79.0724707021626 89.9319596143574 87.1535412007659 88.2773162293482 91.8658051540398 90.0004866196317 88.4488067638196
84.5083760546741 84.0311148723812 87.7998589768893 70.2119042252309 85.8076419242784 88.8398492236681 0 85.0053313723672 88.370981102352 80.5456658670191 86.6282878076665 86.965022649524 86.2766083062783 86.5858540290503 90.5158173315245 85.8040981094599 89.3409449453472 90.4956432442163
84.4815380847081 76.1020755728508 80.2119042252309 84.8358842042205 75.1757958751021 79.8920337031866 85.0053313723672 0 80.0415708322431 85.9873660604156 84.5916601811258 77.4269372455433 87.8810461720402 85.1205445264909 88.2289038953988 89.7904413548438 88.9260444414288 88.3299537955845
88.47226868458 84.1665639944741 83.9154690956304 88.4967489738495 82.9092436769071 76.6545999065771 88.370981102352 80.0415708322431 0 87.8779684079293 83.6710330012516 72.1654959184623 88.2130529725628 84.4341688235299 85.6635841127368 90.7665018326547 87.9607434601061 85.8862748223873
88.3311427205777 86.6188938446819 89.3559930619919 82.79025144391 87.6332498373779 89.1561791587823 80.5456658670191 85.9873660604156 87.8779684079293 0 82.9763862971189 86.3547594729504 80.0281873245205 82.5420156066597 88.1860958317419 80.8821062851461 85.7563298690626 88.103370572082
89.8469883502153 86.9164488363693 88.6167513594206 87.4648331897505 87.1159623066478 86.6188938446819 86.6282878076665 84.5916601811258 83.6710330012516 82.9763862971189 0 81.9280437922403 80.715999260007 62.9845369622933 81.6658361118692 86.4394995309249 80.8110544783965 81.6065963893544
87.6684718644191 82.8100758107315 83.8213544350363 87.1784143568491 81.9401435468265 79.0724707021626 86.965022649524 77.4269372455433 72.1654959184623 86.3547594729504 81.9280437922403 0 87.0205673709395 82.8143121415688 85.5410302954014 89.760891599941 87.2256933616249 85.7152734467552
90.8635674133725 89.0379241774609 90.879683074096 87.4754622734875 89.5518059473771 89.9319596143574 86.2766083062783 87.8810461720402 88.2130529725628 80.0281873245205 80.715999260007 87.0205673709395 0 79.546717201444 85.5762932353541 80.802090708818 80.1497871498019 85.3681348263785
90.0179882033926 87.2501578496618 88.9782497052775 87.4802850888848 87.5047984831427 87.1535412007659 86.5858540290503 85.1205445264909 84.4341688235299 82.5420156066597 62.9845369622933 82.8143121415688 79.546717201444 0 81.8670341320252 85.9195436335469 79.9850808185757 81.7532076048429
92.4108172720404 90.0796215678934 90.7262838335203 91.0403950196392 89.9110787108283 88.2773162293482 90.5158173315245 88.2289038953988 85.6635841127368 88.1860958317419 81.6658361118692 85.5410302954014 85.5762932353541 81.8670341320252 0 89.5275059129689 80.7342661421173 56.9639370490137
91.1643201103454 90.2234529108282 92.134080588596 87.1217246129041 90.9182931323142 91.8658051540398 85.8040981094599 89.7904413548438 90.7665018326547 80.8821062851461 86.4394995309249 89.760891599941 80.802090708818 85.9195436335469 89.5275059129689 0 86.1821018921153 89.3905934154663
92.3424426944908 90.3745709046085 91.5738545932049 90.1199673790078 90.5435236125365 90.0004866196317 89.3409449453472 88.9260444414288 87.9607434601061 85.7563298690626 80.8110544783965 87.2256933616249 80.1497871498019 79.9850808185757 80.7342661421173 86.1821018921153 0 80.2119042252309
92.4515153347507 90.1500478229402 90.8300412803813 91.0335945566031 90.0037229942352 88.4488067638196 90.4956432442163 88.3299537955845 85.8862748223873 88.103370572082 81.6065963893544 85.7152734467552 85.3681348263785 81.7532076048429 56.9639370490137 89.3905934154663 80.2119042252309 0
