0 81.9401435468265 88.5584809925589 78.2390343987537 86.0494573936257 90.338779249278 84.4776905142957 89.4833594670039 89.4412153781109 84.9166528396453 90.6600377469901 90.4372372021832 90.2119042252309 90.867104733722 92.0062662574906 91.4702765549837 93.0750602262022 93.0204884737897
81.9401435468265 0 83.0983909180522 82.9092436769071 78.222814231182 86.8966456337874 82.2675351167102 86.6499338359494 86.0621707455228 84.7571957958678 88.5644935501606 88.2688829342483 90.2943773472485 89.2684262627964 90.457198084537 91.676854159603 92.2675351167102 91.609205100441
88.5584809925589 83.0983909180522 0 88.6385873374445 78.3073021585004 83.1365622199274 86.3616248035471 85.7094799560591 84.0576968186256 88.3287645450219 87.8497272528937 87.5902268815364 91.7569902657983 89.1272458135151 89.8756823393494 92.9195881315454 92.3138700667666 90.8655575105725
78.2390343987537 82.9092436769071 88.6385873374445 0 85.61053085255 89.3500427490681 80.6188168979226 87.7958267381541 88.0550801394016 79.9360690089101 88.9566880924795 88.7034441625188 87.6924076039253 88.9891607759621 90.4139964900355 89.337174755005 91.4596851756052 91.6127429895282
86.0494573936257 78.222814231182 78.3073021585004 85.61053085255 0 83.0277507001197 82.099442252477 83.6442999499373 82.2482830209687 85.1097422091168 86.3691018983393 86.0036495782666 89.9723365515405 87.580817399318 88.7955674172658 91.4037991397916 91.2543907592934 90.0880909614124
90.338779249278 86.8966456337874 83.1365622199274 89.3500427490681 83.0277507001197 0 85.6694391116945 78.3823526405858 74.0075874112409 87.3719376615789 81.6177655634978 81.2876161859881 89.701181985842 84.348769710876 84.9822600913282 90.9893449390639 89.0928014736424 86.4192383534355
84.4776905142957 82.2675351167102 86.3616248035471 80.6188168979226 82.099442252477 85.6694391116945 0 82.7973419676385 83.3947608622636 74.4651623168477 84.8615063718665 84.4351407256978 85.932642453154 85.2125142745422 87.2704401740636 88.120458136718 89.2572351600704 88.9522255158984
89.4833594670039 86.6499338359494 85.7094799560591 87.7958267381541 83.6442999499373 78.3823526405858 82.7973419676385 0 71.3176021151403 84.469985132245 75.0002150024618 73.6150544197642 86.9476203930553 79.3756649167141 81.8211513138294 88.6848557252811 86.8428331489911 84.484421527208
89.4412153781109 86.0621707455228 84.0576968186256 88.0550801394016 82.2482830209687 74.0075874112409 83.3947608622636 71.3176021151403 0 85.381441146948 78.8285560079588 78.103370572082 88.2106092259997 82.1556516872302 83.6687149094864 89.7617468189833 88.0908247429846 85.7044043041359
84.9166528396453 84.7571957958678 88.3287645450219 79.9360690089101 85.1097422091168 87.3719376615789 74.4651623168477 84.469985132245 85.381441146948 0 85.6120133392751 85.280235595651 83.9198481681658 85.3563600026657 87.4488406281281 86.5430015466662 88.7912925143016 89.0741407444131
90.6600377469901 88.5644935501606 87.8497272528937 88.9566880924795 86.3691018983393 81.6177655634978 84.8615063718665 75.0002150024618 78.8285560079588 85.6120133392751 0 59.0724707021626 86.0974388586556 73.051870788883 76.5364172448041 87.7398869227274 84.4429081229287 81.0314672262549
90.4372372021832 88.2688829342483 87.5902268815364 88.7034441625188 86.0036495782666 81.2876161859881 84.4351407256978 73.6150544197642 78.103370572082 85.280235595651 59.0724707021626 0 86.0621707455228 73.8213544350363 77.5803463896305 87.7647878994723 84.7832850301513 81.6951556819209
90.2119042252309 90.2943773472485 91.7569902657983 87.6924076039253 89.9723365515405 89.701181985842 85.932642453154 86.9476203930553 88.2106092259997 83.9198481681658 86.0974388586556 86.0621707455228 0 84.2959097000793 85.9689738268077 75.0930706154422 84.5245899885005 87.3072129938656
90.867104733722 89.2684262627964 89.1272458135151 88.9891607759621 87.580817399318 84.348769710876 85.2125142745422 79.3756649167141 82.1556516872302 85.3563600026657 73.051870788883 73.8213544350363 84.2959097000793 0 74.0608757462916 86.1020755728508 82.0861101013499 79.9360690089101
92.0062662574906 90.457198084537 89.8756823393494 90.4139964900355 88.7955674172658 84.9822600913282 87.2704401740636 81.8211513138294 83.6687149094864 87.4488406281281 76.5364172448041 77.5803463896305 85.9689738268077 74.0608757462916 0 87.1311373807962 80.7750878561122 73.8658978492988
91.4702765549837 91.676854159603 92.9195881315454 89.337174755005 91.4037991397916 90.9893449390639 88.120458136718 88.6848557252811 89.7617468189833 86.5430015466662 87.7398869227274 87.7647878994723 75.0930706154422 86.1020755728508 87.1311373807962 0 84.5016820945834 88.002829084837
93.0750602262022 92.2675351167102 92.3138700667666 91.4596851756052 91.2543907592934 89.0928014736424 89.2572351600704 86.8428331489911 88.0908247429846 88.7912925143016 84.4429081229287 84.7832850301513 84.5245899885005 82.0861101013499 80.7750878561122 84.5016820945834 0 80.237526392877
93.0204884737897 91.609205100441 90.8655575105725 91.6127429895282 90.0880909614124 86.4192383534355 88.9522255158984 84.484421527208 85.7044043041359 89.0741407444131 81.0314672262549 81.6951556819209 87.3072129938656 79.9360690089101 73.8658978492988 88.002829084837 80.237526392877 0
