0 85.7376505077114 88.8083669364351 81.989915045822 85.3500670186716 89.3519226761528 84.2898848045664 87.5253596696042 89.3843794427092 89.0607623901479 89.1295543994929 91.3706669319512 89.0724707021626 92.7032362542567 91.807113428376 92.678841702518 93.7820006204687 92.9184858962502
85.7376505077114 0 78.3666599593055 80.0415708322431 81.0906420857516 80.5622918724125 84.0161576060675 84.6280655201376 81.0463367021322 89.1561791587823 83.6150544197642 87.5424991364325 88.3279715303536 90.6153055557405 88.7338880295529 91.7033662721979 92.5091314937798 90.3696174454812
88.8083669364351 78.3666599593055 0 84.598216984643 83.7445660987571 71.0505757896518 86.411847153548 85.5138254015903 73.964480905296 89.9399009387904 82.3184606669553 86.0117684991275 88.9549722594917 89.96118858877 87.6457956664753 91.604732064441 92.1512144927355 89.3818913619656
81.989915045822 80.0415708322431 84.598216984643 0 75.9126336164662 85.0435132177645 77.1185824845969 81.8652783427072 84.9374781893717 86.4979093077805 84.1082825279571 87.8208556136306 85.8323679884117 90.0644944265226 88.5776170713634 90.5456658670192 91.7505036855987 90.1964580507305
85.3500670186716 81.0906420857516 83.7445660987571 75.9126336164662 0 83.5261172881643 75.0002150024618 76.2389238659457 83.0983909180522 84.7904545651168 80.2604578063016 85.3500670186716 83.4682265805839 88.1975526364766 86.2810577195812 89.0112398515747 90.3277838137461 88.3327274477688
89.3519226761528 80.5622918724125 71.0505757896518 85.0435132177645 83.5261172881643 0 86.2899428940185 84.752681769041 63.9536370923738 89.4733186751262 80.3185160559075 84.3872598725851 88.3564292247297 89.0149652304446 86.3522602958887 90.93920937716 91.4498409443732 88.3061066880651
84.2898848045664 84.0161576060675 86.411847153548 77.1185824845969 75.0002150024618 86.2899428940185 0 77.8007545217567 85.9689738268077 82.9037165430793 83.4206154648313 86.8148321182775 82.0861101013499 88.5644935501606 87.2684161988113 88.6844904496327 90.2812459771682 88.9891607759621
87.5253596696042 84.6280655201376 85.5138254015903 81.8652783427072 76.2389238659457 84.752681769041 77.8007545217567 0 84.1239704853616 81.9693890769997 78.6223132959149 83.0970686635682 79.3443980803016 85.8182560513189 83.7136960174551 86.7599898029102 88.4228902048013 86.230576368344
89.3843794427092 81.0463367021322 73.964480905296 84.9374781893717 83.0983909180522 63.9536370923738 85.9689738268077 84.1239704853616 0 89.0928014736424 78.9642297145514 83.5392759245935 87.9016548640009 88.5176770351167 85.6745557686413 90.5473313346887 91.0755025319784 87.7796602409953
89.0607623901479 89.1561791587823 89.9399009387904 86.4979093077805 84.7904545651168 89.4733186751262 82.9037165430793 81.9693890769997 89.0928014736424 0 86.0974388586556 86.8366883935755 72.1654959184623 85.9140164997191 86.1821018921153 83.7491208394148 86.8456233481356 87.3072129938656
89.1295543994929 83.6150544197642 82.3184606669553 84.1082825279571 80.2604578063016 80.3185160559075 83.4206154648313 78.6223132959149 78.9642297145514 86.0974388586556 0 79.0051368755729 84.2596343120333 85.5560708119719 81.7079210128555 87.9525365899369 88.8398492236681 85.0299758763721
91.3706669319512 87.5424991364325 86.0117684991275 87.8208556136306 85.3500670186716 84.3872598725851 86.8148321182775 83.0970686635682 83.5392759245935 86.8366883935755 79.0051368755729 0 85.0830368532146 81.5446471310445 72.7760355725621 86.2867717037943 86.5650757693805 79.5317156500199
89.0724707021626 88.3279715303536 88.9549722594917 85.8323679884117 83.4682265805839 88.3564292247297 82.0861101013499 79.3443980803016 87.9016548640009 72.1654959184623 84.2596343120333 85.0830368532146 0 84.535049192901 84.388242328153 83.3049294415307 86.2899428940185 85.9518742503466
92.7032362542567 90.6153055557405 89.96118858877 90.0644944265226 88.1975526364766 89.0149652304446 88.5644935501606 85.8182560513189 88.5176770351167 85.9140164997191 85.5560708119719 81.5446471310445 84.535049192901 0 77.6085169412828 80.3534795727897 79.4344587975798 73.4960621867671
91.807113428376 88.7338880295529 87.6457956664753 88.5776170713634 86.2810577195812 86.3522602958887 87.2684161988113 83.7136960174551 85.6745557686413 86.1821018921153 81.7079210128555 72.7760355725621 84.388242328153 77.6085169412828 0 84.4166372889035 84.5803968642813 75.0930706154422
92.678841702518 91.7033662721979 91.604732064441 90.5456658670192 89.0112398515747 90.93920937716 88.6844904496327 86.7599898029102 90.5473313346887 83.7491208394148 87.9525365899369 86.2867717037943 83.3049294415307 80.3534795727897 84.4166372889035 0 76.7696515306304 83.6033008406848
93.7820006204687 92.5091314937798 92.1512144927355 91.7505036855987 90.3277838137461 91.4498409443732 90.2812459771682 88.4228902048013 91.0755025319784 86.8456233481356 88.8398492236681 86.5650757693805 86.2899428940185 79.4344587975798 84.5803968642813 76.7696515306304 0 82.4309056489519
92.9184858962502 90.3696174454812 89.3818913619656 90.1964580507305 88.3327274477688 88.3061066880651 88.9891607759621 86.230576368344 87.7796602409953 87.3072129938656 85.0299758763721 79.5317156500199 85.9518742503466 73.4960621867671 75.0930706154422 83.6033008406848 82.4309056489519 0
