0 72.7760355725621 81.2209091826396 81.7819451443998 82.9092436769071 85.7527439182197 85.0274329204183 86.191840168456 86.0009398949349 87.5944545064845 87.4454406823376 88.3913503225718 87.3391980024683 91.264687604533 91.8049771160629 91.1752442078643 91.1238894724812 90.7501868793672
72.7760355725621 0 80.7683108277111 84.3368576261899 84.7635075614827 86.3802934588265 86.9098577970584 87.2749906725731 86.2747000185204 89.0406172678931 88.7179678607599 89.0301722270237 88.8083669364351 92.0332132611247 92.4551963165948 92.1286297110514 91.989915045822 91.429502874245
81.2209091826396 80.7683108277111 0 84.5850934634402 82.6002308959102 81.1655581808111 87.2016042685911 84.1954140305632 80.0735239732136 89.6479614516232 87.3590696675158 85.7181672964835 88.7457899743875 90.6047544631244 90.8121736498545 91.7033662721979 90.9426856451481 89.4344587975798
81.7819451443998 84.3368576261899 84.5850934634402 0 76.2899428940185 84.4584013650245 75.6854997764966 82.4061682673299 85.8040981094599 82.5510227543453 81.7711908388985 86.2022036509434 80.9865508735604 88.2195629154254 89.2521096068381 87.580817399318 87.6924076039253 88.0899870643594
82.9092436769071 84.7635075614827 82.6002308959102 76.2899428940185 0 80.2528274474092 80.6953567583125 77.0605702158074 82.5420156066597 85.2930160200121 80.229855602271 83.0196808096236 83.0983909180522 87.109667422368 87.9486437055199 87.9607434601061 87.1143894407578 86.3070274225144
85.7527439182197 86.3802934588265 81.1655581808111 84.4584013650245 80.2528274474092 0 86.411847153548 77.0071507868401 71.8069354424815 89.0365770057342 84.104089484118 77.9330371790942 87.3901843196928 87.462413856604 87.491838041348 89.966086340479 88.3390605802349 85.3374536285919
85.0274329204183 86.9098577970584 87.2016042685911 75.6854997764966 80.6953567583125 86.411847153548 0 83.9198481681658 87.6813767295796 77.627196302634 80.6560956231151 87.1473005892469 74.8172353991213 87.4802850888848 88.8619972883128 85.4342624469282 86.3821559182156 87.9762509169206
86.191840168456 87.2749906725731 84.1954140305632 82.4061682673299 77.0605702158074 77.0071507868401 83.9198481681658 0 80.8110544783965 87.0589771566153 79.0891422958372 77.2169957016613 84.6623240835214 84.9582041534757 85.5447953106515 87.753034320393 85.7520263726057 83.0290942252098
86.0009398949349 86.2747000185204 80.0735239732136 85.8040981094599 82.5420156066597 71.8069354424815 87.6813767295796 80.8110544783965 0 90.0252374097441 85.9873660604156 80.3980229870522 88.6463330476976 88.655168405128 88.5392602221938 90.9783732831594 89.5070003723265 86.6376614949834
87.5944545064845 89.0406172678931 89.6479614516232 82.5510227543453 85.2930160200121 89.0365770057342 77.627196302634 87.0589771566153 90.0252374097441 0 83.8525827295616 89.3170116089997 75.8005514005498 88.3255916171591 89.7938380400087 84.1208374241563 86.7348827073585 89.3443980803016
87.4454406823376 88.7179678607599 87.3590696675158 81.7711908388985 80.229855602271 84.104089484118 80.6560956231151 79.0891422958372 85.9873660604156 83.8525827295616 0 83.0930994829547 79.5407227977055 82.6135550936366 84.658633456727 83.8403412370211 81.9280437922403 83.0970686635682
88.3913503225718 89.0301722270237 85.7181672964835 86.2022036509434 83.0196808096236 77.9330371790942 87.1473005892469 77.2169957016613 80.3980229870522 89.3170116089997 83.0930994829547 0 87.4000155515516 84.7027153220418 84.2413823573747 88.9949461517284 86.4210841896122 80.857813115772
87.3391980024683 88.8083669364351 88.7457899743875 80.9865508735604 83.0983909180522 87.3901843196928 74.8172353991213 84.6623240835214 88.6463330476976 75.8005514005498 79.5407227977055 87.4000155515516 0 86.1455514945536 87.9317341001769 82.4247345007462 84.3527331561148 87.3001847612063
91.264687604533 92.0332132611247 90.6047544631244 88.2195629154254 87.109667422368 87.462413856604 87.4802850888848 84.9582041534757 88.655168405128 88.3255916171591 82.6135550936366 84.7027153220418 86.1455514945536 0 74.4166372889035 83.9373204364155 75.604595839916 77.4269372455433
91.8049771160629 92.4551963165948 90.8121736498545 89.2521096068381 87.9486437055199 87.491838041348 88.8619972883128 85.5447953106515 88.5392602221938 89.7938380400087 84.658633456727 84.2413823573747 87.9317341001769 74.4166372889035 0 86.4210841896122 80.9994315893368 74.4166372889035
91.1752442078643 92.1286297110514 91.7033662721979 87.580817399318 87.9607434601061 89.966086340479 85.4342624469282 87.753034320393 90.9783732831594 84.1208374241563 83.8403412370211 88.9949461517284 82.4247345007462 83.9373204364155 86.4210841896122 0 79.7571837034398 86.9230298879921
91.1238894724812 91.989915045822 90.9426856451481 87.6924076039253 87.1143894407578 88.3390605802349 86.3821559182156 85.7520263726057 89.5070003723265 86.7348827073585 81.9280437922403 86.4210841896122 84.3527331561148 75.604595839916 80.9994315893368 79.7571837034398 0 82.2354007132093
90.7501868793672 91.429502874245 89.4344587975798 88.0899870643594 86.3070274225144 85.3374536285919 87.9762509169206 83.0290942252098 86.6376614949834 89.3443980803016 83.0970686635682 80.857813115772 87.3001847612063 77.4269372455433 74.4166372889035 86.9230298879921 82.2354007132093 0
