0 85.9866862537587 87.9525365899369 66.0621707455228 87.2415090959192 88.3583985463156 74.1758581374509 86.5304228410657 89.5073026268987 86.8545399581078 87.0382140342669 90.5473313346887 87.0200315026164 91.1672083925984 92.0433386470651 91.1612233891682 89.9921148053681 92.2763305524715
85.9866862537587 0 79.2073249576102 85.1929697683414 85.1757958751021 83.1247518173108 85.8323679884117 85.6238550502764 87.3526213444023 90.5014168381346 89.5771606201419 89.3434565884847 91.4207573175404 92.2956180379946 92.1426559903034 93.8797244920475 91.2811923041563 92.4822476324957
87.9525365899369 79.2073249576102 0 87.4908764682633 81.9141740963992 75.5523155632995 87.1509420356761 83.2796429373787 83.8946079882559 90.1633214488167 88.7984150166263 86.7787253282775 91.4201736537717 91.1916815452477 90.593000884045 93.5882096935409 90.1354259784382 91.0208149157414
66.0621707455228 85.1929697683414 87.4908764682633 0 87.1138650255161 88.0538131744044 75.5971656502182 86.4803473512336 89.4221471101878 87.4093346529378 87.4293764170868 90.5494717122131 87.6850568016727 91.4022364375504 92.1690998863059 91.570660767788 90.2459486432777 92.4120561665914
87.2415090959192 85.1757958751021 81.9141740963992 87.1138650255161 0 77.7783103125321 85.4496766417041 69.2684262627964 76.7923005771085 86.592955180357 84.0417671828947 81.4683527698718 88.7045351262639 87.5453491495408 86.975322342495 91.172773232603 85.8695443561659 87.5827009274052
88.3583985463156 83.1247518173108 75.5523155632995 88.0538131744044 77.7783103125321 0 87.2016042685911 80.3708563400322 79.7170505944318 89.2202600224785 87.4701509833698 83.9968508302003 90.7644658121266 89.815288906147 88.939499180549 92.854772035283 88.6389564942146 89.4589779583689
74.1758581374509 85.8323679884117 87.1509420356761 75.5971656502182 85.4496766417041 87.2016042685911 0 84.423463519956 88.1142143850042 84.9227372224544 84.8641483337156 89.2125036075832 85.6275489731146 89.8734604579584 90.856041027685 90.2487524343784 88.4826131392183 91.1220143253691
86.5304228410657 85.6238550502764 83.2796429373787 86.4803473512336 69.2684262627964 80.3708563400322 84.423463519956 0 78.940188044825 85.3500670186716 82.420100378145 82.0509172245329 87.7266996030558 86.921385559777 86.7554356592824 90.5091030430173 85.0002150024618 87.3406915354064
89.5073026268987 87.3526213444023 83.8946079882559 89.4221471101878 76.7923005771085 79.7170505944318 88.1142143850042 78.940188044825 0 87.9095217280563 85.5107920892135 75.8005514005498 89.8989437202673 87.0632240165738 85.3176715737137 91.6151619909681 85.7065803099363 86.1033994395945
86.8545399581078 90.5014168381346 90.1633214488167 87.4093346529378 86.592955180357 89.2202600224785 84.9227372224544 85.3500670186716 87.9095217280563 0 75.6635841127368 87.694702180414 76.3902173587608 84.2199910062345 87.3590696675158 84.0438945132429 82.0977779700964 87.4947214838478
87.0382140342669 89.5771606201419 88.7984150166263 87.4293764170868 84.0417671828947 87.4701509833698 84.8641483337156 82.420100378145 85.5107920892135 75.6635841127368 0 85.2190096129285 82.0323684124072 82.7273505510716 85.5107920892135 86.1606005086081 79.2684262627964 85.8295492670283
90.5473313346887 89.3434565884847 86.7787253282775 90.5494717122131 81.4683527698718 83.9968508302003 89.2125036075832 82.0509172245329 75.8005514005498 87.694702180414 85.2190096129285 0 89.7847743026676 85.13049210439 81.9745296711912 90.9972874546011 83.9373204364155 83.1155436921792
87.0200315026164 91.4207573175404 91.4201736537717 87.6850568016727 88.7045351262639 90.7644658121266 85.6275489731146 87.7266996030558 89.8989437202673 76.3902173587608 82.0323684124072 89.7847743026676 0 86.5840769255055 89.332142737851 82.7632013805355 85.3790959332366 89.3809579640714
91.1672083925984 92.2956180379946 91.1916815452477 91.4022364375504 87.5453491495408 89.815288906147 89.8734604579584 86.921385559777 87.0632240165738 84.2199910062345 82.7273505510716 85.13049210439 86.5840769255055 0 79.3223765816634 85.7927384304143 73.4960621867671 78.8285560079588
92.0433386470651 92.1426559903034 90.593000884045 92.1690998863059 86.975322342495 88.939499180549 90.856041027685 86.7554356592824 85.3176715737137 87.3590696675158 85.5107920892135 81.9745296711912 89.332142737851 79.3223765816634 0 89.1656719381225 80.593000884045 64.9227372224544
91.1612233891682 93.8797244920475 93.5882096935409 91.570660767788 91.172773232603 92.854772035283 90.2487524343784 90.5091030430173 91.6151619909681 84.0438945132429 86.1606005086081 90.9972874546011 82.7632013805355 85.7927384304143 89.1656719381225 0 85.9682911348595 88.9628594842768
89.9921148053681 91.2811923041563 90.1354259784382 90.2459486432777 85.8695443561659 88.6389564942146 88.4826131392183 85.0002150024618 85.7065803099363 82.0977779700964 79.2684262627964 83.9373204364155 85.3790959332366 73.4960621867671 80.593000884045 85.9682911348595 0 80.8043333862853
92.2763305524715 92.4822476324957 91.0208149157414 92.4120561665914 87.5827009274052 89.4589779583689 91.1220143253691 87.3406915354064 86.1033994395945 87.4947214838478 85.8295492670283 83.1155436921792 89.3809579640714 78.8285560079588 64.9227372224544 88.9628594842768 80.8043333862853 0
