0 83.3699935021867 88.1901910181076 78.0908247429846 83.5926953535609 88.5188156704265 79.062436939935 84.9383437488801 90.5011764249031 88.2933344856596 89.5060934823739 90.1863884972796 90.083858329226 91.7033662721979 91.9391077449011 92.6646941022297 92.0949472255251 92.6941043474961
83.3699935021867 0 82.0977779700964 77.4754622734875 68.5776170713634 81.5446471310445 83.1365622199274 78.8567341753854 86.0117684991275 87.7674957525076 85.4673355948484 85.4535216572886 89.8648399147477 89.6127053130504 89.1338385203887 91.9719601346884 89.436916952347 90.1364720300647
88.1901910181076 82.0977779700964 0 85.9463881358397 80.8311555702704 79.7799514872702 88.6419086192796 85.7520263726057 86.1192544428531 90.9953568278438 87.5181982133246 85.6657806624687 92.4516687713003 91.2219275774898 90.094168152246 93.7548075559783 90.4345525302603 90.855597892659
78.0908247429846 77.4754622734875 85.9463881358397 0 78.922933573106 85.5949341121958 77.5424991364325 79.966086340479 88.1221216222575 86.7331655627619 86.9027061984258 87.7056993033671 89.019363834899 90.0179882033926 90.0880909614124 91.6630772267669 90.3029418256257 91.0141973377504
83.5926953535609 68.5776170713634 80.8311555702704 78.922933573106 0 81.8087149732661 84.1758581374509 81.1655581808111 86.592955180357 88.6643528285041 86.4136961331341 86.0715147213828 90.5779097369011 90.2847852536588 89.7368768349918 92.5379562876473 90.0330101399179 90.662818269831
88.5188156704265 81.5446471310445 79.7799514872702 85.5949341121958 81.8087149732661 0 87.8475131591322 82.7531929436013 80.5527990930723 89.0741407444131 83.1089544862133 79.6032551369968 90.7490516173508 88.5884608842856 86.9345227862877 92.0323684124072 87.4196115005074 88.0232945999633
79.062436939935 83.1365622199274 88.6419086192796 77.5424991364325 84.1758581374509 87.8475131591322 0 81.7441879861927 89.1992209343237 84.6168963459942 87.4532080795685 88.8728542182353 87.2272264362371 89.6683961291933 90.2673136857687 90.6321341665918 90.4078597858648 91.157917784275
84.9383437488801 78.8567341753854 85.7520263726057 79.966086340479 81.1655581808111 82.7531929436013 81.7441879861927 0 84.4166372889035 84.1665639944741 81.7441879861927 83.8358812162758 87.1389657999423 86.9054582071479 86.8428331489911 89.8042944601115 87.1535412007659 88.1581456834345
90.5011764249031 86.0117684991275 86.1192544428531 88.1221216222575 86.592955180357 80.5527990930723 89.1992209343237 84.4166372889035 0 88.2580160076653 78.0232945999633 61.9124372658146 89.7150341705748 85.2962052581353 81.6951556819209 90.4078597858648 82.6002308959102 83.381156296672
88.2933344856596 87.7674957525076 90.9953568278438 86.7331655627619 88.6643528285041 89.0741407444131 84.6168963459942 84.1665639944741 88.2580160076653 0 85.1014144120895 88.0983565886669 76.5063621434069 84.6168963459942 87.109667422368 84.6066326409251 87.0605702158074 88.120458136718
89.5060934823739 85.4673355948484 87.5181982133246 86.9027061984258 86.4136961331341 83.1089544862133 87.4532080795685 81.7441879861927 78.0232945999633 85.1014144120895 0 77.7285209261352 87.1017859644811 82.0323684124072 79.9333298446319 88.3140702821532 80.7342661421173 82.6002308959102
90.1863884972796 85.4535216572886 85.6657806624687 87.7056993033671 86.0715147213828 79.6032551369968 88.8728542182353 83.8358812162758 61.9124372658146 88.0983565886669 77.7285209261352 0 89.636827943325 85.4887369853822 82.2482830209687 90.4530673844788 83.091775616211 83.9242228296478
90.083858329226 89.8648399147477 92.4516687713003 89.019363834899 90.5779097369011 90.7490516173508 87.2272264362371 87.1389657999423 89.7150341705748 76.5063621434069 87.1017859644811 89.636827943325 0 84.9607879581046 87.9334714518628 81.4063373322637 87.7647878994723 88.6463330476976
91.7033662721979 89.6127053130504 91.2219275774898 90.0179882033926 90.2847852536588 88.5884608842856 89.6683961291933 86.9054582071479 85.2962052581353 84.6168963459942 82.0323684124072 85.4887369853822 84.9607879581046 0 78.222814231182 83.7684253716377 77.2169957016613 79.5317156500199
91.9391077449011 89.1338385203887 90.094168152246 90.0880909614124 89.7368768349918 86.9345227862877 90.2673136857687 86.8428331489911 81.6951556819209 87.109667422368 79.9333298446319 82.2482830209687 87.9334714518628 78.222814231182 0 87.4337634765958 62.5570171580838 71.1136705287218
92.6646941022297 91.9719601346884 93.7548075559783 91.6630772267669 92.5379562876473 92.0323684124072 90.6321341665918 89.8042944601115 90.4078597858648 84.6066326409251 88.3140702821532 90.4530673844788 81.4063373322637 83.7684253716377 87.4337634765958 0 87.0504709576535 87.650433087972
92.0949472255251 89.436916952347 90.4345525302603 90.3029418256257 90.0330101399179 87.4196115005074 90.4078597858648 87.1535412007659 82.6002308959102 87.0605702158074 80.7342661421173 83.091775616211 87.7647878994723 77.2169957016613 62.5570171580838 87.0504709576535 0 69.6648998632169
92.6941043474961 90.1364720300647 90.855597892659 91.0141973377504 90.662818269831 88.0232945999633 91.157917784275 88.1581456834345 83.381156296672 88.120458136718 82.6002308959102 83.9242228296478 88.6463330476976 79.5317156500199 71.1136705287218 87.650433087972 69.6648998632169 0
