0 76.082168991845 85.4342624469282 75.5447953106515 85.9298880881852 87.8704847446388 83.785387812752 87.7940334296455 88.5028475457753 85.4465981763481 90.0423725326704 90.8258043694878 90.9209131785366 92.0982773217807 90.6153055557405 93.0262723423091 92.1654959184623 92.4027558314952
76.082168991845 0 82.6722841132558 75.4304003347848 82.5570171580838 85.2970022018606 82.4061682673299 85.3649979935812 86.1317653985997 84.484421527208 88.7630438748595 89.2853180813548 90.162281845025 91.1535753560499 89.0443175425455 92.6215300345053 91.4037991397916 91.2292529792868
85.4342624469282 82.6722841132558 0 85.7520263726057 80.3134982103822 81.2209091826396 87.5581511141702 85.2650098301599 83.5879734777828 88.6760806191086 90.0623670961744 89.1522450347246 91.898866095928 92.0857762726231 88.9949461517284 94.1327310513407 92.6642558120015 91.340055566411
75.5447953106515 75.4304003347848 85.7520263726057 0 84.7254986332328 87.0414148290211 79.5317156500199 86.1455514945536 87.4604774192432 82.1259843966288 88.3073021585004 89.5060934823739 89.299608797833 90.7338104052137 89.2511478917976 91.8055112926675 90.7816289464318 91.2178525644589
85.9298880881852 82.5570171580838 80.3134982103822 84.7254986332328 0 74.4651623168477 84.7427343637532 78.0529683256868 76.7696515306304 85.9539297579115 86.696370469958 85.4125902481615 89.4239960897739 89.5033716757062 85.1329754427702 92.313394900025 90.324780220875 88.5584809925589
87.8704847446388 85.2970022018606 81.2209091826396 87.0414148290211 74.4651623168477 0 86.9054582071479 79.3002428506583 71.4548623602078 87.7602710557797 87.3719376615789 85.0435132177645 90.1430041505679 89.7997758540917 84.8615063718665 92.8399243462261 90.7780212873747 88.3220193002395
83.785387812752 82.4061682673299 87.5581511141702 79.5317156500199 84.7427343637532 86.9054582071479 0 84.1830731892428 86.728583188484 71.0505757896518 84.7680103558923 87.3471575828297 85.8883616061958 88.0702549596048 87.0055380079075 89.4513305804129 88.0173354470665 89.1295543994929
87.7940334296455 85.3649979935812 85.2650098301599 86.1455514945536 78.0529683256868 79.3002428506583 84.1830731892428 0 76.5364172448041 84.8385417941978 83.0411672842192 80.7953557193797 87.210845672568 86.8761978059386 80.237526392877 90.7899601976351 88.1121311380611 85.5440425686756
88.5028475457753 86.1317653985997 83.5879734777828 87.4604774192432 76.7696515306304 71.4548623602078 86.728583188484 76.5364172448041 0 87.4293764170868 86.1762484276019 83.0331223084966 89.3784679218221 88.7984150166263 82.8255888627868 92.2718551019657 89.9573754039865 86.9866778667631
85.4465981763481 84.484421527208 88.6760806191086 82.1259843966288 85.9539297579115 87.7602710557797 71.0505757896518 84.8385417941978 87.4293764170868 0 83.8325331923513 87.2216025149133 84.3872598725851 87.221090888027 86.8784130290517 88.3666599593055 86.9470754473467 88.7439887447076
90.0423725326704 88.7630438748595 90.0623670961744 88.3073021585004 86.696370469958 87.3719376615789 84.7680103558923 83.0411672842192 86.1762484276019 83.8325331923513 0 80.5170152200493 79.546717201444 78.8179418809182 79.9796622965764 86.3715914053258 81.0314672262549 81.6566330043375
90.8258043694878 89.2853180813548 89.1522450347246 89.5060934823739 85.4125902481615 85.0435132177645 87.3471575828297 80.7953557193797 83.0331223084966 87.2216025149133 80.5170152200493 0 85.9271319752455 83.3049294415307 59.0724707021626 89.6312504677156 85.8415162187485 78.3073021585004
90.9209131785366 90.162281845025 91.898866095928 89.299608797833 89.4239960897739 90.1430041505679 85.8883616061958 87.210845672568 89.3784679218221 84.3872598725851 79.546717201444 85.9271319752455 0 79.4313841462521 85.6913253237403 81.3769599159453 75.604595839916 85.3563600026657
92.0982773217807 91.1535753560499 92.0857762726231 90.7338104052137 89.5033716757062 89.7997758540917 88.0702549596048 86.8761978059386 88.7984150166263 87.221090888027 78.8179418809182 83.3049294415307 79.4313841462521 0 83.2222041818708 84.3774230737726 75.0002150024618 80.1887143134889
90.6153055557405 89.0443175425455 88.9949461517284 89.2511478917976 85.1329754427702 84.8615063718665 87.0055380079075 80.237526392877 82.8255888627868 86.8784130290517 79.9796622965764 59.0724707021626 85.6913253237403 83.2222041818708 0 89.5244964576347 85.7152734467552 78.8285560079588
93.0262723423091 92.6215300345053 94.1327310513407 91.8055112926675 92.313394900025 92.8399243462261 89.4513305804129 90.7899601976351 92.2718551019657 88.3666599593055 86.3715914053258 89.6312504677156 81.3769599159453 84.3774230737726 89.5244964576347 0 80.8043333862853 88.5434130797284
92.1654959184623 91.4037991397916 92.6642558120015 90.7816289464318 90.324780220875 90.7780212873747 88.0173354470665 88.1121311380611 89.9573754039865 86.9470754473467 81.0314672262549 85.8415162187485 75.604595839916 75.0002150024618 85.7152734467552 80.8043333862853 0 83.9968508302003
92.4027558314952 91.2292529792868 91.340055566411 91.2178525644589 88.5584809925589 88.3220193002395 89.1295543994929 85.5440425686756 86.9866778667631 88.7439887447076 81.6566330043375 78.3073021585004 85.3563600026657 80.1887143134889 78.8285560079588 88.5434130797284 83.9968508302003 0
