0 83.3836330260342 87.6057080946921 80.7750878561122 86.2899428940185 88.2969304657511 81.3887347396581 86.1020755728508 87.8226378829976 87.9762509169206 88.6976210562157 88.5776170713634 89.0355663526282 89.432921744009 91.2004909747474 90.6059280734055 91.1313819751056 91.8291273396141
83.3836330260342 0 82.0727368965748 77.9330371790942 77.0605702158074 81.6065963893544 83.323798167022 75.5673171147236 81.780154608477 87.9538334430254 87.2072541295984 82.8354320315571 88.8707549940815 87.8333161667972 88.103370572082 90.7426886600651 89.9110787108283 89.4623385433215
87.6057080946921 82.0727368965748 0 86.223500547626 83.8703271661733 84.5869706818913 88.6994416157976 82.8438513133261 86.0761791811688 91.4575637966244 90.7308469490639 86.1033994395945 92.0438442972106 91.0567151262539 90.1659193700637 93.3906839655236 92.4743178177785 91.5125761249576
80.7750878561122 77.9330371790942 86.223500547626 0 80.6607330446118 84.1009420423914 76.625354376404 80.8110544783965 82.8815373958952 85.2440876912534 85.1205445264909 84.2434141444616 86.5840769255055 86.1080297977718 88.0933368098544 88.8885661392882 88.5944321078012 89.0513729605827
86.2899428940185 77.0605702158074 83.8703271661733 80.6607330446118 0 74.598216984643 84.3139343989393 64.9227372224544 74.4555005891274 87.2016042685911 85.5560708119719 76.5662657802988 88.0105149591016 86.0788423391974 85.3287606235951 90.0509148081031 88.4426317768107 87.28054592573
88.2969304657511 81.6065963893544 84.5869706818913 84.1009420423914 74.598216984643 0 86.5268222233502 75.6120133392751 72.8884805545587 88.1341628747489 86.1396485255302 70.4372372021832 88.7088962427666 86.3771875838325 83.6964506811521 90.5463797170855 88.4395409877334 86.3171199640361
81.3887347396581 83.323798167022 88.6994416157976 76.625354376404 84.3139343989393 86.5268222233502 0 84.6354957098355 85.1470209343093 82.5809123755536 83.928593088954 86.2734273606889 84.4555005891274 85.1929697683414 88.662150337635 87.1075670983908 87.7453320532942 89.1679601933207
86.1020755728508 75.5673171147236 82.8438513133261 80.8110544783965 64.9227372224544 75.6120133392751 84.6354957098355 0 76.7696515306304 87.7285209261352 86.2867717037943 78.103370572082 88.5210920458533 86.7894758974519 86.0299807662634 90.4627804325734 88.9986855275619 87.8863172698683
87.8226378829976 81.780154608477 86.0761791811688 82.8815373958952 74.4555005891274 72.8884805545587 85.1470209343093 76.7696515306304 0 86.5117874343298 84.0161576060675 67.9762509169206 87.1784143568491 84.3616377049391 82.4061682673299 89.3274199206759 86.9747808619358 85.0612171811727
87.9762509169206 87.9538334430254 91.4575637966244 85.2440876912534 87.2016042685911 88.1341628747489 82.5809123755536 87.7285209261352 86.5117874343298 0 77.2016042685911 87.3082160992677 70.237526392877 79.1551959618225 87.2169957016613 79.5914134259955 82.1900093127201 86.7211265026863
88.6976210562157 87.2072541295984 90.7308469490639 85.1205445264909 85.5560708119719 86.1396485255302 83.928593088954 86.2867717037943 84.0161576060675 77.2016042685911 0 84.8570995274305 77.4995229711462 67.9330371790942 83.9242228296478 82.5868656935784 78.9847314590875 83.3637795294295
88.5776170713634 82.8354320315571 86.1033994395945 84.2434141444616 76.5662657802988 70.4372372021832 86.2734273606889 78.103370572082 67.9762509169206 87.3082160992677 84.8570995274305 0 87.8497272528937 85.0299758763721 81.7423818124012 89.815288906147 87.3167331536123 84.8358842042205
89.0355663526282 88.8707549940815 92.0438442972106 86.5840769255055 88.0105149591016 88.7088962427666 84.4555005891274 88.5210920458533 87.1784143568491 70.237526392877 77.4995229711462 87.8497272528937 0 78.5962964327146 87.1561388112382 76.5364172448041 80.4881743072895 86.3171199640361
89.432921744009 87.8333161667972 91.0567151262539 86.1080297977718 86.0788423391974 86.3771875838325 85.1929697683414 86.7894758974519 84.3616377049391 79.1551959618225 67.9330371790942 85.0299758763721 78.5962964327146 0 83.0983909180522 82.6751998198568 76.5662657802988 82.0154368322127
91.2004909747474 88.103370572082 90.1659193700637 88.0933368098544 85.3287606235951 83.6964506811521 88.662150337635 86.0299807662634 82.4061682673299 87.2169957016613 83.9242228296478 81.7423818124012 87.1561388112382 83.0983909180522 0 88.742547222889 84.1913043119513 75.4535216572886
90.6059280734055 90.7426886600651 93.3906839655236 88.8885661392882 90.0509148081031 90.5463797170855 87.1075670983908 90.4627804325734 89.3274199206759 79.5914134259955 82.5868656935784 89.815288906147 76.5364172448041 82.6751998198568 88.742547222889 0 81.7387672097631 87.6253319777206
91.1313819751056 89.9110787108283 92.4743178177785 88.5944321078012 88.4426317768107 88.4395409877334 87.7453320532942 88.9986855275619 86.9747808619358 82.1900093127201 78.9847314590875 87.3167331536123 80.4881743072895 76.5662657802988 84.1913043119513 81.7387672097631 0 81.6065963893544
91.8291273396141 89.4623385433215 91.5125761249576 89.0513729605827 87.28054592573 86.3171199640361 89.1679601933207 87.8863172698683 85.0612171811727 86.7211265026863 83.3637795294295 84.8358842042205 86.3171199640361 82.0154368322127 75.4535216572886 87.6253319777206 81.6065963893544 0
