0 83.3848708612483 85.1626652685191 77.4802850888848 82.4982157571468 87.7647878994723 78.0529683256868 86.0608342491838 87.4570865748645 84.4166372889035 85.9566689221897 88.2789207162305 85.9975504115668 89.4144345441064 90.9112986049475 90.6047544631244 90.9574288197928 93.1749205603375
83.3848708612483 0 74.2979161426279 86.9257690522703 63.2478263495168 81.955651003641 85.8323679884117 85.8883616061958 85.5047191012369 87.55625690639 86.4339831229612 87.4502969333401 89.2853180813548 90.2211456292078 90.9615393061173 92.4375298677209 92.0225561375968 93.1303985721761
85.1626652685191 74.2979161426279 0 88.0313689651798 75.4535216572886 77.3382020284199 86.5304228410657 84.6669329609772 83.4499763303665 87.4142314228996 85.4673355948484 86.0117684991275 89.2607554721904 89.5326172058794 90.083858329226 92.2130885244123 91.5323401402152 92.3812891741917
77.4802850888848 86.9257690522703 88.0313689651798 0 86.341622719513 89.8355135094762 77.3031982537424 87.3047042162445 88.9384656792189 84.1458388545984 86.9557863838392 89.2792700757186 84.7463542387859 89.4784941033033 91.2000816298375 89.7563275852613 90.6579511859799 93.3399599616016
82.4982157571468 63.2478263495168 75.4535216572886 86.341622719513 0 82.4555029242986 85.1798910614678 85.5859964760748 85.4032689536105 87.1138650255161 86.1027375566672 87.3031982537424 88.9038741397594 90.0093808529838 90.8329378396374 92.2028642890667 91.8303667392488 93.0498658901081
87.7647878994723 81.955651003641 77.3382020284199 89.8355135094762 82.4555029242986 0 88.2608359710067 84.4555005891274 81.5766707252515 88.1901910181076 85.4673355948484 84.7427343637532 89.9130061550656 89.1443660790783 89.2160603507377 92.3143451815253 91.2640825830801 91.5127665924628
78.0529683256868 85.8323679884117 86.5304228410657 77.3031982537424 85.1798910614678 88.2608359710067 0 84.0672266294399 86.4930717190664 79.3255293548103 83.5008850021645 86.7894758974519 81.557861926606 87.1639223335182 89.2802255840982 88.2737039650698 88.8913534284775 91.9002599641319
86.0608342491838 85.8883616061958 84.6669329609772 87.3047042162445 85.5859964760748 84.4555005891274 84.0672266294399 0 75.9948369189331 80.5527990930723 66.625354376404 75.4841598430449 83.964480905296 82.1900093127201 84.0830633243401 87.8105933464794 86.2842330833397 88.4267681806095
87.4570865748645 85.5047191012369 83.4499763303665 88.9384656792189 85.4032689536105 81.5766707252515 86.4930717190664 75.9948369189331 0 84.5719301653208 78.4638216139284 74.5321991797927 86.8817337465467 84.469985132245 84.7245895919278 89.5341193832037 87.831538275126 88.5369933522933
84.4166372889035 87.55625690639 87.4142314228996 84.1458388545984 87.1138650255161 88.1901910181076 79.3255293548103 80.5527990930723 84.5719301653208 0 78.8461887760664 83.8090244763067 75.042668369047 82.7114819424818 86.1632124135547 85.2003092693599 85.4342624469282 89.6426912422026
85.9566689221897 86.4339831229612 85.4673355948484 86.9557863838392 86.1027375566672 85.4673355948484 83.5008850021645 66.625354376404 78.4638216139284 78.8461887760664 0 76.9257690522703 82.7445958873746 81.1902457592883 83.8045321616377 87.0605702158074 85.583013171943 88.2905355522908
88.2789207162305 87.4502969333401 86.0117684991275 89.2792700757186 87.3031982537424 84.7427343637532 86.7894758974519 75.4841598430449 74.5321991797927 83.8090244763067 76.9257690522703 0 85.9546147109638 81.4121890441111 81.557861926606 88.1848665224487 85.8358888194266 86.7554356592824
85.9975504115668 89.2853180813548 89.2607554721904 84.7463542387859 88.9038741397594 89.9130061550656 81.557861926606 83.964480905296 86.8817337465467 75.042668369047 82.7445958873746 85.9546147109638 0 83.2286239093058 86.7894758974519 82.8967977192182 84.6475427212192 89.8155704493593
89.4144345441064 90.2211456292078 89.5326172058794 89.4784941033033 90.0093808529838 89.1443660790783 87.1639223335182 82.1900093127201 84.469985132245 82.7114819424818 81.1902457592883 81.4121890441111 83.2286239093058 0 77.3975598292249 83.2286239093058 77.9762509169206 84.4776905142957
90.9112986049475 90.9615393061173 90.083858329226 91.2000816298375 90.8329378396374 89.2160603507377 89.2802255840982 84.0830633243401 84.7245895919278 86.1632124135547 83.8045321616377 81.557861926606 86.7894758974519 77.3975598292249 0 86.1053844833492 81.0335945566031 80.4103155081914
90.6047544631244 92.4375298677209 92.2130885244123 89.7563275852613 92.2028642890667 92.3143451815253 88.2737039650698 87.8105933464794 89.5341193832037 85.2003092693599 87.0605702158074 88.1848665224487 82.8967977192182 83.2286239093058 86.1053844833492 0 79.5317156500199 88.002829084837
90.9574288197928 92.0225561375968 91.5323401402152 90.6579511859799 91.8303667392488 91.2640825830801 88.8913534284775 86.2842330833397 87.831538275126 85.4342624469282 85.583013171943 85.8358888194266 84.6475427212192 77.9762509169206 81.0335945566031 79.5317156500199 0 84.0022224385771
93.1749205603375 93.1303985721761 92.3812891741917 93.3399599616016 93.0498658901081 91.5127665924628 91.9002599641319 88.4267681806095 88.5369933522933 89.6426912422026 88.2905355522908 86.7554356592824 89.8155704493593 84.4776905142957 80.4103155081914 88.002829084837 84.0022224385771 0
