0 79.0724707021626 87.8814856746282 70.4372372021832 86.6639170349971 87.6295255839015 80.4396763737266 82.7273505510716 87.2537141011014 87.0312708756033 84.9374781893717 88.5210920458533 87.499043061226 89.6779963728472 90.3629213010421 91.7962429180347 91.7251855928805 92.6972954496743
79.0724707021626 0 84.0502702591676 81.7819451443998 82.6135550936366 83.9590623832968 81.3513377482993 80.8821062851461 83.4033961764943 86.4681941466635 83.3500774119371 85.9744315024477 88.5085571896395 88.8211288437071 88.3666599593055 91.8901442694456 90.8981534257072 91.6922326161407
87.8814856746282 84.0502702591676 0 88.9298435901867 81.6177655634978 80.9800961612219 88.1121311380611 86.8461811729156 80.9822487981031 89.4586723216596 87.4117837280712 85.4703994008443 91.8362048638026 90.2733987282527 87.2169957016613 93.571880589896 91.5247492362612 91.6285351957431
70.4372372021832 81.7819451443998 88.9298435901867 0 87.8928971582322 88.7439887447076 81.8512064152267 84.2169264795973 88.4135689102503 87.7198628306637 86.0601658467479 89.4644757442316 87.6014914156434 90.2551179630574 91.124514341644 91.9994607326019 92.2022143179024 93.1821886544929
86.6639170349971 82.6135550936366 81.6177655634978 87.8928971582322 0 68.7608908822587 84.7427343637532 81.9504880014648 64.9227372224544 85.1798910614678 81.955651003641 77.6457956664753 89.1272458135151 86.2766083062783 82.5269620566865 91.0653800960415 88.3220193002395 88.7859429613949
87.6295255839015 83.9590623832968 80.9800961612219 88.7439887447076 68.7608908822587 0 86.0191975333641 83.6396338793095 60.237526392877 86.108690874692 83.4864004590469 77.5944545064845 89.8262555892992 86.7468837467999 81.8652783427072 91.4326081662888 88.4638216139284 88.6947065725435
80.4396763737266 81.3513377482993 88.1121311380611 81.8512064152267 84.7427343637532 86.0191975333641 0 74.2169264795973 85.5859964760748 81.5766707252515 78.2511598923979 85.8576544925637 83.5008850021645 86.1033994395945 88.108795863005 89.1679601933207 89.0617671974988 90.4869684361672
82.7273505510716 80.8821062851461 86.8461811729156 84.2169264795973 81.9504880014648 83.6396338793095 74.2169264795973 0 83.091775616211 79.9985976200845 72.099442252477 83.2299067168234 84.6623240835214 84.6696959415512 86.1924886111327 89.0335443405708 87.9732399116266 89.3818913619656
87.2537141011014 83.4033961764943 80.9822487981031 88.4135689102503 64.9227372224544 60.237526392877 85.5859964760748 83.091775616211 0 85.8464342187456 83.0237176292658 77.7647878994723 89.6112300778655 86.6563483913967 82.2305599791183 91.3454034114811 88.4826131392183 88.7966354858417
87.0312708756033 86.4681941466635 89.4586723216596 87.7198628306637 85.1798910614678 86.108690874692 81.5766707252515 79.9985976200845 85.8464342187456 0 76.4210841896122 83.7365837901601 81.4702765549837 78.5776170713634 85.5560708119719 85.3563600026657 84.4555005891274 87.0312708756033
84.9374781893717 83.3500774119371 87.4117837280712 86.0601658467479 81.955651003641 83.4864004590469 78.2511598923979 72.099442252477 83.0237176292658 76.4210841896122 0 81.7658036831707 84.1239704853616 82.3578348697387 84.8992217714165 88.010941553554 86.4505113704269 88.1403780332094
88.5210920458533 85.9744315024477 85.4703994008443 89.4644757442316 77.6457956664753 77.5944545064845 85.8576544925637 83.2299067168234 77.7647878994723 83.7365837901601 81.7658036831707 0 88.655168405128 83.379917402121 76.0487872378001 89.7428929869615 85.5410302954014 85.9689738268077
87.499043061226 88.5085571896395 91.8362048638026 87.6014914156434 89.1272458135151 89.8262555892992 83.5008850021645 84.6623240835214 89.6112300778655 81.4702765549837 84.1239704853616 88.655168405128 0 85.0274329204183 89.759751045849 84.4195641304064 87.8718063285063 89.9896812528111
89.6779963728472 88.8211288437071 90.2733987282527 90.2551179630574 86.2766083062783 86.7468837467999 86.1033994395945 84.6696959415512 86.6563483913967 78.5776170713634 82.3578348697387 83.379917402121 85.0274329204183 0 83.6814491297281 84.1082825279571 78.3073021585004 83.0290942252098
90.3629213010421 88.3666599593055 87.2169957016613 91.124514341644 82.5269620566865 81.8652783427072 88.108795863005 86.1924886111327 82.2305599791183 85.5560708119719 84.8992217714165 76.0487872378001 89.759751045849 83.6814491297281 0 89.8447517363798 84.3288980458285 83.6964506811521
91.7962429180347 91.8901442694456 93.571880589896 91.9994607326019 91.0653800960415 91.4326081662888 89.1679601933207 89.0335443405708 91.3454034114811 85.3563600026657 88.010941553554 89.7428929869615 84.4195641304064 84.1082825279571 89.8447517363798 0 84.6028943623908 87.4658005457673
91.7251855928805 90.8981534257072 91.5247492362612 92.2022143179024 88.3220193002395 88.4638216139284 89.0617671974988 87.9732399116266 88.4826131392183 84.4555005891274 86.4505113704269 85.5410302954014 87.8718063285063 78.3073021585004 84.3288980458285 84.6028943623908 0 77.0125223952169
92.6972954496743 91.6922326161407 91.6285351957431 93.1821886544929 88.7859429613949 88.6947065725435 90.4869684361672 89.3818913619656 88.7966354858417 87.0312708756033 88.1403780332094 85.9689738268077 89.9896812528111 83.0290942252098 83.6964506811521 87.4658005457673 77.0125223952169 0
