0 79.6707254104607 86.1970250009704 74.4555005891274 83.447537158823 85.8457319881969 81.0505757896518 82.8592443995261 86.3653649600743 86.0761791811688 87.0949437788996 87.6960783446142 88.4691989231381 88.8899600074921 90.4579266239441 89.4230716983797 89.9209821808502 91.539917799401
79.6707254104607 0 81.0058576494277 80.9368178278012 83.5008850021645 81.6251957531956 85.0612171811727 81.0653800960415 84.7544879428325 88.3646943811687 86.9054582071479 86.5644806416209 89.553301503306 88.9163588575711 89.8556443655146 90.4744074879489 90.1531746808078 91.286613080586
86.1970250009704 81.0058576494277 0 86.0621707455228 85.1039144283644 74.8615063718665 88.2044938368376 82.5868656935784 83.5261172881643 90.2190936826451 86.9388930455938 85.3461292680899 90.4335758743122 88.8108513571896 88.7966354858417 91.2622670128388 90.1497871498019 90.6122600944054
74.4555005891274 80.9368178278012 86.0621707455228 0 80.0735239732136 85.0435132177645 76.7923005771085 80.237526392877 84.535049192901 83.8703271661733 84.9383437488801 85.9866862537587 86.5811134693557 87.1112419990312 89.1189908313318 87.7738075181225 88.3279715303536 90.2923597189572
83.447537158823 83.5008850021645 85.1039144283644 80.0735239732136 0 82.5510227543453 80.6047544631244 73.2093361878076 77.7647878994723 83.443875830952 77.8673994840703 80.0415708322431 83.8681130724119 82.4982157571468 85.3469171038869 85.5740509438565 84.7895590202495 87.2195556456312
85.8457319881969 81.6251957531956 74.8615063718665 85.0435132177645 82.5510227543453 0 87.0253872127773 79.2716184311275 79.546717201444 89.012256180957 84.5083760546741 82.2675351167102 88.9867763205327 86.8745356467734 86.9164488363693 89.9440028294889 88.5176770351167 89.0981184164677
81.0505757896518 85.0612171811727 88.2044938368376 76.7923005771085 80.6047544631244 87.0253872127773 0 82.6002308959102 85.3208427639379 78.940188044825 84.2322275341296 86.1866491386205 84.0438945132429 86.0252663959884 88.7338880295529 85.4558270336954 87.0312708756033 89.6076874675251
82.8592443995261 81.0653800960415 82.5868656935784 80.237526392877 73.2093361878076 79.2716184311275 82.6002308959102 0 76.8148321182775 85.6149767954249 80.715999260007 80.5050214404877 86.0788423391974 84.4224890007509 86.1020755728508 87.4269372455433 86.440724448383 88.118377883376
86.3653649600743 84.7544879428325 83.5261172881643 84.535049192901 77.7647878994723 79.546717201444 85.3208427639379 76.8148321182775 0 86.6772754849592 77.4802850888848 72.099442252477 85.7634929002411 81.989915045822 82.8255888627868 87.0589771566153 84.6953993467273 85.8939214659009
86.0761791811688 88.3646943811687 90.2190936826451 83.8703271661733 83.443875830952 89.012256180957 78.940188044825 85.6149767954249 86.6772754849592 0 84.2413823573747 86.8092101824516 79.4221471101878 84.8172353991213 88.2382248275296 80.9865508735604 85.1362843532686 88.5550952672913
87.0949437788996 86.9054582071479 86.9388930455938 84.9383437488801 77.8673994840703 84.5083760546741 84.2322275341296 80.715999260007 77.4802850888848 84.2413823573747 0 75.4304003347848 81.7224641652286 75.2408599357581 80.9302887188506 83.622091328923 80.1912970937131 83.6033008406848
87.6960783446142 86.5644806416209 85.3461292680899 85.9866862537587 80.0415708322431 82.2675351167102 86.1866491386205 80.5050214404877 72.099442252477 86.8092101824516 75.4304003347848 0 85.1039144283644 79.6356543330438 79.8419543483159 86.3715914053258 82.968220306335 83.9405886754904
88.4691989231381 89.553301503306 90.4335758743122 86.5811134693557 83.8681130724119 88.9867763205327 84.0438945132429 86.0788423391974 85.7634929002411 79.4221471101878 81.7224641652286 85.1039144283644 0 80.1887143134889 85.3563600026657 70.6047544631244 79.3223765816634 85.1437201970658
88.8899600074921 88.9163588575711 88.8108513571896 87.1112419990312 82.4982157571468 86.8745356467734 86.0252663959884 84.4224890007509 81.989915045822 84.8172353991213 75.2408599357581 79.6356543330438 80.1887143134889 0 78.5776170713634 81.7711908388985 73.2478263495168 80.1964580507305
90.4579266239441 89.8556443655146 88.7966354858417 89.1189908313318 85.3469171038869 86.9164488363693 88.7338880295529 86.1020755728508 82.8255888627868 88.2382248275296 80.9302887188506 79.8419543483159 85.3563600026657 78.5776170713634 0 86.051467240859 80.237526392877 76.3340981236618
89.4230716983797 90.4744074879489 91.2622670128388 87.7738075181225 85.5740509438565 89.9440028294889 85.4558270336954 87.4269372455433 87.0589771566153 80.9865508735604 83.622091328923 86.3715914053258 70.6047544631244 81.7711908388985 86.051467240859 0 80.0174507434799 85.3461292680899
89.9209821808502 90.1531746808078 90.1497871498019 88.3279715303536 84.7895590202495 88.5176770351167 87.0312708756033 86.440724448383 84.6953993467273 85.1362843532686 80.1912970937131 82.968220306335 79.3223765816634 73.2478263495168 80.237526392877 80.0174507434799 0 78.922933573106
91.539917799401 91.286613080586 90.6122600944054 90.2923597189572 87.2195556456312 89.0981184164677 89.6076874675251 88.118377883376 85.8939214659009 88.5550952672913 83.6033008406848 83.9405886754904 85.1437201970658 80.1964580507305 76.3340981236618 85.3461292680899 78.922933573106 0
