0 84.8216828596421 88.634894042878 85.4795778716485 87.8488417508376 89.1551959618225 83.5201228844259 86.2867717037943 90.5911173559578 87.4098245784636 89.8589904547863 91.613301340231 90.9541809486562 92.7223077349235 91.9124372658146 91.2811923041563 93.2627455339649 92.9706717161885
84.8216828596421 0 79.7997758540917 83.5595339012134 81.7441879861927 82.0911144554496 83.6442999499373 83.3011458390096 85.1039144283644 84.9192614761152 86.7514468623435 87.55625690639 90.9790194425306 90.4905850455247 88.7338880295529 90.7987245196668 91.0872822984694 89.9961676984538
88.634894042878 79.7997758540917 0 86.8417165672086 83.2401555589108 79.8195101390914 87.4181448674708 86.2791513863211 82.6046768387851 87.1556194134239 87.4778743506497 86.3152293981705 92.2337877346136 90.4520948838155 88.280925491606 91.8782544058433 90.9209131785366 89.2234877779738
85.4795778716485 83.5595339012134 86.8417165672086 0 79.9850808185757 84.4786527265116 72.5269620566865 67.8007545217567 86.1821018921153 73.4107842329724 82.0171329637785 86.7889107409908 86.2080222604288 87.7940334296455 86.6511008236815 86.0981015495578 88.7338880295529 88.5663707686117
87.8488417508376 81.7441879861927 83.2401555589108 79.9850808185757 0 76.8428331489911 82.5570171580838 77.7783103125321 80.3930962198545 78.8986615628356 79.7657356159223 82.5390090680702 88.47226868458 86.5430015466662 83.785387812752 87.8673994840703 87.4778743506497 86.1033994395945
89.1551959618225 82.0911144554496 79.8195101390914 84.4786527265116 76.8428331489911 0 85.9195436335469 83.3049294415307 74.484421527208 83.9154690956304 83.1457259350781 81.2493343553935 90.3485019850597 87.4293764170868 84.2169264795973 89.7480430637718 88.102117618815 85.876523218055
83.5201228844259 83.6442999499373 87.4181448674708 72.5269620566865 82.5570171580838 85.9195436335469 0 76.3653649600743 87.5605177126806 78.8707549940815 84.5160136821761 88.2688829342483 86.8148321182775 89.1272458135151 88.2106092259997 87.0125223952169 89.9440028294889 89.8380349754291
86.2867717037943 83.3011458390096 86.2791513863211 67.8007545217567 77.7783103125321 83.3049294415307 76.3653649600743 0 85.1205445264909 70.237526392877 80.4372372021832 85.7556129157272 86.3771875838325 87.1017859644811 85.6745557686413 86.0521369832952 88.103370572082 87.7832580001896
90.5911173559578 85.1039144283644 82.6046768387851 86.1821018921153 80.3930962198545 74.484421527208 87.5605177126806 85.1205445264909 0 85.2287344421139 83.1718019354755 77.2272264362371 90.6009967775609 86.3846379556137 82.3452739215203 89.8620554401899 86.9688201157248 83.785387812752
87.4098245784636 84.9192614761152 87.1556194134239 73.4107842329724 78.8986615628356 83.9154690956304 78.8707549940815 70.237526392877 85.2287344421139 0 78.1778938560859 85.280235595651 85.189703782236 85.9566689221897 84.7136662288377 84.6438395064827 87.1059911885511 87.0589771566153
89.8589904547863 86.7514468623435 87.4778743506497 82.0171329637785 79.7657356159223 83.1457259350781 84.5160136821761 80.4372372021832 83.1718019354755 78.1778938560859 0 81.3749943378086 85.8182560513189 81.7962429180347 79.2716184311275 84.469985132245 83.5201228844259 83.2388757755454
91.613301340231 87.55625690639 86.3152293981705 86.7889107409908 82.5390090680702 81.2493343553935 88.2688829342483 85.7556129157272 77.2272264362371 85.280235595651 81.3749943378086 0 89.7291295163562 83.0290942252098 76.1020755728508 88.7168802665761 83.6860705133182 78.3073021585004
90.9541809486562 90.9790194425306 92.2337877346136 86.2080222604288 88.47226868458 90.3485019850597 86.8148321182775 86.3771875838325 90.6009967775609 85.189703782236 85.8182560513189 89.7291295163562 0 86.8678806412791 88.2390343987537 72.5868656935784 87.6924076039253 89.5178683060867
92.7223077349235 90.4905850455247 90.4520948838155 87.7940334296455 86.5430015466662 87.4293764170868 89.1272458135151 87.1017859644811 86.3846379556137 85.9566689221897 81.7962429180347 83.0290942252098 86.8678806412791 0 77.8673994840703 85.0435132177645 69.0724707021626 79.0220684557673
91.9124372658146 88.7338880295529 88.280925491606 86.6511008236815 83.785387812752 84.2169264795973 88.2106092259997 85.6745557686413 82.3452739215203 84.7136662288377 79.2716184311275 76.1020755728508 88.2390343987537 77.8673994840703 0 86.8861574238521 79.3223765816634 74.5416919591329
91.2811923041563 90.7987245196668 91.8782544058433 86.0981015495578 87.8673994840703 89.7480430637718 87.0125223952169 86.0521369832952 89.8620554401899 84.6438395064827 84.469985132245 88.7168802665761 72.5868656935784 85.0435132177645 86.8861574238521 0 86.0252663959884 88.2801236925049
93.2627455339649 91.0872822984694 90.9209131785366 88.7338880295529 87.4778743506497 88.102117618815 89.9440028294889 88.103370572082 86.9688201157248 87.1059911885511 83.5201228844259 83.6860705133182 87.6924076039253 69.0724707021626 79.3223765816634 86.0252663959884 0 78.7429076482031
92.9706717161885 89.9961676984538 89.2234877779738 88.5663707686117 86.1033994395945 85.876523218055 89.8380349754291 87.7832580001896 83.785387812752 87.0589771566153 83.2388757755454 78.3073021585004 89.5178683060867 79.0220684557673 74.5416919591329 88.2801236925049 78.7429076482031 0
