0 83.1561751306609 88.6665542029632 66.5662657802988 83.8658978492988 87.5181982133246 81.8087149732661 85.0805247863448 89.3700534733419 82.1441384770285 86.4900454874486 89.6849650629602 90.0796215678934 87.9199887622108 91.1637009427332 90.1152402208497 92.7960665274058 91.6549743718516
83.1561751306609 0 82.3310992930275 84.0756800526813 82.4432217006488 84.0608757462916 84.7036289530158 86.2504555155506 87.8439682595831 87.5424991364325 88.3351034548413 89.2027885677725 92.1546660357181 88.9205124673424 91.3769599159453 91.9140004445941 93.3220405505014 91.9332335297458
88.6665542029632 82.3310992930275 0 89.0888094903794 85.6445006672441 83.2388757755454 88.2708923475165 88.5479389453424 87.3072129938656 90.718058124033 90.2733987282527 89.3772223651149 93.6208020821821 90.2847852536588 91.7324344071134 93.2559936200367 93.7254982836361 92.2699356390112
66.5662657802988 84.0756800526813 89.0888094903794 0 83.8224736064944 87.6243995150613 81.0463367021322 84.5700464329907 89.276402288581 80.6234942756704 85.8541512699659 89.4589779583689 89.5166621000467 87.4488406281281 90.8684304864118 89.5839959266364 92.4936594236437 91.3608158529667
83.8658978492988 82.4432217006488 85.6445006672441 83.8224736064944 0 79.0891422958372 77.3431796161499 77.8673994840703 82.8662232614152 84.3408319525428 82.7460299124228 84.2403661072662 89.230258266053 83.4107842329724 87.5827009274052 88.7016252803801 90.4002382101653 88.4193970634207
87.5181982133246 84.0608757462916 83.2388757755454 87.6243995150613 79.0891422958372 0 84.1593214403875 83.1548703552811 79.3223765816634 88.0529683256868 85.9195436335469 83.5153213971275 90.8631250456799 85.4864490172097 87.6457956664753 90.239824990559 90.6435497940177 88.4944597996847
81.8087149732661 84.7036289530158 88.2708923475165 81.0463367021322 77.3431796161499 84.1593214403875 0 75.042668369047 85.4342624469282 79.2234877779738 79.5765657369386 85.3413992496673 87.3620425904971 82.0977779700964 87.5529400534949 86.9818148487283 90.0185255968003 88.3001243947931
85.0805247863448 86.2504555155506 88.5479389453424 84.5700464329907 77.8673994840703 83.1548703552811 75.042668369047 0 83.0718690352051 81.9745296711912 75.4304003347848 82.2787262194362 86.5364172448041 77.5944545064845 85.2505360143668 85.7613452311201 88.4784017056437 86.2402066734632
89.3700534733419 87.8439682595831 87.3072129938656 89.276402288581 82.8662232614152 79.3223765816634 85.4342624469282 83.0718690352051 0 88.5584809925589 84.8465048204424 76.6545999065771 89.7813705184277 83.2222041818708 83.9979256835207 88.8707549940815 88.2272808196744 85.2092629587856
82.1441384770285 87.5424991364325 90.718058124033 80.6234942756704 84.3408319525428 88.0529683256868 79.2234877779738 81.9745296711912 88.5584809925589 0 81.4548623602078 87.929561432755 85.6694391116945 84.2888798422065 88.8306757240111 85.8939214659009 90.4396763737266 89.3305690360477
86.4900454874486 88.3351034548413 90.2733987282527 85.8541512699659 82.7460299124228 85.9195436335469 79.5765657369386 75.4304003347848 84.8465048204424 81.4548623602078 0 82.8100758107315 83.7262992166468 73.2093361878076 84.0161576060675 82.6179874241649 87.0541944698827 84.9383437488801
89.6849650629602 89.2027885677725 89.3772223651149 89.4589779583689 84.2403661072662 83.5153213971275 85.3413992496673 82.2787262194362 76.6545999065771 87.929561432755 82.8100758107315 0 87.989131632697 79.7657356159223 79.2684262627964 86.7554356592824 85.6518503809952 81.3176021151403
90.0796215678934 92.1546660357181 93.6208020821821 89.5166621000467 89.230258266053 90.8631250456799 87.3620425904971 86.5364172448041 89.7813705184277 85.6694391116945 83.7262992166468 87.989131632697 0 84.3527331561148 86.3453801341546 71.4548623602078 86.0621707455228 86.3202690794079
87.9199887622108 88.9205124673424 90.2847852536588 87.4488406281281 83.4107842329724 85.4864490172097 82.0977779700964 77.5944545064845 83.2222041818708 84.2888798422065 73.2093361878076 79.7657356159223 84.3527331561148 0 81.1902457592883 82.7760355725621 85.5770404086581 82.5525221311318
91.1637009427332 91.3769599159453 91.7324344071134 90.8684304864118 87.5827009274052 87.6457956664753 87.5529400534949 85.2505360143668 83.9979256835207 88.8306757240111 84.0161576060675 79.2684262627964 86.3453801341546 81.1902457592883 0 84.6289949893373 79.9796622965764 67.9330371790942
90.1152402208497 91.9140004445941 93.2559936200367 89.5839959266364 88.7016252803801 90.239824990559 86.9818148487283 85.7613452311201 88.8707549940815 85.8939214659009 82.6179874241649 86.7554356592824 71.4548623602078 82.7760355725621 84.6289949893373 0 84.469985132245 84.5916601811258
92.7960665274058 93.3220405505014 93.7254982836361 92.4936594236437 90.4002382101653 90.6435497940177 90.0185255968003 88.4784017056437 88.2272808196744 90.4396763737266 87.0541944698827 85.6518503809952 86.0621707455228 85.5770404086581 79.9796622965764 84.469985132245 0 77.5803463896305
91.6549743718516 91.9332335297458 92.2699356390112 91.3608158529667 88.4193970634207 88.4944597996847 88.3001243947931 86.2402066734632 85.2092629587856 89.3305690360477 84.9383437488801 81.3176021151403 86.3202690794079 82.5525221311318 67.9330371790942 84.5916601811258 77.5803463896305 0
