0 83.3049294415307 87.8616638929845 71.0505757896518 81.3176021151403 86.7696515306304 82.7973419676385 81.8069354424815 87.9003423334457 87.0006960745015 87.7130152786816 89.3305690360477 87.0611011057071 90.2244779759935 91.1603972237937 88.5749955377406 89.9527406025847 92.9772020523388
83.3049294415307 0 80.2119042252309 81.1136705287218 69.546717201444 78.5962964327146 86.6323912855628 75.2970022018606 80.6560956231151 88.7309977908178 86.5382139537117 86.0036495782666 87.4570865748645 88.6848557252811 88.3390605802349 89.5479150899687 88.1067100146295 91.4116042276075
87.8616638929845 80.2119042252309 0 86.5698338578532 82.4247345007462 73.6033008406848 89.8178221382336 83.5547758127407 76.706750637792 91.032105534781 88.4718850830411 86.2331465384554 89.7388831451238 89.5407227977055 87.8461841608603 91.4591067204594 88.9180900111074 91.4162805560981
71.0505757896518 81.1136705287218 86.5698338578532 0 78.5210920458533 85.2287344421139 83.9925487547429 80.0415708322431 86.7956877693918 87.6202009537621 87.6071127450689 88.8239597375214 87.3152313572216 90.0607709142933 90.7342661421173 88.9969862103985 89.726256628232 92.7886899739228
81.3176021151403 69.546717201444 82.4247345007462 78.5210920458533 0 80.8776994407101 85.6186782742299 73.2478263495168 82.6002308959102 88.1432753994101 86.3902173587608 86.5304228410657 87.0141325830197 88.7898666110404 88.8409064585869 89.1272458135151 88.2692848912868 91.6359469985815
86.7696515306304 78.5962964327146 73.6033008406848 85.2287344421139 80.8776994407101 0 89.5326172058794 83.051870788883 80.5170152200493 91.0365710695442 88.9724420299244 87.5110249283942 89.9429093707259 90.276438055246 89.1272458135151 91.5985741078363 89.7311394078822 92.2305599791183
82.7973419676385 86.6323912855628 89.8178221382336 83.9925487547429 85.6186782742299 89.5326172058794 0 84.0534546255469 88.9021373091748 78.8285560079588 84.0022224385771 88.0635171402465 80.9302887188506 87.6019601377656 90.0174507434799 82.6046768387851 87.5424991364325 91.2430562275363
81.8069354424815 75.2970022018606 83.5547758127407 80.0415708322431 73.2478263495168 83.051870788883 84.0534546255469 0 82.3310992930275 86.6511008236815 84.2413823573747 84.9607879581046 85.0805247863448 87.2946545882058 87.7580108710713 87.6997459853423 86.7119314328091 90.6861507245123
87.9003423334457 80.6560956231151 76.706750637792 86.7956877693918 82.6002308959102 80.5170152200493 88.9021373091748 82.3310992930275 0 89.8556443655146 86.2867717037943 82.7114819424818 88.1341628747489 87.3511319091826 85.1097422091168 90.1633214488167 86.5304228410657 89.6675223265374
87.0006960745015 88.7309977908178 91.032105534781 87.6202009537621 88.1432753994101 91.0365710695442 78.8285560079588 86.6511008236815 89.8556443655146 0 82.4324470668276 87.7593671230427 76.5840769255055 85.8772204878356 89.4598947394621 73.9209422467254 86.137022406134 89.9573754039865
87.7130152786816 86.5382139537117 88.4718850830411 87.6071127450689 86.3902173587608 88.9724420299244 84.0022224385771 84.2413823573747 86.2867717037943 82.4324470668276 0 81.0505757896518 76.2389238659457 78.4599765983439 84.388242328153 81.8512064152267 78.0402758330119 86.3914562533118
89.3305690360477 86.0036495782666 86.2331465384554 88.8239597375214 86.5304228410657 87.5110249283942 88.0635171402465 84.9607879581046 82.7114819424818 87.7593671230427 81.0505757896518 0 84.9719667154197 80.1052437355394 76.7468837467999 87.4293764170868 78.0402758330119 84.7832850301513
87.0611011057071 87.4570865748645 89.7388831451238 87.3152313572216 87.0141325830197 89.9429093707259 80.9302887188506 85.0805247863448 88.1341628747489 76.5840769255055 76.2389238659457 84.9719667154197 0 82.5570171580838 87.2302909628742 76.5662657802988 82.764629276264 88.1963265663177
90.2244779759935 88.6848557252811 89.5407227977055 90.0607709142933 88.7898666110404 90.276438055246 87.6019601377656 87.2946545882058 87.3511319091826 85.8772204878356 78.4599765983439 80.1052437355394 82.5570171580838 0 81.3454034114811 84.5700464329907 66.625354376404 81.955651003641
91.1603972237937 88.3390605802349 87.8461841608603 90.7342661421173 88.8409064585869 89.1272458135151 90.0174507434799 87.7580108710713 85.1097422091168 89.4598947394621 84.388242328153 76.7468837467999 87.2302909628742 81.3454034114811 0 88.9187822793513 80.0708701724473 82.1177073885602
88.5749955377406 89.5479150899687 91.4591067204594 88.9969862103985 89.1272458135151 91.5985741078363 82.6046768387851 87.6997459853423 90.1633214488167 73.9209422467254 81.8512064152267 87.4293764170868 76.5662657802988 84.5700464329907 88.9187822793513 0 85.0930706154422 88.9038741397594
89.9527406025847 88.1067100146295 88.9180900111074 89.726256628232 88.2692848912868 89.7311394078822 87.5424991364325 86.7119314328091 86.5304228410657 86.137022406134 78.0402758330119 78.0402758330119 82.764629276264 66.625354376404 80.0708701724473 85.0930706154422 0 82.3687959765968
92.9772020523388 91.4116042276075 91.4162805560981 92.7886899739228 91.6359469985815 92.2305599791183 91.2430562275363 90.6861507245123 89.6675223265374 89.9573754039865 86.3914562533118 84.7832850301513 88.1963265663177 81.955651003641 82.1177073885602 88.9038741397594 82.3687959765968 0
