0 82.9518421166448 85.2190096129285 78.3666599593055 83.2067580073703 86.5840769255055 82.8550516930196 81.2310824007349 86.6998332832862 87.5827009274052 89.0891422958372 89.2840455167514 89.4082546144702 90.0867687069284 90.0367575193471 90.5225212556151 91.2298628720652 91.3295387552311
82.9518421166448 0 76.082168991845 86.8966456337874 77.2169957016613 83.1155436921792 87.9512393494775 84.2525454416864 84.8172353991213 90.4110519541959 90.2847852536588 88.2917353160497 91.4077034371004 90.4635080362083 89.5407227977055 92.8316380232556 92.3452739215203 91.7876699035995
85.2190096129285 76.082168991845 0 88.1498907012513 74.1758581374509 78.9949461517284 88.4193970634207 84.2169264795973 82.1441384770285 90.3649064204089 89.5923026751852 86.4394995309249 91.1307580933578 89.4439764069448 88.0550801394016 92.8222089198295 91.790708115362 90.9182931323142
78.3666599593055 86.8966456337874 88.1498907012513 0 86.4851991264278 88.522229786283 78.8986615628356 82.6722841132558 88.1979612496226 85.5447953106515 88.5343471744047 90.0244325396595 88.0402758330119 90.0026444706513 90.4598687984162 88.6848557252811 90.4966060430495 91.077818937736
83.2067580073703 77.2169957016613 74.1758581374509 86.4851991264278 0 77.8718063285063 86.5650757693805 80.9368178278012 80.2272956583012 88.9218961216174 88.2584189716943 85.5107920892135 89.8823411712714 88.3516992063071 87.1509420356761 91.7577103992525 90.788610269172 90.00991931245
86.5840769255055 83.1155436921792 78.9949461517284 88.522229786283 77.8718063285063 0 87.7647878994723 82.9037165430793 72.9023336598264 89.079480568117 87.2272264362371 81.6492564508544 89.574483003796 86.593546419187 84.3139343989393 91.8106716153098 89.9311372686323 88.5513302520412
82.8550516930196 87.9512393494775 88.4193970634207 78.8986615628356 86.5650757693805 87.7647878994723 0 80.497809241511 86.8861574238521 80.2807401307034 85.2698237358651 88.3410377916595 84.3368576261899 87.5529400534949 88.5663707686117 85.8939214659009 87.8568047770822 88.8030383870541
81.2310824007349 84.2525454416864 84.2169264795973 82.6722841132558 80.9368178278012 82.9037165430793 80.497809241511 0 81.7441879861927 84.5832154332189 84.9374781893717 85.2408599357581 86.4136961331341 86.2254314605081 86.2099600658387 88.8504100090108 88.3410377916595 88.1403780332094
86.6998332832862 84.8172353991213 82.1441384770285 88.1979612496226 80.2272956583012 72.9023336598264 86.8861574238521 81.7441879861927 0 87.9003423334457 85.3978222783945 78.6848557252811 88.3029171571633 84.6168963459942 82.0154368322127 90.9130482931694 88.6148957965558 87.0264575627073
87.5827009274052 90.4110519541959 90.3649064204089 85.5447953106515 88.9218961216174 89.079480568117 80.2807401307034 84.5832154332189 87.9003423334457 0 81.7079210128555 88.0983565886669 76.2581263061566 85.5107920892135 87.7143856530771 80.6560956231151 83.9110856031371 86.3547594729504
89.0891422958372 90.2847852536588 89.5923026751852 88.5343471744047 88.2584189716943 87.2272264362371 85.2698237358651 84.9374781893717 85.3978222783945 81.7079210128555 0 83.8090244763067 79.1551959618225 76.5662657802988 82.3452739215203 85.6511159690853 78.8461887760664 79.3002428506583
89.2840455167514 88.2917353160497 86.4394995309249 90.0244325396595 85.5107920892135 81.6492564508544 88.3410377916595 85.2408599357581 78.6848557252811 88.0983565886669 83.8090244763067 0 87.7357985898726 80.8843080316161 73.051870788883 90.715999260007 86.960135308793 83.9979256835207
89.4082546144702 91.4077034371004 91.1307580933578 88.0402758330119 89.8823411712714 89.574483003796 84.3368576261899 86.4136961331341 88.3029171571633 76.2581263061566 79.1551959618225 87.7357985898726 0 83.8045321616377 86.9164488363693 80.0814756595712 79.5317156500199 84.0279140776271
90.0867687069284 90.4635080362083 89.4439764069448 90.0026444706513 88.3516992063071 86.593546419187 87.5529400534949 86.2254314605081 84.6168963459942 85.5107920892135 76.5662657802988 80.8843080316161 83.8045321616377 0 77.3975598292249 88.1354066182023 81.0632682823266 74.8172353991213
90.0367575193471 89.5407227977055 88.0550801394016 90.4598687984162 87.1509420356761 84.3139343989393 88.5663707686117 86.2099600658387 82.0154368322127 87.7143856530771 82.3452739215203 73.051870788883 86.9164488363693 77.3975598292249 0 90.1749998756966 85.4304003347848 81.2856097434395
90.5225212556151 92.8316380232556 92.8222089198295 88.6848557252811 91.7577103992525 91.8106716153098 85.8939214659009 88.8504100090108 90.9130482931694 80.6560956231151 85.6511159690853 90.715999260007 80.0814756595712 88.1354066182023 90.1749998756966 0 84.7680103558923 88.0262711129043
91.2298628720652 92.3452739215203 91.790708115362 90.4966060430495 90.788610269172 89.9311372686323 87.8568047770822 88.3410377916595 88.6148957965558 83.9110856031371 78.8461887760664 86.960135308793 79.5317156500199 81.0632682823266 85.4304003347848 84.7680103558923 0 78.607465606858
91.3295387552311 91.7876699035995 90.9182931323142 91.077818937736 90.00991931245 88.5513302520412 88.8030383870541 88.1403780332094 87.0264575627073 86.3547594729504 79.3002428506583 83.9979256835207 84.0279140776271 74.8172353991213 81.2856097434395 88.0262711129043 78.607465606858 0
