0 76.3340981236618 87.2272264362371 84.2005457159281 84.8887294494561 86.6511008236815 83.4499763303665 86.5453933654346 89.9856222991348 89.8731826428412 90.8558194658239 92.2184344854741 90.6732294042875 91.286613080586 90.8684304864118 91.3432254546546 93.4261357682892 93.7683120660945
76.3340981236618 0 84.484421527208 84.5245899885005 81.8087149732661 84.3990346962979 83.1365622199274 85.4619687279401 88.6643528285041 90.0185255968003 89.9527406025847 91.3527212608936 90.5170152200493 90.623728012374 89.7314264593261 91.1916815452477 93.0337932926337 93.193456085903
87.2272264362371 84.484421527208 0 87.1227714840238 77.3630331127546 77.7917907521781 85.7620612388407 84.3527331561148 83.6687149094864 90.3375311690272 86.8299750935361 88.1054580245707 89.9856222991348 88.3819610138378 85.435034457386 90.5672672877681 91.4789230578666 90.9893449390639
84.2005457159281 84.5245899885005 87.1227714840238 0 83.7365837901601 84.2169264795973 70.4857622301273 79.4589779583689 86.8982993539898 83.555965823659 87.0205673709395 89.1940264119802 85.1329754427702 87.0949437788996 87.8007545217567 86.3547594729504 90.0101885171499 90.8611338332671
84.8887294494561 81.8087149732661 77.3630331127546 83.7365837901601 0 72.7760355725621 81.6270513160605 80.3733330693944 83.4972683928071 88.5176770351167 86.0621707455228 87.9831253858179 88.405396333691 87.4034512316464 85.372052683946 89.1767750439405 90.8204465670371 90.715999260007
86.6511008236815 84.3990346962979 77.7917907521781 84.2169264795973 72.7760355725621 0 82.420100378145 78.940188044825 80.5098229277861 88.0105149591016 84.0661687936488 86.3397427924283 87.5605177126806 85.8604550374417 83.051870788883 88.3441994587891 89.8231652250966 89.5839959266364
83.4499763303665 83.1365622199274 85.7620612388407 70.4857622301273 81.6270513160605 82.420100378145 0 77.6131943190306 86.0621707455228 84.7904545651168 86.6024053564106 88.8451328264355 85.7863355292019 86.9666505416474 87.1716919309492 86.9296009821506 90.1343796747967 90.7807273125844
86.5453933654346 85.4619687279401 84.3527331561148 79.4589779583689 80.3733330693944 78.940188044825 77.6131943190306 0 82.0977779700964 84.2969130372258 82.8662232614152 86.082168991845 84.0534546255469 83.778610784351 83.6814491297281 85.3287606235951 88.3311427205777 88.8058810936318
89.9856222991348 88.6643528285041 83.6687149094864 86.8982993539898 83.4972683928071 80.5098229277861 86.0621707455228 82.0977779700964 0 87.7783103125321 77.0764687502886 80.2807401307034 86.3340981236618 81.5597464763509 71.1963957883817 86.8966456337874 87.1138650255161 86.1053844833492
89.8731826428412 90.0185255968003 90.3375311690272 83.555965823659 88.5176770351167 88.0105149591016 84.7904545651168 84.2969130372258 87.7783103125321 0 86.1027375566672 88.127108259283 75.7863355292019 84.6401331313322 87.8990294060959 78.0062467083217 86.4339831229612 88.6463330476976
90.8558194658239 89.9527406025847 86.8299750935361 87.0205673709395 86.0621707455228 84.0661687936488 86.6024053564106 82.8662232614152 77.0764687502886 86.1027375566672 0 76.1020755728508 83.6952985535903 73.8658978492988 74.4166372889035 84.1406420790363 83.8681130724119 83.091775616211
92.2184344854741 91.3527212608936 88.1054580245707 89.1940264119802 87.9831253858179 86.3397427924283 88.8451328264355 86.082168991845 80.2807401307034 88.127108259283 76.1020755728508 0 86.0009398949349 78.5776170713634 76.5840769255055 86.0380506567595 83.4107842329724 80.1445703986413
90.6732294042875 90.5170152200493 89.9856222991348 85.1329754427702 88.405396333691 87.5605177126806 85.7863355292019 84.0534546255469 86.3340981236618 75.7863355292019 83.6952985535903 86.0009398949349 0 81.1902457592883 86.1677794707972 68.7608908822587 83.5404701896413 86.4044433532283
91.286613080586 90.623728012374 88.3819610138378 87.0949437788996 87.4034512316464 85.8604550374417 86.9666505416474 83.778610784351 81.5597464763509 84.6401331313322 73.8658978492988 78.5776170713634 81.1902457592883 0 80.1052437355394 81.3887347396581 81.1011246996244 81.8069354424815
90.8684304864118 89.7314264593261 85.435034457386 87.8007545217567 85.372052683946 83.051870788883 87.1716919309492 83.6814491297281 71.1963957883817 87.8990294060959 74.4166372889035 76.5840769255055 86.1677794707972 80.1052437355394 0 86.5716167979339 86.0090638782592 84.4892230145064
91.3432254546546 91.1916815452477 90.5672672877681 86.3547594729504 89.1767750439405 88.3441994587891 86.9296009821506 85.3287606235951 86.8966456337874 78.0062467083217 84.1406420790363 86.0380506567595 68.7608908822587 81.3887347396581 86.5716167979339 0 82.3200425081016 85.8625542615955
93.4261357682892 93.0337932926337 91.4789230578666 90.0101885171499 90.8204465670371 89.8231652250966 90.1343796747967 88.3311427205777 87.1138650255161 86.4339831229612 83.8681130724119 83.4107842329724 83.5404701896413 81.1011246996244 86.0090638782592 82.3200425081016 0 78.3390605802349
93.7683120660945 93.193456085903 90.9893449390639 90.8611338332671 90.715999260007 89.5839959266364 90.7807273125844 88.8058810936318 86.1053844833492 88.6463330476976 83.091775616211 80.1445703986413 86.4044433532283 81.8069354424815 84.4892230145064 85.8625542615955 78.3390605802349 0
