0 80.3930962198545 89.2970716604341 81.0505757896518 85.1338029067756 87.5827009274052 84.575695180571 86.0621707455228 89.726256628232 86.6376614949834 85.7563298690626 90.6711491730883 86.8428331489911 90.6877631897884 91.0047872994977 91.1678270603958 89.8823411712714 91.8952050620039
80.3930962198545 0 85.5971656502182 80.6374962592738 81.4683527698718 82.7916704750675 83.381156296672 82.3578348697387 87.1519818883852 88.0702549596048 84.0608757462916 88.8493550853623 88.2000037388758 90.4888976692798 90.0455778552729 91.9021758027469 89.8812320747146 91.1842924412635
89.2970716604341 85.5971656502182 0 87.2537141011014 83.7228656061221 74.4166372889035 86.7651075126181 82.6135550936366 81.3926525972256 90.967805715133 86.0728479354589 85.3184645883821 90.9955713843154 90.718058124033 88.7941429171074 93.2012097312256 90.625597453272 90.1375178297974
81.0505757896518 80.6374962592738 87.2537141011014 0 78.5663707686117 85.3532146504956 75.042668369047 80.6047544631244 86.4198537193337 83.3550650034345 78.2511598923979 87.3901843196928 83.555965823659 87.5067152634095 87.6850568016727 89.1285651557654 86.4730595103641 88.9864355771471
85.1338029067756 81.4683527698718 83.7228656061221 78.5663707686117 0 81.3295387552311 76.2899428940185 67.0178873678807 82.0777566753872 86.0728479354589 74.9659509602808 84.2495038086784 86.1396485255302 87.2272264362371 86.0393941818496 90.0415708322431 86.6136007973246 87.8168428313143
87.5827009274052 82.7916704750675 74.4166372889035 85.3532146504956 81.3295387552311 0 85.1831644325058 80.2604578063016 82.2867022452208 90.0287234574536 84.6140995584215 85.840110052371 90.0764412822916 90.3629213010421 88.7623263292455 92.7048287469995 90.1241649821559 90.1450923558343
84.575695180571 83.381156296672 86.7651075126181 75.042668369047 76.2899428940185 85.1831644325058 0 78.3784347830183 84.598216984643 82.6708255255615 69.0724707021626 85.280235595651 82.7674836600796 85.4496766417041 85.3783139138199 88.1963265663177 84.3249127784517 87.0589771566153
86.0621707455228 82.3578348697387 82.6135550936366 80.6047544631244 67.0178873678807 80.2604578063016 78.3784347830183 0 80.4761005024071 86.7849525851627 76.5662657802988 83.3049294415307 86.8316543916761 87.3227351513231 85.7326076915633 90.3367821486765 86.8456233481356 87.6071127450689
89.726256628232 87.1519818883852 81.3926525972256 86.4198537193337 82.0777566753872 82.2867022452208 84.598216984643 80.4761005024071 0 89.230258266053 83.1155436921792 76.5840769255055 89.213150504854 87.5277441998453 84.0830633243401 91.2503461072488 87.6592305696904 86.2331465384554
86.6376614949834 88.0702549596048 90.967805715133 83.3550650034345 86.0728479354589 90.0287234574536 82.6708255255615 86.7849525851627 89.230258266053 0 83.7228656061221 88.8986615628356 54.9227372224544 84.3279020717801 87.1561388112382 83.3513248469073 82.1883793840769 87.8007545217567
85.7563298690626 84.0608757462916 86.0728479354589 78.2511598923979 74.9659509602808 84.6140995584215 69.0724707021626 76.5662657802988 83.1155436921792 83.7228656061221 0 83.8224736064944 83.760486836007 84.9616488848235 84.2525454416864 88.372551361727 84.0279140776271 86.2408479351578
90.6711491730883 88.8493550853623 85.3184645883821 87.3901843196928 84.2495038086784 85.840110052371 85.280235595651 83.3049294415307 76.5840769255055 88.8986615628356 83.8224736064944 0 88.8409064585869 85.604595839916 80.0814756595712 90.3094797554861 86.1350517739506 83.051870788883
86.8428331489911 88.2000037388758 90.9955713843154 83.555965823659 86.1396485255302 90.0764412822916 82.7674836600796 86.8316543916761 89.213150504854 54.9227372224544 83.760486836007 88.8409064585869 0 84.0661687936488 87.0205673709395 83.050534292544 81.8512064152267 87.6481149962068
90.6877631897884 90.4888976692798 90.718058124033 87.5067152634095 87.2272264362371 90.3629213010421 85.4496766417041 87.3227351513231 87.5277441998453 84.3279020717801 84.9616488848235 85.604595839916 84.0661687936488 0 79.7342959307347 83.051870788883 71.1136705287218 79.0724707021626
91.0047872994977 90.0455778552729 88.7941429171074 87.6850568016727 86.0393941818496 88.7623263292455 85.3783139138199 85.7326076915633 84.0830633243401 87.1561388112382 84.2525454416864 80.0814756595712 87.0205673709395 79.7342959307347 0 87.5652470443241 81.5313920024931 73.5201228844259
91.1678270603958 91.9021758027469 93.2012097312256 89.1285651557654 90.0415708322431 92.7048287469995 88.1963265663177 90.3367821486765 91.2503461072488 83.3513248469073 88.372551361727 90.3094797554861 83.050534292544 83.051870788883 87.5652470443241 0 81.9504880014648 87.1143894407578
89.8823411712714 89.8812320747146 90.625597453272 86.4730595103641 86.6136007973246 90.1241649821559 84.3249127784517 86.8456233481356 87.6592305696904 82.1883793840769 84.0279140776271 86.1350517739506 81.8512064152267 71.1136705287218 81.5313920024931 81.9504880014648 0 81.7423818124012
91.8952050620039 91.1842924412635 90.1375178297974 88.9864355771471 87.8168428313143 90.1450923558343 87.0589771566153 87.6071127450689 86.2331465384554 87.8007545217567 86.2408479351578 83.051870788883 87.6481149962068 79.0724707021626 73.5201228844259 87.1143894407578 81.7423818124012 0
