0 80.8843080316161 87.1138650255161 77.7738075181225 82.0323684124072 86.8193244329465 83.4984742639294 79.3475349130989 87.9438809920164 86.9639370490137 84.7608036422386 88.6914254388411 89.0764777251924 89.9850808185757 90.6676799053077 91.6581068127232 91.7060996897762 90.9962149901385
80.8843080316161 0 81.4741215705682 83.6256055123803 71.3769599159453 81.9141740963992 86.6563483913967 80.4857622301273 87.5186760113139 89.0068330071387 85.891837352535 88.3315389565909 90.9270204797757 90.9313775855528 90.8220099423199 92.9300454380663 92.598302906306 91.3104243514329
87.1138650255161 81.4741215705682 0 87.9334714518628 80.2604578063016 74.8615063718665 89.4452029676588 85.4304003347848 87.8673994840703 90.8893678164418 87.989131632697 88.522229786283 92.4968493589474 91.8868253773157 91.1004964558035 93.9952380512677 93.3847470936021 91.6900390249741
77.7738075181225 83.6256055123803 87.9334714518628 0 83.4107842329724 87.0125223952169 77.2272264362371 76.3653649600743 85.6540528718643 83.2834453116058 80.4004842763326 86.5304228410657 86.4284596991444 87.5652470443241 88.6760806191086 89.7383100082283 89.7571837034398 89.012256180957
82.0323684124072 71.3769599159453 80.2604578063016 83.4107842329724 0 79.5287091114304 86.1468621765672 79.115684439989 86.2022036509434 88.4599765983439 84.7680103558923 87.1311373807962 90.5227604901881 90.2807401307034 89.9850808185757 92.5347964142745 92.0737413166122 90.5492339445736
86.8193244329465 81.9141740963992 74.8615063718665 87.0125223952169 79.5287091114304 0 88.3311427205777 84.0065149467783 85.7354900177477 89.7634567520006 86.3070274225144 86.5364172448041 91.5537130363682 90.6843071736753 89.6648998632169 93.1223858777607 92.3687959765968 90.3646583301047
83.4984742639294 86.6563483913967 89.4452029676588 77.2272264362371 86.1468621765672 88.3311427205777 0 81.0314672262549 84.348769710876 77.3082160992677 77.5186760113139 85.1014144120895 82.8100758107315 84.6595564074942 86.7889107409908 87.3975598292249 87.4802850888848 87.011985533257
79.3475349130989 80.4857622301273 85.4304003347848 76.3653649600743 79.115684439989 84.0065149467783 81.0314672262549 0 84.0075874112409 84.9374781893717 79.546717201444 85.1831644325058 87.8492845244343 87.9317341001769 88.2272808196744 90.5615806332561 90.1822506349345 88.7666298257024
87.9438809920164 87.5186760113139 87.8673994840703 85.6540528718643 86.2022036509434 85.7354900177477 84.348769710876 84.0075874112409 0 84.2646907159332 79.2684262627964 67.4269372455433 86.8701001097413 83.8179951891663 81.0738170968863 88.7309977908178 87.0419480655395 82.7417264159659
86.9639370490137 89.0068330071387 90.8893678164418 83.2834453116058 88.4599765983439 89.7634567520006 77.3082160992677 84.9374781893717 84.2646907159332 0 80.1052437355394 84.5719301653208 77.0711757029314 80.4857622301273 84.8615063718665 84.2005457159281 84.3517426338573 84.7499710991399
84.7608036422386 85.891837352535 87.989131632697 80.4004842763326 84.7680103558923 86.3070274225144 77.5186760113139 79.546717201444 79.2684262627964 80.1052437355394 0 80.8043333862853 84.6844022237742 83.8090244763067 84.535049192901 88.0160574212142 87.213409243163 85.2068228736091
88.6914254388411 88.3315389565909 88.522229786283 86.5304228410657 87.1311373807962 86.5364172448041 85.1014144120895 85.1831644325058 67.4269372455433 84.5719301653208 80.8043333862853 0 86.8806271228131 83.2631274040491 79.3002428506583 88.47226868458 86.5184091547906 81.4063373322637
89.0764777251924 90.9270204797757 92.4968493589474 86.4284596991444 90.5227604901881 91.5537130363682 82.8100758107315 87.8492845244343 86.8701001097413 77.0711757029314 84.6844022237742 86.8806271228131 0 80.4372372021832 85.9029410845511 79.9796622965764 82.3358293114501 85.3374536285919
89.9850808185757 90.9313775855528 91.8868253773157 87.5652470443241 90.2807401307034 90.6843071736753 84.6595564074942 87.9317341001769 83.8179951891663 80.4857622301273 83.8090244763067 83.2631274040491 80.4372372021832 0 79.546717201444 81.5766707252515 77.4947214838478 78.0402758330119
90.6676799053077 90.8220099423199 91.1004964558035 88.6760806191086 89.9850808185757 89.6648998632169 86.7889107409908 88.2272808196744 81.0738170968863 84.8615063718665 84.535049192901 79.3002428506583 85.9029410845511 79.546717201444 0 86.2810577195812 82.764629276264 68.9021373091748
91.6581068127232 92.9300454380663 93.9952380512677 89.7383100082283 92.5347964142745 93.1223858777607 87.3975598292249 90.5615806332561 88.7309977908178 84.2005457159281 88.0160574212142 88.47226868458 79.9796622965764 81.5766707252515 86.2810577195812 0 77.8718063285063 85.2416670995592
91.7060996897762 92.598302906306 93.3847470936021 89.7571837034398 92.0737413166122 92.3687959765968 87.4802850888848 90.1822506349345 87.0419480655395 84.3517426338573 87.213409243163 86.5184091547906 82.3358293114501 77.4947214838478 82.764629276264 77.8718063285063 0 80.9368178278012
90.9962149901385 91.3104243514329 91.6900390249741 89.012256180957 90.5492339445736 90.3646583301047 87.011985533257 88.7666298257024 82.7417264159659 84.7499710991399 85.2068228736091 81.4063373322637 85.3374536285919 78.0402758330119 68.9021373091748 85.2416670995592 80.9368178278012 0
