0 82.3687959765968 83.947117784441 84.0022224385771 83.2028878646942 85.7376505077114 81.7441879861927 86.137022406134 88.8986615628356 89.2263907082591 88.7698546518372 91.7990968329191 91.0533289793496 89.735729955783 90.843616123437 92.5091314937798 91.0028600046079 93.5502507951088
82.3687959765968 0 77.650433087972 86.5111849588043 74.2066957450215 75.891837352535 83.6009463029101 82.4692779150087 83.7228656061221 89.113037513307 84.1323142820089 88.8394967548274 89.4839672543982 86.3453801341546 87.1784143568491 91.4789230578666 88.9522255158984 91.4565991907925
83.947117784441 77.650433087972 0 88.8380865933347 82.0911144554496 79.7571837034398 86.7939945034717 86.3397427924283 85.6942351696241 91.1603972237937 86.6235933661133 90.2196067601836 91.3708637257895 88.5749955377406 88.6223132959149 93.0347324962994 90.8542682162229 92.6108935223864
84.0022224385771 86.5111849588043 88.8380865933347 0 85.0930706154422 88.1254466830527 75.6562542463234 84.4166372889035 89.432921744009 83.3513248469073 88.5776170713634 91.1163840213556 88.1778938560859 88.5933131285828 90.6581830756037 89.5923026751852 88.7309977908178 92.4307514770703
83.2028878646942 74.2066957450215 82.0911144554496 85.0930706154422 0 77.5186760113139 81.557861926606 78.2753097867997 82.7114819424818 87.4802850888848 82.2787262194362 87.7940334296455 87.8858782559868 84.4786527265116 86.191840168456 90.2142164204627 87.334714319435 90.5435236125365
85.7376505077114 75.891837352535 79.7571837034398 88.1254466830527 77.5186760113139 0 85.7813489603389 82.4616305370527 79.8026005337483 89.5637559991324 81.3828513183668 87.1530214921769 89.0513729605827 84.7391114690121 84.8615063718665 91.2066265229575 88.2106092259997 90.3693696241556
81.7441879861927 83.6009463029101 86.7939945034717 75.6562542463234 81.557861926606 85.7813489603389 0 81.6065963893544 87.6813767295796 84.4632316900903 86.804707388042 90.0827995263149 87.8007545217567 87.2016042685911 89.3622477542504 89.6628590741529 88.0398521104086 91.8042647783701
86.137022406134 82.4692779150087 86.3397427924283 84.4166372889035 78.2753097867997 82.4616305370527 81.6065963893544 0 82.5942958832762 84.5832154332189 80.2119042252309 85.9846461950885 84.4166372889035 80.8110544783965 84.8641483337156 87.6813767295796 83.7910272692242 88.7984150166263
88.8986615628356 83.7228656061221 85.6942351696241 89.432921744009 82.7114819424818 79.8026005337483 87.6813767295796 82.5942958832762 0 89.3434565884847 73.051870788883 82.4324470668276 87.28054592573 80.0735239732136 77.7738075181225 89.8329905787374 85.7735013371753 87.491838041348
89.2263907082591 89.113037513307 91.1603972237937 83.3513248469073 87.4802850888848 89.5637559991324 84.4632316900903 84.5832154332189 89.3434565884847 0 88.002829084837 89.4757549390252 82.8662232614152 86.8249332995649 89.6605255689216 84.1208374241563 84.8074349245531 90.1542164666764
88.7698546518372 84.1323142820089 86.6235933661133 88.5776170713634 82.2787262194362 81.3828513183668 86.804707388042 80.2119042252309 73.051870788883 88.002829084837 0 81.3036344422995 85.4304003347848 75.4304003347848 77.6131943190306 88.5070353517548 83.6115316848253 86.6071227443221
91.7990968329191 88.8394967548274 90.2196067601836 91.1163840213556 87.7940334296455 87.1530214921769 90.0827995263149 85.9846461950885 82.4324470668276 89.4757549390252 81.3036344422995 0 85.1470209343093 79.1551959618225 75.3681348263785 87.7130152786816 82.6342007106042 80.4857622301273
91.0533289793496 89.4839672543982 91.3708637257895 88.1778938560859 87.8858782559868 89.0513729605827 87.8007545217567 84.4166372889035 87.28054592573 82.8662232614152 85.4304003347848 85.1470209343093 0 82.420100378145 86.3547594729504 78.0908247429846 73.1574795141574 85.2930160200121
89.735729955783 86.3453801341546 88.5749955377406 88.5933131285828 84.4786527265116 84.7391114690121 87.2016042685911 80.8110544783965 80.0735239732136 86.8249332995649 75.4304003347848 79.1551959618225 82.420100378145 0 78.5663707686117 86.4413367775795 79.4221471101878 84.5841545498447
90.843616123437 87.1784143568491 88.6223132959149 90.6581830756037 86.191840168456 84.8615063718665 89.3622477542504 84.8641483337156 77.7738075181225 89.6605255689216 77.6131943190306 75.3681348263785 86.3547594729504 78.5663707686117 0 88.9298435901867 84.2898848045664 84.3139343989393
92.5091314937798 91.4789230578666 93.0347324962994 89.5923026751852 90.2142164204627 91.2066265229575 89.6628590741529 87.6813767295796 89.8329905787374 84.1208374241563 88.5070353517548 87.7130152786816 78.0908247429846 86.4413367775795 88.9298435901867 0 81.3769599159453 86.5507701462811
91.0028600046079 88.9522255158984 90.8542682162229 88.7309977908178 87.334714319435 88.2106092259997 88.0398521104086 83.7910272692242 85.7735013371753 84.8074349245531 83.6115316848253 82.6342007106042 73.1574795141574 79.4221471101878 84.2898848045664 81.3769599159453 0 83.4960621867671
93.5502507951088 91.4565991907925 92.6108935223864 92.4307514770703 90.5435236125365 90.3693696241556 91.8042647783701 88.7984150166263 87.491838041348 90.1542164666764 86.6071227443221 80.4857622301273 85.2930160200121 84.5841545498447 84.3139343989393 86.5507701462811 83.4960621867671 0
