0 74.4166372889035 86.4284596991444 79.7314264593261 78.1573208909491 87.4098245784636 81.0505757896518 84.6280655201376 86.6580961725535 87.9869874979613 88.1815866621444 89.0567408343525 89.8296243895863 88.4691989231381 89.8352332562048 89.2849999751602 89.4888264938635 90.943337135734
74.4166372889035 0 84.1458388545984 83.0411672842192 77.2272264362371 85.5673171147236 82.5344953540117 84.3328796595101 84.4195641304064 88.6230543495502 87.4454406823376 87.8461841608603 90.1956842980511 88.5267777697538 88.9038741397594 89.7368768349918 89.2160603507377 90.5062223100706
86.4284596991444 84.1458388545984 0 89.6312504677156 86.5858540290503 85.1798910614678 89.113037513307 88.9724420299244 82.9845369622933 92.2564755919015 89.6838043908563 88.2933344856596 93.1176501284126 91.6181373750488 89.7170505944318 92.8751398713875 91.561630208681 92.0262806451349
79.7314264593261 83.0411672842192 89.6312504677156 0 81.1881938127257 89.1735123701945 77.2425274907694 84.0321812799542 88.9343292126923 85.1626652685191 88.2511598923979 89.9742370056535 87.815504412848 87.0227101832781 90.3397774552973 87.0269926387653 88.7698546518372 90.6339999932975
78.1573208909491 77.2272264362371 86.5858540290503 81.1881938127257 0 84.7832850301513 77.2425274907694 79.4098004215052 84.3724963065749 86.0487872378001 84.8913549073611 86.4309154214711 88.0160574212142 85.7756430047551 87.3107228495936 87.4488406281281 86.8545399581078 88.6917901316925
87.4098245784636 85.5673171147236 85.1798910614678 89.1735123701945 84.7832850301513 0 87.2501578496618 84.7027153220418 72.1654959184623 89.6922122441951 83.0411672842192 77.8718063285063 90.276438055246 87.7832580001896 81.9280437922403 90.1343796747967 86.8545399581078 87.0205673709395
81.0505757896518 82.5344953540117 89.113037513307 77.2425274907694 77.2425274907694 87.2501578496618 0 78.7320818557614 87.250666063906 82.8255888627868 85.3908093579918 87.8863172698683 85.9029410845511 84.0438945132429 88.2293095695683 85.0274329204183 86.1924886111327 88.5663707686117
84.6280655201376 84.3328796595101 88.9724420299244 84.0321812799542 79.4098004215052 84.7027153220418 78.7320818557614 0 85.3649979935812 82.688296329487 79.966086340479 84.5916601811258 84.7054556385607 80.3134982103822 84.7814907955383 84.1114246562642 82.1292907879716 85.3649979935812
86.6580961725535 84.4195641304064 82.9845369622933 88.9343292126923 84.3724963065749 72.1654959184623 87.250666063906 85.3649979935812 0 90.1458751740211 84.8358842042205 81.4990315363439 90.867104733722 88.6200893760136 84.3596604935146 90.6792333700066 88.0309443726372 88.375297950221
87.9869874979613 88.6230543495502 92.2564755919015 85.1626652685191 86.0487872378001 89.6922122441951 82.8255888627868 82.688296329487 90.1458751740211 0 85.6942351696241 89.1136993962343 76.3152293981705 78.940188044825 88.6639858242517 72.7760355725621 83.6952985535903 86.975322342495
88.1815866621444 87.4454406823376 89.6838043908563 88.2511598923979 84.8913549073611 83.0411672842192 85.3908093579918 79.966086340479 84.8358842042205 85.6942351696241 0 79.6356543330438 85.8182560513189 81.1157579812105 78.0402758330119 85.8182560513189 77.8673994840703 80.0308673275794
89.0567408343525 87.8461841608603 88.2933344856596 89.9742370056535 86.4309154214711 77.8718063285063 87.8863172698683 84.5916601811258 81.4990315363439 89.1136993962343 79.6356543330438 0 89.2853180813548 86.4266169957072 73.555965823659 89.2802255840982 84.4892230145064 83.7593515739906
89.8296243895863 90.1956842980511 93.1176501284126 87.815504412848 88.0160574212142 90.276438055246 85.9029410845511 84.7054556385607 90.867104733722 76.3152293981705 85.8182560513189 89.2853180813548 0 78.3073021585004 88.5188156704265 66.9639370490137 82.4784370287424 85.7749292329038
88.4691989231381 88.5267777697538 91.6181373750488 87.0227101832781 85.7756430047551 87.7832580001896 84.0438945132429 80.3134982103822 88.6200893760136 78.940188044825 81.1157579812105 86.4266169957072 78.3073021585004 0 85.4841598430449 78.2753097867997 76.2196361444474 82.6488877209461
89.8352332562048 88.9038741397594 89.7170505944318 90.3397774552973 87.3107228495936 81.9280437922403 88.2293095695683 84.7814907955383 84.3596604935146 88.6639858242517 78.0402758330119 73.555965823659 88.5188156704265 85.4841598430449 0 88.6208308091898 82.6751998198568 80.7841074747623
89.2849999751602 89.7368768349918 92.8751398713875 87.0269926387653 87.4488406281281 90.1343796747967 85.0274329204183 84.1114246562642 90.6792333700066 72.7760355725621 85.8182560513189 89.2802255840982 66.9639370490137 78.2753097867997 88.6208308091898 0 82.9188992672694 86.2504555155506
89.4888264938635 89.2160603507377 91.561630208681 88.7698546518372 86.8545399581078 86.8545399581078 86.1924886111327 82.1292907879716 88.0309443726372 83.6952985535903 77.8673994840703 84.4892230145064 82.4784370287424 76.2196361444474 82.6751998198568 82.9188992672694 0 77.0711757029314
90.943337135734 90.5062223100706 92.0262806451349 90.6339999932975 88.6917901316925 87.0205673709395 88.5663707686117 85.3649979935812 88.375297950221 86.975322342495 80.0308673275794 83.7593515739906 85.7749292329038 82.6488877209461 80.7841074747623 86.2504555155506 77.0711757029314 0
