0 86.9557863838392 88.939499180549 76.8817337465467 84.3764381673574 89.67130753563 87.0589771566153 85.9948369189331 89.9201577536982 88.6639858242517 90.8318240069984 91.2147937934774 90.3886573456538 92.5570171580838 93.1478177864372 93.5850196962509 92.1812004218877 93.0919080210469
86.9557863838392 0 76.8817337465467 85.9195436335469 83.4960621867671 83.9154690956304 87.3062096567191 83.6860705133182 84.8992217714165 90.7732816823207 89.6032551369968 88.5115992665131 91.7251855928805 91.4596851756052 91.8959026397782 94.171523345808 91.1004964558035 91.9817162959901
88.939499180549 76.8817337465467 0 87.683217155423 84.469985132245 80.6047544631244 87.274485297019 83.8481352690408 82.0861101013499 90.8999084168182 88.6976210562157 86.9257690522703 91.6270513160605 90.5527990930723 90.9281101660991 93.8615749115638 90.2036731025225 91.0702333740451
76.8817337465467 85.9195436335469 87.683217155423 0 80.1288824412368 87.8492845244343 83.8414555269102 82.6002308959102 88.0702549596048 86.5268222233502 88.8868231746949 89.432921744009 88.6108107654274 90.9962149901385 91.6982592851353 92.37535938623 90.5444758561009 91.6326132525547
84.3764381673574 83.4960621867671 84.469985132245 80.1288824412368 0 83.3550650034345 79.1123755294906 70.6047544631244 83.6442999499373 85.8737330189105 85.8358888194266 85.9846461950885 87.6202009537621 88.7555037265309 89.5721015136717 91.4821850396809 88.1799458026485 89.5556933220744
89.67130753563 83.9154690956304 80.6047544631244 87.8492845244343 83.3550650034345 0 84.4351407256978 81.3926525972256 65.9948369189331 89.0230822545081 84.6401331313322 81.1963957883817 89.546717201444 87.2628453983262 87.7738075181225 91.9616667587798 86.7787253282775 87.9852714276756
87.0589771566153 87.3062096567191 87.274485297019 83.8414555269102 79.1123755294906 84.4351407256978 0 77.9719488414633 84.0956912319113 81.5879170280032 81.8388559645986 83.9979256835207 83.7411469057037 85.9819246253181 87.2093068035438 89.0918038217787 85.1601988539792 87.0849242308258
85.9948369189331 83.6860705133182 83.8481352690408 82.6002308959102 70.6047544631244 81.3926525972256 77.9719488414633 0 81.6065963893544 85.8576544925637 84.5121965473938 84.3931512750066 87.3471575828297 87.8168428313143 88.6819326595009 91.1355388979585 87.1861580940907 88.6903311765032
89.9201577536982 84.8992217714165 82.0861101013499 88.0702549596048 83.6442999499373 65.9948369189331 84.0956912319113 81.6065963893544 0 88.7266588230247 83.6814491297281 79.5407227977055 89.1663258483577 86.4930717190664 87.0371465782411 91.5768584024763 85.9744315024477 87.2704401740636
88.6639858242517 90.7732816823207 90.8999084168182 86.5268222233502 85.8737330189105 89.0230822545081 81.5879170280032 85.8576544925637 88.7266588230247 0 84.7327641218684 87.6351107671628 75.6635841127368 86.8075221815937 87.9955576927879 86.3353531286753 86.2022036509434 87.6726240401613
90.8318240069984 89.6032551369968 88.6976210562157 88.8868231746949 85.8358888194266 84.6401331313322 81.8388559645986 84.5121965473938 83.6814491297281 84.7327641218684 0 77.8673994840703 84.0022224385771 77.8673994840703 80.5456658670191 87.1112419990312 75.6635841127368 80.4078597858648
91.2147937934774 88.5115992665131 86.9257690522703 89.432921744009 85.9846461950885 81.1963957883817 83.9979256835207 84.3931512750066 79.5407227977055 87.6351107671628 77.8673994840703 0 87.4269372455433 81.4548623602078 82.2787262194362 89.5145504330212 80.6792333700066 82.6999046085507
90.3886573456538 91.7251855928805 91.6270513160605 88.6108107654274 87.6202009537621 89.546717201444 83.7411469057037 87.3471575828297 89.1663258483577 75.6635841127368 84.0022224385771 87.4269372455433 0 85.2970022018606 86.6136007973246 83.3550650034345 84.7327641218684 86.1553719814826
92.5570171580838 91.4596851756052 90.5527990930723 90.9962149901385 88.7555037265309 87.2628453983262 85.9819246253181 87.8168428313143 86.4930717190664 86.8075221815937 77.8673994840703 81.4548623602078 85.2970022018606 0 70.237526392877 85.7527439182197 65.0930706154422 68.6148957965558
93.1478177864372 91.8959026397782 90.9281101660991 91.6982592851353 89.5721015136717 87.7738075181225 87.2093068035438 88.6819326595009 87.0371465782411 87.9955576927879 80.5456658670191 82.2787262194362 86.6136007973246 70.237526392877 0 86.3397427924283 73.88799939735 62.5570171580838
93.5850196962509 94.171523345808 93.8615749115638 92.37535938623 91.4821850396809 91.9616667587798 89.0918038217787 91.1355388979585 91.5768584024763 86.3353531286753 87.1112419990312 89.5145504330212 83.3550650034345 85.7527439182197 86.3397427924283 0 85.8379999487653 85.7634929002411
92.1812004218877 91.1004964558035 90.2036731025225 90.5444758561009 88.1799458026485 86.7787253282775 85.1601988539792 87.1861580940907 85.9744315024477 86.2022036509434 75.6635841127368 80.6792333700066 84.7327641218684 65.0930706154422 73.88799939735 85.8379999487653 0 73.051870788883
93.0919080210469 91.9817162959901 91.0702333740451 91.6326132525547 89.5556933220744 87.9852714276756 87.0849242308258 88.6903311765032 87.2704401740636 87.6726240401613 80.4078597858648 82.6999046085507 86.1553719814826 68.6148957965558 62.5570171580838 85.7634929002411 73.051870788883 0
