0 87.3901843196928 87.0520671395345 82.3073716170739 86.3171199640361 87.21135850776 75.891837352535 85.2970022018606 88.47226868458 87.6131943190306 87.7089015591327 89.0924689484848 88.0402758330119 89.4589779583689 91.4529317334505 91.7749578758006 92.4052378688933 93.014022950875
87.3901843196928 0 68.9021373091748 85.8295492670283 73.6150544197642 81.7819451443998 87.5110249283942 83.5500125056341 83.2644000618806 89.6029594873953 86.1651703119209 86.1133155976868 90.0402343359042 88.8409064585869 89.7437517573204 93.5392759245935 92.6642558120015 92.3542273165458
87.0520671395345 68.9021373091748 0 84.7761036398105 67.2272264362371 79.5556933220744 86.9164488363693 81.8670341320252 81.5313920024931 88.8030383870541 84.8852263681457 84.8667886893461 89.2792700757186 87.9199887622108 88.9649146676036 93.0311087338593 92.0827706588024 91.7701139422151
82.3073716170739 85.8295492670283 84.7761036398105 0 83.5404701896413 81.9967355337869 78.222814231182 76.8982993539898 83.785387812752 82.2531040517902 81.1490214837476 84.0672266294399 83.2067580073703 84.4805765116235 87.7285209261352 89.5326172058794 89.4906473078734 90.0962799659609
86.3171199640361 73.6150544197642 67.2272264362371 83.5404701896413 0 78.103370572082 86.0299807662634 80.2196067601836 80.8043333862853 88.102117618815 83.9731365032165 84.2322275341296 88.6197186119532 87.3207354069254 88.6152669725587 92.6179874241649 91.7142896352879 91.4743137320169
87.21135850776 81.7819451443998 79.5556933220744 81.9967355337869 78.103370572082 0 86.0191975333641 75.0002150024618 71.4548623602078 85.7007752032153 78.2753097867997 78.3666599593055 86.3397427924283 83.7548075559783 85.5770404086581 91.1457065748421 89.7437517573204 89.3772223651149
75.891837352535 87.5110249283942 86.9164488363693 78.222814231182 86.0299807662634 86.0191975333641 0 83.3550650034345 87.3227351513231 85.0299758763721 85.8076419242784 87.6481149962068 85.5859964760748 87.6592305696904 90.1458751740211 90.2908458823698 91.0193215050847 91.7971349679133
85.2970022018606 83.5500125056341 81.8670341320252 76.8982993539898 80.2196067601836 75.0002150024618 83.3550650034345 0 78.6223132959149 83.6150544197642 76.9476203930553 80.2119042252309 84.4651623168477 83.091775616211 86.1020755728508 90.2377818527058 89.3046786303878 89.3905934154663
88.47226868458 83.2644000618806 81.5313920024931 83.785387812752 80.8043333862853 71.4548623602078 87.3227351513231 78.6223132959149 0 85.9566689221897 77.989131632697 75.2408599357581 86.5256213537673 82.968220306335 84.1613919743094 91.0887525252387 89.2716184311276 88.607465606858
87.6131943190306 89.6029594873953 88.8030383870541 82.2531040517902 88.102117618815 85.7007752032153 85.0299758763721 83.6150544197642 85.9566689221897 0 81.5597464763509 84.1758581374509 63.9536370923738 79.9850808185757 85.2408599357581 84.8216828596421 84.9728254291781 86.8092101824516
87.7089015591327 86.1651703119209 84.8852263681457 81.1490214837476 83.9731365032165 78.2753097867997 85.8076419242784 76.9476203930553 77.989131632697 81.5597464763509 0 73.964480905296 82.4616305370527 77.4802850888848 82.486054895665 88.9642297145514 87.1327041939281 87.0312708756033
89.0924689484848 86.1133155976868 84.8667886893461 84.0672266294399 84.2322275341296 78.3666599593055 87.6481149962068 80.2119042252309 75.2408599357581 84.1758581374509 73.964480905296 0 84.7544879428325 78.7320818557614 80.6047544631244 89.8006234509104 87.3660033247608 86.5507701462811
88.0402758330119 90.0402343359042 89.2792700757186 83.2067580073703 88.6197186119532 86.3397427924283 85.5859964760748 84.4651623168477 86.5256213537673 63.9536370923738 82.4616305370527 84.7544879428325 0 80.4372372021832 85.3681348263785 83.9979256835207 84.4399969767003 86.5828917856921
89.4589779583689 88.8409064585869 87.9199887622108 84.4805765116235 87.3207354069254 83.7548075559783 87.6592305696904 83.091775616211 82.968220306335 79.9850808185757 77.4802850888848 78.7320818557614 80.4372372021832 0 78.607465606858 86.999080896344 83.6964506811521 83.7445660987571
91.4529317334505 89.7437517573204 88.9649146676036 87.7285209261352 88.6152669725587 85.5770404086581 90.1458751740211 86.1020755728508 84.1613919743094 85.2408599357581 82.486054895665 80.6047544631244 85.3681348263785 78.607465606858 0 88.6256470419417 83.8681130724119 80.8821062851461
91.7749578758006 93.5392759245935 93.0311087338593 89.5326172058794 92.6179874241649 91.1457065748421 90.2908458823698 90.2377818527058 91.0887525252387 84.8216828596421 88.9642297145514 89.8006234509104 83.9979256835207 86.999080896344 88.6256470419417 0 82.9092436769071 86.9557863838392
92.4052378688933 92.6642558120015 92.0827706588024 89.4906473078734 91.7142896352879 89.7437517573204 91.0193215050847 89.3046786303878 89.2716184311276 84.9728254291781 87.1327041939281 87.3660033247608 84.4399969767003 83.6964506811521 83.8681130724119 82.9092436769071 0 78.4018890874713
93.014022950875 92.3542273165458 91.7701139422151 90.0962799659609 91.4743137320169 89.3772223651149 91.7971349679133 89.3905934154663 88.607465606858 86.8092101824516 87.0312708756033 86.5507701462811 86.5828917856921 83.7445660987571 80.8821062851461 86.9557863838392 78.4018890874713 0
