0 84.1593214403875 87.627196302634 73.2093361878076 84.924474053039 88.5989051438011 83.964480905296 86.8545399581078 88.5843509004963 87.5972706385311 89.6065059549506 89.7813705184277 90.649594902617 88.9864355771471 92.2242589476027 89.6838043908563 92.2854270650549 93.3925375748586
84.1593214403875 0 81.6065963893544 83.8179951891663 84.2066957450215 83.5165222667104 88.7880835733592 87.28054592573 84.9227372224544 88.6760806191086 89.0874780134566 87.1784143568491 91.9473872513929 88.6018846103919 91.247107671292 91.294631443942 91.8055112926675 92.8357129374023
87.627196302634 81.6065963893544 0 86.5430015466662 82.045866309268 69.6648998632169 89.3450256281416 85.189703782236 75.9539297579115 87.0838681956062 86.0655101880703 81.2066265229575 90.8101589335291 85.6716327028611 88.2483336371284 90.2946294848908 89.3046786303878 90.4992526397913
73.2093361878076 83.8179951891663 86.5430015466662 0 82.486054895665 87.5680821732371 82.2482830209687 84.8314512704693 87.3307249336277 85.7870474290181 88.1901910181076 88.5873403652979 89.5241953973719 87.4532080795685 91.2147937934774 88.4391544843896 91.2632757566751 92.5004921325737
84.924474053039 84.2066957450215 82.045866309268 82.486054895665 0 82.9967343500493 84.716399646416 76.7696515306304 81.1963957883817 80.8776994407101 82.4982157571468 82.8926411279113 87.4454406823376 81.1655581808111 87.378357389014 86.4413367775795 87.7303414857171 89.4736232828639
88.5989051438011 83.5165222667104 69.6648998632169 87.5680821732371 82.9967343500493 0 89.8823411712714 85.4841598430449 73.6501254971811 87.2886136300243 85.7548958440144 79.5287091114304 90.8442826452164 85.4887369853822 87.5803463896305 90.4063856856688 88.8409064585869 90.0091115982134
83.964480905296 88.7880835733592 89.3450256281416 82.2482830209687 84.716399646416 89.8823411712714 0 84.0279140776271 89.1361436054588 83.3011458390096 87.481730889759 89.5994101214123 86.1192544428531 86.7325930303217 90.7717006638289 84.3646018352913 90.3185160559075 91.6742857808915
86.8545399581078 87.28054592573 85.189703782236 84.8314512704693 76.7696515306304 85.4841598430449 84.0279140776271 0 83.4291995742851 72.9436298012717 78.5550952672913 83.4499763303665 84.5236379015036 76.0621707455228 85.8019704317074 83.2631274040491 85.6452361985895 87.8810461720402
88.5843509004963 84.9227372224544 75.9539297579115 87.3307249336277 81.1963957883817 73.6501254971811 89.1361436054588 83.4291995742851 0 85.5807743482046 83.2897752133517 74.4555005891274 89.6385877643063 82.9913175176426 85.8323679884117 89.1940264119802 87.2415090959192 88.6994416157976
87.5972706385311 88.6760806191086 87.0838681956062 85.7870474290181 80.8776994407101 87.2886136300243 83.3011458390096 72.9436298012717 85.5807743482046 0 79.3223765816634 85.280235595651 81.9401435468265 77.5186760113139 86.0009398949349 80.1052437355394 85.27783507335 87.5972706385311
89.6065059549506 89.0874780134566 86.0655101880703 88.1901910181076 82.4982157571468 85.7548958440144 87.481730889759 78.5550952672913 83.2897752133517 79.3223765816634 0 81.3176021151403 84.469985132245 66.5063621434069 80.8821062851461 84.2169264795973 80.857813115772 84.3724963065749
89.7813705184277 87.1784143568491 81.2066265229575 88.5873403652979 82.8926411279113 79.5287091114304 89.5994101214123 83.4499763303665 74.4555005891274 85.280235595651 81.3176021151403 0 89.0257845613972 81.5047597563245 83.2067580073703 88.7429076482031 85.2642069935148 86.9208373119925
90.649594902617 91.9473872513929 90.8101589335291 89.5241953973719 87.4454406823376 90.8442826452164 86.1192544428531 84.5236379015036 89.6385877643063 81.9401435468265 84.469985132245 89.0257845613972 0 84.3169312557476 87.2704401740636 71.3769599159453 85.4412056055918 87.2272264362371
88.9864355771471 88.6018846103919 85.6716327028611 87.4532080795685 81.1655581808111 85.4887369853822 86.7325930303217 76.0621707455228 82.9913175176426 77.5186760113139 66.5063621434069 81.5047597563245 84.3169312557476 0 82.3859648733539 83.8056556760196 82.3121275344892 85.3908093579918
92.2242589476027 91.247107671292 88.2483336371284 91.2147937934774 87.378357389014 87.5803463896305 90.7717006638289 85.8019704317074 85.8323679884117 86.0009398949349 80.8821062851461 83.2067580073703 87.2704401740636 82.3859648733539 0 87.6726240401613 74.7904545651168 77.7783103125321
89.6838043908563 91.294631443942 90.2946294848908 88.4391544843896 86.4413367775795 90.4063856856688 84.3646018352913 83.2631274040491 89.1940264119802 80.1052437355394 84.2169264795973 88.7429076482031 71.3769599159453 83.8056556760196 87.6726240401613 0 86.1866491386205 88.010941553554
92.2854270650549 91.8055112926675 89.3046786303878 91.2632757566751 87.7303414857171 88.8409064585869 90.3185160559075 85.6452361985895 87.2415090959192 85.27783507335 80.857813115772 85.2642069935148 85.4412056055918 82.3121275344892 74.7904545651168 86.1866491386205 0 75.042668369047
93.3925375748586 92.8357129374023 90.4992526397913 92.5004921325737 89.4736232828639 90.0091115982134 91.6742857808915 87.8810461720402 88.6994416157976 87.5972706385311 84.3724963065749 86.9208373119925 87.2272264362371 85.3908093579918 77.7783103125321 88.010941553554 75.042668369047 0
