0 82.8298100957312 87.5827009274052 83.0838239298534 87.9003423334457 88.1407920610298 82.3184606669553 85.3915891308315 91.3414426772175 90.3036967046482 90.8309327351633 91.8922391058005 91.8594791964785 91.3384697542362 93.5111157367403 91.5039964300515 93.2673257603594 94.2235635563781
82.8298100957312 0 82.6002308959102 82.2305599791183 81.3828513183668 81.3769599159453 78.4599765983439 73.88799939735 87.3382020284199 88.4426317768107 86.8900244486873 88.5550952672913 90.2946294848908 88.7048987199532 90.8425050264373 89.9491930022336 91.0380585613622 92.0094951497198
87.5827009274052 82.6002308959102 0 88.4240539611798 76.5662657802988 80.857813115772 86.7696515306304 82.4432217006488 87.1347923991944 91.3686985029555 88.1117143687293 89.4488805726932 92.6073422214847 90.8458374650122 91.3176021151403 92.4060132147649 92.3399244978158 92.7583430204116
83.0838239298534 82.2305599791183 88.4240539611798 0 87.3921523472869 86.6813329578914 73.2093361878076 83.1600871064417 89.2511478917976 85.3563600026657 87.8775285492346 89.1551959618225 87.9317341001769 87.4759447961055 91.2031507766183 87.3630331127546 90.3646583301047 91.8425647890122
87.9003423334457 81.3828513183668 76.5662657802988 87.3921523472869 0 72.7760355725621 85.5673171147236 79.1551959618225 84.2525454416864 89.9130061550656 85.4412056055918 87.2216025149133 91.2880173632844 89.062436939935 89.6032551369968 91.080344517542 90.803884943431 91.3036344422995
88.1407920610298 81.3769599159453 80.857813115772 86.6813329578914 72.7760355725621 0 84.8358842042205 77.5519919157727 82.1654959184623 88.751189185417 83.2028878646942 85.4963548523048 90.2541001052408 87.6295255839015 88.3991592697787 90.0372925954051 89.646498145966 90.2693429807388
82.3184606669553 78.4599765983439 86.7696515306304 73.2093361878076 85.5673171147236 84.8358842042205 0 80.0415708322431 88.3315389565909 86.2118970069928 87.1185824845969 88.6212014783164 88.6030013835912 87.5453491495408 90.857813115772 88.1154638536733 90.372342547137 91.710833541974
85.3915891308315 73.88799939735 82.4432217006488 83.1600871064417 79.1551959618225 77.5519919157727 80.0415708322431 0 85.27783507335 87.6332498373779 84.7499710991399 86.8327735631342 89.556589914615 87.4078645446634 89.542222174492 89.2280026092608 89.9418156365845 90.93920937716
91.3414426772175 87.3382020284199 87.1347923991944 89.2511478917976 84.2525454416864 82.1654959184623 88.3315389565909 85.27783507335 0 88.2885352091948 76.6545999065771 78.5626155199393 89.2379830643289 85.4342624469282 83.0558778119128 89.1924018487551 86.5644806416209 86.5811134693557
90.3036967046482 88.4426317768107 91.3686985029555 85.3563600026657 89.9130061550656 88.751189185417 86.2118970069928 87.6332498373779 88.2885352091948 0 85.6811254822013 86.1448960051827 76.2325041385106 79.4497994875647 88.002829084837 74.0502702591676 84.752681769041 87.8355375083724
90.8309327351633 86.8900244486873 88.1117143687293 87.8775285492346 85.4412056055918 83.2028878646942 87.1185824845969 84.7499710991399 76.6545999065771 85.6811254822013 0 73.4107842329724 86.9257690522703 81.5879170280032 82.1027689051246 86.8545399581078 84.1593214403875 85.2408599357581
91.8922391058005 88.5550952672913 89.4488805726932 89.1551959618225 87.2216025149133 85.4963548523048 88.6212014783164 86.8327735631342 78.5626155199393 86.1448960051827 73.4107842329724 0 86.8075221815937 81.2795848479266 78.1573208909491 86.8761978059386 82.1572939428063 82.7916704750675
91.8594791964785 90.2946294848908 92.6073422214847 87.9317341001769 91.2880173632844 90.2541001052408 88.6030013835912 89.556589914615 89.2379830643289 76.2325041385106 86.9257690522703 86.8075221815937 0 80.3134982103822 87.8673994840703 64.4651623168477 83.3836330260342 86.9693623399366
91.3384697542362 88.7048987199532 90.8458374650122 87.4759447961055 89.062436939935 87.6295255839015 87.5453491495408 87.4078645446634 85.4342624469282 79.4497994875647 81.5879170280032 81.2795848479266 80.3134982103822 0 83.9405886754904 80.4103155081914 79.4005173154006 84.0608757462916
93.5111157367403 90.8425050264373 91.3176021151403 91.2031507766183 89.6032551369968 88.3991592697787 90.857813115772 89.542222174492 83.0558778119128 88.002829084837 82.1027689051246 78.1573208909491 87.8673994840703 83.9405886754904 0 88.1054580245707 81.0335945566031 77.6085169412828
91.5039964300515 89.9491930022336 92.4060132147649 87.3630331127546 91.080344517542 90.0372925954051 88.1154638536733 89.2280026092608 89.1924018487551 74.0502702591676 86.8545399581078 86.8761978059386 64.4651623168477 80.4103155081914 88.1054580245707 0 84.0022224385771 87.3921523472869
93.2673257603594 91.0380585613622 92.3399244978158 90.3646583301047 90.803884943431 89.646498145966 90.372342547137 89.9418156365845 86.5644806416209 84.752681769041 84.1593214403875 82.1572939428063 83.3836330260342 79.4005173154006 81.0335945566031 84.0022224385771 0 77.5803463896305
94.2235635563781 92.0094951497198 92.7583430204116 91.8425647890122 91.3036344422995 90.2693429807388 91.710833541974 90.93920937716 86.5811134693557 87.8355375083724 85.2408599357581 82.7916704750675 86.9693623399366 84.0608757462916 77.6085169412828 87.3921523472869 77.5803463896305 0
