0 81.7819451443998 85.8040981094599 73.5201228844259 81.0335945566031 85.4280814178556 81.6326132525547 85.1929697683414 85.1362843532686 88.4349006758478 87.0589771566153 88.0904059238687 89.7092677954078 89.4476550503375 91.775495757294 92.0047359439313 90.9268025096977 92.3692651206643
81.7819451443998 0 77.3031982537424 82.5269620566865 75.9948369189331 81.2795848479266 87.3749017919311 84.4039314662598 80.3534795727897 90.4365051835025 86.1027375566672 86.6376614949834 90.9374701991545 89.8679007761916 91.2343328039695 92.8635726148107 91.3544994154289 92.1794038255962
85.8040981094599 77.3031982537424 0 86.299442594822 81.7079210128555 82.6722841132558 89.7403156565393 86.3802934588265 81.8652783427072 91.9308124239822 87.4191226778586 87.4908764682633 92.1812004218877 90.9835398682664 91.6982592851353 93.7964342666367 92.2782471917519 92.7273505510716
73.5201228844259 82.5269620566865 86.299442594822 0 79.9742370056535 84.3368576261899 80.0867687069284 83.0983909180522 84.1593214403875 86.86121542219 85.3783139138199 86.7211265026863 88.2692848912868 87.9525365899369 90.7501868793672 90.9191666566937 89.6736352563445 91.3621963499351
81.0335945566031 75.9948369189331 81.7079210128555 79.9742370056535 0 77.6131943190306 85.9689738268077 80.4004842763326 76.706750637792 88.7439887447076 83.1352515379138 84.1706971804335 89.2444099168803 87.9178102094593 89.7997758540917 91.5217091557632 89.7428929869615 90.825581259636
85.4280814178556 81.2795848479266 82.6722841132558 84.3368576261899 77.6131943190306 0 88.1387215271078 78.1860958317419 61.9124372658146 89.0924689484848 79.9579203496951 80.1912970937131 89.0112398515747 86.8806271228131 88.0262711129043 91.1136705287218 88.8380865933347 89.4809274664817
81.6326132525547 87.3749017919311 89.7403156565393 80.0867687069284 85.9689738268077 88.1387215271078 0 86.411847153548 88.1117143687293 84.9891088131403 87.7940334296455 88.9714163393503 87.5181982133246 88.4131800884748 91.613301340231 90.2693429807388 89.7617468189833 91.8538483770758
85.1929697683414 84.4039314662598 86.3802934588265 83.0983909180522 80.4004842763326 78.1860958317419 86.411847153548 0 79.0891422958372 86.2478955715808 72.79025144391 77.4269372455433 86.082168991845 83.323798167022 86.3995004648654 88.9847314590875 86.2099600658387 87.7457855061601
85.1362843532686 80.3534795727897 81.8652783427072 84.1593214403875 76.706750637792 61.9124372658146 88.1117143687293 79.0891422958372 0 89.3018275778494 80.9193850103386 81.1902457592883 89.2916753170929 87.3047042162445 88.4453344140258 91.3621963499351 89.1885004158061 89.8355135094762
88.4349006758478 90.4365051835025 91.9308124239822 86.86121542219 88.7439887447076 89.0924689484848 84.9891088131403 86.2478955715808 89.3018275778494 0 86.4979093077805 87.694702180414 76.9747808619358 82.9463689655499 88.5479389453424 83.5201228844259 83.9763779101233 88.1341628747489
87.0589771566153 86.1027375566672 87.4191226778586 85.3783139138199 83.1352515379138 79.9579203496951 87.7940334296455 72.79025144391 80.9193850103386 86.4979093077805 0 71.1963957883817 85.6854997764966 81.7532076048429 84.423463519956 88.3917411035878 84.9719667154197 86.2196361444474
88.0904059238687 86.6376614949834 87.4908764682633 86.7211265026863 84.1706971804335 80.1912970937131 88.9714163393503 77.4269372455433 81.1902457592883 87.694702180414 71.1963957883817 0 86.706750637792 82.7760355725621 83.5261172881643 88.8958789615428 85.4342624469282 85.8457319881969
89.7092677954078 90.9374701991545 92.1812004218877 88.2692848912868 89.2444099168803 89.0112398515747 87.5181982133246 86.082168991845 89.2916753170929 76.9747808619358 85.6854997764966 86.706750637792 0 78.9021373091748 86.3120766250236 79.3255293548103 79.0220684557673 85.4550587108594
89.4476550503375 89.8679007761916 90.9835398682664 87.9525365899369 87.9178102094593 86.8806271228131 88.4131800884748 83.323798167022 87.3047042162445 82.9463689655499 81.7532076048429 82.7760355725621 78.9021373091748 0 82.1572939428063 82.9953807752155 75.2970022018606 82.1523653118793
91.775495757294 91.2343328039695 91.6982592851353 90.7501868793672 89.7997758540917 88.0262711129043 91.613301340231 86.3995004648654 88.4453344140258 88.5479389453424 84.423463519956 83.5261172881643 86.3120766250236 82.1572939428063 0 86.6353199692122 81.9124372658146 75.3287606235951
92.0047359439313 92.8635726148107 93.7964342666367 90.9191666566937 91.5217091557632 91.1136705287218 90.2693429807388 88.9847314590875 91.3621963499351 83.5201228844259 88.3917411035878 88.8958789615428 79.3255293548103 82.9953807752155 86.6353199692122 0 79.7428929869615 84.7109310897828
90.9268025096977 91.3544994154289 92.2782471917519 89.6736352563445 89.7428929869615 88.8380865933347 89.7617468189833 86.2099600658387 89.1885004158061 83.9763779101233 84.9719667154197 85.4342624469282 79.0220684557673 75.2970022018606 81.9124372658146 79.7428929869615 0 79.8335513566863
92.3692651206643 92.1794038255962 92.7273505510716 91.3621963499351 90.825581259636 89.4809274664817 91.8538483770758 87.7457855061601 89.8355135094762 88.1341628747489 86.2196361444474 85.8457319881969 85.4550587108594 82.1523653118793 75.3287606235951 84.7109310897828 79.8335513566863 0
