0 84.7109310897828 85.6238550502764 83.6964506811521 77.2016042685911 87.3975598292249 84.9227372224544 84.9296803811179 89.7480430637718 87.0949437788996 86.3771875838325 90.2119042252309 88.5039900752209 91.5127665924628 90.8893678164418 92.6991799994192 91.4627689691535 92.1730280796715
84.7109310897828 0 70.237526392877 86.7911709256991 82.7460299124228 81.6951556819209 89.5700166380199 82.2305599791183 86.6359054690201 90.178108826365 84.909688805571 88.3886138704597 90.5273034449647 90.8776994407101 89.8017533227396 93.4841026365859 91.5057137255363 90.9119548206408
85.6238550502764 70.237526392877 0 86.6029953102007 83.2388757755454 79.178079427437 89.636827943325 80.9865508735604 85.289026176076 90.0636967997514 83.8714337899069 87.3975598292249 90.2723851464011 90.2196067601836 89.0163191217561 93.1565664868469 90.9816031190645 90.1659193700637
83.6964506811521 86.7911709256991 86.6029953102007 0 80.1471795575176 85.604595839916 80.1912970937131 81.3454034114811 86.7787253282775 80.4004842763326 80.6861507245123 86.3152293981705 81.780154608477 87.3719376615789 86.7211265026863 88.9755176489986 86.9688201157248 88.7852291895436
77.2016042685911 82.7460299124228 83.2388757755454 80.1471795575176 0 84.5083760546741 84.3764381673574 80.4004842763326 87.4410654087408 85.891837352535 82.6839352129843 88.0211672696151 87.0071507868401 89.7768279856802 88.9374319318853 91.630018568593 89.8731826428412 90.4966060430495
87.3975598292249 81.6951556819209 79.178079427437 85.604595839916 84.5083760546741 0 89.3040452248854 77.4947214838478 79.3818913619656 89.1862229603295 79.5914134259955 83.2222041818708 88.9453510470012 87.5605177126806 85.8040981094599 91.7121071595174 88.7998381164405 87.3072129938656
84.9227372224544 89.5700166380199 89.636827943325 80.1912970937131 84.3764381673574 89.3040452248854 0 86.7365991732866 90.0485139909067 76.3152293981705 86.4339831229612 89.4888264938635 81.693328996376 89.5700166380199 89.432921744009 89.1074074319204 88.6581095343822 90.9628365465767
84.9296803811179 82.2305599791183 80.9865508735604 81.3454034114811 80.4004842763326 77.4947214838478 86.7365991732866 0 82.3358293114501 86.7440293629844 73.555965823659 83.7445660987571 86.7348827073585 87.1394871931621 85.6275489731146 90.718058124033 87.8863172698683 87.650433087972
89.7480430637718 86.6359054690201 85.289026176076 86.7787253282775 87.4410654087408 79.3818913619656 90.0485139909067 82.3358293114501 0 89.3784679218221 80.9193850103386 76.2581263061566 88.5779914470215 84.3059326558759 81.4683527698718 90.4579266239441 86.592955180357 83.1155436921792
87.0949437788996 90.178108826365 90.0636967997514 80.4004842763326 85.891837352535 89.1862229603295 76.3152293981705 86.7440293629844 89.3784679218221 0 85.840110052371 88.3882228079391 75.1757958751021 87.9020922860509 87.9899889902793 86.8517554835501 86.5075683494469 89.701181985842
86.3771875838325 84.909688805571 83.8714337899069 80.6861507245123 82.6839352129843 79.5914134259955 86.4339831229612 73.555965823659 80.9193850103386 85.840110052371 0 81.2634774773291 85.3287606235951 85.1470209343093 83.323798167022 89.5082092644203 86.0393941818496 86.0009398949349
90.2119042252309 88.3886138704597 87.3975598292249 86.3152293981705 88.0211672696151 83.2222041818708 89.4888264938635 83.7445660987571 76.2581263061566 88.3882228079391 81.2634774773291 0 87.1159623066478 79.9360690089101 74.5700464329907 88.6581095343822 83.5117167947744 78.9847314590875
88.5039900752209 90.5273034449647 90.2723851464011 81.780154608477 87.0071507868401 88.9453510470012 81.693328996376 86.7348827073585 88.5779914470215 75.1757958751021 85.3287606235951 87.1159623066478 0 85.9077900544676 86.2899428940185 84.5016820945834 83.8481352690408 88.2240328473296
91.5127665924628 90.8776994407101 90.2196067601836 87.3719376615789 89.7768279856802 87.5605177126806 89.5700166380199 87.1394871931621 84.3059326558759 87.9020922860509 85.1470209343093 79.9360690089101 85.9077900544676 0 73.2093361878076 85.2416670995592 75.891837352535 76.2325041385106
90.8893678164418 89.8017533227396 89.0163191217561 86.7211265026863 88.9374319318853 85.8040981094599 89.432921744009 85.6275489731146 81.4683527698718 87.9899889902793 83.323798167022 74.5700464329907 86.2899428940185 73.2093361878076 0 86.9508886321302 80.0228223518567 75.2970022018606
92.6991799994192 93.4841026365859 93.1565664868469 88.9755176489986 91.630018568593 91.7121071595174 89.1074074319204 90.718058124033 90.4579266239441 86.8517554835501 89.5082092644203 88.6581095343822 84.5016820945834 85.2416670995592 86.9508886321302 0 81.7532076048429 87.6813767295796
91.4627689691535 91.5057137255363 90.9816031190645 86.9688201157248 89.8731826428412 88.7998381164405 88.6581095343822 87.8863172698683 86.592955180357 86.5075683494469 86.0393941818496 83.5117167947744 83.8481352690408 75.891837352535 80.0228223518567 81.7532076048429 0 81.9967355337869
92.1730280796715 90.9119548206408 90.1659193700637 88.7852291895436 90.4966060430495 87.3072129938656 90.9628365465767 87.650433087972 83.1155436921792 89.701181985842 86.0009398949349 78.9847314590875 88.2240328473296 76.2325041385106 75.2970022018606 87.6813767295796 81.9967355337869 0
