0 84.6289949893373 87.2749906725731 73.091775616211 83.0625479788191 87.8990294060959 70.237526392877 83.6582681575906 87.2379428321569 80.8043333862853 85.9846461950885 88.3390605802349 88.5513302520412 90.0029141266583 89.9003244053271 91.0406073626202 90.2693429807388 92.7943653575512
84.6289949893373 0 78.6848557252811 84.906202596418 69.3002428506583 77.8319828162819 86.0198722703839 70.237526392877 81.2331141878218 86.6029953102007 84.0502702591676 82.9641315458079 90.7033960608153 89.2251007565695 86.9731560150681 92.6203494854477 89.5178683060867 91.7358733600348
87.2749906725731 78.6848557252811 0 87.8955263247855 80.8110544783965 77.3382020284199 88.4065647866336 81.4683527698718 85.1994943815033 89.3809579640714 87.6795355234814 85.9689738268077 92.641844154349 91.3008355089306 89.1361436054588 94.2113025582735 91.52398941562 93.1565664868469
73.091775616211 84.906202596418 87.8955263247855 0 83.3313227628732 88.0402758330119 72.5570171580838 83.5879734777828 86.5141965009949 76.2899428940185 84.4351407256978 87.669856364134 86.9866778667631 88.8143980660997 89.0355663526282 89.9022566272888 89.1127065340119 91.9719601346884
83.0625479788191 69.3002428506583 80.8110544783965 83.3313227628732 0 80.5527990930723 84.676136068509 66.0621707455228 81.5597464763509 85.3939276096562 83.3500774119371 83.4304244917432 90.0962799659609 88.939499180549 87.0520671395345 92.1656598000803 89.2482614682249 91.6593959849114
87.8990294060959 77.8319828162819 77.3382020284199 88.0402758330119 80.5527990930723 0 88.8756516062992 80.1576005458867 81.7441879861927 89.0808144988098 85.8939214659009 82.4324470668276 92.0134005995495 89.8520165238484 86.8226906220976 93.5991795614854 90.0986545295735 91.7957076001444
70.237526392877 86.0198722703839 88.4065647866336 72.5570171580838 84.676136068509 88.8756516062992 0 85.0872204050448 87.9577216803775 79.6032551369968 86.3995004648654 88.9621742069864 87.9347740096789 90.0228223518567 90.2375263928769 90.5482827438209 90.2794752567119 92.8361342621058
83.6582681575906 70.237526392877 81.4683527698718 83.5879734777828 66.0621707455228 80.1576005458867 85.0872204050448 0 79.9742370056535 85.2922183444072 82.2787262194362 82.1965229169693 89.838875138866 88.3631212778937 86.2408479351578 91.9346164129987 88.6906959612515 91.2066265229575
87.2379428321569 81.2331141878218 85.1994943815033 86.5141965009949 81.5597464763509 81.7441879861927 87.9577216803775 79.9742370056535 0 86.6604254538209 78.6665542029632 69.8920337031865 89.3559930619919 85.5138254015903 80.6676799053077 91.2856097434395 85.9195436335469 88.7429076482031
80.8043333862853 86.6029953102007 89.3809579640714 76.2899428940185 85.3939276096562 89.0808144988098 79.6032551369968 85.2922183444072 86.6604254538209 0 83.3836330260342 87.6703177659745 83.9893193991704 87.2684161988113 88.3819610138378 87.8718063285063 87.5944545064845 90.9437714085026
85.9846461950885 84.0502702591676 87.6795355234814 84.4351407256978 83.3500774119371 85.8939214659009 86.3995004648654 82.2787262194362 78.6665542029632 83.3836330260342 0 80.2807401307034 86.3572572126707 82.5163934390137 81.3671231171328 89.0294974900039 83.1574795141574 87.7566541954257
88.3390605802349 82.9641315458079 85.9689738268077 87.669856364134 83.4304244917432 82.4324470668276 88.9621742069864 82.1965229169693 69.8920337031865 87.6703177659745 80.2807401307034 0 89.7657356159223 85.2970022018606 78.8461887760664 91.5064767500595 85.6716327028611 88.1914188213912
88.5513302520412 90.7033960608153 92.641844154349 86.9866778667631 90.0962799659609 92.0134005995495 87.9347740096789 89.838875138866 89.3559930619919 83.9893193991704 86.3572572126707 89.7657356159223 0 85.3208427639379 88.9243164563589 79.0355663526282 85.4619687279401 89.0365770057342
90.0029141266583 89.2251007565695 91.3008355089306 88.8143980660997 88.939499180549 89.8520165238484 90.0228223518567 88.3631212778937 85.5138254015903 87.2684161988113 82.5163934390137 85.2970022018606 85.3208427639379 0 81.3176021151403 86.86121542219 60.237526392877 81.7079210128555
89.9003244053271 86.9731560150681 89.1361436054588 89.0355663526282 87.0520671395345 86.8226906220976 90.2375263928769 86.2408479351578 80.6676799053077 88.3819610138378 81.3671231171328 78.8461887760664 88.9243164563589 81.3176021151403 0 90.4081054205934 81.7079210128555 84.5841545498447
91.0406073626202 92.6203494854477 94.2113025582735 89.9022566272888 92.1656598000803 93.5991795614854 90.5482827438209 91.9346164129987 91.2856097434395 87.8718063285063 89.0294974900039 91.5064767500595 79.0355663526282 86.86121542219 90.4081054205934 0 86.8148321182775 89.14994848217
90.2693429807388 89.5178683060867 91.52398941562 89.1127065340119 89.2482614682249 90.0986545295735 90.2794752567119 88.6906959612515 85.9195436335469 87.5944545064845 83.1574795141574 85.6716327028611 85.4619687279401 60.237526392877 81.7079210128555 86.8148321182775 0 81.0463367021322
92.7943653575512 91.7358733600348 93.1565664868469 91.9719601346884 91.6593959849114 91.7957076001444 92.8361342621058 91.2066265229575 88.7429076482031 90.9437714085026 87.7566541954257 88.1914188213912 89.0365770057342 81.7079210128555 84.5841545498447 89.14994848217 81.0463367021322 0
