0 86.0494573936257 88.5494465197111 83.0237176292658 86.2408479351578 88.8679544492035 81.0653800960415 89.1754702685607 90.8595844810741 88.6197186119532 88.4302554006186 89.966086340479 87.7593671230427 88.9796150891822 91.8106716153098 91.7701139422151 92.4010486075651 93.5404701896413
86.0494573936257 0 76.625354376404 84.4555005891274 77.4269372455433 77.7602710557797 85.7044043041359 83.0930994829547 85.7094799560591 87.3620425904971 85.3350845341687 85.3152916605193 89.3958683106901 87.929561432755 88.4104573609006 92.0500758131539 90.8591417074774 91.7490609066912
88.5494465197111 76.625354376404 0 86.5840769255055 79.7799514872702 67.4269372455433 87.8248646916497 81.567276508266 83.6396338793095 87.8293148865457 85.5266933956535 84.1416819317454 90.3327851902636 88.3453844908085 87.3152313572216 92.356737235962 90.5632400101347 91.2300661506264
83.0237176292658 84.4555005891274 86.5840769255055 0 81.4741215705682 87.3466605362118 72.5868656935784 84.8852263681457 87.3921523472869 82.1654959184623 82.1226754861304 85.6127543929104 82.6002308959102 82.9436298012717 88.2089792973565 88.4333528027782 88.7973473856579 90.4744074879489
86.2408479351578 77.4269372455433 79.7799514872702 81.4741215705682 0 81.5218992231529 83.8213544350363 78.7429076482031 83.3200309745183 84.0672266294399 80.8821062851461 81.780154608477 87.2986772304469 84.8825972015924 86.1468621765672 90.3107359221044 88.8426679450515 90.0551796532936
88.8679544492035 77.7602710557797 67.4269372455433 87.3466605362118 81.5218992231529 0 88.4349006758478 83.051870788883 84.6168963459942 88.6197186119532 86.5453933654346 85.2408599357581 90.9001277408503 89.0928014736424 88.0194646547471 92.8354320315571 91.1188872798825 91.7097415724374
81.0653800960415 85.7044043041359 87.8248646916497 72.5868656935784 83.8213544350363 88.4349006758478 0 86.7554356592824 88.8409064585869 84.1427215355371 84.5416919591329 87.3605563833923 82.6999046085507 84.6595564074942 89.5033716757062 88.8409064585869 89.7657356159223 91.3384697542362
89.1754702685607 83.0930994829547 81.567276508266 84.8852263681457 78.7429076482031 83.051870788883 86.7554356592824 0 75.7863355292019 83.2388757755454 78.5962964327146 72.5570171580838 87.929561432755 83.9763779101233 81.6270513160605 89.7428929869615 86.7554356592824 87.8497272528937
90.8595844810741 85.7094799560591 83.6396338793095 87.3921523472869 83.3200309745183 84.6168963459942 88.8409064585869 75.7863355292019 0 85.0603757697937 81.955651003641 74.1239704853616 89.2894513429609 85.5047191012369 78.444562403568 90.2119042252309 86.299442594822 86.8092101824516
88.6197186119532 87.3620425904971 87.8293148865457 82.1654959184623 84.0672266294399 88.6197186119532 84.1427215355371 83.2388757755454 85.0603757697937 0 75.6120133392751 82.176952723197 81.1902457592883 63.9536370923738 84.1009420423914 84.5502177560408 83.3588019416995 86.3572572126707
88.4302554006186 85.3350845341687 85.5266933956535 82.1226754861304 80.8821062851461 86.5453933654346 84.5416919591329 78.5962964327146 81.955651003641 75.6120133392751 0 77.4802850888848 84.4467866182246 77.3877230304124 82.2787262194362 87.0949437788996 84.5321991797927 86.7325930303217
89.966086340479 85.3152916605193 84.1416819317454 85.6127543929104 81.780154608477 85.2408599357581 87.3605563833923 72.5570171580838 74.1239704853616 82.176952723197 77.4802850888848 0 87.6243995150613 82.8255888627868 78.0908247429846 88.9132410411909 84.9788316760572 86.2118970069928
87.7593671230427 89.3958683106901 90.3327851902636 82.6002308959102 87.2986772304469 90.9001277408503 82.6999046085507 87.929561432755 89.2894513429609 81.1902457592883 84.4467866182246 87.6243995150613 0 80.857813115772 88.7338880295529 83.2093361878076 87.0055380079075 89.2792700757186
88.9796150891822 87.929561432755 88.3453844908085 82.9436298012717 84.8825972015924 89.0928014736424 84.6595564074942 83.9763779101233 85.5047191012369 63.9536370923738 77.3877230304124 82.8255888627868 80.857813115772 0 84.2413823573747 83.7228656061221 82.7273505510716 86.0009398949349
91.8106716153098 88.4104573609006 87.3152313572216 88.2089792973565 86.1468621765672 88.0194646547471 89.5033716757062 81.6270513160605 78.444562403568 84.1009420423914 82.2787262194362 78.0908247429846 88.7338880295529 84.2413823573747 0 88.5884608842856 82.3200425081016 82.635671648745
91.7701139422151 92.0500758131539 92.356737235962 88.4333528027782 90.3107359221044 92.8354320315571 88.8409064585869 89.7428929869615 90.2119042252309 84.5502177560408 87.0949437788996 88.9132410411909 83.2093361878076 83.7228656061221 88.5884608842856 0 83.9590623832968 86.6604254538209
92.4010486075651 90.8591417074774 90.5632400101347 88.7973473856579 88.8426679450515 91.1188872798825 89.7657356159223 86.7554356592824 86.299442594822 83.3588019416995 84.5321991797927 84.9788316760572 87.0055380079075 82.7273505510716 82.3200425081016 83.9590623832968 0 76.5364172448041
93.5404701896413 91.7490609066912 91.2300661506264 90.4744074879489 90.0551796532936 91.7097415724374 91.3384697542362 87.8497272528937 86.8092101824516 86.3572572126707 86.7325930303217 86.2118970069928 89.2792700757186 86.0009398949349 82.635671648745 86.6604254538209 76.5364172448041 0
