0 85.280235595651 89.5178683060867 79.0758101447101 85.6149767954249 88.8707549940815 87.9090850536988 89.2428040951504 89.8920337031865 89.299608797833 88.9888202196146 92.2337877346136 92.099442252477 92.7533360837875 92.4998852157828 92.4430679653678 93.5925773692139 94.0719837045059
85.280235595651 0 82.6179874241649 80.8110544783965 77.3431796161499 79.7543293196242 87.5424991364325 82.8926411279113 82.3687959765968 89.1797093560803 86.5286229053548 88.1799458026485 90.5984114814373 89.9069455904272 88.8461887760664 91.955651003641 91.4405553572584 91.5653952239311
89.5178683060867 82.6179874241649 0 87.6481149962068 85.8203757673713 75.4304003347848 91.1703008506477 86.0621707455228 81.9745296711912 92.2328196598273 90.0228223518567 88.9187822793513 92.6751998198568 91.2292529792868 89.741461325561 94.03761588914 92.7223077349235 92.3973214242269
79.0758101447101 80.8110544783965 87.6481149962068 0 80.1052437355394 86.3171199640361 85.4703994008443 86.0252663959884 87.213409243163 87.4720831132288 86.1053844833492 90.0775016362782 90.3427706974942 90.8115021815894 90.4235524671451 91.1324215788973 91.9280437922403 92.4250432665079
85.6149767954249 77.3431796161499 85.8203757673713 80.1052437355394 0 83.1574795141574 84.4815380847081 79.9085993106296 82.9023336598264 86.6917490863679 82.8634330622707 86.7956877693918 88.5369933522933 88.1799458026485 87.3585739824363 90.1687752896411 89.8679007761916 90.2571529633027
88.8707549940815 79.7543293196242 75.4304003347848 86.3171199640361 83.1574795141574 0 89.747185141637 83.051870788883 77.3082160992677 90.9589436621598 88.2616413386156 87.1561388112382 91.3922609704776 89.7870420109987 88.1154638536733 92.9629041666293 91.5080023970498 91.2219275774898
87.9090850536988 87.5424991364325 91.1703008506477 85.4703994008443 84.4815380847081 89.747185141637 0 85.9298880881852 88.9412211364096 74.0075874112409 78.1407920610298 88.5252623043911 84.1124715273839 87.5224965040336 88.3784347830183 84.7544879428325 88.2097943381431 89.6648998632169
89.2428040951504 82.8926411279113 86.0621707455228 86.0252663959884 79.9085993106296 83.051870788883 85.9298880881852 0 78.9090804678383 87.4298640870463 82.2787262194362 81.6326132525547 87.2353937067571 84.8782117172058 82.8143121415688 89.7949696782977 87.5827009274052 87.5827009274052
89.8920337031865 82.3687959765968 81.9745296711912 87.213409243163 82.9023336598264 77.3082160992677 88.9412211364096 78.9090804678383 0 90.1199673790078 86.7434582610283 83.7989102258118 89.9742370056535 87.5694990439426 85.1994943815033 91.9705890933388 89.7631718099135 89.2980232606612
89.299608797833 89.1797093560803 92.2328196598273 87.4720831132288 86.6917490863679 90.9589436621598 74.0075874112409 87.4298640870463 90.1199673790078 0 80.6047544631244 89.14994848217 82.764629276264 87.6202009537621 88.8619972883128 82.0911144554496 87.8226378829976 89.5721015136717
88.9888202196146 86.5286229053548 90.0228223518567 86.1053844833492 82.8634330622707 88.2616413386156 78.1407920610298 82.2787262194362 86.7434582610283 80.6047544631244 0 85.3962648299937 82.2595237792253 84.3328796595101 85.2092629587856 85.4280814178556 85.9298880881852 87.4019791301175
92.2337877346136 88.1799458026485 88.9187822793513 90.0775016362782 86.7956877693918 87.1561388112382 88.5252623043911 81.6326132525547 83.7989102258118 89.14994848217 85.3962648299937 0 86.706750637792 79.8447517363798 69.3002428506583 89.8878824094319 84.4195641304064 82.7916704750675
92.099442252477 90.5984114814373 92.6751998198568 90.3427706974942 88.5369933522933 91.3922609704776 84.1124715273839 87.2353937067571 89.9742370056535 82.764629276264 82.2595237792253 86.706750637792 0 82.5704743915648 85.8182560513189 79.7314264593261 81.1655581808111 84.9822600913282
92.7533360837875 89.9069455904272 91.2292529792868 90.8115021815894 88.1799458026485 89.7870420109987 87.5224965040336 84.8782117172058 87.5694990439426 87.6202009537621 84.3328796595101 79.8447517363798 82.5704743915648 0 76.9747808619358 87.2699342686732 76.8316543916761 77.0605702158074
92.4998852157828 88.8461887760664 89.741461325561 90.4235524671451 87.3585739824363 88.1154638536733 88.3784347830183 82.8143121415688 85.1994943815033 88.8619972883128 85.2092629587856 69.3002428506583 85.8182560513189 76.9747808619358 0 89.3097425514618 82.7760355725621 80.8110544783965
92.4430679653678 91.955651003641 94.03761588914 91.1324215788973 90.1687752896411 92.9629041666293 84.7544879428325 89.7949696782977 91.9705890933388 82.0911144554496 85.4280814178556 89.8878824094319 79.7314264593261 87.2699342686732 89.3097425514618 0 86.0056807318553 88.5210920458533
93.5925773692139 91.4405553572584 92.7223077349235 91.9280437922403 89.8679007761916 91.5080023970498 88.2097943381431 87.5827009274052 89.7631718099135 87.8226378829976 85.9298880881852 84.4195641304064 81.1655581808111 76.8316543916761 82.7760355725621 86.0056807318553 0 76.6136007973246
94.0719837045059 91.5653952239311 92.3973214242269 92.4250432665079 90.2571529633027 91.2219275774898 89.6648998632169 87.5827009274052 89.2980232606612 89.5721015136717 87.4019791301175 82.7916704750675 84.9822600913282 77.0605702158074 80.8110544783965 88.5210920458533 76.6136007973246 0
