0 86.1053844833492 89.0537222217762 78.0529683256868 84.407844910831 89.8262555892992 83.381156296672 88.0664662225477 89.542222174492 90.229855602271 88.7320818557614 90.4372372021832 91.6209249475053 91.545214304911 93.2238742241213 93.1763491819807 93.9692436187996 93.3743379989739
86.1053844833492 0 79.5317156500199 86.9882976634447 79.4005173154006 84.407844910831 87.7089015591327 87.213409243163 84.0672266294399 90.7987245196668 86.9164488363693 87.0632240165738 92.1913128153394 91.2614598490377 91.818666893075 93.1530430109369 93.1408846662308 91.5879170280032
89.0537222217762 79.5317156500199 0 89.1189908313318 82.3812891741917 79.5407227977055 89.062436939935 86.8092101824516 79.4098004215052 90.5665568630299 85.9209243186067 84.4224890007509 91.8959026397782 90.5729465059073 90.4345525302603 92.5577658771304 92.1120699990065 89.9472815548933
78.0529683256868 86.9882976634447 89.1189908313318 0 83.7910272692242 89.1453517305904 76.8428331489911 85.7520263726057 88.8282026213424 87.9269527962851 86.8628826862014 89.3103751266313 89.646498145966 89.7299910123393 91.9911094047088 91.6119984102423 92.7048287469995 92.2718551019657
84.407844910831 79.4005173154006 82.3812891741917 83.7910272692242 0 83.1718019354755 83.8714337899069 83.0983909180522 82.5570171580838 88.1717321929775 83.1352515379138 84.9340142252247 90.0228223518567 89.0112398515747 90.273145354966 91.3769599159453 91.6593959849114 90.2216584643998
89.8262555892992 84.407844910831 79.5407227977055 89.1453517305904 83.1718019354755 0 88.3572170605267 83.8658978492988 60.237526392877 88.47226868458 81.9950314157273 77.2169957016613 89.9864343934094 88.0635171402465 87.5181982133246 90.5473313346887 89.7992106976306 86.850083941486
83.381156296672 87.7089015591327 89.062436939935 76.8428331489911 83.8714337899069 88.3572170605267 0 82.8884805545587 88.0211672696151 85.0930706154422 84.6521673035101 87.992560047968 87.3901843196928 87.5676097802613 90.5444758561009 89.8656749091077 91.2634774773291 90.967805715133
88.0664662225477 87.213409243163 86.8092101824516 85.7520263726057 83.0983909180522 83.8658978492988 82.8884805545587 0 83.4291995742851 81.561630208681 70.855597892659 81.557861926606 85.0299758763721 82.8981823660717 86.2536533250015 87.1473005892469 87.929561432755 86.7234222314666
89.542222174492 84.0672266294399 79.4098004215052 88.8282026213424 82.5570171580838 60.237526392877 88.0211672696151 83.4291995742851 0 88.2789207162305 81.5218992231529 77.2628453983262 89.8531331056309 87.9477781460115 87.5859951372108 90.4857622301273 89.8231652250966 86.9866778667631
90.229855602271 90.7987245196668 90.5665568630299 87.9269527962851 88.1717321929775 88.47226868458 85.0930706154422 81.561630208681 88.2789207162305 0 82.987250454927 86.3902173587608 75.7217818991216 76.9693623399366 85.7181672964835 82.3875223217547 85.9195436335469 87.0205673709395
88.7320818557614 86.9164488363693 85.9209243186067 86.8628826862014 83.1352515379138 81.9950314157273 84.6521673035101 70.855597892659 81.5218992231529 82.987250454927 0 78.5626155199393 85.8295492670283 83.197722303789 85.4496766417041 87.3605563833923 87.5878764215456 85.7152734467552
90.4372372021832 87.0632240165738 84.4224890007509 89.3103751266313 84.9340142252247 77.2169957016613 87.992560047968 81.557861926606 77.2628453983262 86.3902173587608 78.5626155199393 0 88.0652025753386 85.3657824142135 84.4545332331107 88.5085571896395 87.4908764682633 83.7593515739906
91.6209249475053 92.1913128153394 91.8959026397782 89.646498145966 90.0228223518567 89.9864343934094 87.3901843196928 85.0299758763721 89.8531331056309 75.7217818991216 85.8295492670283 88.0652025753386 0 77.5803463896305 85.7777836167194 78.5776170713634 84.8676684512895 87.3152313572216
91.545214304911 91.2614598490377 90.5729465059073 89.7299910123393 89.0112398515747 88.0635171402465 87.5676097802613 82.8981823660717 87.9477781460115 76.9693623399366 83.197722303789 85.3657824142135 77.5803463896305 0 81.9504880014648 78.9847314590875 82.1965229169693 84.0735682389664
93.2238742241213 91.818666893075 90.4345525302603 91.9911094047088 90.273145354966 87.5181982133246 90.5444758561009 86.2536533250015 87.5859951372108 85.7181672964835 85.4496766417041 84.4545332331107 85.7777836167194 81.9504880014648 0 83.6291168545625 77.5944545064845 72.3105428072981
93.1763491819807 93.1530430109369 92.5577658771304 91.6119984102423 91.3769599159453 90.5473313346887 89.8656749091077 87.1473005892469 90.4857622301273 82.3875223217547 87.3605563833923 88.5085571896395 78.5776170713634 78.9847314590875 83.6291168545625 0 80.4201245351034 85.7159970899826
93.9692436187996 93.1408846662308 92.1120699990065 92.7048287469995 91.6593959849114 89.7992106976306 91.2634774773291 87.929561432755 89.8231652250966 85.9195436335469 87.5878764215456 87.4908764682633 84.8676684512895 82.1965229169693 77.5944545064845 80.4201245351034 0 80.9368178278012
93.3743379989739 91.5879170280032 89.9472815548933 92.2718551019657 90.2216584643998 86.850083941486 90.967805715133 86.7234222314666 86.9866778667631 87.0205673709395 85.7152734467552 83.7593515739906 87.3152313572216 84.0735682389664 72.3105428072981 85.7159970899826 80.9368178278012 0
