0 83.2388757755454 86.9818148487283 80.9865508735604 81.955651003641 86.299442594822 84.3872598725851 87.6726240401613 88.0062467083217 86.1996150978529 86.592955180357 90.4196346095776 90.788610269172 91.0634795099144 91.340055566411 92.3366171472471 91.7079210128555 91.4896591649483
83.2388757755454 0 77.8718063285063 82.0509172245329 77.3975598292249 78.2106092259997 86.4706275098419 85.583013171943 81.7729850735115 88.3784347830183 85.4164682239697 88.029670345888 91.1974199470515 90.2528274474093 89.546717201444 92.2972082195579 91.1916815452477 89.2357314171479
86.9818148487283 77.8718063285063 0 85.5740509438565 82.5420156066597 77.1342704420015 88.5839770726657 86.3372349564591 78.5663707686117 90.1052437355394 86.7956877693918 87.6089849058131 91.9911094047088 90.5760196509964 89.2894513429609 92.7734717665533 91.5474822599575 88.607465606858
80.9865508735604 82.0509172245329 85.5740509438565 0 74.9659509602808 82.8981823660717 78.5475619699661 82.3326765383033 85.0274329204183 82.6708255255615 80.1471795575176 86.9834364598563 88.0360367454923 87.858130529772 88.2272808196744 89.9022566272888 88.8482999054051 88.5449222257149
81.955651003641 77.3975598292249 82.5420156066597 74.9659509602808 0 78.9847314590875 82.774611422748 82.4738598864051 82.3875223217547 85.5523155632995 81.5313920024931 86.5716167979339 89.276402288581 88.4530469801072 88.1465843099084 90.7260555518404 89.5217861636542 88.1407920610298
86.299442594822 78.2106092259997 77.1342704420015 82.8981823660717 78.9847314590875 0 86.3995004648654 82.6415504243554 73.051870788883 88.2584189716943 83.4181597425046 84.9582041534757 90.276438055246 88.5332126044102 87.1269564468328 91.2066265229575 89.735729955783 86.5063621434069
84.3872598725851 86.4706275098419 88.5839770726657 78.5475619699661 82.774611422748 86.3995004648654 0 82.764629276264 87.5944545064845 74.2979161426279 79.7543293196242 87.2353937067571 85.1329754427702 86.3821559182156 87.9247777349791 87.9438809920164 87.1809971370733 88.7048987199532
87.6726240401613 85.583013171943 86.3372349564591 82.3326765383033 82.4738598864051 82.6415504243554 82.764629276264 0 83.0277507001197 84.658633456727 72.099442252477 79.5943768821453 85.7735013371753 82.635671648745 82.0844407010529 87.1535412007659 84.7814907955383 82.8815373958952
88.0062467083217 81.7729850735115 78.5663707686117 85.0274329204183 82.3875223217547 73.051870788883 87.5944545064845 83.0277507001197 0 89.1627281230317 84.348769710876 83.8946079882559 90.5284981699644 88.3694102750199 86.3597535167021 91.2219275774898 89.6239007539644 85.3248034982015
86.1996150978529 88.3784347830183 90.1052437355394 82.6708255255615 85.5523155632995 88.2584189716943 74.2979161426279 84.658633456727 89.1627281230317 0 82.4324470668276 88.1717321929775 83.5926953535609 86.3715914053258 88.4944597996847 87.0859800093211 86.821007853661 89.4221471101878
86.592955180357 85.4164682239697 86.7956877693918 80.1471795575176 81.5313920024931 83.4181597425046 79.7543293196242 72.099442252477 84.348769710876 82.4324470668276 0 82.5525221311318 85.0805247863448 83.361291448686 84.0841170535261 87.0637545821867 85.1205445264909 84.984829627831
90.4196346095776 88.029670345888 87.6089849058131 86.9834364598563 86.5716167979339 84.9582041534757 87.2353937067571 79.5943768821453 83.8946079882559 88.1717321929775 82.5525221311318 0 87.1861580940907 81.8512064152267 74.2169264795973 87.2481243977604 84.2495038086784 72.8884805545587
90.788610269172 91.1974199470515 91.9911094047088 88.0360367454923 89.276402288581 90.276438055246 85.1329754427702 85.7735013371753 90.5284981699644 83.5926953535609 85.0805247863448 87.1861580940907 0 81.3828513183668 86.3372349564591 77.7239661854775 79.9579203496951 88.0058196524367
91.0634795099144 90.2528274474093 90.5760196509964 87.858130529772 88.4530469801072 88.5332126044102 86.3821559182156 82.635671648745 88.3694102750199 86.3715914053258 83.361291448686 81.8512064152267 81.3828513183668 0 79.2684262627964 80.5622918724125 72.2305599791183 82.7531929436013
91.340055566411 89.546717201444 89.2894513429609 88.2272808196744 88.1465843099084 87.1269564468328 87.9247777349791 82.0844407010529 86.3597535167021 88.4944597996847 84.0841170535261 74.2169264795973 86.3372349564591 79.2684262627964 0 85.7548958440144 82.0103444593576 73.2222041818708
92.3366171472471 92.2972082195579 92.7734717665533 89.9022566272888 90.7260555518404 91.2066265229575 87.9438809920164 87.1535412007659 91.2219275774898 87.0859800093211 87.0637545821867 87.2481243977604 77.7239661854775 80.5622918724125 85.7548958440144 0 76.6545999065771 87.5944545064845
91.7079210128555 91.1916815452477 91.5474822599575 88.8482999054051 89.5217861636542 89.735729955783 87.1809971370733 84.7814907955383 89.6239007539644 86.821007853661 85.1205445264909 84.2495038086784 79.9579203496951 72.2305599791183 82.0103444593576 76.6545999065771 0 84.7027153220418
91.4896591649483 89.2357314171479 88.607465606858 88.5449222257149 88.1407920610298 86.5063621434069 88.7048987199532 82.8815373958952 85.3248034982015 89.4221471101878 84.984829627831 72.8884805545587 88.0058196524367 82.7531929436013 73.2222041818708 87.5944545064845 84.7027153220418 0
