0 82.3310992930275 87.8863172698683 77.4995229711462 87.7917907521781 87.6253319777206 84.4399969767003 88.6197186119532 89.1084015061976 88.4761028375782 90.0101885171499 90.4078597858648 89.6779963728472 92.0215398082145 91.4529317334505 90.7989490134675 92.6394937579615 92.9521155932243
82.3310992930275 0 82.2337877346136 84.0438945132429 82.1900093127201 80.8222332357115 82.3875223217547 83.622091328923 84.4892230145064 86.940530759705 87.4754622734875 87.5524660105081 88.3603669753114 90.7417789046664 89.0741407444131 91.0870722254377 91.2519644201164 91.1974199470515
87.8863172698683 82.2337877346136 0 89.1885004158061 83.7548075559783 76.5840769255055 87.6850568016727 84.1923321062572 84.7245895919278 89.8287824344667 89.1558514511934 88.6830290397362 90.7301627873035 92.1989630021458 89.9472815548933 93.3668876271926 92.4177814612158 91.9271782327319
77.4995229711462 84.0438945132429 89.1885004158061 0 87.683217155423 88.4162896884064 82.1375457701549 88.4967489738495 88.9467268115867 86.6282878076665 88.9792737834475 89.6312504677156 87.992560047968 90.7906350045486 90.6563276118344 88.7641199710416 91.5700969076414 92.1215167715948
87.7917907521781 82.1900093127201 83.7548075559783 87.683217155423 0 78.7966354858417 82.6722841132558 67.8007545217567 72.0827706588024 84.4341688235299 82.4738598864051 81.676854159603 85.8182560513189 88.0715171378125 84.4166372889035 90.4063856856688 88.4453344140258 87.8673994840703
87.6253319777206 80.8222332357115 76.5840769255055 88.4162896884064 78.7966354858417 0 85.6635841127368 79.5317156500199 80.4857622301273 87.8876340453048 86.83445177974 86.2093142267685 88.9412211364096 90.6356319343604 87.8673994840703 92.2211858993557 90.8873886026257 90.3210228062334
84.4399969767003 82.3875223217547 87.6850568016727 82.1375457701549 82.6722841132558 85.6635841127368 0 83.8714337899069 84.4786527265116 80.0867687069284 83.7411469057037 84.875578299347 83.0129444272911 87.3749017919311 86.5828917856921 87.1363578944901 88.3666599593055 88.9132410411909
88.6197186119532 83.622091328923 84.1923321062572 88.4967489738495 67.8007545217567 79.5317156500199 83.8714337899069 0 64.0608757462916 84.8394272962539 82.1259843966288 80.8043333862853 85.9948369189331 87.9090850536988 83.6814491297281 90.6479682009508 88.1750195011629 87.3744079106752
89.1084015061976 84.4892230145064 84.7245895919278 88.9467268115867 72.0827706588024 80.4857622301273 84.4786527265116 64.0608757462916 0 84.984829627831 81.780154608477 80.0708701724473 86.0009398949349 87.7047839392961 83.051870788883 90.7246856097169 87.9016548640009 86.9476203930553
88.4761028375782 86.940530759705 89.8287824344667 86.6282878076665 84.4341688235299 87.8876340453048 80.0867687069284 84.8394272962539 84.984829627831 0 79.062436939935 81.9401435468265 72.1654959184623 82.5269620566865 83.2707577629414 84.4166372889035 84.3279020717801 85.7102045651905
90.0101885171499 87.4754622734875 89.1558514511934 88.9792737834475 82.4738598864051 86.83445177974 83.7411469057037 82.1259843966288 81.780154608477 79.062436939935 0 71.3769599159453 79.1189908313318 81.6492564508544 75.604595839916 87.6332498373779 82.4247345007462 82.1900093127201
90.4078597858648 87.5524660105081 88.6830290397362 89.6312504677156 81.676854159603 86.2093142267685 84.875578299347 80.8043333862853 80.0708701724473 81.9401435468265 71.3769599159453 0 82.0977779700964 83.2222041818708 73.2222041818708 88.8707549940815 83.3836330260342 82.0323684124072
89.6779963728472 88.3603669753114 90.7301627873035 87.992560047968 85.8182560513189 88.9412211364096 83.0129444272911 85.9948369189331 86.0009398949349 72.1654959184623 79.1189908313318 82.0977779700964 0 79.5914134259955 82.5942958832762 83.5500125056341 82.1965229169693 84.407844910831
92.0215398082145 90.7417789046664 92.1989630021458 90.7906350045486 88.0715171378125 90.6356319343604 87.3749017919311 87.9090850536988 87.7047839392961 82.5269620566865 81.6492564508544 83.2222041818708 79.5914134259955 0 81.5766707252515 85.4535216572886 71.5879170280032 79.7799514872702
91.4529317334505 89.0741407444131 89.9472815548933 90.6563276118344 84.4166372889035 87.8673994840703 86.5828917856921 83.6814491297281 83.051870788883 83.2707577629414 75.604595839916 73.2222041818708 82.5942958832762 81.5766707252515 0 88.9243164563589 81.0335945566031 78.1860958317419
90.7989490134675 91.0870722254377 93.3668876271926 88.7641199710416 90.4063856856688 92.2211858993557 87.1363578944901 90.6479682009508 90.7246856097169 84.4166372889035 87.6332498373779 88.8707549940815 83.5500125056341 85.4535216572886 88.9243164563589 0 86.9866778667631 89.0724707021626
92.6394937579615 91.2519644201164 92.4177814612158 91.5700969076414 88.4453344140258 90.8873886026257 88.3666599593055 88.1750195011629 87.9016548640009 84.3279020717801 82.4247345007462 83.3836330260342 82.1965229169693 71.5879170280032 81.0335945566031 86.9866778667631 0 76.4210841896122
92.9521155932243 91.1974199470515 91.9271782327319 92.1215167715948 87.8673994840703 90.3210228062334 88.9132410411909 87.3744079106752 86.9476203930553 85.7102045651905 82.1900093127201 82.0323684124072 84.407844910831 79.7799514872702 78.1860958317419 89.0724707021626 76.4210841896122 0
