0 80.1052437355394 85.1205445264909 82.21762491425 75.3208427639379 85.3176715737137 86.9688201157248 86.6024053564106 86.2867717037943 89.6733443594745 86.9519774988324 90.3265325691556 88.8122703883472 89.5217861636542 92.1498988973393 90.7953557193797 93.1424553988748 92.7425874564774
80.1052437355394 0 80.7750878561122 81.6566330043375 75.604595839916 79.5317156500199 86.5063621434069 81.3096260893556 80.738820882775 88.7429076482031 83.2028878646942 87.5124605335482 87.5524660105081 87.5196314496235 89.9464621055713 89.3434565884847 91.5552221823547 90.7454167833726
85.1205445264909 80.7750878561122 0 87.2256933616249 84.2888798422065 72.6017133826353 89.9969778234029 83.5201228844259 77.4947214838478 91.3164066447049 86.5644806416209 88.5343471744047 90.4041735968028 89.8864977625784 90.5513733848517 91.39363150962 92.5847829604358 91.3479759530845
82.21762491425 81.6566330043375 87.2256933616249 0 78.4638216139284 86.3653649600743 79.7428929869615 84.388242328153 86.436435724929 84.8852263681457 82.3859648733539 87.753034320393 83.361291448686 85.1338029067756 89.9810175610028 86.9027061984258 90.6655970136117 90.6188168979226
75.3208427639379 75.604595839916 84.2888798422065 78.4638216139284 0 83.785387812752 85.1470209343093 84.116656490193 84.5426400968551 88.1717321929775 84.3139343989393 88.662150337635 87.0414148290211 87.6979125521461 90.8202231817623 89.3046786303878 91.9534144562567 91.4990315363439
85.3176715737137 79.5317156500199 72.6017133826353 86.3653649600743 83.785387812752 0 89.1797093560803 80.6676799053077 70.6047544631244 90.4530673844788 84.7904545651168 87.0264575627073 89.4313841462521 88.7034441625188 89.3958683106901 90.416203582512 91.6682257287854 90.2989135866642
86.9688201157248 86.5063621434069 89.9969778234029 79.7428929869615 85.1470209343093 89.1797093560803 0 86.6580961725535 88.9738092406453 78.9021373091748 83.6442999499373 87.790444589595 77.3827962632147 82.8354320315571 89.6056196095305 83.8179951891663 89.3650594295902 90.0679491173975
86.6024053564106 81.3096260893556 83.5201228844259 84.388242328153 84.116656490193 80.6676799053077 86.6580961725535 0 78.3784347830183 87.6019601377656 77.2425274907694 81.9141740963992 86.1606005086081 84.4805765116235 86.0340175859056 87.1159623066478 88.8679544492035 87.2926418689859
86.2867717037943 80.738820882775 77.4947214838478 86.436435724929 84.5426400968551 70.6047544631244 88.9738092406453 78.3784347830183 0 90.0543803137744 83.7274431504922 85.7094799560591 88.9796150891822 87.9710879147445 88.3666599593055 89.8209163054689 90.9541809486562 89.3784679218221
89.6733443594745 88.7429076482031 91.3164066447049 84.8852263681457 88.1717321929775 90.4530673844788 78.9021373091748 87.6019601377656 90.0543803137744 0 84.469985132245 86.940530759705 71.3769599159453 79.7571837034398 88.302518301047 78.0908247429846 86.9834364598563 88.5884608842856
86.9519774988324 83.2028878646942 86.5644806416209 82.3859648733539 84.3139343989393 84.7904545651168 83.6442999499373 77.2425274907694 83.7274431504922 84.469985132245 0 81.0505757896518 82.3326765383033 79.9333298446319 85.4125902481615 83.9925487547429 87.4000155515516 86.5662657802988
90.3265325691556 87.5124605335482 88.5343471744047 87.753034320393 88.662150337635 87.0264575627073 87.790444589595 81.9141740963992 85.7094799560591 86.940530759705 81.0505757896518 0 85.7863355292019 81.955651003641 77.7239661854775 84.5549470876843 84.1706971804335 80.6047544631244
88.8122703883472 87.5524660105081 90.4041735968028 83.361291448686 87.0414148290211 89.4313841462521 77.3827962632147 86.1606005086081 88.9796150891822 71.3769599159453 82.3326765383033 85.7863355292019 0 77.3031982537424 87.6202009537621 78.2106092259997 86.8745356467734 88.0639385603448
89.5217861636542 87.5196314496235 89.8864977625784 85.1338029067756 87.6979125521461 88.7034441625188 82.8354320315571 84.4805765116235 87.9710879147445 79.7571837034398 79.9333298446319 81.955651003641 77.3031982537424 0 84.4632316900903 75.4841598430449 84.1758581374509 85.1470209343093
92.1498988973393 89.9464621055713 90.5513733848517 89.9810175610028 90.8202231817623 89.3958683106901 89.6056196095305 86.0340175859056 88.3666599593055 88.302518301047 85.4125902481615 77.7239661854775 87.6202009537621 84.4632316900903 0 85.5560708119719 81.3176021151403 70.2119042252309
90.7953557193797 89.3434565884847 91.39363150962 86.9027061984258 89.3046786303878 90.416203582512 83.8179951891663 87.1159623066478 89.8209163054689 78.0908247429846 83.9925487547429 84.5549470876843 78.2106092259997 75.4841598430449 85.5560708119719 0 83.1247518173108 85.7376505077114
93.1424553988748 91.5552221823547 92.5847829604358 90.6655970136117 91.9534144562567 91.6682257287854 89.3650594295902 88.8679544492035 90.9541809486562 86.9834364598563 87.4000155515516 84.1706971804335 86.8745356467734 84.1758581374509 81.3176021151403 83.1247518173108 0 79.5914134259955
92.7425874564774 90.7454167833726 91.3479759530845 90.6188168979226 91.4990315363439 90.2989135866642 90.0679491173975 87.2926418689859 89.3784679218221 88.5884608842856 86.5662657802988 80.6047544631244 88.0639385603448 85.1470209343093 70.2119042252309 85.7376505077114 79.5914134259955 0
