0 86.6784639839483 79.7571837034398 80.4654242940094 88.9649146676036 91.1419742754125 87.4132525105052 91.5313920024931 90.6428127294085 92.6050724178812 90.8571115353645 90.6375570801428 93.8141849000708 94.0921170510921 94.4039314662598 94.6208088252361 95.0917341191033 95.2938517008639
86.6784639839483 0 86.0228172839476 87.3152313572216 78.9120536326171 84.3992358528563 88.2402283791077 85.7502121447647 86.1350517739506 87.5110249283942 86.5507701462811 88.940188044825 90.0573205212942 90.5596923468017 91.0331877439539 92.3352028934685 94.3194320214181 94.0110175188881
79.7571837034398 86.0228172839476 0 70.1316870334319 87.4754622734875 89.7929891177413 82.7760355725621 90.0308673275794 88.4565705824138 91.303432082904 88.6933029622903 87.8286822640709 92.4555029242986 92.7425874564774 93.091775616211 93.0710708709332 93.4623948404553 93.7343912410189
80.4654242940094 87.3152313572216 70.1316870334319 0 88.5087085873118 90.5463192557596 82.6715416712122 90.7173749088185 89.1295543994929 91.8943329321902 89.3305690360477 88.118377883376 92.8981239721291 93.1561201046089 93.4823636961826 93.3163316385076 93.4396725249411 93.8090244763067
88.9649146676036 78.9120536326171 87.4754622734875 88.5087085873118 0 78.2106092259997 87.7783103125321 80.5098229277861 81.8996328384419 83.6156159381523 82.5339534444772 87.0574200240243 87.2425274907694 87.9269527962851 88.5626155199393 90.3693696241556 93.1446796314365 92.6109358383376
91.1419742754125 84.3992358528563 89.7929891177413 90.5463192557596 78.2106092259997 0 89.2221969636326 71.1963957883817 80.7569648272139 77.0913936923979 81.1717183407734 87.2928515357477 83.8924062417859 84.9227372224544 85.7849113793878 88.8707549940815 92.7123489996475 91.8553683567548
87.4132525105052 88.2402283791077 82.7760355725621 82.6715416712122 87.7783103125321 89.2221969636326 0 88.9847314590875 86.1236920331612 90.2631433891525 86.2483647734432 82.1394614100632 90.8821062851461 91.1086565453067 91.4683527698718 90.6454107238026 90.48383160337 91.0085064929709
91.5313920024931 85.7502121447647 90.0308673275794 90.7173749088185 80.5098229277861 71.1963957883817 88.9847314590875 0 78.7582160358469 74.0085885209623 79.0364253655474 86.4153494820968 81.9124372658146 83.1600871064417 84.2250937501173 87.6541394631225 92.0215398082145 91.0367625684858
90.6428127294085 86.1350517739506 88.4565705824138 89.1295543994929 81.8996328384419 80.7569648272139 86.1236920331612 78.7582160358469 0 81.9401435468265 59.9742370056535 81.8069354424815 83.8312158577498 84.5538316517914 85.4225650990418 86.5494610421592 90.4252244044947 89.619779474765
92.6050724178812 87.5110249283942 91.303432082904 91.8943329321902 83.6156159381523 77.0913936923979 90.2631433891525 74.0085885209623 81.9401435468265 0 81.9124372658146 87.669856364134 79.0746704174148 80.8125286375343 82.0856232331649 87.1880383045549 92.1796767514763 90.9955713843154
90.8571115353645 86.5507701462811 88.6933029622903 89.3305690360477 82.5339534444772 81.1717183407734 86.2483647734432 79.0364253655474 59.9742370056535 81.9124372658146 0 81.5729154765791 83.4777110024955 84.1911195246666 85.081253378225 86.1336111434559 90.2044022794084 89.3450256281416
90.6375570801428 88.940188044825 87.8286822640709 88.118377883376 87.0574200240243 87.2928515357477 82.1394614100632 86.4153494820968 81.8069354424815 87.669856364134 81.5729154765791 0 87.6133106840374 87.8035514265433 88.2460303394963 86.5550884921774 87.7195257483794 87.6910302758883
93.8141849000708 90.0573205212942 92.4555029242986 92.8981239721291 87.2425274907694 83.8924062417859 90.8821062851461 81.9124372658146 83.8312158577498 79.0746704174148 83.4777110024955 87.6133106840374 0 65.9948369189331 71.6251957531956 83.622091328923 90.8520511837489 89.1277294959327
94.0921170510921 90.5596923468017 92.7425874564774 93.1561201046089 87.9269527962851 84.9227372224544 91.1086565453067 83.1600871064417 84.5538316517914 80.8125286375343 84.1911195246666 87.8035514265433 65.9948369189331 0 65.5673171147236 82.7760355725621 90.6038153464986 88.73586178579
94.4039314662598 91.0331877439539 93.091775616211 93.4823636961826 88.5626155199393 85.7849113793878 91.4683527698718 84.2250937501173 85.4225650990418 82.0856232331649 85.081253378225 88.2460303394963 71.6251957531956 65.5673171147236 0 82.4600994442045 90.5760196509964 88.6043098729398
94.6208088252361 92.3352028934685 93.0710708709332 93.3163316385076 90.3693696241556 88.8707549940815 90.6454107238026 87.6541394631225 86.5494610421592 87.1880383045549 86.1336111434559 86.5550884921774 83.622091328923 82.7760355725621 82.4600994442045 0 86.3653649600743 82.7063537647321
95.0917341191033 94.3194320214181 93.4623948404553 93.4396725249411 93.1446796314365 92.7123489996475 90.48383160337 92.0215398082145 90.4252244044947 92.1796767514763 90.2044022794084 87.7195257483794 90.8520511837489 90.6038153464986 90.5760196509964 86.3653649600743 0 78.3803096060415
95.2938517008639 94.0110175188881 93.7343912410189 93.8090244763067 92.6109358383376 91.8553683567548 91.0085064929709 91.0367625684858 89.619779474765 90.9955713843154 89.3450256281416 87.6910302758883 89.1277294959327 88.73586178579 88.6043098729398 82.7063537647321 78.3803096060415 0
