0 84.2495038086784 86.9996193558102 85.6459716053848 87.8461841608603 87.1716919309492 87.2628453983262 86.6576266896534 87.4876991367907 89.5389228619946 90.3886573456538 91.2892206728703 91.3164066447049 91.7188883824912 92.942436596179 93.0470574759869 93.6536170783573 94.4056929527244
84.2495038086784 0 77.5519919157727 86.3340981236618 78.8108513571896 76.3715914053258 86.8249332995649 83.4913340382054 85.6166675266071 88.8504100090108 85.8457319881969 86.5111849588043 90.1372564034726 87.9586690324635 89.3218027053325 90.4201245351034 91.1939368217298 91.4683527698718
86.9996193558102 77.5519919157727 0 88.9518820507696 70.855597892659 76.0621707455228 89.1806870197213 86.4783497392928 88.0765240657445 90.6234942756704 86.4309154214711 85.8203757673713 91.4741215705682 88.2011552704834 88.8552616429989 90.8542682162229 91.5291156270663 91.0399703025278
85.6459716053848 86.3340981236618 88.9518820507696 0 88.922933573106 87.5263136388159 73.0384872811603 79.8372093233075 78.0551043897018 80.855597892659 87.6085169412828 89.8195101390914 85.2408599357581 89.0447937892801 91.2148759937524 89.8715153788298 90.6939770966864 92.7700510024888
87.8461841608603 78.8108513571896 70.855597892659 88.922933573106 0 72.9023336598264 88.9847314590875 86.0499323187702 87.7084027466657 90.3185160559075 85.0930706154422 84.1239704853616 91.0505757896518 87.0418520762938 87.6891042686385 90.0522480221793 90.7705710124195 90.1450923558343
87.1716919309492 76.3715914053258 76.0621707455228 87.5263136388159 72.9023336598264 0 87.5263136388159 83.8991408797862 85.9678276901037 89.062436939935 83.440211413787 83.4499763303665 89.9333298446319 85.9657177475459 87.2629561059603 89.1885004158061 90.0244325396595 89.8920337031865
87.2628453983262 86.8249332995649 89.1806870197213 73.0384872811603 88.9847314590875 87.5263136388159 0 78.4186407704755 73.7366493389516 76.8092101824516 86.5662657802988 89.1767750439405 82.8634330622707 87.9957359636769 90.480548283474 88.6555361552294 89.5765657369386 92.0817683251089
86.6576266896534 83.4913340382054 86.4783497392928 79.8372093233075 86.0499323187702 83.8991408797862 78.4186407704755 0 72.5868656935784 82.2125694479353 83.1785658748384 86.5103464868833 84.7804855175372 85.6459716053848 88.5716226676249 87.5149928770035 88.6251589250573 90.6965282766037
87.4876991367907 85.6166675266071 88.0765240657445 78.0551043897018 87.7084027466657 85.9678276901037 73.7366493389516 72.5868656935784 0 78.7431970525729 84.3283084715485 87.5694088618714 82.7115979954687 86.213187821334 89.1453517305904 87.3523705538675 88.4522309910589 91.0279115800871
89.5389228619946 88.8504100090108 90.6234942756704 80.855597892659 90.3185160559075 89.062436939935 76.8092101824516 82.2125694479353 78.7431970525729 0 86.8982993539898 89.5765657369386 77.4754622734875 87.8159465839142 90.4164432357849 87.6169325975649 88.5369933522933 91.8087149732661
90.3886573456538 85.8457319881969 86.4309154214711 87.6085169412828 85.0930706154422 83.440211413787 86.5662657802988 83.1785658748384 84.3283084715485 86.8982993539898 0 78.103370572082 86.6604254538209 74.8289554561968 81.8745851271631 82.8884805545587 84.5416919591329 86.0232443839309
91.2892206728703 86.5111849588043 85.8203757673713 89.8195101390914 84.1239704853616 83.4499763303665 89.1767750439405 86.5103464868833 87.5694088618714 89.5765657369386 78.103370572082 0 89.3756649167141 78.7455008408967 78.3101151880271 85.1213743621328 86.0728479354589 84.2737774339689
91.3164066447049 90.1372564034726 91.4741215705682 85.2408599357581 91.0505757896518 89.9333298446319 82.8634330622707 84.7804855175372 82.7115979954687 77.4754622734875 86.6604254538209 89.3756649167141 0 86.9606737303239 89.7156039122785 85.5807743482046 86.5256213537673 90.9106422900855
91.7188883824912 87.9586690324635 88.2011552704834 89.0447937892801 87.0418520762938 85.9657177475459 87.9957359636769 85.6459716053848 86.213187821334 87.8159465839142 74.8289554561968 78.7455008408967 86.9606737303239 0 78.6738840693766 79.6397766786352 81.6525645812109 83.6223344965312
92.942436596179 89.3218027053325 88.8552616429989 91.2148759937524 87.6891042686385 87.2629561059603 90.480548283474 88.5716226676249 89.1453517305904 90.4164432357849 81.8745851271631 78.3101151880271 89.7156039122785 78.6738840693766 0 83.2046840557877 83.7168841220464 78.2800997638473
93.0470574759869 90.4201245351034 90.8542682162229 89.8715153788298 90.0522480221793 89.1885004158061 88.6555361552294 87.5149928770035 87.3523705538675 87.6169325975649 82.8884805545587 85.1213743621328 85.5807743482046 79.6397766786352 83.2046840557877 0 70.237526392877 84.3872598725851
93.6536170783573 91.1939368217298 91.5291156270663 90.6939770966864 90.7705710124195 90.0244325396595 89.5765657369386 88.6251589250573 88.4522309910589 88.5369933522933 84.5416919591329 86.0728479354589 86.5256213537673 81.6525645812109 83.7168841220464 70.237526392877 0 83.947117784441
94.4056929527244 91.4683527698718 91.0399703025278 92.7700510024888 90.1450923558343 89.8920337031865 92.0817683251089 90.6965282766037 91.0279115800871 91.8087149732661 86.0232443839309 84.2737774339689 90.9106422900855 83.6223344965312 78.2800997638473 84.3872598725851 83.947117784441 0
