0 77.5803463896305 74.2066957450215 83.778610784351 85.6743399512798 87.1453779683193 84.2200817602511 84.9027948419272 88.1491006259152 88.6923346819975 89.0031006429097 92.6657585819871 93.0558778119128 93.470168755056 93.4265035391518 94.2248897554335 94.114145996466 93.9729203233803
77.5803463896305 0 81.3769599159453 77.9330371790942 81.4589108460788 83.8355469025244 84.280310859623 83.7359981843256 88.0162626381924 87.9234230687647 88.7147042607757 92.4470143537719 92.3073716170739 92.7417264159659 92.7460299124228 93.4708968466198 94.2005457159281 93.9209422467254
74.2066957450215 81.3769599159453 0 85.7217818991216 87.040299298351 88.1871242123356 82.9658938577596 84.5134345625148 87.239110664754 88.2429575276325 88.2584189716943 92.128710898291 92.8926411279113 93.3200309745183 93.2401555589108 94.1416819317454 93.4847074445887 93.4144735534427
83.778610784351 77.9330371790942 85.7217818991216 0 73.3748597698865 78.6910387144605 85.892168345893 84.4288005897895 88.6117303420496 87.8434721026491 89.0496941384894 92.4803694029655 91.6951556819209 92.1259843966288 92.1965229169693 92.7720467756231 94.4555005891274 94.0502702591676
85.6743399512798 81.4589108460788 87.040299298351 73.3748597698865 0 71.9124372658146 85.9785202629748 84.0311148723812 88.2390343987537 87.0382140342669 88.5459427294386 91.9693890769997 90.8014835863748 91.2581676719457 91.364659327083 91.909394242912 94.1559357613913 93.6636702262803
87.1453779683193 83.8355469025244 88.1871242123356 78.6910387144605 71.9124372658146 0 86.4930717190664 84.3774230737726 88.2106092259997 86.6511008236815 88.372279570253 91.6392781875096 90.0649983622176 90.5347757815881 90.6834073063251 91.1649579665061 93.9856478284787 93.4178053087109
84.2200817602511 84.280310859623 82.9658938577596 85.892168345893 85.9785202629748 86.4930717190664 0 74.1239704853616 79.3756649167141 81.5313920024931 81.558031449607 88.5392602221938 89.6455256686521 90.2609856376087 90.1157338427912 91.4577322691292 90.8961126629209 90.5880305421925
84.9027948419272 83.7359981843256 84.5134345625148 84.4288005897895 84.0311148723812 84.3774230737726 74.1239704853616 0 80.273145354966 79.7571837034398 81.5955744108284 88.4784017056437 88.7729633730279 89.4461476274295 89.3562693761324 90.6688083294915 91.2184040638164 90.7335599506971
88.1491006259152 88.0162626381924 87.239110664754 88.6117303420496 88.2390343987537 88.2106092259997 79.3756649167141 80.273145354966 0 76.4578371154628 69.6674895665505 84.8385417941978 87.3772109255212 88.1470292254902 87.844800520281 89.7571472716821 88.3551291147088 87.8176883499839
88.6923346819975 87.9234230687647 88.2429575276325 87.8434721026491 87.0382140342669 86.6511008236815 81.5313920024931 79.7571837034398 76.4578371154628 0 74.4987563919365 84.8172353991213 85.313769823424 86.3048049616719 86.0750356167802 88.1483526501982 89.1219993938955 88.2261853806534
89.0031006429097 88.7147042607757 88.2584189716943 89.0496941384894 88.5459427294386 88.372279570253 81.558031449607 81.5955744108284 69.6674895665505 74.4987563919365 0 83.4160570947538 86.2170579640101 87.0838681956062 86.7239959740949 88.8965747790272 87.7738075181225 87.0071507868401
92.6657585819871 92.4470143537719 92.128710898291 92.4803694029655 91.9693890769997 91.6392781875096 88.5392602221938 88.4784017056437 84.8385417941978 84.8172353991213 83.4160570947538 0 83.9621805586159 84.5703061722315 83.6571956009626 86.8075626449062 82.2625696835922 78.8500416630901
93.0558778119128 92.3073716170739 92.8926411279113 91.6951556819209 90.8014835863748 90.0649983622176 89.6455256686521 88.7729633730279 87.3772109255212 85.313769823424 86.2170579640101 83.9621805586159 0 66.9639370490137 67.4754622734875 77.3975598292249 88.9312242752465 87.1342704420015
93.470168755056 92.7417264159659 93.3200309745183 92.1259843966288 91.2581676719457 90.5347757815881 90.2609856376087 89.4461476274295 88.1470292254902 86.3048049616719 87.0838681956062 84.5703061722315 66.9639370490137 0 64.9227372224544 74.6354957098355 89.1361436054588 87.3382020284199
93.4265035391518 92.7460299124228 93.2401555589108 92.1965229169693 91.364659327083 90.6834073063251 90.1157338427912 89.3562693761324 87.844800520281 86.0750356167802 86.7239959740949 83.6571956009626 67.4754622734875 64.9227372224544 0 76.6604254538209 88.5843509004963 86.6545999065771
94.2248897554335 93.4708968466198 94.1416819317454 92.7720467756231 91.909394242912 91.1649579665061 91.4577322691292 90.6688083294915 89.7571472716821 88.1483526501982 88.8965747790272 86.8075626449062 77.3975598292249 74.6354957098355 76.6604254538209 0 90.3455126917314 88.7666298257024
94.114145996466 94.2005457159281 93.4847074445887 94.4555005891274 94.1559357613913 93.9856478284787 90.8961126629209 91.2184040638164 88.3551291147088 89.1219993938955 87.7738075181225 82.2625696835922 88.9312242752465 89.1361436054588 88.5843509004963 90.3455126917314 0 74.8172353991213
93.9729203233803 93.9209422467254 93.4144735534427 94.0502702591676 93.6636702262803 93.4178053087109 90.5880305421925 90.7335599506971 87.8176883499839 88.2261853806534 87.0071507868401 78.8500416630901 87.1342704420015 87.3382020284199 86.6545999065771 88.7666298257024 74.8172353991213 0
