0 82.7760355725621 78.6148957965558 90.3578859075004 75.1097422091168 81.8810549507213 82.7159753762795 85.6937991227632 82.9878823119365 86.5650757693805 84.4555005891274 88.9016132375147 85.289026176076 86.0340175859056 86.2094600743473 91.7441879861927 89.4283365154273 91.7962429180347
82.7760355725621 0 74.9227372224544 85.6854966134252 81.6841840260165 77.627196302634 79.7810372539282 79.9570272639532 82.7685360496927 83.785387812752 86.3715914053258 85.2736417906796 85.7217818991216 85.8625542615955 87.4785965725738 88.8108513571896 86.8161615906734 88.940188044825
78.6148957965558 74.9227372224544 0 87.7805990624584 76.5063621434069 75.0930706154422 77.8518244183263 81.2710624580386 80.5713594097156 83.6895333266464 84.484421527208 86.2118032691444 84.2250937501173 84.676136068509 86.0283575174043 89.7617468189833 87.2493740458673 89.8469883502153
90.3578859075004 85.6854966134252 87.7805990624584 0 89.6263355947224 87.2153510688897 87.4802850888848 84.9383437488801 88.7737928568809 87.0318560596998 90.8143604484219 84.5850934634402 89.8967144194162 89.6054963821559 91.1307580933578 84.5948688436633 86.7239959740949 84.9758071358167
75.1097422091168 81.6841840260165 76.5063621434069 89.6263355947224 0 77.9330371790942 78.6321749061286 83.3761415393026 78.5059677123969 84.0097315459766 81.3887347396581 87.2052237286722 82.1654959184623 83.1600871064417 83.7431752501091 90.6160080513319 87.6904096177285 90.6584149528466
81.8810549507213 77.627196302634 75.0930706154422 87.2153510688897 77.9330371790942 0 67.1330284677988 76.8005713677728 75.7829977848816 79.6707254104607 82.5510227543453 83.7826298957523 81.3769599159453 81.6841840260165 84.1232305426205 88.3893958898764 84.8923699560895 88.4599765983439
82.7159753762795 79.7810372539282 77.8518244183263 87.4802850888848 78.6321749061286 67.1330284677988 0 76.3340981236618 72.5570171580838 77.7939516596019 81.3831659684894 83.1548703552811 79.6570728456323 79.9195252075351 82.9953807752155 88.106213904907 84.0608757462916 88.1580882536816
85.6937991227632 79.9570272639532 81.2710624580386 84.9383437488801 83.3761415393026 76.8005713677728 76.3340981236618 0 79.8920337031866 75.9932857292793 84.6470337382672 78.9642297145514 82.765495449865 82.2966669013236 85.3681348263785 85.7535336624356 81.5729154765791 85.8619598734465
82.9878823119365 82.7685360496927 80.5713594097156 88.7737928568809 78.5059677123969 75.7829977848816 72.5570171580838 79.8920337031866 0 78.214017560225 77.5115776808573 84.1260579378503 75.0398981621674 76.2474155419039 79.9360690089101 88.70495917673 84.2979161426279 88.7169585414867
86.5650757693805 83.785387812752 83.6895333266464 87.0318560596998 84.0097315459766 79.6707254104607 77.7939516596019 75.9932857292793 78.214017560225 0 82.5809123755536 78.2787712038344 79.3756649167141 77.9330371790942 82.8250212755503 85.6854997764966 78.4656118230742 85.6811254822013
84.4555005891274 86.3715914053258 84.484421527208 90.8143604484219 81.3887347396581 82.5510227543453 81.3831659684894 84.6470337382672 77.5115776808573 82.5809123755536 0 86.6903277703415 72.9023336598264 76.2325041385106 71.4601751967239 90.2036731025225 86.1906367063369 90.174222290158
88.9016132375147 85.2736417906796 86.2118032691444 84.5850934634402 87.2052237286722 83.7826298957523 83.1548703552811 78.9642297145514 84.1260579378503 78.2787712038344 86.6903277703415 0 84.7758323453392 83.8817680027613 86.6813329578914 80.9632517567037 73.8213544350363 81.025593970348
85.289026176076 85.7217818991216 84.2250937501173 89.8967144194162 82.1654959184623 81.3769599159453 79.6570728456323 82.765495449865 75.0398981621674 79.3756649167141 72.9023336598264 84.7758323453392 0 66.625354376404 73.6318322388031 88.940188044825 84.0707169435113 88.9021373091748
86.0340175859056 85.8625542615955 84.676136068509 89.6054963821559 83.1600871064417 81.6841840260165 79.9195252075351 82.2966669013236 76.2474155419039 77.9330371790942 76.2325041385106 83.8817680027613 66.625354376404 0 75.5379023932772 88.3311427205777 82.9050353913866 88.280925491606
86.2094600743473 87.4785965725738 86.0283575174043 91.1307580933578 83.7431752501091 84.1232305426205 82.9953807752155 85.3681348263785 79.9360690089101 82.8250212755503 71.4601751967239 86.6813329578914 73.6318322388031 75.5379023932772 0 90.0546271130141 85.8203757673713 90.0002102849888
91.7441879861927 88.8108513571896 89.7617468189833 84.5948688436633 90.6160080513319 88.3893958898764 88.106213904907 85.7535336624356 88.70495917673 85.6854997764966 90.2036731025225 80.9632517567037 88.940188044825 88.3311427205777 90.0546271130141 0 81.8225619299042 57.9330371790942
89.4283365154273 86.8161615906734 87.2493740458673 86.7239959740949 87.6904096177285 84.8923699560895 84.0608757462916 81.5729154765791 84.2979161426279 78.4656118230742 86.1906367063369 73.8213544350363 84.0707169435113 82.9050353913866 85.8203757673713 81.8225619299042 0 81.6508155305661
91.7962429180347 88.940188044825 89.8469883502153 84.9758071358167 90.6584149528466 88.4599765983439 88.1580882536816 85.8619598734465 88.7169585414867 85.6811254822013 90.174222290158 81.025593970348 88.9021373091748 88.280925491606 90.0002102849888 57.9330371790942 81.6508155305661 0
