0 72.9023336598264 82.5918102327387 86.9345227862877 85.626270384499 87.2384524777385 89.5317156500199 91.8058673739056 92.7402909689791 91.6315014349562 91.9652722161315 93.7891551247052 92.9347815256692 93.7768017892945 93.9575439848729 94.5924640630013 95.8337902073594 96.5988122853672
72.9023336598264 0 79.4815163212681 85.3649979935812 83.3741346948867 85.5912123321934 88.1647383903082 90.788610269172 91.8621161320281 90.6038153464986 91.0002889469191 92.9913800471559 92.0236649770835 92.9543027861287 93.197722303789 93.8596496856234 95.2022040754103 96.0198852462836
82.5918102327387 79.4815163212681 0 84.5918486466702 79.4313841462521 84.0574003365169 84.5732060619003 89.0481274213789 90.5492954281291 87.8719797173764 88.3588943182254 91.6418673468703 90.0356871694171 91.1690996499633 91.2223034349002 92.1286297110514 94.0841170535261 94.9781456681074
86.9345227862877 85.3649979935812 84.5918486466702 0 78.7864551370558 69.2684262627964 85.4673355948484 85.6238550502764 86.8982993539898 88.7479504643512 89.5479150899687 89.0988718501071 88.9742723336355 90.2196067601836 91.8001665676802 91.9381496128507 92.4145432650154 93.5544187127455
85.626270384499 83.3741346948867 79.4313841462521 78.7864551370558 0 76.7903957758132 82.0916105996209 85.9943470198067 87.8951763242991 86.7299218199454 87.5889115190624 89.5244964576347 88.1860958317419 89.6000358398782 90.5553613668426 91.1136705287218 92.6318461728296 93.7136960174551
87.2384524777385 85.5912123321934 84.0574003365169 69.2684262627964 76.7903957758132 0 84.0268466216013 84.5719301653208 86.2478955715808 87.7738075181225 88.6665542029632 88.4985749130909 88.0987221368113 89.4809274664817 91.1274292095547 91.3024292119971 92.0044955107311 93.1910650403224
89.5317156500199 88.1647383903082 84.5732060619003 85.4673355948484 82.0916105996209 84.0268466216013 0 83.6009463029101 86.5662657802988 79.0724707021626 81.1220143253691 87.471321443192 83.5075187382665 85.7159970899826 86.4394995309249 87.5065261477316 90.8334325320584 92.0383048604332
91.8058673739056 90.788610269172 89.0481274213789 85.6238550502764 85.9943470198067 84.5719301653208 83.6009463029101 0 75.8005514005498 85.0561662659079 86.3114457956494 79.9996863769891 81.1706917996594 83.4206154648313 88.1573208909491 87.2793272831726 87.2487353318652 89.1940700353716
92.7402909689791 91.8621161320281 90.5492954281291 86.8982993539898 87.8951763242991 86.2478955715808 86.5662657802988 75.8005514005498 0 87.4444687801697 88.375297950221 76.9165936065938 83.6447810454237 84.7544879428325 89.4784941033033 88.2562057180947 85.9894894506805 88.2281156619832
91.6315014349562 90.6038153464986 87.8719797173764 88.7479504643512 86.7299218199454 87.7738075181225 79.0724707021626 85.0561662659079 87.4444687801697 0 69.2684262627964 87.3074444597843 80.9096526954479 83.0088975767243 81.6065963893544 84.0136352147053 89.9902923673084 91.1241378324348
91.9652722161315 91.0002889469191 88.3588943182254 89.5479150899687 87.5889115190624 88.6665542029632 81.1220143253691 86.3114457956494 88.375297950221 69.2684262627964 0 88.1051770666893 82.2441216706862 83.6964506811521 80.1912970937131 83.7599297131629 90.36171118444 91.3785430846218
93.7891551247052 92.9913800471559 91.6418673468703 89.0988718501071 89.5244964576347 88.4985749130909 87.471321443192 79.9996863769891 76.9165936065938 87.3074444597843 88.1051770666893 0 82.0861101013499 82.2357878864878 88.4657095908867 86.4930717190664 82.4447587542196 85.6238550502764
92.9347815256692 92.0236649770835 90.0356871694171 88.9742723336355 88.1860958317419 88.0987221368113 83.5075187382665 81.1706917996594 83.6447810454237 80.9096526954479 82.2441216706862 82.0861101013499 0 73.1355973092018 83.2669439053432 81.4510002480644 86.2937452682456 88.0908247429846
93.7768017892945 92.9543027861287 91.1690996499633 90.2196067601836 89.6000358398782 89.4809274664817 85.7159970899826 83.4206154648313 84.7544879428325 83.0088975767243 83.6964506811521 82.2357878864878 73.1355973092018 0 82.7273505510716 78.6754306413765 84.9487500484257 86.7917193852803
93.9575439848729 93.197722303789 91.2223034349002 91.8001665676802 90.5553613668426 91.1274292095547 86.4394995309249 88.1573208909491 89.4784941033033 81.6065963893544 80.1912970937131 88.4657095908867 83.2669439053432 82.7273505510716 0 78.1618378717682 89.4686590438238 90.232578827322
94.5924640630013 93.8596496856234 92.1286297110514 91.9381496128507 91.1136705287218 91.3024292119971 87.5065261477316 87.2793272831726 88.2562057180947 84.0136352147053 83.7599297131629 86.4930717190664 81.4510002480644 78.6754306413765 78.1618378717682 0 86.8584352256806 87.7602710557797
95.8337902073594 95.2022040754103 94.0841170535261 92.4145432650154 92.6318461728296 92.0044955107311 90.8334325320584 87.2487353318652 85.9894894506805 89.9902923673084 90.36171118444 82.4447587542196 86.2937452682456 84.9487500484257 89.4686590438238 86.8584352256806 0 75.3681348263785
96.5988122853672 96.0198852462836 94.9781456681074 93.5544187127455 93.7136960174551 93.1910650403224 92.0383048604332 89.1940700353716 88.2281156619832 91.1241378324348 91.3785430846218 85.6238550502764 88.0908247429846 86.7917193852803 90.232578827322 87.7602710557797 75.3681348263785 0
