0 60.4857622301273 80.1288824412368 87.4345357066231 83.9296849669784 89.0891422958372 88.9949461517284 91.7554095663816 92.0465358181202 91.3358915737989 91.9280437922403 91.5472933089331 92.364297254284 92.4333716550195 92.8558152020776 94.6497631353031 94.5707409664235 94.2928982971025
60.4857622301273 0 79.8531331056309 87.5302080707621 83.7491208394148 88.9243164563589 88.7666298257024 91.6890892909788 91.9927397957171 91.1324215788973 91.8388559645986 91.3513377482993 92.2876317586234 92.3105428072981 92.7342633826896 94.6224845236715 94.5396012566305 94.1910987238986
80.1288824412368 79.8531331056309 0 84.1138062661954 74.9227372224544 85.3962648299937 85.7376505077114 89.1212748893778 89.5283074970497 89.2562745795041 89.3519226761528 89.4833594670039 89.9294753743245 90.1288824412368 90.695851290953 92.883482599481 92.7774682476346 92.4887940599431
87.4345357066231 87.5302080707621 84.1138062661954 0 82.5093258606649 86.0890327126028 88.0298361883365 86.7514468623435 86.8249332995649 90.9546699881363 87.8692059911556 91.0344172296474 88.1647383903082 89.8741686904857 90.5050214404877 90.5206662988089 90.4819001179839 92.092576439617
83.9296849669784 83.7491208394148 74.9227372224544 82.5093258606649 0 82.5809123755536 83.7445660987571 87.2399634779306 87.7542644028672 88.1540201537056 87.5348899451403 88.3666599593055 88.2325503628514 88.607465606858 89.2971364306443 91.7358733600348 91.6081089265897 91.350942378021
89.0891422958372 88.9243164563589 85.3962648299937 86.0890327126028 82.5809123755536 0 76.2581263061566 82.4061147680649 83.6903614073857 83.760486836007 81.5879170280032 83.8681130724119 83.2093258978727 82.6046768387851 83.9211655938261 89.3818913619656 89.124314189505 87.4269372455433
88.9949461517284 88.7666298257024 85.7376505077114 88.0298361883365 83.7445660987571 76.2581263061566 0 85.5478257289696 86.5074355975055 80.273145354966 84.484421527208 80.715999260007 85.7312048293587 83.5008850021645 84.421773828055 90.8271427879541 90.5833812216099 87.7647878994723
91.7554095663816 91.6890892909788 89.1212748893778 86.7514468623435 87.2399634779306 82.4061147680649 85.5478257289696 0 67.0711757029314 87.7143376949789 72.6859014782719 87.5768148290492 71.9124372658146 82.0089629069834 83.2401555589108 84.2615415521781 83.8325331923513 85.7687916142253
92.0465358181202 91.9927397957171 89.5283074970497 86.8249332995649 87.7542644028672 83.6903614073857 86.5074355975055 67.0711757029314 0 88.4717497631816 75.8181676094126 88.3391625739389 73.8658978492988 83.1704224979828 84.1779208042287 83.1985460359496 82.7674836600796 86.19842396927
91.3358915737989 91.1324215788973 89.2562745795041 90.9546699881363 88.1540201537056 83.760486836007 80.273145354966 87.7143376949789 88.4717497631816 0 86.3152293981705 60.943337135734 87.2363735201379 83.2299067168234 83.3714011879762 91.5807977518685 91.3152199563582 86.3603773685769
91.9280437922403 91.8388559645986 89.3519226761528 87.8692059911556 87.5348899451403 81.5879170280032 84.484421527208 72.6859014782719 75.8181676094126 86.3152293981705 0 86.108690874692 68.2576831806327 78.3784347830183 80.196390736151 85.1395907446115 84.6483624976396 83.8879993973499
91.5472933089331 91.3513377482993 89.4833594670039 91.0344172296474 88.3666599593055 83.8681130724119 80.715999260007 87.5768148290492 88.3391625739389 60.943337135734 86.108690874692 0 87.029416842919 82.7531929436013 82.8266365051531 91.4234800451146 91.1501927648229 85.9084823227115
92.364297254284 92.2876317586234 89.9294753743245 88.1647383903082 88.2325503628514 83.2093258978727 85.7312048293587 71.9124372658146 73.8658978492988 87.2363735201379 68.2576831806327 87.029416842919 0 79.8229213609158 81.1220143253691 83.802185102344 83.2222041818708 83.8486185358131
92.4333716550195 92.3105428072981 90.1288824412368 89.8741686904857 88.607465606858 82.6046768387851 83.5008850021645 82.0089629069834 83.1704224979828 83.2299067168234 78.3784347830183 82.7531929436013 79.8229213609158 0 67.4476455321111 87.4658005457673 87.0218196658921 80.0174507434799
92.8558152020776 92.7342633826896 90.695851290953 90.5050214404877 89.2971364306443 83.9211655938261 84.421773828055 83.2401555589108 84.1779208042287 83.3714011879762 80.196390736151 82.8266365051531 81.1220143253691 67.4476455321111 0 87.6639109514705 87.2169957016613 77.9704274862888
94.6497631353031 94.6224845236715 92.883482599481 90.5206662988089 91.7358733600348 89.3818913619656 90.8271427879541 84.2615415521781 83.1985460359496 91.5807977518685 85.1395907446115 91.4234800451146 83.802185102344 87.4658005457673 87.6639109514705 0 61.9186859683278 87.4191226778586
94.5707409664235 94.5396012566305 92.7774682476346 90.4819001179839 91.6081089265897 89.124314189505 90.5833812216099 83.8325331923513 82.7674836600796 91.3152199563582 84.6483624976396 91.1501927648229 83.2222041818708 87.0218196658921 87.2169957016613 61.9186859683278 0 86.9479247929523
94.2928982971025 94.1910987238986 92.4887940599431 92.092576439617 91.350942378021 87.4269372455433 87.7647878994723 85.7687916142253 86.19842396927 86.3603773685769 83.8879993973499 85.9084823227115 83.8486185358131 80.0174507434799 77.9704274862888 87.4191226778586 86.9479247929523 0
