0 64.9227372224544 80.715999260007 82.1955555948568 84.9942381151589 85.303372492433 86.6499338359494 88.8143980660997 88.2969304657511 88.725573403395 89.6356590944609 89.2338005042658 90.4004842763326 91.0632682823266 92.5570171580838 93.0459371962782 92.9902333399376 93.443875830952
64.9227372224544 0 79.8419543483159 81.4039525218206 84.4519907293394 84.7490671664029 86.0728479354589 88.4065647866336 87.7139289096556 88.1647383903082 89.1778802650328 88.6906959612515 89.9360690089101 90.6916766862194 92.1900093127201 92.7277824929954 92.6436061172452 93.1433713973034
80.715999260007 79.8419543483159 0 85.0470637320997 87.0027405101465 87.0775265860798 80.9865508735604 89.5836989629918 85.1097422091168 87.8007545217567 89.4999867894401 87.7602710557797 88.1316743187726 91.0569266728001 91.0399703025278 92.675844793478 92.0208621231356 93.1265911018307
82.1955555948568 81.4039525218206 85.0470637320997 0 73.88799939735 74.8692254027654 87.5794774444727 83.3983525896292 87.3548259428677 85.1191360641766 85.4719304936925 86.5499600392179 89.1585340777976 87.4790897662944 91.1287980267242 90.522282007863 91.0411973109444 91.0066365559062
84.9942381151589 84.4519907293394 87.0027405101465 73.88799939735 0 60.1003018939718 88.6800132002825 80.1822611802293 87.9278384230786 84.4476562652305 83.8525827295616 86.2907274067281 89.3238846747214 85.9334097236096 90.9674109482369 89.5890412042683 90.5448026084047 90.08471406562
85.303372492433 84.7490671664029 87.0775265860798 74.8692254027654 60.1003018939718 0 88.607465606858 79.4313841462521 87.7303414857171 83.9536370923738 83.2701067313226 85.9195436335469 89.1017700423667 85.4963548523048 90.7447349131916 89.2967855998892 90.2852906292129 89.8116271825038
86.6499338359494 86.0728479354589 80.9865508735604 87.5794774444727 88.6800132002825 88.607465606858 0 90.0485139909067 79.6356543330438 86.6766955363947 89.0903954342143 85.7505909256189 84.3199260459954 90.6584149528466 88.5603608111481 91.8007684812586 90.3693696241556 92.3099087544728
88.8143980660997 88.4065647866336 89.5836989629918 83.3983525896292 80.1822611802293 79.4313841462521 90.0485139909067 0 88.4453344140258 82.7445958873746 78.4233576461128 85.2457006698491 89.0119174309222 80.3134982103822 89.9267487930091 86.4792131511187 88.6665542029632 87.0711757029314
88.2969304657511 87.7139289096556 85.1097422091168 87.3548259428677 87.9278384230786 87.7303414857171 79.6356543330438 88.4453344140258 0 82.8634330622707 86.5286547096464 80.5098229277861 77.4947214838478 88.4135689102503 84.9796890336395 89.4817373631183 87.3877230304124 90.1372564034726
88.725573403395 88.1647383903082 87.8007545217567 85.1191360641766 84.4476562652305 83.9536370923738 86.6766955363947 82.7445958873746 82.8634330622707 0 77.2725329640901 73.2222041818708 83.237595614941 82.0052461083682 85.4535216572886 85.3354987714178 84.9607879581046 86.3516352768448
89.6356590944609 89.1778802650328 89.4999867894401 85.4719304936925 83.8525827295616 83.2701067313226 89.0903954342143 78.4233576461128 86.5286547096464 77.2725329640901 0 81.1308702223888 86.5494557765061 75.3769929779527 87.2962581871129 83.4107842329724 85.5307647353074 84.4971338545202
89.2338005042658 88.6906959612515 87.7602710557797 86.5499600392179 86.2907274067281 85.9195436335469 85.7505909256189 85.2457006698491 80.5098229277861 73.2222041818708 81.1308702223888 0 79.9796622965764 84.0608757462916 83.4033961764943 85.8146250847645 83.947117784441 86.801327225864
90.4004842763326 89.9360690089101 88.1316743187726 89.1585340777976 89.3238846747214 89.1017700423667 84.3199260459954 89.0119174309222 77.4947214838478 83.237595614941 86.5494557765061 79.9796622965764 0 88.0402758330119 80.3134982103822 88.2702532668298 84.7922451010396 88.9847314590875
91.0632682823266 90.6916766862194 91.0569266728001 87.4790897662944 85.9334097236096 85.4963548523048 90.6584149528466 80.3134982103822 88.4135689102503 82.0052461083682 75.3769929779527 84.0608757462916 88.0402758330119 0 87.929561432755 80.6064954349474 85.303372492433 81.7532076048429
92.5570171580838 92.1900093127201 91.0399703025278 91.1287980267242 90.9674109482369 90.7447349131916 88.5603608111481 89.9267487930091 84.9796890336395 85.4535216572886 87.2962581871129 83.4033961764943 80.3134982103822 87.929561432755 0 86.5279020587005 79.8026005337483 87.2302909628742
93.0459371962782 92.7277824929954 92.675844793478 90.522282007863 89.5890412042683 89.2967855998892 91.8007684812586 86.4792131511187 89.4817373631183 85.3354987714178 83.4107842329724 85.8146250847645 88.2702532668298 80.6064954349474 86.5279020587005 0 81.5484265359054 67.420130049599
92.9902333399376 92.6436061172452 92.0208621231356 91.0411973109444 90.5448026084047 90.2852906292129 90.3693696241556 88.6665542029632 87.3877230304124 84.9607879581046 85.5307647353074 83.947117784441 84.7922451010396 85.303372492433 79.8026005337483 81.5484265359054 0 82.5868656935784
93.443875830952 93.1433713973034 93.1265911018307 91.0066365559062 90.08471406562 89.8116271825038 92.3099087544728 87.0711757029314 90.1372564034726 86.3516352768448 84.4971338545202 86.801327225864 88.9847314590875 81.7532076048429 87.2302909628742 67.420130049599 82.5868656935784 0
