0 78.2941450092125 80.5527990930723 81.5313920024931 86.8761978059386 85.9029410845511 84.7677570190112 83.6337942323103 86.7828665596585 89.7259007996189 88.4104573609006 88.8285560079588 89.0972136676434 89.5581960878034 91.1617409985619 91.5222793329793 92.2547098735201 91.2093943302784
78.2941450092125 0 67.7907876781866 85.9117773120332 82.8785518951175 81.5283580078269 87.4802850888848 79.9240894784526 86.3114457956494 87.8355375083724 87.3963178477377 89.5694807081009 88.1901910181076 89.8559233047754 90.0485139909067 90.4329738283272 91.0199327930892 91.5537130363682
80.5527990930723 67.7907876781866 0 86.921385559777 81.2856097434395 79.8920337031866 88.2603500222193 79.5407227977055 86.5372487835124 87.3683962032858 87.3630331127546 89.9508307163448 88.1533394177711 90.12375868971 89.8468713260637 90.2272956583012 90.7301627873035 91.7850986369722
81.5313920024931 85.9117773120332 86.921385559777 0 90.3688739390761 89.5765657369386 78.1728733559528 87.4454406823376 87.6445763726772 91.579451455178 89.561070102921 87.4132525105052 90.0597956501964 88.8582909316314 92.2162589165646 92.5417150464451 93.4265035391518 90.2882222321242
86.8761978059386 82.8785518951175 81.2856097434395 90.3688739390761 0 71.3176021151403 90.9357016665195 81.4741215705682 87.4393447845714 84.3466989492093 87.0382140342669 91.2066265229575 87.7150367530067 90.9290962081542 88.3798676299818 88.7205045218303 88.6994416157976 92.4225257044828
85.9029410845511 81.5283580078269 79.8920337031866 89.5765657369386 71.3176021151403 0 90.0693877214692 78.2753097867997 85.9941660142801 83.4334361368743 85.6825840698956 90.280234225313 86.5111692742784 89.9915940781432 87.6146920888442 88.0300950629994 88.2688829342483 91.6476402617388
84.7677570190112 87.4802850888848 88.2603500222193 78.1728733559528 90.9357016665195 90.0693877214692 0 87.6660003505263 86.1924886111327 91.2396095262082 88.5125449507707 84.1843262623569 88.9518820507696 86.4505113704269 91.443652759418 91.7877683147325 92.8815208207444 88.0428173008416
83.6337942323103 79.9240894784526 79.5407227977055 87.4454406823376 81.4741215705682 78.2753097867997 87.6660003505263 0 82.0293963831098 83.778260708668 82.8550516930196 87.8497272528937 84.1377337808192 87.6556693836975 86.8083296343396 87.3660033247608 88.3001243947931 89.7976492431174
86.7828665596585 86.3114457956494 86.5372487835124 87.6445763726772 87.4393447845714 85.9941660142801 86.1924886111327 82.0293963831098 0 84.7544879428325 75.913207314789 82.5251699018921 77.8007545217567 81.3295387552311 84.598216984643 85.3470315967073 87.4882193092733 85.2650098301599
89.7259007996189 87.8355375083724 87.3683962032858 91.579451455178 84.3466989492093 83.4334361368743 91.2396095262082 83.778260708668 84.7544879428325 0 81.6869870302724 89.5563688452016 82.0154368322127 88.499036942022 80.1288824412368 80.8079053671482 80.9170350939564 90.1120859211209
88.4104573609006 87.3963178477377 87.3630331127546 89.561070102921 87.0382140342669 85.6825840698956 88.5125449507707 82.8550516930196 75.913207314789 81.6869870302724 0 85.0830368532146 67.0203282350072 83.2492890890572 80.661372627392 81.8246980227395 84.8314512704693 86.1771052909397
88.8285560079588 89.5694807081009 89.9508307163448 87.4132525105052 91.2066265229575 90.280234225313 84.1843262623569 87.8497272528937 82.5251699018921 89.5563688452016 85.0830368532146 0 85.1460098229714 74.8161153873143 88.5161602231638 88.9153198341236 90.6234942756704 79.2972161180807
89.0972136676434 88.1901910181076 88.1533394177711 90.0597956501964 87.7150367530067 86.5111692742784 88.9518820507696 84.1377337808192 77.8007545217567 82.0154368322127 67.0203282350072 85.1460098229714 0 82.9845369622933 79.4005173154006 80.6887025537194 84.271192869023 85.7749292329038
89.5581960878034 89.8559233047754 90.12375868971 88.8582909316314 90.9290962081542 89.9915940781432 86.4505113704269 87.6556693836975 81.3295387552311 88.499036942022 83.2492890890572 74.8161153873143 82.9845369622933 0 86.8193244329465 87.2609231910699 89.3216000137408 76.625354376404
91.1617409985619 90.0485139909067 89.8468713260637 92.2162589165646 88.3798676299818 87.6146920888442 91.443652759418 86.8083296343396 84.598216984643 80.1288824412368 80.661372627392 88.5161602231638 79.4005173154006 86.8193244329465 0 63.8812019322615 77.3015343101492 88.222814231182
91.5222793329793 90.4329738283272 90.2272956583012 92.5417150464451 88.7205045218303 88.0300950629994 91.7877683147325 87.3660033247608 85.3470315967073 80.8079053671482 81.8246980227395 88.9153198341236 80.6887025537194 87.2609231910699 63.8812019322615 0 75.8987805111985 88.5094620843136
92.2547098735201 91.0199327930892 90.7301627873035 93.4265035391518 88.6994416157976 88.2688829342483 92.8815208207444 88.3001243947931 87.4882193092733 80.9170350939564 84.8314512704693 90.6234942756704 84.271192869023 89.3216000137408 77.3015343101492 75.8987805111985 0 90.3327125514809
91.2093943302784 91.5537130363682 91.7850986369722 90.2882222321242 92.4225257044828 91.6476402617388 88.0428173008416 89.7976492431174 85.2650098301599 90.1120859211209 86.1771052909397 79.2972161180807 85.7749292329038 76.625354376404 88.222814231182 88.5094620843136 90.3327125514809 0
