0 71.4741215705682 88.2106092259997 90.0228223518567 83.4960621867671 85.5447953106515 85.2003092693599 88.813689745767 92.2997512996007 91.8554327830753 91.9332335297458 91.0297646113869 90.1262622632876 91.7369587796645 92.4704573954439 92.0225561375968 92.9422595709972 93.9061142025405
71.4741215705682 0 88.0198903710459 89.7176265436162 81.5766707252515 83.7445660987571 83.201597050353 87.7394414168139 91.818666893075 91.2037643457854 91.2876161859881 90.2119042252309 89.0537222217762 90.8838677716108 91.7351018481942 91.1676208475889 92.1766258049975 93.2238357839634
88.2106092259997 88.0198903710459 0 76.9639370490137 85.2408599357581 87.3031982537424 89.2202600224785 86.7943888441657 86.5304228410657 87.8568047770822 87.9486437055199 88.4011093146316 90.6935171120628 90.9368178278012 90.6238252049408 92.3007045708288 93.0930994829547 93.9551981457216
90.0228223518567 89.7176265436162 76.9639370490137 0 86.706750637792 88.0402758330119 89.9769504982872 86.4419681041263 83.447537158823 86.0393941818496 86.125843648819 87.3471575828297 90.6005268381762 90.4004842763326 89.7002420305545 92.0387851445175 92.774611422748 93.5979675182641
83.4960621867671 81.5766707252515 85.2408599357581 86.706750637792 0 75.7863355292019 80.6047544631244 82.0837743183248 88.7666298257024 87.7239661854775 87.8488417508376 86.3152293981705 86.0393941818496 87.9199887622108 88.7552587072977 88.940188044825 90.2196067601836 91.5103437548059
85.5447953106515 83.7445660987571 87.3031982537424 88.0402758330119 75.7863355292019 0 76.2581263061566 79.8988090969427 88.8707549940815 87.1426142386487 87.2709460205284 84.9296803811179 82.9463689655499 85.8987805111985 87.3482352500671 86.8584352256806 88.4638216139284 90.0263460389504
85.2003092693599 83.201597050353 89.2202600224785 89.9769504982872 80.6047544631244 76.2581263061566 0 83.8213755430554 90.6435497940177 89.0724707021626 89.1709004652479 87.0711757029314 83.1391823978766 86.8428331489911 88.6162823985268 86.8092101824516 88.4018890874713 89.9602902633105
88.813689745767 87.7394414168139 86.7943888441657 86.4419681041263 82.0837743183248 79.8988090969427 83.8213755430554 0 85.5510109827811 82.236661180738 82.4567265986577 78.0921481653259 82.2084686448949 82.7572235863183 83.4206154648313 85.7407584388518 87.3463216224609 88.9731256890866
92.2997512996007 91.818666893075 86.5304228410657 83.447537158823 88.7666298257024 88.8707549940815 90.6435497940177 85.5510109827811 0 79.0119174309222 78.9642297145514 83.8146333429251 89.4906473078734 88.0941738426833 86.1402925228294 90.4649628778786 91.0670688079589 91.8259290927219
91.8554327830753 91.2037643457854 87.8568047770822 86.0393941818496 87.7239661854775 87.1426142386487 89.0724707021626 82.236661180738 79.0119174309222 0 50.943337135734 76.9639370490137 86.706750637792 84.3557033681209 81.2076462085556 87.7917907521781 88.5731220444114 89.5868052581047
91.9332335297458 91.2876161859881 87.9486437055199 86.125843648819 87.8488417508376 87.2709460205284 89.1709004652479 82.4567265986577 78.9642297145514 50.943337135734 0 77.2272264362371 86.7923005771085 84.4088227212188 81.1913034068231 87.8319828162819 88.5933131285828 89.5903698677269
91.0297646113869 90.2119042252309 88.4011093146316 87.3471575828297 86.3152293981705 84.9296803811179 87.0711757029314 78.0921481653259 83.8146333429251 76.9639370490137 77.2272264362371 0 83.2834453116058 80.1964580507305 77.7784603127323 85.0930706154422 86.3616248035471 87.8638698642573
90.1262622632876 89.0537222217762 90.6935171120628 90.6005268381762 86.0393941818496 82.9463689655499 83.1391823978766 82.2084686448949 89.4906473078734 86.706750637792 86.7923005771085 83.2834453116058 0 78.6665542029632 83.5726733178929 78.0529683256868 81.9193804244781 84.9616775770365
91.7369587796645 90.8838677716108 90.9368178278012 90.4004842763326 87.9199887622108 85.8987805111985 86.8428331489911 82.7572235863183 88.0941738426833 84.3557033681209 84.4088227212188 80.1964580507305 78.6665542029632 0 76.9232184505901 78.1200421657566 80.4857622301273 83.3755772332947
92.4704573954439 91.7351018481942 90.6238252049408 89.7002420305545 88.7552587072977 87.3482352500671 88.6162823985268 83.4206154648313 86.1402925228294 81.2076462085556 81.1913034068231 77.7784603127323 83.5726733178929 76.9232184505901 0 83.303713358571 84.0524310944135 85.4673355948484
92.0225561375968 91.1676208475889 92.3007045708288 92.0387851445175 88.940188044825 86.8584352256806 86.8092101824516 85.7407584388518 90.4649628778786 87.7917907521781 87.8319828162819 85.0930706154422 78.0529683256868 78.1200421657566 83.303713358571 0 73.0384872811603 79.7543295170555
92.9422595709972 92.1766258049975 93.0930994829547 92.774611422748 90.2196067601836 88.4638216139284 88.4018890874713 87.3463216224609 91.0670688079589 88.5731220444114 88.5933131285828 86.3616248035471 81.9193804244781 80.4857622301273 84.0524310944135 73.0384872811603 0 74.3774237547091
93.9061142025405 93.2238357839634 93.9551981457216 93.5979675182641 91.5103437548059 90.0263460389504 89.9602902633105 88.9731256890866 91.8259290927219 89.5868052581047 89.5903698677269 87.8638698642573 84.9616775770365 83.3755772332947 85.4673355948484 79.7543295170555 74.3774237547091 0
