0 81.6326132525547 91.2066265229575 86.5364172448041 91.5325297429229 89.4098004215052 89.4005173154006 92.1490853708583 93.5440868174126 92.5822917778597 92.6108935223864 92.9641315458079 92.8926411279113 92.9902333399376 93.9507715509135 94.2549772152476 94.4869189630872 94.4694066770992
81.6326132525547 0 87.9477781460115 84.8118924275813 88.2130529725628 85.7849113793878 86.440724448383 89.1241314286097 91.0403543362123 90.3317282757817 91.0738170968863 91.1622558749251 91.5461594301175 91.684550194797 92.0359366836133 92.3949903092406 92.6941043474961 93.4265035391518
91.2066265229575 87.9477781460115 0 91.0505757896518 82.9518421166448 87.8275353557611 89.4221471101878 84.3072941849955 86.3212801043627 90.1572282166862 92.5317848720839 91.8069354424815 93.0970686635682 93.2314455858476 91.2680987599108 91.4825686412198 91.7955291461834 94.5297276546687
86.5364172448041 84.8118924275813 91.0505757896518 0 89.2027885677725 83.5201228844259 81.3769599159453 89.6612512351627 91.2589835807061 87.8526907584752 86.7707867926468 87.8007545217567 87.2272264362371 87.4034512316464 90.0123547937044 90.5011764249031 90.8101589335291 90.0158379645473
91.5325297429229 88.2130529725628 82.9518421166448 89.2027885677725 0 83.2067580073703 85.7217818991216 69.9199483092359 79.9911907802216 85.2979753763636 89.3818913619656 88.0933368098544 90.1985207175083 90.3822376182188 87.0645896835267 87.4269372455433 87.929561432755 92.0171329637785
89.4098004215052 85.7849113793878 87.8275353557611 83.5201228844259 83.2067580073703 0 74.0608757462916 83.8572881736498 86.6723331867362 82.5351659257858 85.4887369853822 84.8172353991213 86.625354376404 86.9027061984258 86.2516059370168 86.9487100793787 87.4947214838478 89.619779474765
89.4005173154006 86.440724448383 89.4221471101878 81.3769599159453 85.7217818991216 74.0608757462916 0 86.0811595016032 88.1551460481231 82.5355359127617 83.6033008406848 83.6501254971811 84.8615063718665 85.1872526798368 86.2772723019654 87.0125223952169 87.5110249283942 88.4898778282883
92.1490853708583 89.1241314286097 84.3072941849955 89.6612512351627 69.9199483092359 83.8572881736498 86.0811595016032 0 76.9747808619358 84.6150320210808 89.1609940651089 87.6680206303562 89.9976710675342 90.1813555272048 86.1703870630815 86.506698435684 87.0438445492019 91.751571117812
93.5440868174126 91.0403543362123 86.3212801043627 91.2589835807061 79.9911907802216 86.6723331867362 88.1551460481231 76.9747808619358 0 85.4673355948484 89.8831581786707 88.2383334323243 90.6316240612856 90.789012297806 85.8019704317074 85.8882248668217 86.3471345953058 92.0098631414837
92.5822917778597 90.3317282757817 90.1572282166862 87.8526907584752 85.2979753763636 82.5351659257858 82.5355359127617 84.6150320210808 85.4673355948484 0 81.9070667547435 77.1614925384164 83.6614938033388 84.0083914433434 77.2272264362371 79.1445847495194 80.3727550038735 86.7229227098181
92.6108935223864 91.0738170968863 92.5317848720839 86.7707867926468 89.3818913619656 85.4887369853822 83.6033008406848 89.1609940651089 89.8831581786707 81.9070667547435 0 75.6562542463234 69.2684262627964 71.1136705287218 83.7596504542698 84.5416919591329 84.8172353991213 81.2004909747474
92.9641315458079 91.1622558749251 91.8069354424815 87.8007545217567 88.0933368098544 84.8172353991213 83.6501254971811 87.6680206303562 88.2383334323243 77.1614925384164 75.6562542463234 0 78.5776170713634 79.1123755294906 79.4607633709459 80.7750878561122 81.3096260893556 83.2401555589108
92.8926411279113 91.5461594301175 93.0970686635682 87.2272264362371 90.1985207175083 86.625354376404 84.8615063718665 89.9976710675342 90.6316240612856 83.6614938033388 69.2684262627964 78.5776170713634 0 56.9639370490137 84.8914681780214 85.5160989963473 85.6854997764966 79.2234877779738
92.9902333399376 91.684550194797 93.2314455858476 87.4034512316464 90.3822376182188 86.9027061984258 85.1872526798368 90.1813555272048 90.789012297806 84.0083914433434 71.1136705287218 79.1123755294906 56.9639370490137 0 85.1023335150202 85.6942351696241 85.840110052371 78.6148957965558
93.9507715509135 92.0359366836133 91.2680987599108 90.0123547937044 87.0645896835267 86.2516059370168 86.2772723019654 86.1703870630815 85.8019704317074 77.2272264362371 83.7596504542698 79.4607633709459 84.8914681780214 85.1023335150202 0 65.266566808183 70.0313870226518 86.4727448369087
94.2549772152476 92.3949903092406 91.4825686412198 90.5011764249031 87.4269372455433 86.9487100793787 87.0125223952169 86.506698435684 85.8882248668217 79.1445847495194 84.5416919591329 80.7750878561122 85.5160989963473 85.6942351696241 65.266566808183 0 63.4960621867671 86.7331655627619
94.4869189630872 92.6941043474961 91.7955291461834 90.8101589335291 87.929561432755 87.4947214838478 87.5110249283942 87.0438445492019 86.3471345953058 80.3727550038735 84.8172353991213 81.3096260893556 85.6854997764966 85.840110052371 70.0313870226518 63.4960621867671 0 86.6218316414651
94.4694066770992 93.4265035391518 94.5297276546687 90.0158379645473 92.0171329637785 89.619779474765 88.4898778282883 91.751571117812 92.0098631414837 86.7229227098181 81.2004909747474 83.2401555589108 79.2234877779738 78.6148957965558 86.4727448369087 86.7331655627619 86.6218316414651 0
