0 88.7168802665761 85.4841598430449 85.042668369047 90.7665018326547 87.8718063285063 87.5944545064845 88.1465843099084 89.1420653552395 92.3386648517134 91.4913821379436 90.9193850103386 94.2759957429958 92.4936594236437 92.557316661192 93.1821886544929 94.5555142615508 94.4489410910745
88.7168802665761 0 83.5201228844259 85.0206444159974 79.4313841462521 87.1185824845969 88.3893958898764 89.0301722270237 86.4210841896122 85.3176715737137 89.1767750439405 91.3675170171665 90.0174507434799 91.2940305799451 91.7618488509086 92.9463689655499 91.9401435468265 92.3563127611788
85.4841598430449 83.5201228844259 0 69.0724707021626 85.1986793407167 79.546717201444 81.5879170280032 83.0088975767243 80.8378353124009 87.3302260026353 86.2325041385106 87.5822301219606 90.3534795727897 88.6052340688356 88.9969862103985 90.3614318658224 90.9994315893368 91.0267605932609
85.042668369047 85.0206444159974 69.0724707021626 0 86.3653649600743 78.103370572082 79.7799514872702 81.5047597563245 80.7342661421173 88.0639385603448 86.082168991845 86.8327735631342 90.6806177226143 88.2801236925049 88.6052340688356 89.9377116785958 91.0501520670485 90.9794947304085
90.7665018326547 79.4313841462521 85.1986793407167 86.3653649600743 0 87.0168149034182 88.499036942022 89.019363834899 85.4519840595317 79.2684262627964 87.5972706385311 90.8961782126266 87.094417010166 90.1325480366474 90.7678586495839 92.1602484388098 90.0485139909067 90.7410592646134
87.8718063285063 87.1185824845969 79.546717201444 78.103370572082 87.0168149034182 0 72.5570171580838 75.3208427639379 74.3872598725851 87.5680821732371 82.1654959184623 83.2910400873432 89.4833594670039 85.0796871077196 85.5266933956535 87.4181448674708 89.2202600224785 88.9516488909148
87.5944545064845 88.3893958898764 81.5879170280032 79.7799514872702 88.499036942022 72.5570171580838 0 66.625354376404 79.2684262627964 88.9669688788295 83.447537158823 81.8069354424815 90.4401640436861 85.2003092693599 85.3461292680899 86.9312422033652 89.8296243895863 89.3933268335236
88.1465843099084 89.0301722270237 83.0088975767243 81.5047597563245 89.019363834899 75.3208427639379 66.625354376404 0 80.1912970937131 89.3046786303878 83.2093361878076 80.2119042252309 90.5150984397825 84.5416919591329 84.5700464329907 86.1560258917179 89.661984156616 89.1209567806726
89.1420653552395 86.4210841896122 80.8378353124009 80.7342661421173 85.4519840595317 74.3872598725851 79.2684262627964 80.1912970937131 0 85.5613227109851 79.5407227977055 84.3279020717801 87.8293148865457 84.2979161426279 85.1395907446115 87.4269372455433 87.8928971582322 87.8238754889605
92.3386648517134 85.3176715737137 87.3302260026353 88.0639385603448 79.2684262627964 87.5680821732371 88.9669688788295 89.3046786303878 85.5613227109851 0 86.1494823545164 90.4992526397913 82.6046768387851 88.9042214225407 89.7170505944318 91.2880173632844 87.5652470443241 88.7080272802849
91.4913821379436 89.1767750439405 86.2325041385106 86.082168991845 87.5972706385311 82.1654959184623 83.447537158823 83.2093361878076 79.5407227977055 86.1494823545164 0 82.8967977192182 86.051467240859 78.2106092259997 80.5050214404877 84.4341688235299 84.1779208042287 83.6776575903852
90.9193850103386 91.3675170171665 87.5822301219606 86.8327735631342 90.8961782126266 83.2910400873432 81.8069354424815 80.2119042252309 84.3279020717801 90.4992526397913 82.8967977192182 0 90.5708176693204 80.6047544631244 79.2684262627964 80.4372372021832 88.4944597996847 87.347813992319
94.2759957429958 90.0174507434799 90.3534795727897 90.6806177226143 87.094417010166 89.4833594670039 90.4401640436861 90.5150984397825 87.8293148865457 82.6046768387851 86.051467240859 90.5708176693204 0 87.8568047770822 88.7838012938152 90.3345343122189 82.5868656935784 85.1770197342049
92.4936594236437 91.2940305799451 88.6052340688356 88.2801236925049 90.1325480366474 85.0796871077196 85.2003092693599 84.5416919591329 84.2979161426279 88.9042214225407 78.2106092259997 80.6047544631244 87.8568047770822 0 69.0724707021626 78.9021373091748 84.0502702591676 82.0210674716618
92.557316661192 91.7618488509086 88.9969862103985 88.6052340688356 90.7678586495839 85.5266933956535 85.3461292680899 84.5700464329907 85.1395907446115 89.7170505944318 80.5050214404877 79.2684262627964 88.7838012938152 69.0724707021626 0 75.6854997764966 85.1757958751021 83.1373947666726
93.1821886544929 92.9463689655499 90.3614318658224 89.9377116785958 92.1602484388098 87.4181448674708 86.9312422033652 86.1560258917179 87.4269372455433 91.2880173632844 84.4341688235299 80.4372372021832 90.3345343122189 78.9021373091748 75.6854997764966 0 86.9027061984258 84.9081260709369
94.5555142615508 91.9401435468265 90.9994315893368 91.0501520670485 90.0485139909067 89.2202600224785 89.8296243895863 89.661984156616 87.8928971582322 87.5652470443241 84.1779208042287 88.4944597996847 82.5868656935784 84.0502702591676 85.1757958751021 86.9027061984258 0 74.0042971761832
94.4489410910745 92.3563127611788 91.0267605932609 90.9794947304085 90.7410592646134 88.9516488909148 89.3933268335236 89.1209567806726 87.8238754889605 88.7080272802849 83.6776575903852 87.347813992319 85.1770197342049 82.0210674716618 83.1373947666726 84.9081260709369 74.0042971761832 0
