0 89.7952525418025 85.3095958538277 88.4784017056437 86.6265279866851 87.9762509169206 85.2457006698491 91.3608158529667 87.05585812596 88.4018890874713 90.4761005024071 88.7429076482031 92.6731590307927 90.1445703986413 90.3930962198545 91.3953929960846 91.2066265229575 92.8494054278964
89.7952525418025 0 82.0171537612969 75.289026176076 80.855597892659 82.3073716170739 88.9090804678383 84.5832154332189 89.0018495715333 88.6760806191086 87.9165025530579 91.1419742754125 88.7666298257024 92.9967343500493 92.0103444593576 90.4857622301273 90.7260555518404 94.2392307312247
85.3095958538277 82.0171537612969 0 78.2703075782091 72.247814993249 79.8479255472459 85.0613425932038 86.4973123168136 85.9140164997191 86.2810866455699 87.1619952827055 88.8544846668213 89.47793445141 91.0680016632752 90.262695352981 89.54319315789 89.6069596227408 93.0064676550936
88.4784017056437 75.289026176076 78.2703075782091 0 74.8172353991213 77.5424991364325 86.8806271228131 83.4181597425046 87.0146998548159 86.6917490863679 86.1821018921153 89.6426912422026 87.8718063285063 91.8001665676802 90.7082125087859 89.1597823111562 89.3843794427092 93.275148392184
86.6265279866851 80.855597892659 72.247814993249 74.8172353991213 0 75.3681348263785 84.6871541162429 84.6354957098355 85.1687214367269 85.1872526798368 85.6635841127368 88.3564292247297 88.2106092259997 90.7683108277111 89.7222313894489 88.5626155199393 88.6928840265354 92.5993247266545
87.9762509169206 82.3073716170739 79.8479255472459 77.5424991364325 75.3681348263785 0 83.964480905296 81.6065963893544 83.7210768143803 82.9953807752155 82.6046768387851 87.2668975981248 86.0070343066891 90.0228223518567 88.5716226676249 86.6359054690201 86.8817337465467 91.7264466021845
85.2457006698491 88.9090804678383 85.0613425932038 86.8806271228131 84.6871541162429 83.964480905296 0 87.8452979360192 72.6379031023043 78.5550952672913 84.5775764649058 80.3485019850597 88.7147042607757 85.0612171811727 84.0502702591676 85.5673171147236 85.1395907446115 88.8840215873182
91.3608158529667 84.5832154332189 86.4973123168136 83.4181597425046 84.6354957098355 81.6065963893544 87.8452979360192 0 86.9803629744082 85.5266933956535 81.3769599159453 88.9969862103985 80.4372372021832 91.2262022299968 89.4809274664817 85.9291992239092 86.5828917856921 91.9893741587557
87.05585812596 89.0018495715333 85.9140164997191 87.0146998548159 85.1687214367269 83.7210768143803 72.6379031023043 86.9803629744082 0 72.8933096689136 82.4762810093433 78.1071151235658 87.4800264355816 84.3435356805294 82.2145633383481 83.3457604920355 82.8013620568893 87.9607434601061
88.4018890874713 88.6760806191086 86.2810866455699 86.6917490863679 85.1872526798368 82.9953807752155 78.5550952672913 85.5266933956535 72.8933096689136 0 79.0724707021626 79.546717201444 85.7159970899826 85.1362843532686 82.0827706588024 80.7342661421173 80.3134982103822 87.8033791162461
90.4761005024071 87.9165025530579 87.1619952827055 86.1821018921153 85.6635841127368 82.6046768387851 84.5775764649058 81.3769599159453 82.4762810093433 79.0724707021626 0 84.7182209694953 80.3134982103822 87.9710879147445 85.1757958751021 78.7320818557614 79.8920337031866 88.9885144030095
88.7429076482031 91.1419742754125 88.8544846668213 89.6426912422026 88.3564292247297 87.2668975981248 80.3485019850597 88.9969862103985 78.1071151235658 79.546717201444 84.7182209694953 0 88.5369933522933 78.7320818557614 75.1757958751021 82.9518421166448 81.8069354424815 84.8113690695313
92.6731590307927 88.7666298257024 89.47793445141 87.8718063285063 88.2106092259997 86.0070343066891 88.7147042607757 80.4372372021832 87.4800264355816 85.7159970899826 80.3134982103822 88.5369933522933 0 90.5418566837301 88.3760823708534 83.0331223084966 84.1613919743094 90.5760146877999
90.1445703986413 92.9967343500493 91.0680016632752 91.8001665676802 90.7683108277111 90.0228223518567 85.0612171811727 91.2262022299968 84.3435356805294 85.1362843532686 87.9710879147445 78.7320818557614 90.5418566837301 0 77.5519919157727 85.9195436335469 85.0002150024618 81.7210826198223
90.3930962198545 92.0103444593576 90.262695352981 90.7082125087859 89.7222313894489 88.5716226676249 84.0502702591676 89.4809274664817 82.2145633383481 82.0827706588024 85.1757958751021 75.1757958751021 88.3760823708534 77.5519919157727 0 81.7532076048429 80.2119042252309 81.6633082511293
91.3953929960846 90.4857622301273 89.54319315789 89.1597823111562 88.5626155199393 86.6359054690201 85.5673171147236 85.9291992239092 83.3457604920355 80.7342661421173 78.7320818557614 82.9518421166448 83.0331223084966 85.9195436335469 81.7532076048429 0 65.9948369189331 86.0795459190594
91.2066265229575 90.7260555518404 89.6069596227408 89.3843794427092 88.6928840265354 86.8817337465467 85.1395907446115 86.5828917856921 82.8013620568893 80.3134982103822 79.8920337031866 81.8069354424815 84.1613919743094 85.0002150024618 80.2119042252309 65.9948369189331 0 85.3179523584537
92.8494054278964 94.2392307312247 93.0064676550936 93.275148392184 92.5993247266545 91.7264466021845 88.8840215873182 91.9893741587557 87.9607434601061 87.8033791162461 88.9885144030095 84.8113690695313 90.5760146877999 81.7210826198223 81.6633082511293 86.0795459190594 85.3179523584537 0
