0 81.1676208475889 83.5906247399605 74.7485632981784 87.5424991364325 83.9384101227389 84.2898848045664 84.8667886893461 86.0393941818496 88.7168802665761 88.7479504643512 92.5906467117953 92.5847829604358 92.635671648745 93.1718019354755 92.764629276264 93.0789360219489 93.873203801575
81.1676208475889 0 71.8782927151203 78.9406738036033 81.9089615194754 81.5729154765791 82.3358293114501 85.1280073452 87.2272264362371 89.4644757442316 89.4023755247218 91.4024766834082 92.0827706588024 92.2511762816236 92.2614478484374 92.4530494563601 92.5166911039712 92.7760355725621
83.5906247399605 71.8782927151203 0 81.3769599159453 78.8148980994163 81.142653861325 81.9429485591046 85.2570967336974 87.4942313423008 89.5376539068579 89.4474174463809 90.7633342770328 91.7142935255296 91.9269727371005 91.7398802392558 92.1564823980096 92.1286297110514 92.1906747627694
74.7485632981784 78.9406738036033 81.3769599159453 0 86.1430862844224 80.2350386956101 80.78123318983 82.1247446861389 84.2394295977918 87.4244334045368 87.4158576302882 91.4063373322637 91.4929361055105 91.5768418761438 92.0873209508078 91.7398802392558 92.036084518037 92.858850825721
87.5424991364325 81.9089615194754 78.8148980994163 86.1430862844224 0 84.5245899885005 84.9728254291781 87.6327844803114 89.4736232828639 90.8966172265081 90.7814035555182 90.3353657914388 91.9016533851174 92.1900093127201 91.4929130958581 92.4515153347507 92.2002748890693 91.6359469985815
83.9384101227389 81.5729154765791 81.142653861325 80.2350386956101 84.5245899885005 0 60.943337135734 77.2272264362371 82.2337877346136 85.4304003347848 85.2650098301599 88.6208734961143 89.0831478920987 89.2849999751602 89.6085733910625 89.553301503306 89.731384741483 90.5556491061807
84.2898848045664 82.3358293114501 81.9429485591046 80.78123318983 84.9728254291781 60.943337135734 0 76.0621707455228 81.6177655634978 84.9296803811179 84.7472587363043 88.3799291096705 88.7666298257024 88.9669688788295 89.3619352334846 89.2408763249838 89.4465985515605 90.372342547137
84.8667886893461 85.1280073452 85.2570967336974 82.1247446861389 87.6327844803114 77.2272264362371 76.0621707455228 0 75.1097422091168 81.3769599159453 81.1963957883817 88.5333408886735 88.002829084837 88.0706757264335 89.2099150544927 88.2881350299898 88.8448084831618 90.5150984397825
86.0393941818496 87.2272264362371 87.4942313423008 84.2394295977918 89.4736232828639 82.2337877346136 81.6177655634978 75.1097422091168 0 77.2169957016613 77.3082160992677 89.1193766336835 87.8007545217567 87.7047839392961 89.4900404546874 87.8248646916497 88.7259015327818 90.943337135734
88.7168802665761 89.4644757442316 89.5376539068579 87.4244334045368 90.8966172265081 85.4304003347848 84.9296803811179 81.3769599159453 77.2169957016613 0 57.9330371790942 88.3611379693406 85.8203757673713 85.4887369853822 88.3784347830183 85.5024395395615 86.9951473224946 90.1985207175083
88.7479504643512 89.4023755247218 89.4474174463809 87.4158576302882 90.7814035555182 85.2650098301599 84.7472587363043 81.1963957883817 77.3082160992677 57.9330371790942 0 88.0993649211303 85.5266933956535 85.2068228736091 88.1308444831307 85.2408599357581 86.7389734389396 89.9921148053681
92.5906467117953 91.4024766834082 90.7633342770328 91.4063373322637 90.3353657914388 88.6208734961143 88.3799291096705 88.5333408886735 89.1193766336835 88.3611379693406 88.0993649211303 0 81.3319398622968 82.7417272807578 74.0433018081236 83.5906247399605 80.7841074747623 76.7198133615103
92.5847829604358 92.0827706588024 91.7142935255296 91.4929361055105 91.9016533851174 89.0831478920987 88.7666298257024 88.002829084837 87.8007545217567 85.8203757673713 85.5266933956535 81.3319398622968 0 66.2581263061566 78.6223132959149 70.8110544783965 69.037197625347 83.6150544197642
92.635671648745 92.2511762816236 91.9269727371005 91.5768418761438 92.1900093127201 89.2849999751602 88.9669688788295 88.0706757264335 87.7047839392961 85.4887369853822 85.2068228736091 82.7417272807578 66.2581263061566 0 80.4078597858648 63.2478263495168 72.2745746271361 84.6429132091945
93.1718019354755 92.2614478484374 91.7398802392558 92.0873209508078 91.4929130958581 89.6085733910625 89.3619352334846 89.2099150544927 89.4900404546874 88.3784347830183 88.1308444831307 74.0433018081236 78.6223132959149 80.4078597858648 0 81.3769599159453 76.7302091868287 76.4578371154628
92.764629276264 92.4530494563601 92.1564823980096 91.7398802392558 92.4515153347507 89.553301503306 89.2408763249838 88.2881350299898 87.8248646916497 85.5024395395615 85.2408599357581 83.5906247399605 70.8110544783965 63.2478263495168 81.3769599159453 0 74.0923790178576 85.2198208476034
93.0789360219489 92.5166911039712 92.1286297110514 92.036084518037 92.2002748890693 89.731384741483 89.4465985515605 88.8448084831618 88.7259015327818 86.9951473224946 86.7389734389396 80.7841074747623 69.037197625347 72.2745746271361 76.7302091868287 74.0923790178576 0 82.4324637172136
93.873203801575 92.7760355725621 92.1906747627694 92.858850825721 91.6359469985815 90.5556491061807 90.372342547137 90.5150984397825 90.943337135734 90.1985207175083 89.9921148053681 76.7198133615103 83.6150544197642 84.6429132091945 76.4578371154628 85.2198208476034 82.4324637172136 0
