0 70.8110544783965 75.1097422091168 85.8722921175762 83.5273151766891 86.2491757321852 85.322427491129 88.096702778542 87.9655083275497 88.4599765983439 89.8648399147477 92.9714885454098 92.3361444629193 92.3812891741917 93.0306184971695 92.9959222557746 94.8873285559899 95.1224891426518
70.8110544783965 0 78.6223132959149 84.2012606055555 81.7711908388985 85.0257367888525 85.3461292680899 87.1221468627318 87.4965512164624 88.4761028375782 89.8059877260316 92.4074084886045 91.8161810502716 92.0397974466437 92.603211771096 92.8491750955058 94.5575932655729 94.8433389150088
75.1097422091168 78.6223132959149 0 87.477286834422 84.6871541162429 86.9399849236182 83.7808709690593 88.5977468824399 87.5524159131215 87.2820597623173 88.9518820507696 93.2429697555283 92.4453734233621 92.1576223194136 93.0206493963963 92.4909233272758 94.8360614274896 94.9919549850894
85.8722921175762 84.2012606055555 87.477286834422 0 79.2219531268679 80.0609417279178 87.6531121321324 82.1259843966288 86.7923005771085 89.5871704421398 90.2855539407996 89.1523541876981 89.0712811021792 90.5762050830077 90.4396763737266 92.3922622260893 92.8463380079004 93.4350760298051
83.5273151766891 81.7711908388985 84.6871541162429 79.2219531268679 0 74.9227372224544 83.5201228844259 80.3773771820228 83.1111127581056 86.5828917856922 87.7285209261352 89.4023755247218 88.5626155199393 89.2543527807476 89.7517411049098 90.8701975273553 92.3728602091683 92.8130453280564
86.2491757321852 85.0257367888525 86.9399849236182 80.0609417279178 74.9227372224544 0 84.3279020717801 73.7579186241103 81.515007087043 86.4505113704269 87.2169957016613 87.6019601377656 86.5662657802988 87.7629817256808 88.09822193244 90.0029141266583 91.1832651817987 91.7401710470345
85.322427491129 85.3461292680899 83.7808709690593 87.6531121321324 83.5201228844259 84.3279020717801 0 85.6781276393682 80.2905792039257 78.1200421657566 82.0827706588024 91.0653800960415 89.546717201444 88.3279715303536 90.0140082406986 88.5210920458533 92.3358293114501 92.4026446176168
88.096702778542 87.1221468627318 88.5977468824399 82.1259843966288 80.3773771820228 73.7579186241103 85.6781276393682 0 81.5729154765791 86.9146942923354 87.259373584061 85.6411468406818 84.3976128188724 86.4583825875692 86.4284596991444 89.4062644969341 90.0377883662514 90.7451895052074
87.9655083275497 87.4965512164624 87.5524159131215 86.7923005771085 83.1111127581056 81.515007087043 80.2905792039257 81.5729154765791 0 80.3305518651781 80.9739651618429 88.2050834256515 85.8859631312865 84.4573352190547 86.625354376404 86.3250314293864 89.9586984497831 90.1912970937131
88.4599765983439 88.4761028375782 87.2820597623173 89.5871704421398 86.5828917856922 86.4505113704269 78.1200421657566 86.9146942923354 80.3305518651781 0 73.9968508302003 90.9211314443901 89.0402807229033 86.6604254538209 89.1266215939611 85.7849113793878 91.3863823274932 91.2524084606502
89.8648399147477 89.8059877260316 88.9518820507696 90.2855539407996 87.7285209261352 87.2169957016613 82.0827706588024 87.259373584061 80.9739651618429 73.9968508302003 0 90.4591405847679 88.3073021585004 84.984829627831 88.1202317931408 83.2093361878076 90.4078597858648 90.1447122595185
92.9714885454098 92.4074084886045 93.2429697555283 89.1523541876981 89.4023755247218 87.6019601377656 91.0653800960415 85.6411468406818 88.2050834256515 90.9211314443901 90.4591405847679 0 77.8007545217567 85.6518503809952 81.3429214737135 89.7799514872702 85.2970022018606 87.2885301098476
92.3361444629193 91.8161810502716 92.4453734233621 89.0712811021792 88.5626155199393 86.5662657802988 89.546717201444 84.3976128188724 85.8859631312865 89.0402807229033 88.3073021585004 77.8007545217567 0 81.2209091826396 74.634134200885 87.3031982537424 83.7989102258118 85.5881886435023
92.3812891741917 92.0397974466437 92.1576223194136 90.5762050830077 89.2543527807476 87.7629817256808 88.3279715303536 86.4583825875692 84.4573352190547 86.6604254538209 84.984829627831 85.6518503809952 81.2209091826396 0 78.570866887681 81.3454034114811 83.8481352690408 83.8993227085365
93.0306184971695 92.603211771096 93.0206493963963 90.4396763737266 89.7517411049098 88.09822193244 90.0140082406986 86.4284596991444 86.625354376404 89.1266215939611 88.1202317931408 81.3429214737135 74.634134200885 78.570866887681 0 85.8931362717275 80.6957186340804 82.79025144391
92.9959222557746 92.8491750955058 92.4909233272758 92.3922622260893 90.8701975273553 90.0029141266583 88.5210920458533 89.4062644969341 86.3250314293864 85.7849113793878 83.2093361878076 89.7799514872702 87.3031982537424 81.3454034114811 85.8931362717275 0 87.2016042685911 86.1020472831104
94.8873285559899 94.5575932655729 94.8360614274896 92.8463380079004 92.3728602091683 91.1832651817987 92.3358293114501 90.0377883662514 89.9586984497831 91.3863823274932 90.4078597858648 85.2970022018606 83.7989102258118 83.8481352690408 80.6957186340804 87.2016042685911 0 74.5345277944474
95.1224891426518 94.8433389150088 94.9919549850894 93.4350760298051 92.8130453280564 91.7401710470345 92.4026446176168 90.7451895052074 90.1912970937131 91.2524084606502 90.1447122595185 87.2885301098476 85.5881886435023 83.8993227085365 82.79025144391 86.1020472831104 74.5345277944474 0
