0 87.7457855061601 73.5201228844259 86.1033994395945 89.3475349130989 91.3022644637444 87.6345011785388 88.447649622336 91.768797707909 88.765912872367 89.3116400006228 92.0897805247568 88.7700698633689 89.0112398515747 89.546717201444 91.6040554431794 91.1457065748421 92.0461048585824
87.7457855061601 0 87.7738075181225 89.4644757442316 85.840110052371 86.0237390915343 89.4849629325137 87.9208598774116 86.9215259108786 88.922933573106 88.2905355522908 87.8007545217567 90.9052103984624 91.1170099712693 90.7246856097169 88.8623336427364 89.1123755294906 89.1469951577235
73.5201228844259 87.7738075181225 0 83.7808709690593 88.3406424213812 90.6882299813825 85.7660472893648 86.9747808619358 91.160717190777 87.2537141011014 88.0062467083217 91.4548623602078 87.1225000556253 87.4132525105052 88.0706757264335 90.7466103196806 90.1633214488167 91.2520244124036
86.1033994395945 89.4644757442316 83.7808709690593 0 85.8203757673713 89.3239617387173 73.5864385222843 81.3414426772175 89.679608608377 80.3185160559075 83.0196808096236 89.7468991299264 77.2652842727319 78.1860958317419 80.0867687069284 87.9061373549065 86.6323912855628 88.6523344435738
89.3475349130989 85.840110052371 88.3406424213812 85.8203757673713 0 79.7524577725602 84.3802660682154 78.7966354858417 80.819702309018 81.3414426772175 78.0105149591016 81.2856097434395 86.4911346732684 86.7594207960546 85.2970022018606 79.2925330357381 79.1123755294906 80.7629141659892
91.3022644637444 86.0237390915343 90.6882299813825 89.3239617387173 79.7524577725602 0 88.3666599593055 85.2216724012346 66.9639370490137 86.4303559480024 84.5351624894881 73.1621973717541 89.6945287903597 89.863812695807 88.7480732039205 80.5289759679537 82.7040569641804 80.3134982103822
87.6345011785388 89.4849629325137 85.7660472893648 73.5864385222843 84.3802660682154 88.3666599593055 0 78.0564575145662 88.6848557252811 75.473703260238 80.0433409314652 88.668719668897 74.484421527208 75.7924065134722 75.5439229383227 86.301340043983 84.6469966965125 87.1861580940907
88.447649622336 87.9208598774116 86.9747808619358 81.3414426772175 78.7966354858417 85.2216724012346 78.0564575145662 0 85.6590449057387 70.0814756595712 69.0724707021626 85.6562542463234 81.8753426914979 82.3358293114501 80.0228223518567 82.4654688666679 80.1964580507305 83.810767144864
91.768797707909 86.9215259108786 91.160717190777 89.679608608377 80.819702309018 66.9639370490137 88.6848557252811 85.6590449057387 0 86.738092329574 84.8708705686357 67.9712648054353 89.9047396501542 90.057532141571 88.9118071756689 79.9360690089101 82.5260406110236 79.3002428506583
88.765912872367 88.922933573106 87.2537141011014 80.3185160559075 81.3414426772175 86.4303559480024 75.473703260238 70.0814756595712 86.738092329574 0 72.5570171580838 86.6323912855628 79.6166652998134 80.1445703986413 76.706750637792 83.3616820295452 80.943337135734 84.5769728654667
89.3116400006228 88.2905355522908 88.0062467083217 83.0196808096236 78.0105149591016 84.5351624894881 80.0433409314652 69.0724707021626 84.8708705686357 72.5570171580838 0 84.7182209694953 82.7725794788797 83.1155436921792 80.4761005024071 80.5820288846337 77.4269372455433 82.2263425522202
92.0897805247568 87.8007545217567 91.4548623602078 89.7468991299264 81.2856097434395 73.1621973717541 88.668719668897 85.6562542463234 67.9712648054353 86.6323912855628 84.7182209694953 0 89.8059359316244 89.9448227429275 88.725573403395 78.4583888664873 81.6841840260165 77.2151088604369
88.7700698633689 90.9052103984624 87.1225000556253 77.2652842727319 86.4911346732684 89.6945287903597 74.484421527208 81.8753426914979 89.9047396501542 79.6166652998134 82.7725794788797 89.8059359316244 0 58.9931264204972 73.0757971464655 87.4908764682633 85.9390542749451 88.2382248275296
89.0112398515747 91.1170099712693 87.4132525105052 78.1860958317419 86.7594207960546 89.863812695807 75.7924065134722 82.3358293114501 90.057532141571 80.1445703986413 83.1155436921792 89.9448227429275 58.9931264204972 0 73.2222041818708 87.6297749952418 86.0914700857269 88.3582331075423
89.546717201444 90.7246856097169 88.0706757264335 80.0867687069284 85.2970022018606 88.7480732039205 75.5439229383227 80.0228223518567 88.9118071756689 76.706750637792 80.4761005024071 88.725573403395 73.0757971464655 73.2222041818708 0 85.8901459415418 83.947117784441 86.7540745630537
91.6040554431794 88.8623336427364 90.7466103196806 87.9061373549065 79.2925330357381 80.5289759679537 86.301340043983 82.4654688666679 79.9360690089101 83.3616820295452 80.5820288846337 78.4583888664873 87.4908764682633 87.6297749952418 85.8901459415418 0 72.0000094816307 66.9639370490137
91.1457065748421 89.1123755294906 90.1633214488167 86.6323912855628 79.1123755294906 82.7040569641804 84.6469966965125 80.1964580507305 82.5260406110236 80.943337135734 77.4269372455433 81.6841840260165 85.9390542749451 86.0914700857269 83.947117784441 72.0000094816307 0 75.5832859391627
92.0461048585824 89.1469951577235 91.2520244124036 88.6523344435738 80.7629141659892 80.3134982103822 87.1861580940907 83.810767144864 79.3002428506583 84.5769728654667 82.2263425522202 77.2151088604369 88.2382248275296 88.3582331075423 86.7540745630537 66.9639370490137 75.5832859391627 0
