0 83.9119491815481 75.3681348263785 86.4785265372237 81.4510002480644 81.1011246996244 83.6964506811521 88.8426679450515 89.3214868591808 88.8320593862403 88.5873403652979 89.1276633342726 90.8044122707635 92.0455293726281 91.0450641686018 92.9405200854409 91.906874735667 91.9652722161315
83.9119491815481 0 85.0080027926098 79.2486789993443 87.4244568813498 86.8749963437889 85.3160889744428 85.0956875906194 86.4602762870063 87.1143894407578 87.4650456378684 88.4967489738495 91.9693890769997 91.0005693659461 91.6474915637982 91.9141740963992 92.5368320674219 92.6428919626284
75.3681348263785 85.0080027926098 0 86.301340043983 76.0621707455228 74.9227372224544 80.4372372021832 88.1778938560859 88.4763048706734 87.5903519012259 87.1342704420015 87.6102077431616 89.2026912199322 91.0471848507178 89.546717201444 92.0463139896294 90.5418566837301 90.6038153464986
86.4785265372237 79.2486789993443 86.301340043983 0 87.8673994840703 87.2415090959192 84.1406420790363 78.922933573106 81.6237510651321 83.343785595435 84.2434141444616 85.8106930684945 90.8658657346696 88.607465606858 90.1985207175083 89.7381243374256 91.2310824007349 91.3769599159453
81.4510002480644 87.4244568813498 76.0621707455228 87.8673994840703 0 64.9227372224544 80.5098229277861 88.940188044825 88.968443892038 87.7308187376687 87.0382140342669 87.198208991738 87.5857517180684 90.7719265588548 88.3192387985912 91.7816659470418 89.3494159258269 89.3874875404723
81.1011246996244 86.8749963437889 74.9227372224544 87.2415090959192 64.9227372224544 0 79.0051368755729 88.3784347830183 88.4218126614613 87.1342505070821 86.4210841896122 86.6501143858107 87.4920281751134 90.4235524671451 88.103370572082 91.478223021072 89.2021401250958 89.2543527807476
83.6964506811521 85.3160889744428 80.4372372021832 84.1406420790363 80.5098229277861 79.0051368755729 0 84.9227372224544 84.8556852558779 82.8580363263089 81.828241837558 82.6083529752988 86.6665739921079 88.015631329007 86.5063621434069 89.3997511504213 88.002829084837 88.1383073018398
88.8426679450515 85.0956875906194 88.1778938560859 78.922933573106 88.940188044825 88.3784347830183 84.9227372224544 0 71.2071565907621 78.5673645615398 80.8821062851461 83.0164653150463 89.9195251724901 85.4703994008443 88.7966354858417 86.9348815093713 89.9311372686323 90.1246893973976
89.3214868591808 86.4602762870063 88.4763048706734 81.6237510651321 88.968443892038 88.4218126614613 84.8556852558779 71.2071565907621 0 75.1097422091168 78.5919355294557 81.0505757896518 89.1473223627738 83.6135282980125 87.7890223142305 85.435034457386 89.0183215786323 89.2391171870025
88.8320593862403 87.1143894407578 87.5903519012259 83.343785595435 87.7308187376687 87.1342505070821 82.8580363263089 78.5673645615398 75.1097422091168 0 69.0244207065723 75.0930706154422 87.2353937067571 82.2842135223011 85.5990765987338 84.7054556385607 87.198343156682 87.4606062303087
88.5873403652979 87.4650456378684 87.1342704420015 84.2434141444616 87.0382140342669 86.4210841896122 81.828241837558 80.8821062851461 78.5919355294557 69.0244207065723 0 70.2608949189975 86.1409631712533 82.3859648733539 84.3872598725851 84.8579470386135 86.2440528241078 86.5256213537673
89.1276633342726 88.4967489738495 87.6102077431616 85.8106930684945 87.198208991738 86.6501143858107 82.6083529752988 83.0164653150463 81.0505757896518 75.0930706154422 70.2608949189975 0 84.8065428746745 81.3843944696622 82.5343716429379 84.1114246562642 84.7581024329298 85.0960875857772
90.8044122707635 91.9693890769997 89.2026912199322 90.8658657346696 87.5857517180684 87.4920281751134 86.6665739921079 89.9195251724901 89.1473223627738 87.2353937067571 86.1409631712533 84.8065428746745 0 87.1331598182948 75.3916198752011 88.103370572082 76.1158966526025 75.7984200654715
92.0455293726281 91.0005693659461 91.0471848507178 88.607465606858 90.7719265588548 90.4235524671451 88.015631329007 85.4703994008443 83.6135282980125 82.2842135223011 82.3859648733539 81.3843944696622 87.1331598182948 0 84.5832154332189 72.7736207997142 85.604595839916 85.9539297579115
91.0450641686018 91.6474915637982 89.546717201444 90.1985207175083 88.3192387985912 88.103370572082 86.5063621434069 88.7966354858417 87.7890223142305 85.5990765987338 84.3872598725851 82.5343716429379 75.3916198752011 84.5832154332189 0 85.8175222541036 72.3105428072981 73.447537158823
92.9405200854409 91.9141740963992 92.0463139896294 89.7381243374256 91.7816659470418 91.478223021072 89.3997511504213 86.9348815093713 85.435034457386 84.7054556385607 84.8579470386135 84.1114246562642 88.103370572082 72.7736207997142 85.8175222541036 0 86.411877273825 86.7174839036351
91.906874735667 92.5368320674219 90.5418566837301 91.2310824007349 89.3494159258269 89.2021401250958 88.002829084837 89.9311372686323 89.0183215786323 87.198343156682 86.2440528241078 84.7581024329298 76.1158966526025 85.604595839916 72.3105428072981 86.411877273825 0 57.9330371790942
91.9652722161315 92.6428919626284 90.6038153464986 91.3769599159453 89.3874875404723 89.2543527807476 88.1383073018398 90.1246893973976 89.2391171870025 87.4606062303087 86.5256213537673 85.0960875857772 75.7984200654715 85.9539297579115 73.447537158823 86.7174839036351 57.9330371790942 0
