0 70.237526392877 79.7655770038288 87.5453491495408 81.3176021151403 83.1155436921792 88.800325263461 90.3595418451129 89.1551959618225 91.3036344422995 88.4407002914246 92.1572939428063 89.8870516742964 90.2595653965578 92.5686282539547 90.6792333700066 92.3958633954395 93.5444140407147
70.237526392877 0 81.2093853127496 86.341622719513 81.8529679016913 83.4181597425046 87.8664185973894 89.5448583982113 88.5550952672913 90.6792333700066 88.404227566296 91.6251957531956 89.5765657369386 90.0012675134626 92.0886201370034 90.5456658670192 91.9979319521038 93.2001055255226
79.7655770038288 81.2093853127496 0 88.6185892906399 72.2405185586848 76.245547951565 89.1453517305904 90.7841074747623 88.272087223408 91.1392981521238 85.4410329305778 91.8375777335849 88.1914852348013 88.4944597996847 92.1388651124052 88.6475966967722 91.6121845670317 92.8162876826714
87.5453491495408 86.341622719513 88.6185892906399 0 87.7239661854775 87.8007545217567 75.9906266202287 79.6979999781349 84.1406420790363 84.2959097000793 88.940188044825 86.4309154214711 87.7357985898726 88.4327717877628 87.5132485186761 89.7634567520006 88.4393969751977 90.0463929868665
81.3176021151403 81.8529679016913 72.2405185586848 87.7239661854775 0 68.7966354858417 88.0845561575199 89.9275891141675 86.8148321182775 90.1762955422891 83.6150544197642 90.9193850103386 86.7055985102301 87.0876485953866 91.2360200277081 87.3660033247608 90.6254316494273 91.9628201477146
83.1155436921792 83.4181597425046 76.245547951565 87.8007545217567 68.7966354858417 0 87.9188815994504 89.7939733803305 86.1468621765672 89.843073519774 81.8810549507213 90.5451899017801 85.6854997764966 86.0672308026256 90.8313173124808 86.3000751699915 90.0880132698343 91.4825939323704
88.800325263461 87.8664185973894 89.1453517305904 75.9906266202287 88.0845561575199 87.9188815994504 0 75.5673171147236 80.9376866450925 80.2388762240937 88.0862998814027 83.3962323528422 85.977558080963 86.8092101824516 84.8615063718665 88.4905863583868 86.108690874692 88.1316743187726
90.3595418451129 89.5448583982113 90.7841074747623 79.6979999781349 89.9275891141675 89.7939733803305 75.5673171147236 0 83.6980853042129 78.9317355564234 89.7266074942339 82.4235170396397 87.6181502294611 88.2753097867997 84.2005457159281 89.7617110404103 86.3653649600743 88.0428173008416
89.1551959618225 88.5550952672913 88.272087223408 84.1406420790363 86.8148321182775 86.1468621765672 80.9376866450925 83.6980853042129 0 81.1963957883817 84.0502702591676 82.5570171580838 78.9090804678383 80.6596172949696 83.253783311271 83.8325331923513 82.2956929213357 85.5448500880399
91.3036344422995 90.6792333700066 91.1392981521238 84.2959097000793 90.1762955422891 89.843073519774 80.2388762240937 78.9317355564234 81.1963957883817 0 88.7110751598551 73.2478263495168 85.4673355948484 86.1603702756687 77.5129183634158 88.0062467083217 81.7093338283648 84.2971153738264
88.4407002914246 88.404227566296 85.4410329305778 88.940188044825 83.6150544197642 81.8810549507213 88.0862998814027 89.7266074942339 84.0502702591676 88.7110751598551 0 89.0220684557673 79.8026005337483 79.6219004059052 89.0518659019675 78.5626155199393 87.4427425282523 89.03754515302
92.1572939428063 91.6251957531956 91.8375777335849 86.4309154214711 90.9193850103386 90.5451899017801 83.3962323528422 82.4235170396397 82.5570171580838 73.2478263495168 89.0220684557673 0 85.5613227109851 86.0983075656134 69.5604454815009 87.8673994840703 79.1105193882209 81.754766235928
89.8870516742964 89.5765657369386 88.1914852348013 87.7357985898726 86.7055985102301 85.6854997764966 85.977558080963 87.6181502294611 78.9090804678383 85.4673355948484 79.8026005337483 85.5613227109851 0 66.1747262639866 85.4595551450326 76.5662657802988 82.7956910341288 85.4667691531266
90.2595653965578 90.0012675134626 88.4944597996847 88.4327717877628 87.0876485953866 86.0672308026256 86.8092101824516 88.2753097867997 80.6596172949696 86.1603702756687 79.6219004059052 86.0983075656134 66.1747262639866 0 85.8862748223873 73.753373506028 83.051870788883 85.4550587108594
92.5686282539547 92.0886201370034 92.1388651124052 87.5132485186761 91.2360200277081 90.8313173124808 84.8615063718665 84.2005457159281 83.253783311271 77.5129183634158 89.0518659019675 69.5604454815009 85.4595551450326 85.8862748223873 0 87.5977970616965 76.8092101824516 79.3756649167141
90.6792333700066 90.5456658670192 88.6475966967722 89.7634567520006 87.3660033247608 86.3000751699915 88.4905863583868 89.7617110404103 83.8325331923513 88.0062467083217 78.5626155199393 87.8673994840703 76.5662657802988 73.753373506028 87.5977970616965 0 85.0755820928285 86.7012914653833
92.3958633954395 91.9979319521038 91.6121845670317 88.4393969751977 90.6254316494273 90.0880132698343 86.108690874692 86.3653649600743 82.2956929213357 81.7093338283648 87.4427425282523 79.1105193882209 82.7956910341288 83.051870788883 76.8092101824516 85.0755820928285 0 75.4304003347848
93.5444140407147 93.2001055255226 92.8162876826714 90.0463929868665 91.9628201477146 91.4825939323704 88.1316743187726 88.0428173008416 85.5448500880399 84.2971153738264 89.03754515302 81.754766235928 85.4667691531266 85.4550587108594 79.3756649167141 86.7012914653833 75.4304003347848 0
