0 88.940188044825 85.27783507335 86.3653649600743 89.8469883502153 88.3390605802349 91.5142900318607 92.1084183731075 91.7542887013474 93.2269612713078 91.9625254725383 92.069722241919 94.1942794535406 94.8526078588535 94.7814580843544 94.5142360407484 95.5484066571162 95.7559128769829
88.940188044825 0 81.9193804244781 85.6120133392751 77.6457956664753 90.3708563400322 84.3596604935146 84.8667886893461 87.4269372455433 87.0936525998979 91.2856097434395 91.2103036955156 89.8755321123828 91.1020868655085 91.1005260005985 93.141915291857 92.4982157571468 93.7024010743741
85.27783507335 81.9193804244781 0 78.1860958317419 82.2787262194362 86.7055985102301 85.7376505077114 86.8316543916761 86.7707867926468 88.7908391505996 89.2428040951504 89.2492238225855 90.494833834584 91.5438481164529 91.466104719375 92.1388737211623 92.666154750284 93.3234050540082
86.3653649600743 85.6120133392751 78.1860958317419 0 84.3398387118709 82.8884805545587 85.6825840698956 86.9747808619358 85.16595164387 88.7453313854035 86.5662657802988 86.625354376404 89.8549850772883 90.8420100791949 90.7103481097422 90.5297047377437 91.8554327830753 92.20949931131
89.8469883502153 77.6457956664753 82.2787262194362 84.3398387118709 0 89.4098004215052 79.05908719444 80.3485019850597 84.1114246562642 84.0115859716659 89.6916329145312 89.561070102921 87.534718798329 89.0977121887681 89.0792546098762 91.6385482663039 90.7935579568294 92.2174420485896
88.3390605802349 90.3708563400322 86.7055985102301 82.8884805545587 89.4098004215052 0 89.3874875404723 90.2584243544002 87.6836771400466 91.2496924156264 83.6033008406848 84.0672266294399 91.3350343386429 91.8922069366417 91.7156279253972 89.2722864202083 92.3822247168268 91.8752609974747
91.5142900318607 84.3596604935146 85.7376505077114 85.6825840698956 79.05908719444 89.3874875404723 0 69.9742370056535 78.9642297145514 78.3537911502653 88.2737039650698 88.0309443726372 83.4714312468856 85.831506266075 85.7922567985829 89.8105152967163 88.1901910181076 90.1702987336363
92.1084183731075 84.8667886893461 86.8316543916761 86.9747808619358 80.3485019850597 90.2584243544002 69.9742370056535 0 80.7750878561122 74.9518898253652 89.05908719444 88.8179418809182 82.7464277611074 85.3251312169638 85.3571142305103 90.1762156761302 87.9199887622108 90.2264013128829
91.7542887013474 87.4269372455433 86.7707867926468 85.16595164387 84.1114246562642 87.6836771400466 78.9642297145514 80.7750878561122 0 82.2433130306341 84.877334088665 84.4613002047043 82.4167308573153 84.4651209110031 84.1866790844447 86.9640645858819 86.560312462274 88.0305413785002
93.2269612713078 87.0936525998979 88.7908391505996 88.7453313854035 84.0115859716659 91.2496924156264 78.3537911502653 74.9518898253652 82.2433130306341 0 89.5981180834757 89.33219934385 79.6707254104607 83.051870788883 83.2299067168234 89.9921148053681 86.3973944093725 89.4833594670039
91.9625254725383 91.2856097434395 89.2428040951504 86.5662657802988 89.6916329145312 83.6033008406848 88.2737039650698 89.05908719444 84.877334088665 89.5981180834757 0 60.943337135734 88.5710767988693 88.8863630925286 88.589292193488 82.9008927059697 89.0704658033877 87.7220400840353
92.069722241919 91.2103036955156 89.2492238225855 86.625354376404 89.561070102921 84.0672266294399 88.0309443726372 88.8179418809182 84.4613002047043 89.33219934385 60.943337135734 0 88.2183795515926 88.5336763729926 88.2235340163083 82.4409212954281 88.725573403395 87.3750598477089
94.1942794535406 89.8755321123828 90.494833834584 89.8549850772883 87.534718798329 91.3350343386429 83.4714312468856 82.7464277611074 82.4167308573153 79.6707254104607 88.5710767988693 88.2183795515926 0 73.5201228844259 73.7989102258118 87.7130152786816 81.062220500735 86.2440528241078
94.8526078588535 91.1020868655085 91.5438481164529 90.8420100791949 89.0977121887681 91.8922069366417 85.831506266075 85.3251312169638 84.4651209110031 83.051870788883 88.8863630925286 88.5336763729926 73.5201228844259 0 59.9742370056535 87.1530214921769 76.5282655197889 84.598216984643
94.7814580843544 91.1005260005985 91.466104719375 90.7103481097422 89.0792546098762 91.7156279253972 85.7922567985829 85.3571142305103 84.1866790844447 83.2299067168234 88.589292193488 88.2235340163083 73.7989102258118 59.9742370056535 0 86.7707867926468 76.1297011387151 84.2066957450215
94.5142360407484 93.141915291857 92.1388737211623 90.5297047377437 91.6385482663039 89.2722864202083 89.8105152967163 90.1762156761302 86.9640645858819 89.9921148053681 82.9008927059697 82.4409212954281 87.7130152786816 87.1530214921769 86.7707867926468 0 86.0567676264907 81.4121890441111
95.5484066571162 92.4982157571468 92.666154750284 91.8554327830753 90.7935579568294 92.3822247168268 88.1901910181076 87.9199887622108 86.560312462274 86.3973944093725 89.0704658033877 88.725573403395 81.062220500735 76.5282655197889 76.1297011387151 86.0567676264907 0 81.2183301711938
95.7559128769829 93.7024010743741 93.3234050540082 92.20949931131 92.2174420485896 91.8752609974747 90.1702987336363 90.2264013128829 88.0305413785002 89.4833594670039 87.7220400840353 87.3750598477089 86.2440528241078 84.598216984643 84.2066957450215 81.4121890441111 81.2183301711938 0
