0 78.0671902316946 83.1578061258087 88.6141533493672 79.9579203496951 88.4631382402155 90.2202068421981 85.3351736707434 85.4535216572886 90.0257248727956 88.13722687064 87.0329084592161 91.7420730358029 90.9472440282331 89.6066505057057 90.9739320268959 90.1551693236368 92.9641315458079
78.0671902316946 0 76.4210841896122 85.9526091599703 73.2789431205996 85.5372620133263 87.8319828162819 83.555965823659 83.7014561536943 87.4995229711462 85.0002150024618 85.0274329204183 89.7314264593261 88.7140049630726 87.4454406823376 89.0112398515747 88.7205045218303 91.2599561430954
83.1578061258087 76.4210841896122 0 82.5464478819704 78.8155442109597 81.7962429180347 85.1362843532686 84.7922451010396 84.8994192612655 84.9296803811179 82.4784370287424 85.3649979935812 87.7430640785082 86.6094506260978 86.4578371154628 87.8221923842211 88.5962964327146 89.8272184061863
88.6141533493672 85.9526091599703 82.5464478819704 0 86.8316543916761 70.6958754715062 78.2148439971696 89.1652839110906 89.213150504854 81.7953822800508 84.1031377691003 89.0033602340363 84.0956821552461 84.056636658772 88.090066577338 88.2528114467292 90.620538735445 88.0428173008416
79.9579203496951 73.2789431205996 78.8155442109597 86.8316543916761 0 86.1764403803866 88.0997829610949 80.3812138665152 80.5906463462703 87.3768224982466 84.1327987937692 82.5617126983466 89.6873909520556 88.4806993574841 86.1419858842744 88.1135749429606 87.2474797380267 90.9502802943976
88.4631382402155 85.5372620133263 81.7962429180347 70.6958754715062 86.1764403803866 0 76.0621707455228 88.3635146071354 88.4101452112699 79.3002428506583 82.0727368965748 88.0639385603448 82.8884805545587 82.3246622390623 86.8461811729156 87.0253872127773 89.7388831451238 87.102522336749
90.2202068421981 87.8319828162819 85.1362843532686 78.2148439971696 88.0997829610949 76.0621707455228 0 89.4017562099516 89.4299429693615 75.5673171147236 82.7445958873746 88.8461887760664 77.9330371790942 78.706861436936 86.7889107409908 86.2581263061566 89.8848356034133 84.7395805360051
85.3351736707434 83.555965823659 84.7922451010396 89.1652839110906 80.3812138665152 88.3635146071354 89.4017562099516 0 48.3015134734086 88.1316743187726 84.3872598725851 73.447537158823 90.181991887589 88.7712203075535 83.6337942323103 86.5495758812333 82.9106243619669 90.6707540711138
85.4535216572886 83.7014561536943 84.8994192612655 89.213150504854 80.5906463462703 88.4101452112699 89.4299429693615 48.3015134734086 0 88.1506313595416 84.4111371368167 73.1318413235098 90.1916241081883 88.7780850115565 83.573142983398 86.5089959645307 82.766963011684 90.6607330446118
90.0257248727956 87.4995229711462 84.9296803811179 81.7953822800508 87.3768224982466 79.3002428506583 75.5673171147236 88.1316743187726 88.1506313595416 0 79.05908719444 87.2415090959192 77.0711757029314 72.0411080933001 84.1239704853616 83.2631274040491 88.1407920610298 82.8072428640817
88.13722687064 85.0002150024618 82.4784370287424 84.1031377691003 84.1327987937692 82.0727368965748 82.7445958873746 84.3872598725851 84.4111371368167 79.05908719444 0 82.9845369622933 83.9405886754904 80.8646568584269 79.4681370721026 81.1881938127257 85.1213743621328 85.6640018264353
87.0329084592161 85.0274329204183 85.3649979935812 89.0033602340363 82.5617126983466 88.0639385603448 88.8461887760664 73.447537158823 73.1318413235098 87.2415090959192 82.9845369622933 0 89.3756649167141 87.7533804925598 80.6560956231151 84.5416919591329 79.7571837034398 89.6289711846496
91.7420730358029 89.7314264593261 87.7430640785082 84.0956821552461 89.6873909520556 82.8884805545587 77.9330371790942 90.181991887589 90.1916241081883 77.0711757029314 83.9405886754904 89.3756649167141 0 74.1757690300808 86.4602762870063 84.9227372224544 89.6689785666405 79.8067469721975
90.9472440282331 88.7140049630726 86.6094506260978 84.056636658772 88.4806993574841 82.3246622390623 78.706861436936 88.7712203075535 88.7780850115565 72.0411080933001 80.8646568584269 87.7533804925598 74.1757690300808 0 84.056837923178 82.2468238272839 88.0930688834829 79.8419543483159
89.6066505057057 87.4454406823376 86.4578371154628 88.090066577338 86.1419858842744 86.8461811729156 86.7889107409908 83.6337942323103 83.573142983398 84.1239704853616 79.4681370721026 80.6560956231151 86.4602762870063 84.056837923178 0 75.6854997764966 79.546717201444 85.9939326599736
90.9739320268959 89.0112398515747 87.8221923842211 88.2528114467292 88.1135749429606 87.0253872127773 86.2581263061566 86.5495758812333 86.5089959645307 83.2631274040491 81.1881938127257 84.5416919591329 84.9227372224544 82.2468238272839 75.6854997764966 0 82.7417264159659 83.1894062682791
90.1551693236368 88.7205045218303 88.5962964327146 90.620538735445 87.2474797380267 89.7388831451238 89.8848356034133 82.9106243619669 82.766963011684 88.1407920610298 85.1213743621328 79.7571837034398 89.6689785666405 88.0930688834829 79.546717201444 82.7417264159659 0 88.9771699455526
92.9641315458079 91.2599561430954 89.8272184061863 88.0428173008416 90.9502802943976 87.102522336749 84.7395805360051 90.6707540711138 90.6607330446118 82.8072428640817 85.6640018264353 89.6289711846496 79.8067469721975 79.8419543483159 85.9939326599736 83.1894062682791 88.9771699455526 0
