0 88.0941738426833 88.0421451671322 89.0773328785419 89.468746993432 90.0867246325743 91.3226674028484 91.1186517612289 91.8273249598354 91.2811923041563 92.4933102850844 92.3952752949653 93.5795055553884 93.7851706842066 93.1587447160007 94.1231763590664 93.0612147647429 93.7675188445105
88.0941738426833 0 81.5194683726262 82.8464732901838 84.8065428746745 80.4788608601014 81.1856259991113 81.057305775844 82.6986472497757 85.7863355292019 85.4512235284517 85.9656562300941 87.0369778017511 87.4422251611863 86.9328888276693 88.1174216666795 89.4681370721026 88.1067100146295
88.0421451671322 81.5194683726262 0 70.4372372021832 75.6412940584876 78.5550952672913 85.61053085255 83.4499763303665 85.9539297579115 81.2261257252662 85.2585829776085 84.5549470876843 88.47226868458 88.940188044825 86.5698338578532 89.580133814493 86.3856302012346 87.7796400081461
89.0773328785419 82.8464732901838 70.4372372021832 0 70.9889964050751 77.3975598292249 85.6238550502764 83.0384872811603 85.7620612388407 78.3101378407446 84.2066957450215 83.0970686635682 88.015631329007 88.5263989529871 85.5523155632995 89.1969490952604 84.8972557458567 86.8568244377471
89.468746993432 84.8065428746745 75.6412940584876 70.9889964050751 0 80.3169730439108 86.9644756020343 84.6534816994441 86.99335579552 77.6085169412828 85.0369646090379 83.6517374949099 88.7500834964293 89.2304604430868 86.0843325210166 89.8452957132328 83.7262992166468 87.2272264362371
90.0867246325743 80.4788608601014 78.5550952672913 77.3975598292249 80.3169730439108 0 81.557861926606 76.625354376404 81.6065963893544 79.3568783416787 80.237526392877 79.9742370056535 85.1362843532686 85.8203757673713 82.6459542896836 86.7239959740949 85.7749436713192 84.5363553304891
91.3226674028484 81.1856259991113 85.61053085255 85.6238550502764 86.9644756020343 81.557861926606 0 75.3208427639379 68.7966354858417 86.0659042536605 81.8564887327063 83.8481352690408 81.3176021151403 81.9124372658146 83.6477962159136 83.051870788883 89.2994907255035 84.9950779921449
91.1186517612289 81.057305775844 83.4499763303665 83.0384872811603 84.6534816994441 76.625354376404 75.3208427639379 0 74.4651623168477 83.0970954124095 77.9330371790942 80.237526392877 81.6326132525547 82.5510227543453 81.0208149157414 83.8146333429251 87.3877513684759 83.1213508446279
91.8273249598354 82.6986472497757 85.9539297579115 85.7620612388407 86.99335579552 81.6065963893544 68.7966354858417 74.4651623168477 0 85.6905782340397 80.2119042252309 82.7760355725621 79.0924689484848 79.9579203496951 82.1523653118793 81.4510002480644 88.8683083890498 83.6353904992041
91.2811923041563 85.7863355292019 81.2261257252662 78.3101378407446 77.6085169412828 79.3568783416787 86.0659042536605 83.0970954124095 85.6905782340397 0 81.5082922568756 78.5323913766495 86.8576146342374 87.4571959724699 82.5478003791573 88.1715445336122 80.237526392877 84.0268466216013
92.4933102850844 85.4512235284517 85.2585829776085 84.2066957450215 85.0369646090379 80.237526392877 81.8564887327063 77.9330371790942 80.2119042252309 81.5082922568756 0 72.0827706588024 80.1445703986413 81.3887347396581 70.855597892659 82.7531929436013 85.2359243781146 76.6032587355138
92.3952752949653 85.9656562300941 84.5549470876843 83.0970686635682 83.6517374949099 79.9742370056535 83.8481352690408 80.237526392877 82.7760355725621 78.5323913766495 72.0827706588024 0 82.9463689655499 83.8525827295616 73.9536370923738 84.8615063718665 83.0970954124095 77.8203008816767
93.5795055553884 87.0369778017511 88.47226868458 88.015631329007 88.7500834964293 85.1362843532686 81.3176021151403 81.6326132525547 79.0924689484848 86.8576146342374 80.1445703986413 82.9463689655499 0 63.9536370923738 80.0708701724473 71.3176021151403 88.8918974926258 80.3706518562415
93.7851706842066 87.4422251611863 88.940188044825 88.5263989529871 89.2304604430868 85.8203757673713 81.9124372658146 82.5510227543453 79.9579203496951 87.4571959724699 81.3887347396581 83.8525827295616 63.9536370923738 0 81.2209091826396 66.625354376404 89.3350566963704 81.2868506058656
93.1587447160007 86.9328888276693 86.5698338578532 85.5523155632995 86.0843325210166 82.6459542896836 83.6477962159136 81.0208149157414 82.1523653118793 82.5478003791573 70.855597892659 73.9536370923738 80.0708701724473 81.2209091826396 0 82.420100378145 85.0035322481426 70.3941967591582
94.1231763590664 88.1174216666795 89.580133814493 89.1969490952604 89.8452957132328 86.7239959740949 83.051870788883 83.8146333429251 81.4510002480644 88.1715445336122 82.7531929436013 84.8615063718665 71.3176021151403 66.625354376404 82.420100378145 0 89.8241714697394 82.2061713397047
93.0612147647429 89.4681370721026 86.3856302012346 84.8972557458567 83.7262992166468 85.7749436713192 89.2994907255035 87.3877513684759 88.8683083890498 80.237526392877 85.2359243781146 83.0970954124095 88.8918974926258 89.3350566963704 85.0035322481426 89.8241714697394 0 85.3962648299937
93.7675188445105 88.1067100146295 87.7796400081461 86.8568244377471 87.2272264362371 84.5363553304891 84.9950779921449 83.1213508446279 83.6353904992041 84.0268466216013 76.6032587355138 77.8203008816767 80.3706518562415 81.2868506058656 70.3941967591582 82.2061713397047 85.3962648299937 0
