0 79.546717201444 82.6488877209461 84.3622827498078 86.4394995309249 85.6854997764966 89.0091998303198 89.2196141834084 87.3242343555791 90.0415708322431 91.0810369380404 92.2366906648989 91.6737973388986 92.7388663008793 92.2819183877674 92.4250432665079 93.6526862644826 93.8038576052524
79.546717201444 0 72.2787262194362 86.6837519178301 87.9762509169206 86.213187821334 90.494801592912 90.5284981699644 84.9590655924985 89.5943768821453 89.6267876846111 92.5701757945129 91.3983002613078 93.1030951449078 91.4529317334505 92.1296212887 92.8483349320689 92.9421939140404
82.6488877209461 72.2787262194362 0 87.9542600854085 88.9738092406453 87.1519818883852 91.2972972465561 91.2892206728703 84.6669329609772 89.8385951024459 89.3036099086124 92.9518421166448 91.5994466336376 93.4741005553443 91.3797102316597 92.2841515103591 92.7140825948348 92.7706686105562
84.3622827498078 86.6837519178301 87.9542600854085 0 73.5478459561267 78.4946040834718 81.561630208681 81.8845482991581 86.8947028144308 86.5162102032298 89.9333298446319 88.1065862255947 88.3666599593055 88.8179418809182 90.2756948428674 89.4299802919873 92.0134637839135 92.3200425081016
86.4394995309249 87.9762509169206 88.9738092406453 73.5478459561267 0 77.4269372455433 78.9009069280486 78.6738840693766 86.9257690522703 85.0930706154422 89.4675138596385 86.3114457956494 86.9492570074941 87.1746634355228 89.4467356815688 88.1573208909491 91.3128182576868 91.6771591068071
85.6854997764966 86.213187821334 87.1519818883852 78.4946040834718 77.4269372455433 0 84.0090514525136 83.5725918290523 83.3836330260342 82.6017133826353 87.2352286280542 86.9257690522703 85.7768729975177 87.8979190118354 87.8007545217567 87.210845672568 90.0522480221793 90.4086905620874
89.0091998303198 90.494801592912 91.2972972465561 81.561630208681 78.9009069280486 84.0090514525136 0 66.8162346086868 89.6773583871105 87.1663442880146 91.2103036955156 85.3279940534789 87.9016548640009 85.891837352535 90.684628134763 88.8196291965564 92.2198427773764 92.6002308959102
89.2196141834084 90.5284981699644 91.2892206728703 81.8845482991581 78.6738840693766 83.5725918290523 66.8162346086868 0 89.3756649167141 86.4247735100825 90.8087336862413 84.2737774339689 87.1262678084519 84.95856851084 90.166438767878 88.1117143687293 91.7715497451273 92.1761912662181
87.3242343555791 84.9590655924985 84.6669329609772 86.8947028144308 86.9257690522703 83.3836330260342 89.6773583871105 89.3756649167141 0 83.8325331923513 82.0946399040587 89.8648399147477 86.9170869844985 90.6204317913864 86.000262209856 87.9330371790942 88.3760823708534 88.521403660016
90.0415708322431 89.5943768821453 89.8385951024459 86.5162102032298 85.0930706154422 82.6017133826353 87.1663442880146 86.4247735100825 83.8325331923513 0 83.2093152341875 84.2107909313872 76.8819055218456 85.5746272665917 81.3769599159453 80.2119042252309 85.4887369853822 86.189693017614
91.0810369380404 89.6267876846111 89.3036099086124 89.9333298446319 89.4675138596385 87.2352286280542 91.2103036955156 90.8087336862413 82.0946399040587 83.2093152341875 0 89.506196828566 85.0561662659079 90.2196067601836 79.940730763109 85.6039090470351 83.1522736964795 83.1574795141574
92.2366906648989 92.5701757945129 92.9518421166448 88.1065862255947 86.3114457956494 86.9257690522703 85.3279940534789 84.2737774339689 89.8648399147477 84.2107909313872 89.506196828566 0 81.8430752061682 69.0432757961125 87.2628453983262 82.3452739215203 88.8461887760664 89.4842856770479
91.6737973388986 91.3983002613078 91.5994466336376 88.3666599593055 86.9492570074941 85.7768729975177 87.9016548640009 87.1262678084519 86.9170869844985 76.8819055218456 85.0561662659079 81.8430752061682 0 83.3513248469073 80.6717286150291 70.8583061497704 84.2607048223729 85.2585829776085
92.7388663008793 93.1030951449078 93.4741005553443 88.8179418809182 87.1746634355228 87.8979190118354 85.891837352535 84.95856851084 90.6204317913864 85.5746272665917 90.2196067601836 69.0432757961125 83.3513248469073 0 88.040907324791 83.5067400984204 89.3662453974421 89.9742370056535
92.2819183877674 91.4529317334505 91.3797102316597 90.2756948428674 89.4467356815688 87.8007545217567 90.684628134763 90.166438767878 86.000262209856 81.3769599159453 79.940730763109 87.2628453983262 80.6717286150291 88.040907324791 0 80.4078597858648 77.2272264362371 78.7802631684808
92.4250432665079 92.1296212887 92.2841515103591 89.4299802919873 88.1573208909491 87.210845672568 88.8196291965564 88.1117143687293 87.9330371790942 80.2119042252309 85.6039090470351 82.3452739215203 70.8583061497704 83.5067400984204 80.4078597858648 0 83.2910400873432 84.4581897099553
93.6526862644826 92.8483349320689 92.7140825948348 92.0134637839135 91.3128182576868 90.0522480221793 92.2198427773764 91.7715497451273 88.3760823708534 85.4887369853822 83.1522736964795 88.8461887760664 84.2607048223729 89.3662453974421 77.2272264362371 83.2910400873432 0 66.6087052729325
93.8038576052524 92.9421939140404 92.7706686105562 92.3200425081016 91.6771591068071 90.4086905620874 92.6002308959102 92.1761912662181 88.521403660016 86.189693017614 83.1574795141574 89.4842856770479 85.2585829776085 89.9742370056535 78.7802631684808 84.4581897099553 66.6087052729325 0
