0 87.1394871931621 83.555965823659 85.3681348263785 89.7907245134303 91.5537130363682 89.2508894979387 88.5119793763395 87.6457956664753 90.4761005024071 90.6346994717012 90.030076135262 91.2699275961333 91.0450641686018 92.0181503248465 93.5201422208214 92.3912579207112 94.997313048384
87.1394871931621 0 85.6854997764966 85.7563298690626 84.8667886893461 86.4284596991444 86.2460132485331 87.7139289096556 89.444283079601 87.8814856746282 88.4228902048013 91.8010423752425 91.041244329277 92.3597158824667 92.8435709334029 92.0154414828028 93.3508259159149 93.1349893540374
83.555965823659 85.6854997764966 0 70.9865508735604 85.0930706154422 88.1465843099084 83.3107132465672 81.2856097434395 81.2331141878218 85.4288545277498 85.6282873808047 86.3262109588318 86.9027061984258 87.5972706385311 88.7515488942688 90.2017566421295 89.4412153781109 92.3143451815253
85.3681348263785 85.7563298690626 70.9865508735604 0 83.555965823659 87.1143894407578 81.0135793452968 78.2753097867997 80.237526392877 83.6150544197642 83.8481352690408 85.8305810057073 85.6694391116945 87.0125223952169 88.0916622600674 89.2156006751924 88.8875204444754 91.5355622610309
89.7907245134303 84.8667886893461 85.0930706154422 83.555965823659 0 77.6457956664753 75.3765418704471 82.1292907879716 86.7331655627619 78.2106092259997 79.9360690089101 89.3005365591746 86.5256213537673 89.6239007539644 89.8469883502153 87.03610052211 90.6056933767198 88.9669688788295
91.5537130363682 86.4284596991444 88.1465843099084 87.1143894407578 77.6457956664753 0 82.0980097775529 85.876523218055 89.2021401250958 82.0052461083682 83.0411672842192 91.0265687764197 88.2511598923979 91.1601906578911 91.1672083925984 87.144753073025 91.8211513138294 88.1067100146295
89.2508894979387 86.2460132485331 83.3107132465672 81.0135793452968 75.3765418704471 82.0980097775529 0 76.892609016539 84.1460677744327 73.4723596015351 75.5625607309318 87.3511319091826 84.0028851806372 87.761558732678 88.0999740266101 86.0393941818496 89.0149143746818 88.7968052775189
88.5119793763395 87.7139289096556 81.2856097434395 78.2753097867997 82.1292907879716 85.876523218055 76.892609016539 0 79.3002428506583 78.7608908822587 78.4638216139284 84.336679967401 81.3176021151403 85.1097422091168 85.891837352535 86.3603370105237 87.0178873678807 89.546717201444
87.6457956664753 89.444283079601 81.2331141878218 80.237526392877 86.7331655627619 89.2021401250958 84.1460677744327 79.3002428506583 0 84.9227372224544 84.5719301653208 79.3790079720971 82.5057990397075 81.9089615194754 84.1239704853616 88.4669671851969 85.2003092693599 91.2795848479266
90.4761005024071 87.8814856746282 85.4288545277498 83.6150544197642 78.2106092259997 82.0052461083682 73.4723596015351 78.7608908822587 84.9227372224544 0 65.0930706154422 87.324181218032 82.5659932787142 87.4454406823376 87.4754622734875 83.7365925510392 88.4599765983439 87.2016042685911
90.6346994717012 88.4228902048013 85.6282873808047 83.8481352690408 79.9360690089101 83.0411672842192 75.5625607309318 78.4638216139284 84.5719301653208 65.0930706154422 0 86.8345738233265 81.3769599159453 86.8817337465467 86.8428331489911 82.9822729335254 87.8955263247855 86.9257690522703
90.030076135262 91.8010423752425 86.3262109588318 85.8305810057073 89.3005365591746 91.0265687764197 87.3511319091826 84.336679967401 79.3790079720971 87.324181218032 86.8345738233265 0 82.2135268184567 72.2579654998309 78.915051691876 88.5776170713634 80.0139633039308 91.4282077110777
91.2699275961333 91.041244329277 86.9027061984258 85.6694391116945 86.5256213537673 88.2511598923979 84.0028851806372 81.3176021151403 82.5057990397075 82.5659932787142 81.3769599159453 82.2135268184567 0 81.1963957883817 80.3134982103822 82.9744610864609 82.3921913186055 87.7917907521781
91.0450641686018 92.3597158824667 87.5972706385311 87.0125223952169 89.6239007539644 91.1601906578911 87.761558732678 85.1097422091168 81.9089615194754 87.4454406823376 86.8817337465467 72.2579654998309 81.1963957883817 0 73.6150544197642 87.8558397623799 75.5372620133263 90.8821062851461
92.0181503248465 92.8435709334029 88.7515488942688 88.0916622600674 89.8469883502153 91.1672083925984 88.0999740266101 85.891837352535 84.1239704853616 87.4754622734875 86.8428331489911 78.915051691876 80.3134982103822 73.6150544197642 0 86.7678552891693 69.0724707021626 90.0415708322431
93.5201422208214 92.0154414828028 90.2017566421295 89.2156006751924 87.03610052211 87.144753073025 86.0393941818496 86.3603370105237 88.4669671851969 83.7365925510392 82.9822729335254 88.5776170713634 82.9744610864609 87.8558397623799 86.7678552891693 0 87.5934293929633 80.3769071838831
92.3912579207112 93.3508259159149 89.4412153781109 88.8875204444754 90.6056933767198 91.8211513138294 89.0149143746818 87.0178873678807 85.2003092693599 88.4599765983439 87.8955263247855 80.0139633039308 82.3921913186055 75.5372620133263 69.0724707021626 87.5934293929633 0 90.5527990930723
94.997313048384 93.1349893540374 92.3143451815253 91.5355622610309 88.9669688788295 88.1067100146295 88.7968052775189 89.546717201444 91.2795848479266 87.2016042685911 86.9257690522703 91.4282077110777 87.7917907521781 90.8821062851461 90.0415708322431 80.3769071838831 90.5527990930723 0
