0 83.0789209763474 85.5266933956535 87.8749558808016 87.3590696675158 89.4784941033033 88.9342983512467 89.3924558748554 91.7095009962736 92.0509172245329 91.9280437922403 93.5936391129646 93.837079767026 95.6632911554822 95.6926444660762 95.7642822443423 96.2586372107885 96.5102015619386
83.0789209763474 0 84.4490431902267 82.2305599791183 86.4618768432905 88.310492814338 82.8550516930196 86.2515866861654 88.9090804678383 89.6844292122506 88.273795719982 90.5857436480877 91.1211806667008 93.9674766021714 93.5100336226064 93.9475527095647 94.1962329803677 94.469985132245
85.5266933956535 84.4490431902267 0 89.2093247039914 73.447537158823 80.7750878561122 86.9125687539635 82.4108172720404 87.1005769001782 87.2169957016613 89.259475688825 91.6658361118692 91.2947853006293 92.8255888627868 93.7412783865175 93.1370932981704 94.5320091124031 95.0179858096052
87.8749558808016 82.2305599791183 89.2093247039914 0 90.3103523869263 91.296204946965 82.7674836600796 89.0639821460196 90.2807401307034 91.189014797621 87.9404467708216 89.529924699174 90.857813115772 94.4244882025495 92.9782894876669 94.1913043119513 93.5439105412661 93.6159933333597
87.3590696675158 86.4618768432905 73.447537158823 90.3103523869263 0 76.2581263061566 87.8173917197534 81.8069354424815 86.5129911589828 86.301340043983 89.4313841462521 91.7840928135208 91.1818400341276 92.2828755809136 93.6223784554968 92.7047346392871 94.4429081229287 94.9879111036987
89.4784941033033 88.310492814338 80.7750878561122 91.296204946965 76.2581263061566 0 88.4832313042452 80.943337135734 85.066584334419 84.2434141444616 89.1754702685607 91.5047597563245 90.5562308112945 91.0872822984694 93.0646583095896 91.6784558348604 93.952985601788 94.596099785704
88.9342983512467 82.8550516930196 86.9125687539635 82.7674836600796 87.8173917197534 88.4832313042452 0 84.2802002035231 85.5807743482046 87.1456129272568 81.8964834883266 85.9933435376545 87.1143894407578 91.8371372650396 90.5456658670192 91.6002544166667 91.4657697071153 91.8246980227395
89.3924558748554 86.2515866861654 82.4108172720404 89.0639821460196 81.8069354424815 80.943337135734 84.2802002035231 0 79.5471384435873 80.4761005024071 84.984829627831 88.5626155199393 87.5785596578982 89.9069455904272 91.0627597119444 90.2197329978208 92.1415025951062 92.8381199357354
91.7095009962736 88.9090804678383 87.1005769001782 90.2807401307034 86.5129911589828 85.066584334419 85.5807743482046 79.5471384435873 0 72.334656448019 82.5579169840999 86.3837492117834 84.0097315459766 86.9530891206758 88.662150337635 87.2415090959192 90.0873896319732 91.0721310074469
92.0509172245329 89.6844292122506 87.2169957016613 91.189014797621 86.301340043983 84.2434141444616 87.1456129272568 80.4761005024071 72.334656448019 0 84.8491559212384 87.7647878994723 85.4099454301824 86.3902173587608 89.2834019159681 87.0562554165626 90.6267654453235 91.631228558707
91.9280437922403 88.273795719982 89.259475688825 87.9404467708216 89.4313841462521 89.1754702685607 81.8964834883266 84.984829627831 82.5579169840999 84.8491559212384 0 79.3443980803016 80.2136201205461 89.0058154076919 86.6347653005224 88.4178251603197 88.1407920610298 88.8776097472943
93.5936391129646 90.5857436480877 91.6658361118692 89.529924699174 91.7840928135208 91.5047597563245 85.9933435376545 88.5626155199393 86.3837492117834 87.7647878994723 79.3443980803016 0 78.3217587452344 89.0758101447101 83.3024317728271 87.9813729672733 84.9796890336395 85.6153985637938
93.837079767026 91.1211806667008 91.2947853006293 90.857813115772 91.1818400341276 90.5562308112945 87.1143894407578 87.5785596578982 84.0097315459766 85.4099454301824 80.2136201205461 78.3217587452344 0 86.1482440213376 81.5729154765791 84.7635075614827 84.3915954629403 86.0178477447537
95.6632911554822 93.9674766021714 92.8255888627868 94.4244882025495 92.2828755809136 91.0872822984694 91.8371372650396 89.9069455904272 86.9530891206758 86.3902173587608 89.0058154076919 89.0758101447101 86.1482440213376 0 86.5991557378048 74.2514687519673 87.9710879147445 89.610062626297
95.6926444660762 93.5100336226064 93.7412783865175 92.9782894876669 93.6223784554968 93.0646583095896 90.5456658670192 91.0627597119444 88.662150337635 89.2834019159681 86.6347653005224 83.3024317728271 81.5729154765791 86.5991557378048 0 84.3239158899316 73.7513924424389 79.546717201444
95.7642822443423 93.9475527095647 93.1370932981704 94.1913043119513 92.7047346392871 91.6784558348604 91.6002544166667 90.2197329978208 87.2415090959192 87.0562554165626 88.4178251603197 87.9813729672733 84.7635075614827 74.2514687519673 84.3239158899316 0 85.9885209822529 88.002829084837
96.2586372107885 94.1962329803677 94.5320091124031 93.5439105412661 94.4429081229287 93.952985601788 91.4657697071153 92.1415025951062 90.0873896319732 90.6267654453235 88.1407920610298 84.9796890336395 84.3915954629403 87.9710879147445 73.7513924424389 85.9885209822529 0 74.3214211439575
96.5102015619386 94.469985132245 95.0179858096052 93.6159933333597 94.9879111036987 94.596099785704 91.8246980227395 92.8381199357354 91.0721310074469 91.631228558707 88.8776097472943 85.6153985637938 86.0178477447537 89.610062626297 79.546717201444 88.002829084837 74.3214211439575 0
