0 81.9845238594011 84.924474053039 84.4166372889035 89.3556800907944 87.2302909628742 89.9272001065751 88.4511762325812 91.362116702199 91.7955291461834 92.2828755809136 92.751192469585 93.562386254106 93.9893193991704 93.65108532841 93.8840294104429 94.0465907158023 94.5325792896191
81.9845238594011 0 87.1124510425875 84.1183680807437 90.2071048476116 84.1790015703221 90.4196346095776 87.4995229711462 90.9001277408503 90.28979665618 90.8594433091727 91.8015924709415 93.2946876648377 93.7953139986063 91.9652722161315 93.2449927935398 92.3875223217547 94.091298403982
84.924474053039 87.1124510425875 0 79.2428040951504 81.4548623602078 85.4887369853822 83.0439879688162 83.4713908898741 86.9208689423335 89.2125036075832 89.7799514872702 89.7269719929592 90.0174507434799 90.567977596313 92.1386517645929 90.9176378737087 92.655601326086 91.5957721475987
84.4166372889035 84.1183680807437 79.2428040951504 0 84.3139343989393 79.9085993106296 84.6728611474923 79.8641159595513 86.2564593472008 87.2302909628742 88.0173354470665 88.5771760874879 89.9590100360185 90.6374962592738 90.5100722033303 90.3270331102521 91.1132856346966 91.3164066447049
89.3556800907944 90.2071048476116 81.4548623602078 84.3139343989393 0 87.1143894407578 70.5607789104333 82.9772524260333 83.0063158205721 87.9899889902793 88.444562403568 87.5241761252786 86.5220167514142 87.1768639511139 91.4097978254644 88.3784347830183 91.9637022858385 88.9298435901867
87.2302909628742 84.1790015703221 85.4887369853822 79.9085993106296 87.1143894407578 0 86.8287713829925 79.6425482635261 86.0807067113728 84.4166372889035 85.5160989963473 87.1474220798408 89.8419543483159 90.6056933767198 88.0153970398012 89.5244964576347 88.765399437746 90.843616123437
89.9272001065751 90.4196346095776 83.0439879688162 84.6728611474923 70.5607789104333 86.8287713829925 0 82.0861101013499 80.715999260007 86.9789186069652 87.4362788346273 86.2491757321852 85.0986258750424 85.9277192167428 90.7246856097169 87.1839014173743 91.3164066447049 87.8479642352251
88.4511762325812 87.4995229711462 83.4713908898741 79.8641159595513 82.9772524260333 79.6425482635261 82.0861101013499 0 81.1136705287218 82.9232311903098 84.0932371310677 84.6168963459942 87.0446967563246 88.041696242415 88.1581456834345 87.2634163842447 88.9642297145514 88.7181560976445
91.362116702199 90.9001277408503 86.9208689423335 86.2564593472008 83.0063158205721 86.0807067113728 80.715999260007 81.1136705287218 0 82.2153509520961 82.6343709229013 79.7170505944318 80.9337877672706 82.8561749423281 87.7357985898726 82.2540311890231 88.5263989529871 84.2423677007793
91.7955291461834 90.28979665618 89.2125036075832 87.2302909628742 87.9899889902793 84.4166372889035 86.9789186069652 82.9232311903098 82.2153509520961 0 67.0711757029314 77.9244636547856 85.9195436335469 87.0679967752654 81.6699611600261 83.7262992166468 83.2801023231459 86.393932982674
92.2828755809136 90.8594433091727 89.7799514872702 88.0173354470665 88.444562403568 85.5160989963473 87.4362788346273 84.0932371310677 82.6343709229013 67.0711757029314 0 76.6109368089024 85.6238550502764 86.7707867926468 80.7291686975382 82.8884805545587 82.4553219238805 85.8076419242784
92.751192469585 91.8015924709415 89.7269719929592 88.5771760874879 87.5241761252786 87.1474220798408 86.2491757321852 84.6168963459942 79.7170505944318 77.9244636547856 76.6109368089024 0 81.8863691462851 83.5586245318828 84.1323142820089 77.5615068553311 85.1757958751021 82.2921200654822
93.562386254106 93.2946876648377 90.0174507434799 89.9590100360185 86.5220167514142 89.8419543483159 85.0986258750424 87.0446967563246 80.9337877672706 85.9195436335469 85.6238550502764 81.8863691462851 0 69.2684262627964 88.9762881495211 78.0105149591016 89.5155682088114 76.8428331489911
93.9893193991704 93.7953139986063 90.567977596313 90.6374962592738 87.1768639511139 90.6056933767198 85.9277192167428 88.041696242415 82.8561749423281 87.0679967752654 86.7707867926468 83.5586245318828 69.2684262627964 0 89.6667800142866 79.6648998632169 90.137143897723 76.5662657802988
93.65108532841 91.9652722161315 92.1386517645929 90.5100722033303 91.4097978254644 88.0153970398012 90.7246856097169 88.1581456834345 87.7357985898726 81.6699611600261 80.7291686975382 84.1323142820089 88.9762881495211 89.6667800142866 0 86.4992542873096 67.9330371790942 88.3935453893543
93.8840294104429 93.2449927935398 90.9176378737087 90.3270331102521 88.3784347830183 89.5244964576347 87.1839014173743 87.2634163842447 82.2540311890231 83.7262992166468 82.8884805545587 77.5615068553311 78.0105149591016 79.6648998632169 86.4992542873096 0 87.1098477651298 74.9227372224544
94.0465907158023 92.3875223217547 92.655601326086 91.1132856346966 91.9637022858385 88.765399437746 91.3164066447049 88.9642297145514 88.5263989529871 83.2801023231459 82.4553219238805 85.1757958751021 89.5155682088114 90.137143897723 67.9330371790942 87.1098477651298 0 88.8263419352732
94.5325792896191 94.091298403982 91.5957721475987 91.3164066447049 88.9298435901867 90.843616123437 87.8479642352251 88.7181560976445 84.2423677007793 86.393932982674 85.8076419242784 82.2921200654822 76.8428331489911 76.5662657802988 88.3935453893543 74.9227372224544 88.8263419352732 0
