0 85.1080779267362 86.9780287330724 88.6496484135121 91.2876161859881 90.4396763737266 89.5296079800895 92.046876962374 92.6073422214847 93.6814491297281 93.5595339012134 93.4452748092656 95.7417317569301 95.6607411536136 96.4500237347314 96.6893208899442 96.5181685417642 96.9639660729793
85.1080779267362 0 75.3208427639379 80.5906463462703 86.4309154214711 84.2312091392794 81.5637949023309 86.8806271228131 87.8876340453048 89.636827943325 89.4387596557842 89.2791492178782 92.7303551003722 92.7938484529564 93.7272349911775 94.0519688784595 93.8811599390343 94.4120181700749
86.9780287330724 75.3208427639379 0 73.9536370923738 83.6477962159136 80.8110544783965 78.8156553947667 85.1757958751021 86.301340043983 88.4653586674992 88.4018890874713 88.3783664264092 91.8647650997494 92.4661532506404 93.1713320165541 93.5114763815429 93.4623948404553 93.8560153170945
88.6496484135121 80.5906463462703 73.9536370923738 0 80.2272956583012 75.9126336164662 76.9878274143603 83.2222041818708 84.4651623168477 87.1217246129041 87.210845672568 87.3396380497057 90.8896175312186 92.0009278690477 92.5041990580471 92.8634330622707 92.9235813910652 93.1997839120507
91.2876161859881 86.4309154214711 83.6477962159136 80.2272956583012 0 75.5673171147236 82.3661268768473 81.8564887327063 82.2337877346136 85.2440876912534 85.9539297579115 86.5768216056413 89.0848194117342 91.6968901104671 91.5329703978283 91.8971231313347 92.2867022452208 92.1538181115567
90.4396763737266 84.2312091392794 80.8110544783965 75.9126336164662 75.5673171147236 0 77.0643197689564 79.2684262627964 80.802090708818 84.5869706818913 84.9227372224544 85.3090798502797 89.2262067374419 90.9970540131099 91.2807376504813 91.6834515958235 91.8694910451496 92.0337626953919
89.5296079800895 81.5637949023309 78.8156553947667 76.9878274143603 82.3661268768473 77.0643197689564 0 80.1057110378835 82.1927894372097 85.2771057021952 85.0145215673253 84.8913549073611 89.9201577536982 90.4635080362083 91.3556844474483 91.7759809658442 91.683917772431 92.214709207649
92.046876962374 86.8806271228131 85.1757958751021 83.2222041818708 81.8564887327063 79.2684262627964 80.1057110378835 0 69.0051368755729 78.4407002914246 78.5776170713634 79.3432944626045 86.5369565497065 88.4342748045594 88.8497798564522 89.3905934154663 89.553301503306 89.8961045083118
92.6073422214847 87.8876340453048 86.301340043983 84.4651623168477 82.2337877346136 80.802090708818 82.1927894372097 69.0051368755729 0 75.5673171147236 76.8316543916761 78.551998564038 85.3747378642788 88.1370277397629 88.1925386746809 88.7608908822587 89.0891422958372 89.2569957374721
93.6814491297281 89.636827943325 88.4653586674992 87.1217246129041 85.2440876912534 84.5869706818913 85.2771057021952 78.4407002914246 75.5673171147236 0 69.6356543330438 75.0893918912516 82.3149971569457 86.3786127279231 85.9002505157016 86.625354376404 87.1809971370733 87.2448864327993
93.5595339012134 89.4387596557842 88.4018890874713 87.210845672568 85.9539297579115 84.9227372224544 85.0145215673253 78.5776170713634 76.8316543916761 69.6356543330438 0 68.474035583093 83.24337649085 85.4280815594711 85.7028264574201 86.4797404980476 86.6917490863679 87.2355675149958
93.4452748092656 89.2791492178782 88.3783664264092 87.3396380497057 86.5768216056413 85.3090798502797 84.8913549073611 79.3432944626045 78.551998564038 75.0893918912516 68.474035583093 0 84.2495038086784 84.6944839826563 85.7863355292019 86.5740982891982 86.4437954768715 87.4181448674708
95.7417317569301 92.7303551003722 91.8647650997494 90.8896175312186 89.0848194117342 89.2262067374419 89.9201577536982 86.5369565497065 85.3747378642788 82.3149971569457 83.24337649085 84.2495038086784 0 86.3852582433843 81.5766707252515 82.2280236270008 85.0462736742839 82.2531040517902
95.6607411536136 92.7938484529564 92.4661532506404 92.0009278690477 91.6968901104671 90.9970540131099 90.4635080362083 88.4342748045594 88.1370277397629 86.3786127279231 85.4280815594711 84.6944839826563 86.3852582433843 0 81.9124372658146 82.7055691346784 78.1065049366947 84.4166372889035
96.4500237347314 93.7272349911775 93.1713320165541 92.5041990580471 91.5329703978283 91.2807376504813 91.3556844474483 88.8497798564522 88.1925386746809 85.9002505157016 85.7028264574201 85.7863355292019 81.5766707252515 81.9124372658146 0 65.3944711975156 76.1256874425021 73.2222041818708
96.6893208899442 94.0519688784595 93.5114763815429 92.8634330622707 91.8971231313347 91.6834515958235 91.7759809658442 89.3905934154663 88.7608908822587 86.625354376404 86.4797404980476 86.5740982891982 82.2280236270008 82.7055691346784 65.3944711975156 0 76.5662657802988 69.5242614668163
96.5181685417642 93.8811599390343 93.4623948404553 92.9235813910652 92.2867022452208 91.8694910451496 91.683917772431 89.553301503306 89.0891422958372 87.1809971370733 86.6917490863679 86.4437954768715 85.0462736742839 78.1065049366947 76.1256874425021 76.5662657802988 0 79.4684161053344
96.9639660729793 94.4120181700749 93.8560153170945 93.1997839120507 92.1538181115567 92.0337626953919 92.214709207649 89.8961045083118 89.2569957374721 87.2448864327993 87.2355675149958 87.4181448674708 82.2531040517902 84.4166372889035 73.2222041818708 69.5242614668163 79.4684161053344 0
