0 80.4905850455247 78.5626155199393 86.301340043983 87.7170451815844 91.0361459782876 86.9574177410809 91.2118631420906 87.202632062897 91.0505757896518 89.6648998632169 88.8965747790272 86.0191975333641 89.0355494223158 88.3666599593055 86.3152293981705 92.198233290636 87.1311373807962
80.4905850455247 0 69.5765657369386 80.1288824412368 82.9727676296501 87.9822666720595 82.6135550936366 88.3089565752361 83.440211413787 88.1341628747489 86.3603773685769 85.8076419242784 85.7044043041359 85.985642291556 85.3962648299937 86.2478955715808 89.7483370693 85.3681348263785
78.5626155199393 69.5765657369386 0 81.8211513138294 83.9985093251106 88.7320818557614 82.9953807752155 88.9098977805202 83.5630990497122 88.6957997331364 86.8628826862014 85.9948369189331 84.6280655201376 86.1812360471451 85.4102617994493 85.2003092693599 90.1766146175976 84.7182209694953
86.301340043983 80.1288824412368 81.8211513138294 0 72.93392237048 83.5201228844259 77.9330371790942 84.0535665957097 80.0814756595712 83.8481352690408 81.4510002480644 82.2531040517902 86.9027061984258 82.4222899708459 82.6017133826353 87.4532080795685 86.4075178779108 85.1544384336684
87.7170451815844 82.9727676296501 83.9985093251106 72.93392237048 0 81.6399208535442 75.7676860894029 81.6177655634978 78.2826237412082 81.1615153057757 77.3969976508699 79.5774349142482 86.9748721260493 79.7170505944318 80.6433067724638 87.5194955526467 84.4341688235299 84.6910175087497
91.0361459782876 87.9822666720595 88.7320818557614 83.5201228844259 81.6399208535442 0 84.7635075614827 73.739558599786 85.4673355948484 76.2325041385106 80.8821062851461 84.6168963459942 90.5327964606734 84.5179899032908 85.8076419242784 90.8878285058744 80.2212376052336 88.8285560079588
86.9574177410809 82.6135550936366 82.9953807752155 77.9330371790942 75.7676860894029 84.7635075614827 0 84.0227873164445 66.9639370490137 83.3288160125473 78.607465606858 75.5971656502182 84.2959097000793 76.1449682017739 75.1757958751021 85.0206444159974 85.6039087872772 80.8422827729217
91.2118631420906 88.3089565752361 88.9098977805202 84.0535665957097 81.6177655634978 73.739558599786 84.0227873164445 0 84.5347044712436 65.4036308583955 78.1229484586466 82.9259281649865 89.9885943222948 82.7445958873746 84.4567663900082 90.3496296105611 75.3208427639379 88.017773391551
87.202632062897 83.440211413787 83.5630990497122 80.0814756595712 78.2826237412082 85.4673355948484 66.9639370490137 84.5347044712436 0 83.785387812752 79.1123755294906 73.8658978492988 83.447537158823 74.6257278269447 71.6251957531956 84.2250937501173 85.7645750501759 79.1453517305904
91.0505757896518 88.1341628747489 88.6957997331364 83.8481352690408 81.1615153057757 76.2325041385106 83.3288160125473 65.4036308583955 83.785387812752 0 76.2581263061566 81.8211513138294 89.5598758378731 81.5994446045509 83.555965823659 89.9333298446319 74.67916697995 87.4454406823376
89.6648998632169 86.3603773685769 86.8628826862014 81.4510002480644 77.3969976508699 80.8821062851461 78.607465606858 78.1229484586466 79.1123755294906 76.2581263061566 0 75.5971656502182 87.4444687801697 75.2490088794755 78.7608908822587 87.9199887622108 80.4605338487614 84.6669329609772
88.8965747790272 85.8076419242784 85.9948369189331 82.2531040517902 79.5774349142482 84.6168963459942 75.5971656502182 82.9259281649865 73.8658978492988 81.8211513138294 75.5971656502182 0 85.0796871077196 53.2695905556196 68.7966354858417 85.6694391116945 83.7468220587169 81.0505757896518
86.0191975333641 85.7044043041359 84.6280655201376 86.9027061984258 86.9748721260493 90.5327964606734 84.2959097000793 89.9885943222948 83.447537158823 89.5598758378731 87.4444687801697 85.0796871077196 0 85.266047991979 83.6408008670417 63.2478263495168 90.4523032562047 76.706750637792
89.0355494223158 85.985642291556 86.1812360471451 82.4222899708459 79.7170505944318 84.5179899032908 76.1449682017739 82.7445958873746 74.6257278269447 81.5994446045509 75.2490088794755 53.2695905556196 85.266047991979 0 69.9091616140012 85.8392945184347 83.5153213971275 81.3242504453195
88.3666599593055 85.3962648299937 85.4102617994493 82.6017133826353 80.6433067724638 85.8076419242784 75.1757958751021 84.4567663900082 71.6251957531956 83.555965823659 78.7608908822587 68.7966354858417 83.6408008670417 69.9091616140012 0 84.3279020717801 85.1595277452384 78.6223132959149
86.3152293981705 86.2478955715808 85.2003092693599 87.4532080795685 87.5194955526467 90.8878285058744 85.0206444159974 90.3496296105611 84.2250937501173 89.9333298446319 87.9199887622108 85.6694391116945 63.2478263495168 85.8392945184347 84.3279020717801 0 90.7663670207428 78.0529683256868
92.198233290636 89.7483370693 90.1766146175976 86.4075178779108 84.4341688235299 80.2212376052336 85.6039087872772 75.3208427639379 85.7645750501759 74.67916697995 80.4605338487614 83.7468220587169 90.4523032562047 83.5153213971275 85.1595277452384 90.7663670207428 0 88.4844891151925
87.1311373807962 85.3681348263785 84.7182209694953 85.1544384336684 84.6910175087497 88.8285560079588 80.8422827729217 88.017773391551 79.1453517305904 87.4454406823376 84.6669329609772 81.0505757896518 76.706750637792 81.3242504453195 78.6223132959149 78.0529683256868 88.4844891151925 0
