0 86.4541757875918 88.3666599593055 84.2737774339689 88.4422100079111 90.4396763737266 92.5122073230251 92.5054104574403 94.0279140776271 93.7937316093992 93.5607334118811 95.0691184900467 94.8768074263988 93.8946079882559 94.3922276191879 94.2521344432294 94.239088931008 94.7492479680024
86.4541757875918 0 80.8378353124009 88.3327274477688 89.8767148228694 87.4132525105052 91.5989721635958 91.9611938266369 91.8971231313347 92.1239993528741 92.1426398133336 93.1907390363395 93.1150169234456 94.2969130372258 93.2574466417665 93.5439025848968 93.7539262270336 94.6625085325592
88.3666599593055 80.8378353124009 0 87.59539342008 88.0509467026515 82.0827706588024 88.8957497521978 89.4999650821792 89.0537222217762 89.371924760187 89.4385750276523 90.8101589335291 90.6967359817886 92.6941043474961 90.9333141423896 91.396029475301 91.7207839408883 92.9414372252721
84.2737774339689 88.3327274477688 87.59539342008 0 80.2865283829215 87.6327844803114 88.9538403873754 88.7179017891066 91.8585998620449 91.2331141878218 90.7514291603193 93.0885966885451 92.7554826206382 90.422083684711 91.7195539345434 91.298700508138 91.1760300390639 91.7423818124012
88.4422100079111 89.8767148228694 88.0509467026515 80.2865283829215 0 85.9805451835606 85.4535216572886 84.8314512704693 90.0505682052635 88.9888091033368 88.2130529725628 91.4113980910106 90.9389268895178 87.2971291241748 89.2970716604341 88.5475619699661 88.3073021585004 89.0418037297283
90.4396763737266 87.4132525105052 82.0827706588024 87.6327844803114 85.9805451835606 0 83.8049662852797 85.0666835031541 84.6944839826563 84.6429132091945 84.6049101062862 87.4735316467302 87.1217246129041 90.1262622632876 87.0593241495208 87.783262763091 88.3249969629809 90.166438767878
92.5122073230251 91.5989721635958 88.8957497521978 88.9538403873754 85.4535216572886 83.8049662852797 0 70.4372372021832 83.687355776405 80.2436027502159 77.3382020284199 85.7422239475774 84.6744011232309 85.0022052779636 80.4372372021832 79.7571837034398 80.6047544631244 84.4834018410807
92.5054104574403 91.9611938266369 89.4999650821792 88.7179017891066 84.8314512704693 85.0666835031541 70.4372372021832 0 85.3154727135448 82.4131324078092 80.0867687069284 86.8902842158565 85.9190106881366 83.3029726360379 81.5766707252515 79.5166621000467 79.5287091114304 83.2402244397505
94.0279140776271 91.8971231313347 89.0537222217762 91.8585998620449 90.0505682052635 84.6944839826563 83.687355776405 85.3154727135448 0 75.0930706154422 78.8947768334821 76.2325041385106 75.5372620133263 89.9355213142478 81.5321129677981 84.728894431054 86.0869736130537 88.6914254388411
93.7937316093992 92.1239993528741 89.371924760187 91.2331141878218 88.9888091033368 84.6429132091945 80.2436027502159 82.4131324078092 75.0930706154422 0 70.085453044182 79.2299361010872 77.0071507868401 88.2032697249812 76.7789925823896 81.3769685993175 83.2650300854638 86.706750637792
93.5607334118811 92.1426398133336 89.4385750276523 90.7514291603193 88.2130529725628 84.6049101062862 77.3382020284199 80.0867687069284 78.8947768334821 70.085453044182 0 81.6105564644086 79.7966193021937 87.0807531083138 74.9227372224544 79.2492238225855 81.4548623602078 85.5347799000594
95.0691184900467 93.1907390363395 90.8101589335291 93.0885966885451 91.4113980910106 87.4735316467302 85.7422239475774 86.8902842158565 76.2325041385106 79.2299361010872 81.6105564644086 0 67.9330371790942 90.4122790867573 81.732656157221 85.098061892801 86.4489655544737 88.8108513571896
94.8768074263988 93.1150169234456 90.6967359817886 92.7554826206382 90.9389268895178 87.1217246129041 84.6744011232309 85.9190106881366 75.5372620133263 77.0071507868401 79.7966193021937 67.9330371790942 0 89.7337221881064 79.7582684218401 83.8098521649386 85.359682297765 88.0105149591016
93.8946079882559 94.2969130372258 92.6941043474961 90.422083684711 87.2971291241748 90.1262622632876 85.0022052779636 83.3029726360379 89.9355213142478 88.2032697249812 87.0807531083138 90.4122790867573 89.7337221881064 0 86.4386419776153 83.6848664198441 81.8343448261987 78.2106092259997
94.3922276191879 93.2574466417665 90.9333141423896 91.7195539345434 89.2970716604341 87.0593241495208 80.4372372021832 81.5766707252515 81.5321129677981 76.7789925823896 74.9227372224544 81.732656157221 79.7582684218401 86.4386419776153 0 75.2408599357581 78.9021373091748 83.8472517422735
94.2521344432294 93.5439025848968 91.396029475301 91.298700508138 88.5475619699661 87.783262763091 79.7571837034398 79.5166621000467 84.728894431054 81.3769685993175 79.2492238225855 85.098061892801 83.8098521649386 83.6848664198441 75.2408599357581 0 69.6356543330438 79.9703350047723
94.239088931008 93.7539262270336 91.7207839408883 91.1760300390639 88.3073021585004 88.3249969629809 80.6047544631244 79.5287091114304 86.0869736130537 83.2650300854638 81.4548623602078 86.4489655544737 85.359682297765 81.8343448261987 78.9021373091748 69.6356543330438 0 77.0181759798017
94.7492479680024 94.6625085325592 92.9414372252721 91.7423818124012 89.0418037297283 90.166438767878 84.4834018410807 83.2402244397505 88.6914254388411 86.706750637792 85.5347799000594 88.8108513571896 88.0105149591016 78.2106092259997 83.8472517422735 79.9703350047723 77.0181759798017 0
