0 67.0711757029314 85.7505909256189 72.4058134923732 74.3872598725851 84.7544879428325 85.8203757673713 85.2003092693599 86.1209998801457 86.3866689650497 85.9415820941298 89.5027665980572 91.0677478638663 90.0158379645473 90.3822376182188 91.9570267682265 90.5740939374259 90.9268025096977
67.0711757029314 0 86.6813329578914 71.7667725128064 74.9227372224544 84.1406420790363 86.3653649600743 84.7054556385607 86.5485749908509 86.7650800289768 85.7749292329038 89.8531331056309 91.3578353628051 89.9937364164961 90.2196067601836 92.1883793840769 90.6411130007016 90.8115021815894
85.7505909256189 86.6813329578914 0 86.2155948877457 85.6238550502764 89.5765657369386 83.3011458390096 89.5082092644203 84.7184954288338 85.261740420622 88.7320818557614 86.4284596991444 88.2312853890888 90.6374962592738 91.8722972449526 89.689314822766 90.357334968585 92.0266190783959
72.4058134923732 71.7667725128064 86.2155948877457 0 65.7066388941452 82.4266259719437 84.8483909431094 82.9593293698353 84.9504435034663 85.1757958751021 83.938142003273 88.8357857663482 90.5021379979878 88.8739543526013 89.2173275363169 91.3840027433316 89.5914134259955 89.8496234844248
74.3872598725851 74.9227372224544 85.6238550502764 65.7066388941452 0 82.3358293114501 83.8325331923513 82.7273505510716 83.9628139619085 84.2272234148601 83.3288160125473 88.2106092259997 89.9907715131848 88.4453344140258 88.940188044825 90.9302887188506 89.1301038172137 89.553301503306
84.7544879428325 84.1406420790363 89.5765657369386 82.4266259719437 82.3358293114501 0 86.1033994395945 65.0930706154422 85.3922095294451 85.2298862985174 77.4754622734875 88.8644512266057 90.2962342702639 85.5673171147236 84.7544879428325 90.8520511837489 87.3162331468803 86.0393941818496
85.8203757673713 86.3653649600743 83.3011458390096 84.8483909431094 83.8325331923513 86.1033994395945 0 85.6811254822013 68.4137437211824 71.4225442578915 83.4206154648313 80.273145354966 84.1987757989495 85.7677850549167 87.9762509169206 86.1033994395945 85.3531437129816 88.1200421657566
85.2003092693599 84.7054556385607 89.5082092644203 82.9593293698353 82.7273505510716 65.0930706154422 85.6811254822013 0 84.854497827921 84.6407614665998 75.289026176076 88.4205617560891 89.8883311711395 84.7054556385607 83.9296849669784 90.4401640436861 86.6202195193259 85.2970022018606
86.1209998801457 86.5485749908509 84.7184954288338 84.9504435034663 83.9628139619085 85.3922095294451 68.4137437211824 84.854497827921 0 60.943337135734 82.0665785130637 80.0895362645737 84.0097315459766 84.5147886508662 87.0186870185954 85.7695281324584 84.1593214403875 87.1716924833976
86.3866689650497 86.7650800289768 85.261740420622 85.1757958751021 84.2272234148601 85.2298862985174 71.4225442578915 84.6407614665998 60.943337135734 0 81.6213924135223 79.9488492240465 83.8481352690408 83.9224114618389 86.6095495758226 85.5493584367505 83.555965823659 86.7500946518234
85.9415820941298 85.7749292329038 88.7320818557614 83.938142003273 83.3288160125473 77.4754622734875 83.4206154648313 75.289026176076 82.0665785130637 81.6213924135223 0 86.3715914053258 88.1278950430233 81.9124372658146 82.5420156066597 88.7723611954805 84.1109321072305 83.7331583043885
89.5027665980572 89.8531331056309 86.4284596991444 88.8357857663482 88.2106092259997 88.8644512266057 80.273145354966 88.4205617560891 80.0895362645737 79.9488492240465 86.3715914053258 0 75.4119464919298 85.4519840595317 88.3572170605267 80.0814756595712 83.5491212213502 88.0639385603448
91.0677478638663 91.3578353628051 88.2312853890888 90.5021379979878 89.9907715131848 90.2962342702639 84.1987757989495 89.8883311711395 84.0097315459766 83.8481352690408 88.1278950430233 75.4119464919298 0 86.3267404163267 89.0878315266223 73.50821359613 84.0417671828947 88.6225250297273
90.0158379645473 89.9937364164961 90.6374962592738 88.8739543526013 88.4453344140258 85.5673171147236 85.7677850549167 84.7054556385607 84.5147886508662 83.9224114618389 81.9124372658146 85.4519840595317 86.3267404163267 0 77.8007545217567 86.2325041385106 74.7537766115867 76.3715914053258
90.3822376182188 90.2196067601836 91.8722972449526 89.2173275363169 88.940188044825 84.7544879428325 87.9762509169206 83.9296849669784 87.0186870185954 86.6095495758226 82.5420156066597 88.3572170605267 89.0878315266223 77.8007545217567 0 88.9976660170554 82.2830301250234 70.0814756595712
91.9570267682265 92.1883793840769 89.689314822766 91.3840027433316 90.9302887188506 90.8520511837489 86.1033994395945 90.4401640436861 85.7695281324584 85.5493584367505 88.7723611954805 80.0814756595712 73.50821359613 86.2325041385106 88.9976660170554 0 83.6263591278133 88.3760823708534
90.5740939374259 90.6411130007016 90.357334968585 89.5914134259955 89.1301038172137 87.3162331468803 85.3531437129816 86.6202195193259 84.1593214403875 83.555965823659 84.1109321072305 83.5491212213502 84.0417671828947 74.7537766115867 82.2830301250234 83.6263591278133 0 80.9285598919363
90.9268025096977 90.8115021815894 92.0266190783959 89.8496234844248 89.553301503306 86.0393941818496 88.1200421657566 85.2970022018606 87.1716924833976 86.7500946518234 83.7331583043885 88.0639385603448 88.6225250297273 76.3715914053258 70.0814756595712 88.3760823708534 80.9285598919363 0
