0 88.5776170713634 87.2425274907694 89.9856222991348 85.9195436335469 87.7955665616875 92.0897805247568 90.715999260007 92.688296329487 92.365040998495 92.8759748657475 93.5165222667104 92.9934850614241 93.8287356424386 94.2549772152476 94.8839996218255 94.8839796159863 95.5311078426276
88.5776170713634 0 81.2004909747474 75.5523155632995 88.0740403942904 89.5573964287749 84.2250937501173 85.042668369047 87.1143894407578 88.251967056199 88.0706757264335 89.3500427490681 91.4929130958581 93.2429697555283 92.7574850982769 94.2446327606093 94.0949610006154 92.5626616036505
87.2425274907694 81.2004909747474 0 81.5653952239311 83.2067580073703 85.4546064880526 85.0325173442018 81.3454034114811 86.0621707455228 85.8457319881969 86.5662657802988 87.9330371790942 88.9090804678383 91.0131290414768 90.7242288662954 92.3537565451245 92.2109424005588 91.5611457233773
89.9856222991348 75.5523155632995 81.5653952239311 0 88.4391544843896 89.6549761665307 80.237526392877 82.8100758107315 84.6429132091945 86.5184091547906 86.000262209856 87.5878764215456 90.6829239968011 92.6810253671005 91.9504880014648 93.6814491297281 93.4928453208561 91.3493621744546
85.9195436335469 88.0740403942904 83.2067580073703 88.4391544843896 0 74.9756284674628 89.710133239926 86.3152293981705 89.4644757442316 88.103370572082 89.3406308877979 90.0367575193471 87.9951295844708 89.3756649167141 90.1152402208497 91.0738170968863 91.0618905540374 92.5904549782172
87.7955665616875 89.5573964287749 85.4546064880526 89.6549761665307 74.9756284674628 0 90.3932678727469 86.9783139359473 89.7828539593799 88.0724070886405 89.4789578849657 89.9949747945162 86.7433278793918 87.869064519454 89.0844046448802 89.8437518635233 89.8781805979189 92.2952999318
92.0897805247568 84.2250937501173 85.0325173442018 80.237526392877 89.710133239926 90.3932678727469 0 81.0165466649615 78.3784347830183 83.4960621867671 81.4121890441111 83.7491208394148 89.5214849154441 91.8810549507213 90.6188168979226 92.7973419676385 92.531189632447 88.8231504954938
90.715999260007 85.042668369047 81.3454034114811 82.8100758107315 86.3152293981705 86.9783139359473 81.0165466649615 0 79.2492238225855 78.3390605802349 79.7342959307347 82.4447587542196 86.213187821334 89.3874875404723 88.2293095695683 90.7678586495839 90.4939287504203 88.3786477042746
92.688296329487 87.1143894407578 86.0621707455228 84.6429132091945 89.4644757442316 89.7828539593799 78.3784347830183 79.2492238225855 0 77.7738075181225 70.943337135734 77.0711757029314 87.1861580940907 90.1612419923159 88.3453844908085 91.1457065748421 90.7970586032074 85.965043356632
92.365040998495 88.251967056199 85.8457319881969 86.5184091547906 88.103370572082 88.0724070886405 83.4960621867671 78.3390605802349 77.7738075181225 0 73.9968508302003 76.0487872378001 83.6291168545625 87.8007545217567 85.5971656502182 89.1551959618225 88.7441573526808 85.2667209358604
92.8759748657475 88.0706757264335 86.5662657802988 86.000262209856 89.3406308877979 89.4789578849657 81.4121890441111 79.7342959307347 70.943337135734 73.9968508302003 0 72.0827706588024 85.8987805111985 89.250506630103 87.1112419990312 90.2868064031166 89.8928293427176 84.7105120429421
93.5165222667104 89.3500427490681 87.9330371790942 87.5878764215456 90.0367575193471 89.9949747945162 83.7491208394148 82.4447587542196 77.0711757029314 76.0487872378001 72.0827706588024 0 85.3461292680899 88.7780850115565 86.1494823545164 89.687575441599 89.2312039035457 82.4210271056388
92.9934850614241 91.4929130958581 88.9090804678383 90.6829239968011 87.9951295844708 86.7433278793918 89.5214849154441 86.213187821334 87.1861580940907 83.6291168545625 85.8987805111985 85.3461292680899 0 79.4313841462521 76.8761978059386 82.987250454927 82.3595965719181 86.8948742773399
93.8287356424386 93.2429697555283 91.0131290414768 92.6810253671005 89.3756649167141 87.869064519454 91.8810549507213 89.3874875404723 90.1612419923159 87.8007545217567 89.250506630103 88.7780850115565 79.4313841462521 0 79.0724707021626 76.0621707455228 76.2653324942411 89.0388646749763
94.2549772152476 92.7574850982769 90.7242288662954 91.9504880014648 90.1152402208497 89.0844046448802 90.6188168979226 88.2293095695683 88.3453844908085 85.5971656502182 87.1112419990312 86.1494823545164 76.8761978059386 79.0724707021626 0 80.211904225231 78.7361406116105 85.7331755630909
94.8839996218255 94.2446327606093 92.3537565451245 93.6814491297281 91.0738170968863 89.8437518635233 92.7973419676385 90.7678586495839 91.1457065748421 89.1551959618225 90.2868064031166 89.687575441599 82.987250454927 76.0621707455228 80.211904225231 0 65.2390110760991 89.1032434654069
94.8839796159863 94.0949610006154 92.2109424005588 93.4928453208561 91.0618905540374 89.8781805979189 92.531189632447 90.4939287504203 90.7970586032074 88.7441573526808 89.8928293427176 89.2312039035457 82.3595965719181 76.2653324942411 78.7361406116105 65.2390110760991 0 88.5301856345584
95.5311078426276 92.5626616036505 91.5611457233773 91.3493621744546 92.5904549782172 92.2952999318 88.8231504954938 88.3786477042746 85.965043356632 85.2667209358604 84.7105120429421 82.4210271056388 86.8948742773399 89.0388646749763 85.7331755630909 89.1032434654069 88.5301856345584 0
