0 66.2581263061566 79.546717201444 76.4210841896122 81.5431231926907 86.0178477447537 86.0016174742824 88.1846576666747 89.6945287903597 90.8621097612587 91.1457065748421 92.0171329637785 92.8815373958952 92.3454907805546 92.4689722782994 94.2719616106923 93.8179951891663 94.4191218181468
66.2581263061566 0 81.1011246996244 77.0605702158074 82.5184868130093 86.5982734344227 85.9744315024477 88.1773525709042 89.4809274664817 91.0104788713467 91.2956326992361 92.069722241919 92.9630405592245 92.1568949722191 92.4333716550195 94.3320836287478 93.6666275684742 94.3394071838891
79.546717201444 81.1011246996244 0 78.103370572082 73.5507338110557 81.4121890441111 85.3176715737137 87.3565196633878 89.8864977625784 89.3273496569714 89.6215462161898 91.0335945566031 91.8069354424815 92.5422779217006 91.9401435468265 93.381156296672 93.9134970715118 94.1999129415837
76.4210841896122 77.0605702158074 78.103370572082 0 77.4862059629385 83.5201228844259 82.6046768387851 85.6375256642389 87.9330371790942 89.0709489404978 89.4239960897739 90.4401640436861 91.4725839728113 91.1335470387843 91.0208149157414 93.0838239298534 92.7800207093342 93.3387718133212
81.5431231926907 82.5184868130093 73.5507338110557 77.4862059629385 0 78.1154300717405 83.0800201015546 85.4841598430449 88.724812672048 87.8168428313143 88.1748966183683 89.7879426584034 90.6867729405769 91.6863805757484 90.849698755104 92.4574202336407 93.1563545675111 93.3947608622636
86.0178477447537 86.5982734344227 81.4121890441111 83.5201228844259 78.1154300717405 0 83.6477962159136 84.8801314878222 88.9132410411909 85.4459116155793 85.8203757673713 88.3311427205777 89.0924689484848 91.6717300144753 90.0185255968003 91.1535753560499 93.0024147620079 92.9023561745482
86.0016174742824 85.9744315024477 85.3176715737137 82.6046768387851 83.0800201015546 83.6477962159136 0 75.1874974148779 82.3859648733539 84.8986541685187 85.5039593802835 86.2478955715808 88.0715171378125 87.6644629819183 86.8784130290517 90.280234225313 89.8920337031865 90.4010759035774
88.1846576666747 88.1773525709042 87.3565196633878 85.6375256642389 85.4841598430449 84.8801314878222 75.1874974148779 0 80.7483569736169 82.4692779150087 83.2439889561486 83.4918073031206 86.0090619252116 86.3653649600743 84.3335672537236 88.6646486362784 88.7000501445821 88.9312242752465
89.6945287903597 89.4809274664817 89.8864977625784 87.9330371790942 88.724812672048 88.9132410411909 82.3859648733539 80.7483569736169 0 86.8120863027946 87.2169957016613 85.7749292329038 87.9607434601061 80.9630158213041 83.8213544350363 89.6648998632169 85.4024912752453 87.1681552514805
90.8621097612587 91.0104788713467 89.3273496569714 89.0709489404978 87.8168428313143 85.4459116155793 84.8986541685187 82.4692779150087 86.8120863027946 0 62.0689280733271 78.320807504682 79.8023668901086 89.0173342633289 84.0931804550192 84.8418404492077 90.1551517471999 89.0597573502655
91.1457065748421 91.2956326992361 89.6215462161898 89.4239960897739 88.1748966183683 85.8203757673713 85.5039593802835 83.2439889561486 87.2169957016613 62.0689280733271 0 78.2511598923979 79.05908719444 89.2344075213571 84.2312091392794 84.3872598725851 90.280234225313 89.0851375327351
92.0171329637785 92.069722241919 91.0335945566031 90.4401640436861 89.7879426584034 88.3311427205777 86.2478955715808 83.4918073031206 85.7749292329038 78.320807504682 78.2511598923979 0 74.9227372224544 87.0930278946045 78.5626155199393 81.7060996897762 88.0309443726372 86.153049380204
92.8815373958952 92.9630405592245 91.8069354424815 91.4725839728113 90.6867729405769 89.0924689484848 88.0715171378125 86.0090619252116 87.9607434601061 79.8023668901086 79.05908719444 74.9227372224544 0 88.7701719600106 81.9745296711912 77.7738075181225 89.2581955282206 87.0403330855905
92.3454907805546 92.1568949722191 92.5422779217006 91.1335470387843 91.6863805757484 91.6717300144753 87.6644629819183 86.3653649600743 80.9630158213041 89.0173342633289 89.2344075213571 87.0930278946045 88.7701719600106 0 83.5423563977995 89.6332165748689 77.7763321058487 83.5273151766891
92.4689722782994 92.4333716550195 91.9401435468265 91.0208149157414 90.849698755104 90.0185255968003 86.8784130290517 84.3335672537236 83.8213544350363 84.0931804550192 84.2312091392794 78.5626155199393 81.9745296711912 83.5423563977995 0 83.8879993973499 84.484421527208 82.0267303635693
94.2719616106923 94.3320836287478 93.381156296672 93.0838239298534 92.4574202336407 91.1535753560499 90.280234225313 88.6646486362784 89.6648998632169 84.8418404492077 84.3872598725851 81.7060996897762 77.7738075181225 89.6332165748689 83.8879993973499 0 89.5178683060867 86.5708922372236
93.8179951891663 93.6666275684742 93.9134970715118 92.7800207093342 93.1563545675111 93.0024147620079 89.8920337031865 88.7000501445821 85.4024912752453 90.1551517471999 90.280234225313 88.0309443726372 89.2581955282206 77.7763321058487 84.484421527208 89.5178683060867 0 80.1981246673348
94.4191218181468 94.3394071838891 94.1999129415837 93.3387718133212 93.3947608622636 92.9023561745482 90.4010759035774 88.9312242752465 87.1681552514805 89.0597573502655 89.0851375327351 86.153049380204 87.0403330855905 83.5273151766891 82.0267303635693 86.5708922372236 80.1981246673348 0
