0 90.5519718322545 83.6964506811521 84.7200415290772 89.4581541272363 91.0865897887802 87.3704637378406 89.0529101556853 89.3647246834737 88.1050406143326 91.8470257065371 91.8571848854871 90.1659193700637 90.5046397854145 91.6135953557528 91.4829158047398 91.455991248798 91.5446471310445
90.5519718322545 0 87.4529607465446 88.643856752477 81.0463367021322 78.9021373091748 88.0706757264335 86.223500547626 87.0679967752654 91.2655986656792 86.625354376404 86.8761978059386 91.6654779174534 91.0365710695442 89.3700534733419 90.3185160559075 92.8345892049893 93.2569670916819
83.6964506811521 87.4529607465446 0 73.323798167022 84.078082569899 87.1173645378571 78.8881820376979 82.3145853849151 83.008762596686 84.1427215355371 87.5667848786407 87.5713535923542 86.4967004156867 86.3960265771433 87.2934227554054 87.3316138697822 88.6351974240565 89.0402807229033
84.7200415290772 88.643856752477 73.323798167022 0 85.1569646309269 87.9123449149465 76.0136740172139 82.0413894100142 82.2830225790305 81.1963957883817 87.467756950631 87.4219181780594 84.4786527265116 84.5833799565528 86.4354204256263 86.1518222360971 87.0730889773173 87.5186760113139
89.4581541272363 81.0463367021322 84.078082569899 85.1569646309269 0 76.6136007973246 83.4206154648313 79.3002428506583 81.0505757896518 88.3245220966473 81.9745296711912 82.2787262194362 88.6771193397745 87.7348895485676 85.4164682239697 86.7365991732866 90.2604578063016 90.8348134942582
91.0865897887802 78.9021373091748 87.1173645378571 87.9123449149465 76.6136007973246 0 86.5376151333289 83.4181597425046 84.3517426338573 90.1847606320644 82.1654959184623 82.6017133826353 90.2559415772949 89.3456530853151 86.6790148661262 88.0908247429846 91.5093368986618 92.0434771476614
87.3704637378406 88.0706757264335 78.8881820376979 76.0136740172139 83.4206154648313 86.5376151333289 0 77.0711757029314 76.8092101824516 81.0569647585494 84.9728254291781 84.875578299347 82.8277727138597 82.0154368322127 83.3588019416995 83.2093361878076 85.9209243186067 86.6651593739543
89.0529101556853 86.223500547626 82.3145853849151 82.0413894100142 79.3002428506583 83.4181597425046 77.0711757029314 0 66.9639370490137 84.9101939785263 80.8422827729218 80.788610269172 85.0856424829035 83.6150544197642 81.1881938127257 82.5420156066597 87.3699604501544 88.1617308478886
89.3647246834737 87.0679967752654 83.008762596686 82.2830225790305 81.0505757896518 84.3517426338573 76.8092101824516 66.9639370490137 0 84.2847854261674 80.6792333700066 80.5098229277861 84.1265398631172 82.3358293114501 79.5765657369386 80.9822487981031 86.5828917856922 87.467756950631
88.1050406143326 91.2655986656792 84.1427215355371 81.1963957883817 88.3245220966473 90.1847606320644 81.0569647585494 84.9101939785263 84.2847854261674 0 88.4105671779064 88.2720800362337 77.0178873678807 79.8486963796393 85.7127975960859 84.2533664936234 81.5688736899187 82.0323684124072
91.8470257065371 86.625354376404 87.5667848786407 87.467756950631 81.9745296711912 82.1654959184623 84.9728254291781 80.8422827729218 80.6792333700066 88.4105671779064 0 56.9639370490136 87.6084307968543 86.0393941818496 79.9360690089101 83.091775616211 88.9153198341236 89.688561254179
91.8571848854871 86.8761978059386 87.5713535923542 87.4219181780594 82.2787262194362 82.6017133826353 84.875578299347 80.788610269172 80.5098229277861 88.2720800362337 56.9639370490136 0 87.4061439249691 85.7849113793878 79.3255293548103 82.6810253671005 88.7197799126989 89.5115544543881
90.1659193700637 91.6654779174534 86.4967004156867 84.4786527265116 88.6771193397745 90.2559415772949 82.8277727138597 85.0856424829035 84.1265398631172 77.0178873678807 87.6084307968543 87.4061439249691 0 72.4653777647644 83.6374315845816 81.0364517358727 75.5023103592122 77.7917907521781
90.5046397854145 91.0365710695442 86.3960265771433 84.5833799565528 87.7348895485676 89.3456530853151 82.0154368322127 83.6150544197642 82.3358293114501 79.8486963796393 86.0393941818496 85.7849113793878 72.4653777647644 0 80.8378353124009 77.0178873678807 78.3784347830183 80.6036491731274
91.6135953557528 89.3700534733419 87.2934227554054 86.4354204256263 85.4164682239697 86.6790148661262 83.3588019416995 81.1881938127257 79.5765657369386 85.7127975960859 79.9360690089101 79.3255293548103 83.6374315845816 80.8378353124009 0 72.9023336598264 85.2408599357581 86.4116609236123
91.4829158047398 90.3185160559075 87.3316138697822 86.1518222360971 86.7365991732866 88.0908247429846 83.2093361878076 82.5420156066597 80.9822487981031 84.2533664936234 83.091775616211 82.6810253671005 81.0364517358727 77.0178873678807 72.9023336598264 0 82.8550516930196 84.3684800040496
91.455991248798 92.8345892049893 88.6351974240565 87.0730889773173 90.2604578063016 91.5093368986618 85.9209243186067 87.3699604501544 86.5828917856922 81.5688736899187 88.9153198341236 88.7197799126989 75.5023103592122 78.3784347830183 85.2408599357581 82.8550516930196 0 68.4625663461481
91.5446471310445 93.2569670916819 89.0402807229033 87.5186760113139 90.8348134942582 92.0434771476614 86.6651593739543 88.1617308478886 87.467756950631 82.0323684124072 89.688561254179 89.5115544543881 77.7917907521781 80.6036491731274 86.4116609236123 84.3684800040496 68.4625663461481 0
