0 79.5943768821453 88.4081222350343 87.6726240401613 86.0434222651364 88.0941738426833 92.2867022452208 88.6148957965558 89.5997044166598 91.3128182576868 90.1328737162514 91.4575637966244 92.7859552124226 93.2928102922609 92.2962581082474 90.7325598138784 91.1705069362443 94.0253517422448
79.5943768821453 0 85.4535216572886 83.9968508302003 80.5098229277861 84.1114246562642 90.0527811932338 86.5075683494469 87.6782050245506 88.7429076482031 87.534585487714 88.9298435901867 90.6397929534159 91.2856097434395 90.0351895419979 88.8562527443622 89.5407227977055 92.1968483408815
88.4081222350343 85.4535216572886 0 71.9124372658146 83.8879993973499 84.9383437488801 85.4164682239697 90.1633214488167 90.6798006449832 87.2272264362371 88.8446780766298 87.2628453983262 87.7112824730647 88.3192387985912 88.3066998898841 90.9953518249015 91.693328996376 89.8313078103008
87.6726240401613 83.9968508302003 71.9124372658146 0 81.3769599159453 82.8354320315571 85.2279248708898 89.0301722270237 89.6204621493913 86.1350517739506 87.6055057704966 86.2196361444474 87.2088284273907 87.9607434601061 87.4948887721995 89.9999028408687 90.7750878561122 89.4888264938635
86.0434222651364 80.5098229277861 83.8879993973499 81.3769599159453 0 74.8349979793794 87.1017859644811 84.4341688235299 85.5203156085176 84.484421527208 83.3573297187371 84.7904545651168 87.5355170010104 88.47226868458 86.5073259632465 86.4088169586458 87.4995229711462 89.6385877643063
88.0941738426833 84.1114246562642 84.9383437488801 82.8354320315571 74.8349979793794 0 85.7376505077114 83.8681130724119 84.604502619282 81.1510920176696 80.2272195133381 81.6326132525547 85.6668565158302 86.8428331489911 83.9955074532308 85.0165990989261 86.3616248035471 88.103370572082
92.2867022452208 90.0527811932338 85.4164682239697 85.2279248708898 87.1017859644811 85.7376505077114 0 90.5456658670192 90.6214445520383 82.4692779150087 87.6143548233778 82.0827706588024 77.3530305268171 78.0529683256868 82.2067020565159 90.2685189961453 90.9994315893368 82.2531040517902
88.6148957965558 86.5075683494469 90.1633214488167 89.0301722270237 84.4341688235299 83.8681130724119 90.5456658670192 0 70.2120783618827 86.7707867926468 80.7891876618635 87.0764687502886 89.8622660858354 90.5854618654322 88.0584724634034 77.8431925711712 79.3002428506583 91.0365710695442
89.5997044166598 87.6782050245506 90.6798006449832 89.6204621493913 85.5203156085176 84.604502619282 90.6214445520383 70.2120783618827 0 86.6365878646641 80.2119042252309 86.9376149688572 89.7543293196242 90.4632421496835 87.7998589768893 73.6150544197642 75.5436069592008 90.8117781530726
91.3128182576868 88.7429076482031 87.2272264362371 86.1350517739506 84.484421527208 81.1510920176696 82.4692779150087 86.7707867926468 86.6365878646641 0 81.0131621539971 57.9330371790942 79.3909509535061 81.6065963893544 72.9188407928779 85.8130823708552 86.9693623399366 83.1990142701287
90.1328737162514 87.534585487714 88.8446780766298 87.6055057704966 83.3573297187371 80.2272195133381 87.6143548233778 80.7891876618635 80.2119042252309 81.0131621539971 0 81.5746234106287 86.2325041385106 87.2780992032773 83.1600871064417 78.7966354858417 81.3534957792362 87.8508262500122
91.4575637966244 88.9298435901867 87.2628453983262 86.2196361444474 84.7904545651168 81.6326132525547 82.0827706588024 87.0764687502886 86.9376149688572 57.9330371790942 81.5746234106287 0 78.6349275818959 81.0208149157414 71.5821039028135 86.1167332953762 87.2272264362371 82.7273505510716
92.7859552124226 90.6397929534159 87.7112824730647 87.2088284273907 87.5355170010104 85.6668565158302 77.3530305268171 89.8622660858354 89.7543293196242 79.3909509535061 86.2325041385106 78.6349275818959 0 68.9591974287287 76.625354376404 89.0924689484848 89.8588766292185 76.8034820169436
93.2928102922609 91.2856097434395 88.3192387985912 87.9607434601061 88.47226868458 86.8428331489911 78.0529683256868 90.5854618654322 90.4632421496835 81.6065963893544 87.2780992032773 81.0208149157414 68.9591974287287 0 79.1088446311559 89.8097731492919 90.4992526397913 73.9968508302003
92.2962581082474 90.0351895419979 88.3066998898841 87.4948887721995 86.5073259632465 83.9955074532308 82.2067020565159 88.0584724634034 87.7998589768893 72.9188407928779 83.1600871064417 71.5821039028135 76.625354376404 79.1088446311559 0 86.8226906220976 87.7723981893458 80.3366898316823
90.7325598138784 88.8562527443622 90.9953518249015 89.9999028408687 86.4088169586458 85.0165990989261 90.2685189961453 77.8431925711712 73.6150544197642 85.8130823708552 78.7966354858417 86.1167332953762 89.0924689484848 89.8097731492919 86.8226906220976 0 69.6168449287666 90.0243657800224
91.1705069362443 89.5407227977055 91.693328996376 90.7750878561122 87.4995229711462 86.3616248035471 90.9994315893368 79.3002428506583 75.5436069592008 86.9693623399366 81.3534957792362 87.2272264362371 89.8588766292185 90.4992526397913 87.7723981893458 69.6168449287666 0 90.6272325542047
94.0253517422448 92.1968483408815 89.8313078103008 89.4888264938635 89.6385877643063 88.103370572082 82.2531040517902 91.0365710695442 90.8117781530726 83.1990142701287 87.8508262500122 82.7273505510716 76.8034820169436 73.9968508302003 80.3366898316823 90.0243657800224 90.6272325542047 0
