0 87.3072129938656 84.0075874112409 88.2584189716943 87.0933632809799 91.4712464936647 89.6520623687111 86.8374105331136 88.2688829342483 88.8398492236681 89.0112398515747 90.0726235593404 92.3444798245888 91.8257614708497 91.5127665924628 91.9884434651574 92.9674028621278 92.1027689051246
87.3072129938656 0 77.6457956664753 78.6223132959149 83.6291168545625 85.2008033373247 84.7360154659854 87.8980903390589 87.5944545064845 90.971043416746 90.8324923408609 89.9894565622684 89.7982251997963 91.2209091826396 92.7571990865662 91.7702828119897 91.6951556819209 92.3273115656395
84.0075874112409 77.6457956664753 0 80.8110544783965 81.9745296711912 87.0877703175208 85.1083863195425 85.9047711544236 86.1821018921153 89.4705762436461 89.3794018549791 88.9604452676515 89.9045463744186 90.607570595171 91.7365970032622 91.0851237205087 91.4331901614411 91.5582389019822
88.2584189716943 78.6223132959149 80.8110544783965 0 78.9642297145514 81.3648277508265 78.820820483758 85.8605133587151 84.7761036398105 89.6038463758268 89.3556800907944 87.7834368179826 86.9908565810489 89.1084015061976 91.3989138270995 89.8621025911719 89.5598758378731 90.6305009104019
87.0933632809799 83.6291168545625 81.9745296711912 78.9642297145514 0 84.631071936137 78.0623087472316 80.657217748668 78.9021373091748 86.5828917856921 86.2325041385106 84.2967105963678 85.741351112779 86.6813329578914 89.1017700423667 87.5117761452611 87.8718063285063 88.3572170605267
91.4712464936647 85.2008033373247 87.0877703175208 81.3648277508265 84.631071936137 0 80.0867687069284 88.5271565534808 87.0312784400058 91.1738751796073 90.8764191633563 88.7716451877599 84.9796890336395 89.1368559739217 92.1965799707879 90.0287234574536 88.7089505003506 90.9627253992363
89.6520623687111 84.7360154659854 85.1083863195425 78.820820483758 78.0623087472316 80.0867687069284 0 84.4224890007509 81.8635080299547 88.3459092057422 87.9439552372661 85.1097422091168 82.7273505510716 86.3071171174784 89.8968245139921 87.4269372455433 86.62718938529 88.5537642693147
86.8374105331136 87.8980903390589 85.9047711544236 85.8605133587151 80.657217748668 88.5271565534808 84.4224890007509 0 74.4676956830612 80.5423307639375 79.9835692488053 79.941542160005 86.804707388042 84.6349504592891 85.5248783329001 85.0561662659079 87.1744844455416 85.5513644245905
88.2688829342483 87.5944545064845 86.1821018921153 84.7761036398105 78.9021373091748 87.0312784400058 81.8635080299547 74.4676956830612 0 82.764629276264 82.0052461083682 77.7493074068856 84.4370070029192 82.8100758107315 85.9415820941298 83.795925990661 85.3978222783945 84.877334088665
88.8398492236681 90.971043416746 89.4705762436461 89.6038463758268 86.5828917856921 91.1738751796073 88.3459092057422 80.5423307639375 82.764629276264 0 63.9536370923738 80.8554062692863 88.6327716885962 84.484421527208 79.9742370056535 83.8688715373181 87.5576776396732 83.1155436921792
89.0112398515747 90.8324923408609 89.3794018549791 89.3556800907944 86.2325041385106 90.8764191633563 87.9439552372661 79.9835692488053 82.0052461083682 63.9536370923738 0 79.5279760664029 88.1200838089473 83.6477962159136 79.6356543330438 83.0257719744558 86.9747808619358 82.3326765383033
90.0726235593404 89.9894565622684 88.9604452676515 87.7834368179826 84.2967105963678 88.7716451877599 85.1097422091168 79.941542160005 77.7493074068856 80.8554062692863 79.5279760664029 0 84.09464030757 77.1744180196641 82.4660883333523 78.103370572082 82.7355682444726 79.8392916305066
92.3444798245888 89.7982251997963 89.9045463744186 86.9908565810489 85.741351112779 84.9796890336395 82.7273505510716 86.804707388042 84.4370070029192 88.6327716885962 88.1200838089473 84.09464030757 0 82.3985187485267 88.7781770101838 84.2434141444616 79.7114486095149 86.0963734095586
91.8257614708497 91.2209091826396 90.607570595171 89.1084015061976 86.6813329578914 89.1368559739217 86.3071171174784 84.6349504592891 82.8100758107315 84.484421527208 83.6477962159136 77.1744180196641 82.3985187485267 0 83.2478263495168 70.0415287163668 77.0711757029314 76.9312422033652
91.5127665924628 92.7571990865662 91.7365970032622 91.3989138270995 89.1017700423667 92.1965799707879 89.8968245139921 85.5248783329001 85.9415820941298 79.9742370056535 79.6356543330438 82.4660883333523 88.7781770101838 83.2478263495168 0 81.4407199810183 86.440724448383 78.4944597996847
91.9884434651574 91.7702828119897 91.0851237205087 89.8621025911719 87.5117761452611 90.0287234574536 87.4269372455433 85.0561662659079 83.795925990661 83.8688715373181 83.0257719744558 78.103370572082 84.2434141444616 70.0415287163668 81.4407199810183 0 79.2954336200906 71.7679634466779
92.9674028621278 91.6951556819209 91.4331901614411 89.5598758378731 87.8718063285063 88.7089505003506 86.62718938529 87.1744844455416 85.3978222783945 87.5576776396732 86.9747808619358 82.7355682444726 79.7114486095149 77.0711757029314 86.440724448383 79.2954336200906 0 82.0861101013499
92.1027689051246 92.3273115656395 91.5582389019822 90.6305009104019 88.3572170605267 90.9627253992363 88.5537642693147 85.5513644245905 84.877334088665 83.1155436921792 82.3326765383033 79.8392916305066 86.0963734095586 76.9312422033652 78.4944597996847 71.7679634466779 82.0861101013499 0
