0 81.6157596973502 84.4399969767003 85.7025752639942 88.6157827684518 88.8122703883472 89.8333718989014 90.1990362311678 92.1441384770285 91.9625254725383 92.8981823660717 92.6488877209461 93.6790272039101 93.8421370340573 93.6370654019633 93.8924062417859 94.7847198843212 94.85308799662
81.6157596973502 0 76.2598516062568 84.984829627831 85.0930706154422 86.3021788647141 89.5341193832037 87.3976925689538 89.5394485056974 90.3744527455912 90.7153312568829 91.1232903445547 91.9611514490137 92.0831047186325 92.1300392229488 92.9838819139968 93.6821101344627 93.5469135520955
84.4399969767003 76.2598516062568 0 83.0288636822094 81.195860335674 83.1679005025265 88.1294785637473 84.5832154332189 87.5972706385311 88.5127394962013 88.9628594842768 89.4147433098681 90.4123779990031 90.5687981420095 90.6080397730269 91.700631133143 92.4432217006488 92.270716032322
85.7025752639942 84.984829627831 83.0288636822094 0 83.3588019416995 81.3213554281824 81.8810549507213 85.2640691977002 89.0444218243303 86.7050689164356 89.5579759915815 87.9463418790977 90.1010277955709 90.4649628778786 89.7092930410629 89.639095626988 91.1948133676901 91.5047597563245
88.6157827684518 85.0930706154422 81.195860335674 83.3588019416995 0 74.8597009367156 86.3902173587608 74.8149087723991 83.0213234315196 83.9968412624081 84.7168999380916 85.331601539428 86.737743107132 87.0125223952169 87.0435461869806 89.0330866393053 89.7558101526659 89.4313841462521
88.8122703883472 86.3021788647141 83.1679005025265 81.3213554281824 74.8597009367156 0 83.7896353047973 76.706750637792 84.5775764649058 81.8810549507213 85.303372492433 83.8213544350363 86.4330382206346 86.9007912344361 86.2325041385106 87.6327844803114 88.8756516062992 88.8570623033096
89.8333718989014 89.5341193832037 88.1294785637473 81.8810549507213 86.3902173587608 83.7896353047973 0 86.5868659471118 89.7612310181957 84.769775322722 89.5989720055825 86.0571986384127 89.2428040951504 89.7799514872702 88.2264560362032 86.412224658374 89.1276275659359 90.0308673275794
90.1990362311678 87.3976925689538 84.5832154332189 85.2640691977002 74.8149087723991 76.706750637792 86.5868659471118 0 80.0814756595712 81.3176021151403 81.6251957531956 82.7760355725621 84.2009591513409 84.5714274764338 84.7254986332328 87.7239661854775 88.2293095695683 87.6964811034795
92.1441384770285 89.5394485056974 87.5972706385311 89.0444218243303 83.0213234315196 84.5775764649058 89.7612310181957 80.0814756595712 0 84.4651623168477 74.9227372224544 84.5549470876843 82.4137356062528 82.0000531631377 84.5850934634402 88.9374319318853 88.3287645450219 86.9472716031832
91.9625254725383 90.3744527455912 88.5127394962013 86.7050689164356 83.9968412624081 81.8810549507213 84.769775322722 81.3176021151403 84.4651623168477 0 82.9845369622933 70.4372372021832 81.3387781351514 82.6220001917836 79.1189908313318 82.0727368965748 83.7331583043885 84.0631320579485
92.8981823660717 90.7153312568829 88.9628594842768 89.5579759915815 84.7168999380916 85.303372492433 89.5989720055825 81.6251957531956 74.9227372224544 82.9845369622933 0 82.4570356382086 77.7882617331049 76.9218068495333 81.561630208681 87.5339378581434 86.4050608189035 84.4754658673104
92.6488877209461 91.1232903445547 89.4147433098681 87.9463418790977 85.331601539428 83.8213544350363 86.0571986384127 82.7760355725621 84.5549470876843 70.4372372021832 82.4570356382086 0 79.2436291718099 80.9548740198323 75.289026176076 80.9865508735604 81.8211513138294 82.0352942305665
93.6790272039101 91.9611514490137 90.4123779990031 90.1010277955709 86.737743107132 86.4330382206346 89.2428040951504 84.2009591513409 82.4137356062528 81.3387781351514 77.7882617331049 79.2436291718099 0 66.2581263061566 74.0253752875723 84.8749694710395 82.4690510620312 79.1453517305904
93.8421370340573 92.0831047186325 90.5687981420095 90.4649628778786 87.0125223952169 86.9007912344361 89.7799514872702 84.5714274764338 82.0000531631377 82.6220001917836 76.9218068495333 80.9548740198323 66.2581263061566 0 76.8967852356542 85.7937121213652 83.3674029441841 79.8920337031866
93.6370654019633 92.1300392229488 90.6080397730269 89.7092930410629 87.0435461869806 86.2325041385106 88.2264560362032 84.7254986332328 84.5850934634402 79.1189908313318 81.561630208681 75.289026176076 74.0253752875723 76.8967852356542 0 81.9401435468265 79.2684262627964 77.186866237554
93.8924062417859 92.9838819139968 91.700631133143 89.639095626988 89.0330866393053 87.6327844803114 86.412224658374 87.7239661854775 88.9374319318853 82.0727368965748 87.5339378581434 80.9865508735604 84.8749694710395 85.7937121213652 81.9401435468265 0 78.9090804678383 83.0288010751778
94.7847198843212 93.6821101344627 92.4432217006488 91.1948133676901 89.7558101526659 88.8756516062992 89.1276275659359 88.2293095695683 88.3287645450219 83.7331583043885 86.4050608189035 81.8211513138294 82.4690510620312 83.3674029441841 79.2684262627964 78.9090804678383 0 75.9217984254729
94.85308799662 93.5469135520955 92.270716032322 91.5047597563245 89.4313841462521 88.8570623033096 90.0308673275794 87.6964811034795 86.9472716031832 84.0631320579485 84.4754658673104 82.0352942305665 79.1453517305904 79.8920337031866 77.186866237554 83.0288010751778 75.9217984254729 0
