0 85.1061551831212 83.5337794626564 88.123251843863 89.9622774554722 90.6077478553835 91.9183396580509 93.1595657132219 92.6902891506852 92.546636550751 93.3567707361815 94.2888798422065 93.2826851030409 93.3494406804352 93.4827717624266 93.5990859567205 94.3271143433303 95.9964815321129
85.1061551831212 0 77.7647878994723 81.9504880014648 85.5027163128688 85.6238550502764 87.2096954391257 89.3523649270306 89.9047396501542 91.1274292095547 90.6038153464986 91.1450597175707 91.9387686427808 91.5597464763509 92.2712913744002 92.1296212887 92.2134127094473 93.5069059996893
83.5337794626564 77.7647878994723 0 80.4078597858648 84.4439507783815 85.5266933956535 87.8264086895395 89.6977475131511 89.178079427437 89.7571837034398 90.0989182898492 91.3165242255825 90.7414938460284 90.5366135954557 91.0837487733625 91.0505757896518 91.6065963893544 93.6337942323103
88.123251843863 81.9504880014648 80.4078597858648 0 76.2478469090923 78.6148957965558 83.4740332530654 86.1843372042797 85.54930902471 87.6253319777206 86.7923005771085 88.4387321858366 88.7609139466859 88.0916622600674 89.2612363825511 88.9738092406453 89.0764777251924 91.5093368986618
89.9622774554722 85.5027163128688 84.4439507783815 76.2478469090923 0 73.7243469742894 81.5313920024931 84.0311148723812 81.9165913005574 85.7155919429837 83.7427020165579 86.5075683494469 86.9693623399366 85.8313609186378 87.6169325975649 87.0874994847301 86.8399106161051 90.1233557665381
90.6077478553835 85.6238550502764 85.5266933956535 78.6148957965558 73.7243469742894 0 77.0861002321404 81.5171014879465 82.4692779150087 87.1933731458827 83.6150544197642 85.0628528311533 88.132131184489 86.8461811729156 88.7185262004041 88.0975203616846 87.0679967752654 89.2945330399795
91.9183396580509 87.2096954391257 87.8264086895395 83.4740332530654 81.5313920024931 77.0861002321404 0 76.2196361444474 83.9944699166292 88.9163011931633 84.0754240904917 82.4784370287424 89.5214849154441 88.1593677226751 90.027114860058 89.3350596997972 87.4765043007891 87.7730450423369
93.1595657132219 89.3523649270306 89.6977475131511 86.1843372042797 84.0311148723812 81.5171014879465 76.2196361444474 0 83.1723739917678 88.8674248794871 82.2681943860731 76.706750637792 89.2511478917976 87.6246878053361 89.7543293196242 88.8972450802817 86.036581716804 85.1113742671769
92.6902891506852 89.9047396501542 89.178079427437 85.54930902471 81.9165913005574 82.4692779150087 83.9944699166292 83.1723739917678 0 82.6046768387851 71.7711908388985 83.7158841368398 83.2936499523684 79.8531331056309 84.2732765483539 82.6751998198568 79.5765657369386 87.5253596696042
92.546636550751 91.1274292095547 89.7571837034398 87.6253319777206 85.7155919429837 87.1933731458827 88.9163011931633 88.8674248794871 82.6046768387851 0 84.2413823573747 89.128880154916 71.4954374289543 76.1020755728508 74.1297201781195 75.0930706154422 83.5630990497122 90.9994315893368
93.3567707361815 90.6038153464986 90.0989182898492 86.7923005771085 83.7427020165579 83.6150544197642 84.0754240904917 82.2681943860731 71.7711908388985 84.2413823573747 0 81.8333385321402 84.4458522403419 81.1676208475889 85.2517240136129 83.622091328923 77.7285209261352 86.0232443839309
94.2888798422065 91.1450597175707 91.3165242255825 88.4387321858366 86.5075683494469 85.0628528311533 82.4784370287424 76.706750637792 83.7158841368398 89.128880154916 81.8333385321402 0 89.2428040951504 87.4851438057317 89.7020490430077 88.727524916958 84.830813791171 81.0705062634393
93.2826851030409 91.9387686427808 90.7414938460284 88.7609139466859 86.9693623399366 88.132131184489 89.5214849154441 89.2511478917976 83.2936499523684 71.4954374289543 84.4458522403419 89.2428040951504 0 74.5723298653465 65.0930706154422 68.1263238110666 82.7164480740851 90.8192370603237
93.3494406804352 91.5597464763509 90.5366135954557 88.0916622600674 85.8313609186378 86.8461811729156 88.1593677226751 87.6246878053361 79.8531331056309 76.1020755728508 81.1676208475889 87.4851438057317 74.5723298653465 0 76.7564698208799 71.5879170280032 78.8108513571896 89.4005173154006
93.4827717624266 92.2712913744002 91.0837487733625 89.2612363825511 87.6169325975649 88.7185262004041 90.027114860058 89.7543293196242 84.2732765483539 74.1297201781195 85.2517240136129 89.7020490430077 65.0930706154422 76.7564698208799 0 70.7203504819036 83.405709137884 91.1241030452909
93.5990859567205 92.1296212887 91.0505757896518 88.9738092406453 87.0874994847301 88.0975203616846 89.3350596997972 88.8972450802817 82.6751998198568 75.0930706154422 83.622091328923 88.727524916958 68.1263238110666 71.5879170280032 70.7203504819036 0 81.1136705287218 90.2528274474093
94.3271143433303 92.2134127094473 91.6065963893544 89.0764777251924 86.8399106161051 87.0679967752654 87.4765043007891 86.036581716804 79.5765657369386 83.5630990497122 77.7285209261352 84.830813791171 82.7164480740851 78.8108513571896 83.405709137884 81.1136705287218 0 86.5376151333289
95.9964815321129 93.5069059996893 93.6337942323103 91.5093368986618 90.1233557665381 89.2945330399795 87.7730450423369 85.1113742671769 87.5253596696042 90.9994315893368 86.0232443839309 81.0705062634393 90.8192370603237 89.4005173154006 91.1241030452909 90.2528274474093 86.5376151333289 0
