0 76.5662657802988 86.3303309311581 89.9333298446319 92.0844407010529 90.7369995596956 91.5288031724079 94.0712440571984 92.6600167244819 93.0064676550936 92.5868656935784 94.1516518701865 92.4108172720404 92.8959667191546 93.2834453116058 93.356061834751 94.3669716838257 94.0105889035589
76.5662657802988 0 82.9188992672694 88.6148957965558 90.9865508735604 88.8707549940815 89.853598730356 93.1574795141574 91.2892206728703 91.7423818124012 91.1506779898492 93.1762193267035 90.8913461286801 91.4579495789759 91.9321960782572 92.0208621231356 93.3031641705524 92.8413272421323
86.3303309311581 82.9188992672694 0 86.6323912855628 88.8644512266057 82.9436298012717 84.8517420159795 91.2135696816211 87.6689334133668 88.5626155199393 87.1809971370733 90.9822487981031 86.4930717190664 87.3955942510882 88.2032697249812 88.3564292247297 90.7013302325281 89.8402750501759
89.9333298446319 88.6148957965558 86.6323912855628 0 79.0724707021626 86.3152293981705 86.5543600837494 85.8005514005498 85.7563298690626 85.4304003347848 86.8417165672086 86.3740794860693 88.3477535852317 89.8352332562048 88.8228983685733 88.7723611954805 87.9399803377578 88.170498810619
92.0844407010529 90.9865508735604 88.8644512266057 79.0724707021626 0 86.9257690522703 86.5700208584556 80.4372372021832 84.0161576060675 82.6459542896836 85.8415162187485 81.7423818124012 88.0706757264335 89.6462054256599 87.9994087697801 87.8594558778782 85.0561662659079 86.1033994395945
90.7369995596956 88.8707549940815 82.9436298012717 86.3152293981705 86.9257690522703 0 70.8977706652689 88.7859429613949 81.3096260893556 83.555965823659 79.2684262627964 88.0402758330119 77.4947214838478 81.0335945566031 81.3887347396581 81.6951556819209 86.7651075126181 84.9296803811179
91.5288031724079 89.853598730356 84.8517420159795 86.5543600837494 86.5700208584556 70.8977706652689 0 88.0863177379593 78.7627252758828 81.8073549122197 75.204151349866 87.1381649490752 74.0744408020998 79.7939178410233 78.5890666497862 78.9264145330081 85.3941420141436 83.0559190929227
94.0712440571984 93.1574795141574 91.2135696816211 85.8005514005498 80.4372372021832 88.7859429613949 88.0863177379593 0 84.7544879428325 82.6751998198568 86.593546419187 72.5269620566865 88.8986615628356 90.2272956583012 88.2032697249813 87.9831253858179 82.0827706588024 84.875578299347
92.6600167244819 91.2892206728703 87.6689334133668 85.7563298690626 84.0161576060675 81.3096260893556 78.7627252758828 84.7544879428325 0 71.4741215705682 72.2787262194362 83.0838239298534 80.4857622301273 83.6964506811521 79.3443980803016 78.9298435901867 80.2119042252309 77.2169957016613
93.0064676550936 91.7423818124012 88.5626155199393 85.4304003347848 82.6459542896836 83.555965823659 81.8073549122197 82.6751998198568 71.4741215705682 0 77.8007545217567 80.4372372021832 83.0838239298534 85.5160989963473 81.8529679016913 81.4510002480644 77.627196302634 76.8428331489911
92.5868656935784 91.1506779898492 87.1809971370733 86.8417165672086 85.8415162187485 79.2684262627964 75.204151349866 86.593546419187 72.2787262194362 77.8007545217567 0 85.2003092693599 76.2581263061566 80.9822487981031 75.0930706154422 74.7635075614827 82.3073716170739 78.5475619699661
94.1516518701865 93.1762193267035 90.9822487981031 86.3740794860693 81.7423818124012 88.0402758330119 87.1381649490752 72.5269620566865 83.0838239298534 80.4372372021832 85.2003092693599 0 87.8461841608603 89.2684262627964 86.8861574238521 86.6136007973246 78.5776170713634 82.6017133826353
92.4108172720404 90.8913461286801 86.4930717190664 88.3477535852317 88.0706757264335 77.4947214838478 74.0744408020998 88.8986615628356 80.4857622301273 83.0838239298534 76.2581263061566 87.8461841608603 0 74.0608757462916 73.9536370923738 75.042668369047 85.5447953106515 82.6810253671005
92.8959667191546 91.4579495789759 87.3955942510882 89.8352332562048 89.6462054256599 81.0335945566031 79.7939178410233 90.2272956583012 83.6964506811521 85.5160989963473 80.9822487981031 89.2684262627964 74.0608757462916 0 77.3082160992677 78.1860958317419 87.0711757029314 84.5700464329907
93.2834453116058 91.9321960782572 88.2032697249812 88.8228983685733 87.9994087697801 81.3887347396581 78.5890666497862 88.2032697249813 79.3443980803016 81.8529679016913 75.0930706154422 86.8861574238521 73.9536370923738 77.3082160992677 0 57.9330371790942 83.6687149094864 79.6356543330438
93.356061834751 92.0208621231356 88.3564292247297 88.7723611954805 87.8594558778782 81.6951556819209 78.9264145330081 87.9831253858179 78.9298435901867 81.4510002480644 74.7635075614827 86.6136007973246 75.042668369047 78.1860958317419 57.9330371790942 0 83.2222041818708 78.9021373091748
94.3669716838257 93.3031641705524 90.7013302325281 87.9399803377578 85.0561662659079 86.7651075126181 85.3941420141436 82.0827706588024 80.2119042252309 77.627196302634 82.3073716170739 78.5776170713634 85.5447953106515 87.0711757029314 83.6687149094864 83.2222041818708 0 75.1757958751021
94.0105889035589 92.8413272421323 89.8402750501759 88.170498810619 86.1033994395945 84.9296803811179 83.0559190929227 84.875578299347 77.2169957016613 76.8428331489911 78.5475619699661 82.6017133826353 82.6810253671005 84.5700464329907 79.6356543330438 78.9021373091748 75.1757958751021 0
