0 74.3872598725851 90.8776994407101 90.6380353780681 91.1157579812105 93.9284767834523 94.2167603119448 94.3360713971968 93.8933258858926 94.0279140776271 94.4613002047043 95.3244031142845 95.1299265808422 95.8478044621352 96.323547749067 95.8583974808602 95.8604550374417 96.5844324043935
74.3872598725851 0 91.6977117515901 90.4752122067544 91.3104243514329 94.2041289401538 94.5432455399336 94.6732027707902 94.091524437265 94.1779208042287 94.4467866182246 95.5654414816611 95.0535697811597 96.0714834001264 96.5508960242448 95.841419374355 95.8358888194266 96.801327225864
90.8776994407101 91.6977117515901 0 89.2302953117019 86.1924886111327 86.9876152105985 86.6447806726892 86.6748926775459 88.0135656717772 88.7716451877599 91.0403950196392 89.3191408621516 92.3656625974938 90.2579967832772 90.9187073086657 92.6675288420756 92.7402909689791 91.3969581622675
90.6380353780681 90.4752122067544 89.2302953117019 0 80.0244007691894 87.7494114256519 88.9847314590875 89.3500427490681 86.6545999065771 86.3532473972054 85.8561750225041 90.1325480366474 87.3031982537424 90.9437714085026 91.8501491803079 89.1558514511934 89.1309779634904 92.2170190072913
91.1157579812105 91.3104243514329 86.1924886111327 80.0244007691894 0 83.8849219461969 85.5181048526833 86.0234906914335 82.9252693584215 83.1600871064417 85.1675938994461 87.6314894178654 87.4071021913438 88.7958492321864 89.9186100573624 88.6462901698851 88.6928840265354 90.4196346095776
93.9284767834523 94.2041289401538 86.9876152105985 87.7494114256519 83.8849219461969 0 72.5570171580838 74.8172353991213 73.2478263495168 77.1820324837105 84.6108426046559 78.7966354858417 87.0541944698827 81.8069354424815 84.0502702591676 86.801327225864 86.9893443983716 85.051850971542
94.2167603119448 94.5432455399336 86.6447806726892 88.9847314590875 85.5181048526833 72.5570171580838 0 62.0827706588024 78.8461887760664 81.0519303066317 86.4425292176898 77.8007545217567 88.4135689102503 80.9994315893368 83.091775616211 87.9710879147445 88.1516991383712 84.2437374437558
94.3360713971968 94.6732027707902 86.6748926775459 89.3500427490681 86.0234906914335 74.8172353991213 62.0827706588024 0 79.9850808185757 81.9234661641265 86.9063743099915 77.7738075181225 88.7651958006542 80.8378353124009 82.8100758107315 88.2745069501547 88.4530837874184 83.9968891722865
93.8933258858926 94.091524437265 88.0135656717772 86.6545999065771 82.9252693584215 73.2478263495168 78.8461887760664 79.9850808185757 0 68.60069649069 81.9001317614263 80.5050214404877 85.1362843532686 82.79025144391 84.9383437488801 85.1213743621328 85.3227101554703 85.7622738325969
94.0279140776271 94.1779208042287 88.7716451877599 86.3532473972054 83.1600871064417 77.1820324837105 81.0519303066317 81.9234661641265 68.60069649069 0 79.8026005337483 81.4687550427334 83.7347984662247 83.3059163443476 85.3401063397444 83.8446576248447 84.0608757462916 86.0621707455228
94.4613002047043 94.4467866182246 91.0403950196392 85.8561750225041 85.1675938994461 84.6108426046559 86.4425292176898 86.9063743099915 81.9001317614263 79.8026005337483 0 85.9081482372361 75.4129351836342 86.6218852417537 87.9246338836421 79.2976534674512 79.3255293548103 88.2969304657511
95.3244031142845 95.5654414816611 89.3191408621516 90.1325480366474 87.6314894178654 78.7966354858417 77.8007545217567 77.7738075181225 80.5050214404877 81.4687550427334 85.9081482372361 0 87.59539342008 71.1963957883817 77.2272264362371 86.3653649600743 86.6153351506708 79.26487356996
95.1299265808422 95.0535697811597 92.3656625974938 87.3031982537424 87.4071021913438 87.0541944698827 88.4135689102503 88.7651958006542 85.1362843532686 83.7347984662247 75.4129351836342 87.59539342008 0 87.9607434601061 88.9649146676036 76.5662657802988 76.0566541059515 89.1940637679811
95.8478044621352 96.0714834001264 90.2579967832772 90.9437714085026 88.7958492321864 81.8069354424815 80.9994315893368 80.8378353124009 82.79025144391 83.3059163443476 86.6218852417537 71.1963957883817 87.9607434601061 0 71.7711908388985 86.4198537193337 86.6787375747241 75.0550020020391
96.323547749067 96.5508960242448 90.9187073086657 91.8501491803079 89.9186100573624 84.0502702591676 83.091775616211 82.8100758107315 84.9383437488801 85.3401063397444 87.9246338836421 77.2272264362371 88.9649146676036 71.7711908388985 0 87.3975598292249 87.6319000755347 66.1311041258652
95.8583974808602 95.841419374355 92.6675288420756 89.1558514511934 88.6462901698851 86.801327225864 87.9710879147445 88.2745069501547 85.1213743621328 83.8446576248447 79.2976534674512 86.3653649600743 76.5662657802988 86.4198537193337 87.3975598292249 0 56.1375581301524 87.5437124971936
95.8604550374417 95.8358888194266 92.7402909689791 89.1309779634904 88.6928840265354 86.9893443983716 88.1516991383712 88.4530837874184 85.3227101554703 84.0608757462916 79.3255293548103 86.6153351506708 76.0566541059515 86.6787375747241 87.6319000755347 56.1375581301524 0 87.7738075181225
96.5844324043935 96.801327225864 91.3969581622675 92.2170190072913 90.4196346095776 85.051850971542 84.2437374437558 83.9968891722865 85.7622738325969 86.0621707455228 88.2969304657511 79.26487356996 89.1940637679811 75.0550020020391 66.1311041258652 87.5437124971936 87.7738075181225 0
