0 80.6607330446118 84.0502702591676 80.9865508735604 89.3800243655255 83.8489776416481 83.9209422467254 80.0708701724473 88.3666599593055 83.4960621867671 90.3410248902675 86.8628826862014 86.3653649600743 85.9415820941298 88.5962964327146 88.8600294164658 88.9949461517284 89.1558514511934
80.6607330446118 0 74.3279020717801 68.7966354858417 85.4673355948484 78.0454491247829 78.2993261327158 83.5273151766891 84.7922451010396 84.8118924275813 87.2840773906087 84.3139343989393 85.5160989963473 86.1494823545164 87.3955942510882 87.7579447585536 89.2684262627964 89.7975147868434
84.0502702591676 74.3279020717801 0 74.6168963459942 82.6459542896836 76.7820205776637 77.0711757029314 85.4164682239697 82.5269620566865 85.9744315024477 85.2698237358651 83.4499763303665 85.6562542463234 86.706750637792 87.0414148290211 87.4278223198297 89.546717201444 90.1990362311678
80.9865508735604 68.7966354858417 74.6168963459942 0 85.2970022018606 74.7668733242336 75.1097422091168 82.5269620566865 83.8146333429251 83.6150544197642 86.7696515306304 82.79025144391 84.1593214403875 84.9728254291781 86.3152293981705 86.7234255452211 88.447649622336 89.0617671974988
89.3800243655255 85.4673355948484 82.6459542896836 85.2970022018606 0 84.1315622906471 84.1613919743094 89.6385877643063 80.5050214404877 89.4906473078734 78.5776170713634 85.3915891308315 88.1233688184042 89.3756649167141 88.0899870643594 88.3838837368305 91.124514341644 91.8652783427072
83.8489776416481 78.0454491247829 76.7820205776637 74.7668733242336 84.1315622906471 0 47.9580468464765 83.0833851716725 80.5326391848275 82.9638006059769 84.897452428759 78.5946178411227 81.7866928542857 83.519390267987 83.9906347921978 84.5321991797927 87.2986316434137 88.1792027651617
83.9209422467254 78.2993261327158 77.0711757029314 75.1097422091168 84.1613919743094 47.9580468464765 0 83.0625479788191 80.4372372021832 82.8884805545587 84.8632678583311 78.3390605802349 81.6251957531956 83.408322943692 83.8525827295616 84.4025979941242 87.2169957016613 88.110880710061
80.0708701724473 83.5273151766891 85.4164682239697 82.5269620566865 89.6385877643063 83.0833851716725 83.0625479788191 0 87.4802850888848 74.3279020717801 89.8559233047754 84.4651623168477 82.099442252477 80.3534795727897 85.6282873808047 85.9128419997577 85.2198208476034 85.3962648299937
88.3666599593055 84.7922451010396 82.5269620566865 83.8146333429251 80.5050214404877 80.5326391848275 80.4372372021832 87.4802850888848 0 86.7239959740949 77.4947214838478 78.7608908822587 83.9536370923738 86.051467240859 83.4181597425046 83.9035863612807 88.2106092259997 89.2792700757186
83.4960621867671 84.8118924275813 85.9744315024477 83.6150544197642 89.4906473078734 82.9638006059769 82.8884805545587 74.3279020717801 86.7239959740949 0 89.2970716604341 82.7273505510716 78.3073021585004 74.3872598725851 83.2093361878076 83.519390267987 82.420100378145 82.9463689655499
90.3410248902675 87.2840773906087 85.2698237358651 86.7696515306304 78.5776170713634 84.897452428759 84.8632678583311 89.8559233047754 77.4947214838478 89.2970716604341 0 84.0075874112409 87.1882207608685 88.7205045218303 86.3340981236618 86.6121920331525 90.141437337436 91.0501520670485
86.8628826862014 84.3139343989393 83.4499763303665 82.79025144391 85.3915891308315 78.5946178411227 78.3390605802349 84.4651623168477 78.7608908822587 82.7273505510716 84.0075874112409 0 77.0178873678807 81.1676208475889 77.7647878994723 78.8362593497626 84.8118924275813 86.2810577195812
86.3653649600743 85.5160989963473 85.6562542463234 84.1593214403875 88.1233688184042 81.7866928542857 81.6251957531956 82.099442252477 83.9536370923738 78.3073021585004 87.1882207608685 77.0178873678807 0 73.0384872811603 76.1020755728508 76.9817371989344 80.8110544783965 82.8100758107315
85.9415820941298 86.1494823545164 86.706750637792 84.9728254291781 89.3756649167141 83.519390267987 83.408322943692 80.3534795727897 86.051467240859 74.3872598725851 88.7205045218303 81.1676208475889 73.0384872811603 0 79.8531331056309 80.1602577299479 78.922933573106 80.6047544631244
88.5962964327146 87.3955942510882 87.0414148290211 86.3152293981705 88.0899870643594 83.9906347921978 83.8525827295616 85.6282873808047 83.4181597425046 83.2093361878076 86.3340981236618 77.7647878994723 76.1020755728508 79.8531331056309 0 60.200011541455 81.2209091826396 83.622091328923
88.8600294164658 87.7579447585536 87.4278223198297 86.7234255452211 88.3838837368305 84.5321991797927 84.4025979941242 85.9128419997577 83.9035863612807 83.519390267987 86.6121920331525 78.8362593497626 76.9817371989344 80.1602577299479 60.200011541455 0 80.8457072819469 83.3660439892647
88.9949461517284 89.2684262627964 89.546717201444 88.447649622336 91.124514341644 87.2986316434137 87.2169957016613 85.2198208476034 88.2106092259997 82.420100378145 90.141437337436 84.8118924275813 80.8110544783965 78.922933573106 81.2209091826396 80.8457072819469 0 71.4741215705682
89.1558514511934 89.7975147868434 90.1990362311678 89.0617671974988 91.8652783427072 88.1792027651617 88.110880710061 85.3962648299937 89.2792700757186 82.9463689655499 91.0501520670485 86.2810577195812 82.8100758107315 80.6047544631244 83.622091328923 83.3660439892647 71.4741215705682 0
