0 82.5420156066597 83.185751252032 86.0178477447537 87.4454406823376 87.7593671230427 89.8715153788298 90.9193850103386 91.2004909747474 92.5904337711328 93.0835586227384 93.7935285195146 93.5547758127407 94.6985100690493 95.6269581565549 95.9478784336439 96.0818844582959 96.5044315166496
82.5420156066597 0 74.7907138030955 76.8316543916761 83.1391823978766 84.6595564074942 85.6562542463234 88.5626155199393 88.444562403568 90.9835398682664 90.5366135954557 91.2423423184952 91.8607099656506 92.9814523461355 93.9553739229585 94.2779108963815 94.4431993732937 95.3241700234064
83.185751252032 74.7907138030955 0 76.9830971373826 79.7969844604698 81.5356570429285 84.4767655008931 86.9029819472459 87.0185663985053 89.6844525187157 89.7494846130523 90.7705710124195 90.7973763910655 92.176952723197 93.3275661399448 93.7180539861623 93.8924062417859 94.6426110505509
86.0178477447537 76.8316543916761 76.9830971373826 0 80.1964580507305 82.8662232614152 81.9193804244781 86.804707388042 86.3000751699915 89.7657356159223 88.6148957965558 89.4116503312082 90.5755470009639 91.7060610771268 92.7491831017636 93.0911811706935 93.2808487480355 94.4351407256978
87.4454406823376 83.1391823978766 79.7969844604698 80.1964580507305 0 71.9124372658146 79.7170505944318 81.9124372658146 82.1259843966288 86.4785265372237 86.7956877693918 88.564291206675 87.9347740096789 89.8038042067191 91.3358915737989 91.859300877798 92.0720648060033 92.9114525623608
87.7593671230427 84.6595564074942 81.5356570429285 82.8662232614152 71.9124372658146 0 81.9089615194754 80.6047544631244 81.9401435468265 85.4024912752453 87.0849242308258 89.0526144643726 87.3152313572216 89.5408730144271 91.2375807763142 91.823319332061 92.0310541061325 92.5713700595608
89.8715153788298 85.6562542463234 84.4767655008931 81.9193804244781 79.7170505944318 81.9089615194754 0 82.3921913186054 79.8920337031866 86.6917490863679 83.2222041818708 85.0227564637734 87.2169957016613 88.4454462264174 89.8195101390914 90.282260634463 90.5432884768751 92.2675351167102
90.9193850103386 88.5626155199393 86.9029819472459 86.804707388042 81.9124372658146 80.6047544631244 82.3921913186054 0 73.6150544197642 79.0119174309222 83.4033961764943 86.8254655490009 81.9745296711912 85.7583020839002 88.3658738348 89.2403860230414 89.5071437666182 90.0692771132551
91.2004909747474 88.444562403568 87.0185663985053 86.3000751699915 82.1259843966288 81.9401435468265 79.8920337031866 73.6150544197642 0 81.5047597563245 80.4905850455247 84.8009324250766 82.4570356382086 85.2031743265556 87.657842677859 88.4857652542884 88.7928034996758 90.1162911451909
92.5904337711328 90.9835398682664 89.6844525187157 89.7657356159223 86.4785265372237 85.4024912752453 86.6917490863679 79.0119174309222 81.5047597563245 0 84.9659509602808 88.0359019844495 76.1677794707972 83.5482062324676 87.0933632809799 88.2669558583859 88.5109176660155 87.7738075181225
93.0835586227384 90.5366135954557 89.7494846130523 88.6148957965558 86.7956877693918 87.0849242308258 83.2222041818708 83.4033961764943 80.4905850455247 84.9659509602808 0 77.5590550019996 83.323798167022 82.7521808088525 84.4651623168476 85.1995071996299 85.6628632035097 89.1551959618225
93.7935285195146 91.2423423184952 90.7705710124195 89.4116503312082 88.564291206675 89.0526144643726 85.0227564637734 86.8254655490009 84.8009324250766 88.0359019844495 77.5590550019996 0 86.7087342627711 85.3287606235951 85.3164667219205 85.3555738781601 85.7749292329038 90.2632997942108
93.5547758127407 91.8607099656506 90.7973763910655 90.5755470009639 87.9347740096789 87.3152313572216 87.2169957016613 81.9745296711912 82.4570356382086 76.1677794707972 83.323798167022 86.7087342627711 0 78.7221225743903 84.2066957450215 85.8196477250749 86.1304300572654 85.7217818991216
94.6985100690493 92.9814523461355 92.176952723197 91.7060610771268 89.8038042067191 89.5408730144271 88.4454462264174 85.7583020839002 85.2031743265556 83.5482062324676 82.7521808088525 85.3287606235951 78.7221225743903 0 77.619188416262 80.7886102691719 81.3136159332918 83.516509398388
95.6269581565549 93.9553739229585 93.3275661399448 92.7491831017636 91.3358915737989 91.2375807763142 89.8195101390914 88.3658738348 87.657842677859 87.0933632809799 84.4651623168476 85.3164667219205 84.2066957450215 77.619188416262 0 70.7207060191742 72.1161464201958 83.555965823659
95.9478784336439 94.2779108963815 93.7180539861623 93.0911811706935 91.859300877798 91.823319332061 90.282260634463 89.2403860230414 88.4857652542884 88.2669558583859 85.1995071996299 85.3555738781601 85.8196477250749 80.7886102691719 70.7207060191742 0 59.9742370056535 84.6472762049337
96.0818844582959 94.4431993732937 93.8924062417859 93.2808487480355 92.0720648060033 92.0310541061325 90.5432884768751 89.5071437666182 88.7928034996758 88.5109176660155 85.6628632035097 85.7749292329038 86.1304300572654 81.3136159332918 72.1161464201958 59.9742370056535 0 84.4966184459479
96.5044315166496 95.3241700234064 94.6426110505509 94.4351407256978 92.9114525623608 92.5713700595608 92.2675351167102 90.0692771132551 90.1162911451909 87.7738075181225 89.1551959618225 90.2632997942108 85.7217818991216 83.516509398388 83.555965823659 84.6472762049337 84.4966184459479 0
