0 82.8100758107315 84.2169264795973 84.8615063718665 86.0981015495578 88.9069986855092 88.5447943147906 89.9085993106296 92.6541782161179 93.2460377098461 93.7548075559783 93.7347572006504 93.9885819288539 94.074413087684 95.0552829532355 95.7938757363409 95.6129137302059 95.8325088764693
82.8100758107315 0 68.103370572082 77.6085169412828 78.3784347830183 85.26340400843 83.5885808388654 85.7563298690626 89.5613560420347 90.1497871498019 90.8600272095335 90.8591417074774 91.211938126234 91.3036344422995 92.7763726875873 93.7808709690593 93.3698697712443 93.6433671367846
84.2169264795973 68.103370572082 0 76.2581263061566 77.7738075181225 85.1130688617644 82.2034661587211 85.2003092693599 89.0378278877899 89.5033716757062 90.2528274474093 90.2129320195368 90.661604726957 90.706378301254 92.2547297496015 93.3207846744859 92.8930236869116 93.2121704196432
84.8615063718665 77.6085169412828 76.2581263061566 0 82.9463689655499 87.6974540728827 79.3258472667651 87.4298640870463 90.1720299111446 90.00991931245 90.6234942756704 90.2272956583012 91.183386852902 90.8878285058744 91.8962434046937 92.9067573371317 92.9031067910107 93.4740505003066
86.0981015495578 78.3784347830183 77.7738075181225 82.9463689655499 0 80.237526392877 85.0366886099342 81.0843403509302 87.1386379467338 88.6015122888332 89.5214849154441 89.9491930022336 89.7088116158884 90.2196067601836 92.4036527863831 93.5349738491362 92.6088840061245 92.6108935223864
88.9069986855092 85.26340400843 85.1130688617644 87.6974540728827 80.237526392877 0 88.5164636511458 76.6604254538209 85.2029545870698 88.4267681806095 89.4054707745279 90.4196346095776 89.1638061825243 90.3410248902675 93.0436658711346 94.1514443964103 92.6916794823258 92.2082228427378
88.5447943147906 83.5885808388654 82.2034661587211 79.3258472667651 85.0366886099342 88.5164636511458 0 87.4134791232367 89.2099150544927 88.068541030029 88.6623119012585 87.7362651440015 89.561070102921 88.7647853094101 89.6032551369968 90.870187820945 91.0906420857516 92.026664532611
89.9085993106296 85.7563298690626 85.2003092693599 87.4298640870463 81.0843403509302 76.6604254538209 87.4134791232367 0 81.7059294566127 85.8358888194266 87.1311373807962 88.4599765983439 86.8689651171349 88.3279715303536 91.6748943113103 92.9641315458079 91.198843617798 90.6792333700066
92.6541782161179 89.5613560420347 89.0378278877899 90.1720299111446 87.1386379467338 85.2029545870698 89.2099150544927 81.7059294566127 0 81.0809152198479 82.8855430539722 86.0032908073912 81.2493343553935 85.0378486133253 90.166438767878 91.660942422665 88.6341550069162 87.2117237291835
93.2460377098461 90.1497871498019 89.5033716757062 90.00991931245 88.6015122888332 88.4267681806095 88.068541030029 85.8358888194266 81.0809152198479 0 69.9742370056535 78.7966354858417 73.53711260556 76.5662657802988 86.4098623228541 88.6148957965558 84.473278066447 84.0502702591676
93.7548075559783 90.8600272095335 90.2528274474093 90.6234942756704 89.5214849154441 89.4054707745279 88.6623119012585 87.1311373807962 82.8855430539722 69.9742370056535 0 76.8982993539898 72.5709416661926 71.9124372658146 85.4097131698924 87.8007545217567 82.6750970409948 82.4447587542196
93.7347572006504 90.8591417074774 90.2129320195368 90.2272956583012 89.9491930022336 90.4196346095776 87.7362651440015 88.4599765983439 86.0032908073912 78.7966354858417 76.8982993539898 0 80.9855142740473 72.3105428072981 81.8173886104189 85.3208427639379 81.4053926895153 84.2169264795973
93.9885819288539 91.211938126234 90.661604726957 91.183386852902 89.7088116158884 89.1638061825243 89.561070102921 86.8689651171349 81.2493343553935 73.53711260556 72.5709416661926 80.9855142740473 0 77.6889474459292 86.9996193558102 88.9753288418492 83.8325331923513 81.7437543957039
94.074413087684 91.3036344422995 90.706378301254 90.8878285058744 90.2196067601836 90.3410248902675 88.7647853094101 88.3279715303536 85.0378486133253 76.5662657802988 71.9124372658146 72.3105428072981 77.6889474459292 0 83.3931658750273 86.2899428940185 80.2942378821977 81.9950314157273
95.0552829532355 92.7763726875873 92.2547297496015 91.8962434046937 92.4036527863831 93.0436658711346 89.6032551369968 91.6748943113103 90.166438767878 86.4098623228541 85.4097131698924 81.8173886104189 86.9996193558102 83.3931658750273 0 75.7920942563793 81.4741215705682 86.5657433905273
95.7938757363409 93.7808709690593 93.3207846744859 92.9067573371317 93.5349738491362 94.1514443964103 90.870187820945 92.9641315458079 91.660942422665 88.6148957965558 87.8007545217567 85.3208427639379 88.9753288418492 86.2899428940185 75.7920942563793 0 83.7734593824373 88.0232945999633
95.6129137302059 93.3698697712443 92.8930236869116 92.9031067910107 92.6088840061245 92.6916794823258 91.0906420857516 91.198843617798 88.6341550069162 84.473278066447 82.6750970409948 81.4053926895153 83.8325331923513 80.2942378821977 81.4741215705682 83.7734593824373 0 79.7792647313552
95.8325088764693 93.6433671367846 93.2121704196432 93.4740505003066 92.6108935223864 92.2082228427378 92.026664532611 90.6792333700066 87.2117237291835 84.0502702591676 82.4447587542196 84.2169264795973 81.7437543957039 81.9950314157273 86.5657433905273 88.0232945999633 79.7792647313552 0
