0 86.1039665627834 83.0586027041637 87.6541394631225 89.1794888551509 90.1052437355394 92.8840124529805 94.4351407256978 92.7583430204116 93.6442999499373 93.5665759413442 95.165737319121 95.8516271987721 95.5560708119719 95.8053742159472 96.1865192833433 97.179689008269 96.6701948158966
86.1039665627834 0 80.1912970937131 82.5785186727662 85.5523155632995 85.0313000604635 88.922933573106 90.4611922591316 90.3882781004252 90.4224974685015 91.0809756830733 91.9193804244781 92.8334833496693 92.7692678660653 93.5204118005908 94.405159474357 94.891529881468 94.8847141414055
83.0586027041637 80.1912970937131 0 80.0670935256936 83.6501254971811 85.0110780411583 89.5003454440884 91.8541368214827 89.6252680652305 90.621594657054 90.6676799053077 92.7080119817254 93.6153260219369 93.2047837504695 93.5766902099594 94.1691200611475 95.2768744927837 94.7462039425539
87.6541394631225 82.5785186727662 80.0670935256936 0 75.091899139601 78.103370572082 86.1095837099903 89.9130061550656 86.2899428940185 87.5935153898588 87.6794514269672 90.6237108814845 91.7844506551408 91.1111642606024 91.5173353083946 92.2956180379946 93.6708254103839 92.9902333399376
89.1794888551509 85.5523155632995 83.6501254971811 75.091899139601 0 76.1809929261797 84.7490671664029 89.6590431514941 83.5748782727541 85.9956217207852 85.5613227109851 89.9316855164168 91.1954934710297 90.1845721289052 90.3713207905087 91.1002900218011 92.9674028621278 91.9231286472723
90.1052437355394 85.0313000604635 85.0110780411583 78.103370572082 76.1809929261797 0 81.705226027699 87.6457956664753 83.8414555269102 84.2066957450215 85.0905534723954 88.2965695444239 89.7907245134303 88.9298435901867 89.6127053130504 90.8097110918356 92.1018340671044 91.5552221823547
92.8840124529805 88.922933573106 89.5003454440884 86.1095837099903 84.7490671664029 81.705226027699 0 83.6517681683629 83.0510964344096 75.450812790438 82.1027689051246 82.9845369622933 85.5815855915572 84.0369404293069 85.9149606789606 88.4063721667967 89.0112398515747 89.1114192552233
94.4351407256978 90.4611922591316 91.8541368214827 89.9130061550656 89.6590431514941 87.6457956664753 83.6517681683629 0 89.3046786303878 85.289026176076 88.5176305806041 80.1366994776307 81.8246980227395 84.8349979793794 88.3287645450219 90.9001277408503 88.336793111585 91.0314672262549
92.7583430204116 90.3882781004252 89.6252680652305 86.2899428940185 83.5748782727541 83.8414555269102 83.0510964344096 89.3046786303878 0 81.2493343553935 73.9848707362635 87.9929868929825 89.4054707745279 87.0849242308258 85.9866862537587 86.4578371154628 90.5050882818369 87.9016548640009
93.6442999499373 90.4224974685015 90.621594657054 87.5935153898588 85.9956217207852 84.2066957450215 75.450812790438 85.289026176076 81.2493343553935 0 78.3710369350548 82.6667733109474 85.1872526798368 81.9124372658146 83.0625479788191 86.1924886111327 87.8059027360639 87.1227714840238
93.5665759413442 91.0809756830733 90.6676799053077 87.6794514269672 85.5613227109851 85.0905534723954 82.1027689051246 88.5176305806041 73.9848707362635 78.3710369350548 0 86.5376151333289 88.088543114327 85.0754395211706 83.4922392098179 84.5991265833509 89.113037513307 86.2315904464866
95.165737319121 91.9193804244781 92.7080119817254 90.6237108814845 89.9316855164168 88.2965695444239 82.9845369622933 80.1366994776307 87.9929868929825 82.6667733109474 86.5376151333289 0 73.8287665602621 77.4124773931689 84.3407741290264 88.2191893791117 84.4632316900903 88.2376933872886
95.8516271987721 92.8334833496693 93.6153260219369 91.7844506551408 91.1954934710297 89.7907245134303 85.5815855915572 81.8246980227395 89.4054707745279 85.1872526798368 88.088543114327 73.8287665602621 0 78.9847314590875 85.0930706154422 88.7262970466224 82.8381624742351 88.4944597996847
95.5560708119719 92.7692678660653 93.2047837504695 91.1111642606024 90.1845721289052 88.9298435901867 84.0369404293069 84.8349979793794 87.0849242308258 81.9124372658146 85.0754395211706 77.4124773931689 78.9847314590875 0 79.3255293548103 85.3978222783945 81.8146239703969 85.303372492433
95.8053742159472 93.5204118005908 93.5766902099594 91.5173353083946 90.3713207905087 89.6127053130504 85.9149606789606 88.3287645450219 85.9866862537587 83.0625479788191 83.4922392098179 84.3407741290264 85.0930706154422 79.3255293548103 0 79.4313841462521 83.3165416307814 79.6239007539644
96.1865192833433 94.405159474357 94.1691200611475 92.2956180379946 91.1002900218011 90.8097110918356 88.4063721667967 90.9001277408503 86.4578371154628 86.1924886111327 84.5991265833509 88.2191893791117 88.7262970466224 85.3978222783945 79.4313841462521 0 86.6337756803012 72.6459542896836
97.179689008269 94.891529881468 95.2768744927837 93.6708254103839 92.9674028621278 92.1018340671044 89.0112398515747 88.336793111585 90.5050882818369 87.8059027360639 89.113037513307 84.4632316900903 82.8381624742351 81.8146239703969 83.3165416307814 86.6337756803012 0 85.4488834667452
96.6701948158966 94.8847141414055 94.7462039425539 92.9902333399376 91.9231286472723 91.5552221823547 89.1114192552233 91.0314672262549 87.9016548640009 87.1227714840238 86.2315904464866 88.2376933872886 88.4944597996847 85.303372492433 79.6239007539644 72.6459542896836 85.4488834667452 0
