0 85.9744315024477 83.555965823659 87.4532080795685 90.0782967319053 90.5779097369011 93.1011801567735 92.7798214251419 93.9198481681658 94.0300489676455 94.5346055184052 94.4399969767003 94.360335837729 94.8216828596421 94.938689924387 95.0543127908168 95.369953598643 95.3638995666163
85.9744315024477 0 79.6356543330438 77.2169957016613 90.8542682162229 90.0623670961744 89.4521649632096 91.3254084469942 90.855597892659 93.4449291633882 93.9176536498726 91.8904934790159 93.2666201143164 92.2324969202724 92.8491750955058 93.4088153131522 94.1774904770429 93.6501254971811
83.555965823659 79.6356543330438 0 79.3443980803016 88.2745069501547 87.6532131658344 89.5862583658219 89.9273292752026 90.8110544783965 92.0947012684433 92.6849306211253 91.6121845670317 92.1570224416852 92.1027689051246 92.3912579207112 92.7140825948348 93.3269001262707 93.0646802704142
87.4532080795685 77.2169957016613 79.3443980803016 0 89.6689785666405 88.3532764515829 87.2038858137546 89.5244768817159 88.939499180549 92.1512708810845 92.6752966237308 90.1576005458867 91.844888436821 90.607570595171 91.2876161859881 91.9477318885251 92.8721522663195 92.2305599791183
90.0782967319053 90.8542682162229 88.2745069501547 89.6689785666405 0 78.3073021585004 90.960705457049 85.6968806125033 91.2683159643051 86.1093828073667 87.303383083044 91.1419742754125 87.8787907912589 91.8849027535593 91.0641131310442 90.3509914920462 90.026107942682 91.0416689218196
90.5779097369011 90.0623670961744 87.6532131658344 88.3532764515829 78.3073021585004 0 88.7295453660279 81.3896683530832 89.0617671974988 84.3792784259879 85.8169877562082 88.9069986855092 85.5528471196362 89.8531331056309 88.9042214225407 88.2106092259997 88.2240665311451 89.0496941384894
93.1011801567735 89.4521649632096 89.5862583658219 87.2038858137546 90.960705457049 88.7295453660279 0 86.440724448383 74.6329480023324 90.174222290158 90.4881743072895 80.606669114481 88.6230543495502 81.1739737566472 84.3407565444704 86.8137569279011 89.1361436054588 86.8301832001654
92.7798214251419 91.3254084469942 89.9273292752026 89.5244768817159 85.6968806125033 81.3896683530832 86.440724448383 0 86.0213699324427 81.3769599159453 82.6839352129843 85.0072999276543 79.3255293548103 86.4581894022085 84.371923169887 82.9348269692128 83.6150544197642 84.4077142126047
93.9198481681658 90.855597892659 90.8110544783965 88.939499180549 91.2683159643051 89.0617671974988 74.6329480023324 86.0213699324427 0 89.6528243214898 89.8614842493576 75.042668369047 87.7136782453513 75.6562542463234 81.3136159332918 84.9607879581046 87.8963264513784 84.7635075614827
94.0300489676455 93.4449291633882 92.0947012684433 92.1512708810845 86.1093828073667 84.3792784259879 90.174222290158 81.3769599159453 89.6528243214898 0 69.6356543330438 88.5707671883694 77.3382020284199 89.4815312002391 87.3440882479879 84.9044489518933 82.3578348697387 86.154897392955
94.5346055184052 93.9176536498726 92.6849306211253 92.6752966237308 87.303383083044 85.8169877562082 90.4881743072895 82.6839352129843 89.8614842493576 69.6356543330438 0 88.6684023831717 76.8982993539898 89.5236856092602 87.2471825791016 84.5210761523741 81.0843403509302 85.7574736127801
94.4399969767003 91.8904934790159 91.6121845670317 90.1576005458867 91.1419742754125 88.9069986855092 80.606669114481 85.0072999276543 75.042668369047 88.5707671883694 88.6684023831717 0 86.0851883700673 70.237526392877 75.5673171147236 81.8529679016913 85.881343892335 81.3769599159453
94.360335837729 93.2666201143164 92.1570224416852 91.844888436821 87.8787907912589 85.5528471196362 88.6230543495502 79.3255293548103 87.7136782453513 77.3382020284199 76.8982993539898 86.0851883700673 0 87.2112603737501 84.1371565185562 80.1959737165867 76.8428331489911 82.2548662669427
94.8216828596421 92.2324969202724 92.1027689051246 90.607570595171 91.8849027535593 89.8531331056309 81.1739737566472 86.4581894022085 75.6562542463234 89.4815312002391 89.5236856092602 70.237526392877 87.2112603737501 0 77.5803463896305 83.1600871064417 86.7623697658092 82.3859648733539
94.938689924387 92.8491750955058 92.3912579207112 91.2876161859881 91.0641131310442 88.9042214225407 84.3407565444704 84.371923169887 81.3136159332918 87.3440882479879 87.2471825791016 75.5673171147236 84.1371565185562 77.5803463896305 0 76.706750637792 83.066578750889 75.1757958751021
95.0543127908168 93.4088153131522 92.7140825948348 91.9477318885251 90.3509914920462 88.2106092259997 86.8137569279011 82.9348269692128 84.9607879581046 84.9044489518933 84.5210761523741 81.8529679016913 80.1959737165867 83.1600871064417 76.706750637792 0 77.3787899045686 69.0051368755729
95.369953598643 94.1774904770429 93.3269001262707 92.8721522663195 90.026107942682 88.2240665311451 89.1361436054588 83.6150544197642 87.8963264513784 82.3578348697387 81.0843403509302 85.881343892335 76.8428331489911 86.7623697658092 83.066578750889 77.3787899045686 0 79.2603487269587
95.3638995666163 93.6501254971811 93.0646802704142 92.2305599791183 91.0416689218196 89.0496941384894 86.8301832001654 84.4077142126047 84.7635075614827 86.154897392955 85.7574736127801 81.3769599159453 82.2548662669427 82.3859648733539 75.1757958751021 69.0051368755729 79.2603487269587 0
