0 60.4857622301273 83.4299508862007 91.1649399111845 89.0139495349064 88.7814036250892 90.7304679906083 90.7657181754446 91.4032131923437 92.2471172746626 92.3500142159725 93.6340279690138 94.280478361021 93.4242964466753 95.8624153750949 95.8325088764693 96.0063339193737 96.9986500806981
60.4857622301273 0 83.6489912410612 91.2001668029477 88.9298435901867 88.5628780947269 90.6288088784032 90.5608569614261 91.2614598490377 92.1520634155988 92.2591350346588 93.5782775529528 94.2358819254302 93.2707577629414 95.8009365258465 95.7492986175513 95.9245853676528 96.9417313576697
83.4299508862007 83.6489912410612 0 86.7923005771085 85.2011634449234 87.5576776396732 88.1067100146295 90.2119042252309 89.8243383413959 90.1450923558343 90.2160139438428 91.4122615410764 92.1187014628374 92.9135915898909 94.3958978635007 94.7073989644716 94.9034116127856 95.7470071881361
91.1649399111845 91.2001668029477 86.7923005771085 0 83.554107581755 88.6848557252811 85.3287606235951 90.6117913722832 88.4969644378842 86.9399849236182 86.8193244329465 86.6122836477797 87.1768639511139 92.4019631293095 91.3307306167815 92.5158910131641 92.7365565848718 93.112314518455
89.0139495349064 88.9298435901867 85.2011634449234 83.554107581755 0 81.6818423760477 77.2413732556635 85.7634718024044 82.9899622532162 82.8970552383331 83.0593456950771 85.9539297579115 87.4366495013049 89.2428040951504 90.7568675160178 91.1770965171296 91.4685616585965 92.7325313460887
88.7814036250892 88.5628780947269 87.5576776396732 88.6848557252811 81.6818423760477 0 81.4741215705682 78.6665542029632 80.1676012479928 84.2005457159281 84.575695180571 88.0832986526618 89.4301536759735 86.2229692211273 91.2493343553935 90.8184265883909 91.1224310947009 93.0172259106636
90.7304679906083 90.6288088784032 88.1067100146295 85.3287606235951 77.2413732556635 81.4741215705682 0 84.1613919743094 78.2142728678112 76.6136007973246 77.0711757029314 83.0520001886353 85.26340400843 87.3517409792497 88.8644512266057 89.2321943672673 89.5961539856901 91.2444385488818
90.7657181754446 90.5608569614261 90.2119042252309 90.6117913722832 85.7634718024044 78.6665542029632 84.1613919743094 0 79.6418029818709 84.7254986332328 85.1130688617644 88.4934269995042 89.7571837034398 81.8677781127181 90.6792333700066 89.5914752099006 89.9201577536982 92.3826953658594
91.4032131923437 91.2614598490377 89.8243383413959 88.4969644378842 82.9899622532162 80.1676012479928 78.2142728678112 79.6418029818709 0 77.6565111439254 78.5086519201011 84.6280655201376 86.5436306743168 83.6337942323103 88.439763648461 87.8673994840703 88.2950177436931 90.7750878561122
92.2471172746626 92.1520634155988 90.1450923558343 86.9399849236182 82.8970552383331 84.2005457159281 76.6136007973246 84.7254986332328 77.6565111439254 0 57.9330371790942 79.521212171155 82.7417264159659 86.2161805745436 86.5075683494469 86.9609088806694 87.4269372455433 89.4934481653091
92.3500142159725 92.2591350346588 90.2160139438428 86.8193244329465 83.0593456950771 84.575695180571 77.0711757029314 85.1130688617644 78.5086519201011 57.9330371790942 0 78.7713662685491 82.2337877346136 86.4663998356664 86.301340043983 86.8971068003016 87.3630331127546 89.3590111410874
93.6340279690138 93.5782775529528 91.4122615410764 86.6122836477797 85.9539297579115 88.0832986526618 83.0520001886353 88.4934269995042 84.6280655201376 79.521212171155 78.7713662685491 0 72.6054042790033 88.8518161753883 83.9327116653724 86.4930717190664 86.9007286938903 87.7593671230427
94.280478361021 94.2358819254302 92.1187014628374 87.1768639511139 87.4366495013049 89.4301536759735 85.26340400843 89.7571837034398 86.5436306743168 82.7417264159659 82.2337877346136 72.6054042790033 0 89.8549131624591 83.0384872811603 86.6313150833536 86.9693623399366 87.0065992984937
93.4242964466753 93.2707577629414 92.9135915898909 92.4019631293095 89.2428040951504 86.2229692211273 87.3517409792497 81.8677781127181 83.6337942323103 86.2161805745436 86.4663998356664 88.8518161753883 89.8549131624591 0 89.2575242999604 86.8193244329465 87.180759036554 90.7814035555182
95.8624153750949 95.8009365258465 94.3958978635007 91.3307306167815 90.7568675160178 91.2493343553935 88.8644512266057 90.6792333700066 88.439763648461 86.5075683494469 86.301340043983 83.9327116653724 83.0384872811603 89.2575242999604 0 80.1489729937249 80.3534795727897 78.917737737773
95.8325088764693 95.7492986175513 94.7073989644716 92.5158910131641 91.1770965171296 90.8184265883909 89.2321943672673 89.5914752099006 87.8673994840703 86.9609088806694 86.8971068003016 86.4930717190664 86.6313150833536 86.8193244329465 80.1489729937249 0 61.9682747335285 82.1654959184623
96.0063339193737 95.9245853676528 94.9034116127856 92.7365565848718 91.4685616585965 91.1224310947009 89.5961539856901 89.9201577536982 88.2950177436931 87.4269372455433 87.3630331127546 86.9007286938903 86.9693623399366 87.180759036554 80.3534795727897 61.9682747335285 0 81.6880895095367
96.9986500806981 96.9417313576697 95.7470071881361 93.112314518455 92.7325313460887 93.0172259106636 91.2444385488818 92.3826953658594 90.7750878561122 89.4934481653091 89.3590111410874 87.7593671230427 87.0065992984937 90.7814035555182 78.917737737773 82.1654959184623 81.6880895095367 0
