0 76.0621707455228 76.5662657802988 79.8251320749173 84.2169264795973 85.8862748223873 89.9448227429275 87.5762530473071 87.715463759838 89.4510244050228 89.4186172468956 90.416203582512 91.2962416830041 94.1665639944741 94.104089484118 95.1275764039929 95.0035136750195 94.9855145808833
76.0621707455228 0 68.5776170713634 72.5868656935784 80.9865508735604 83.091775616211 88.1901910181076 84.8973142089763 85.088778182069 87.4648331897505 87.7439962452479 88.8518161753883 89.6708837113128 93.0261379211871 92.9414372252721 94.1099901286615 93.9876152511126 93.9893193991704
76.5662657802988 68.5776170713634 0 69.9742370056535 79.6356543330438 82.2595237792253 88.6877768249837 85.1446923850106 85.1808935256056 87.8885116738456 87.2074678593412 88.4530469801072 89.6132673932621 93.1548703552811 92.9953807752155 94.2093235138645 93.9246097187003 93.8873379848321
79.8251320749173 72.5868656935784 69.9742370056535 0 76.8316543916761 80.0708701724473 87.9095217280563 83.5934423194318 83.5698410716737 86.9257690522703 86.0920485803903 87.4444687801697 88.6575070732416 92.5701757945129 92.3722351901244 93.6864305327405 93.3559365983366 93.3210358787442
84.2169264795973 80.9865508735604 79.6356543330438 76.8316543916761 0 71.1963957883817 88.002829084837 82.4921317134118 81.8016667212755 86.6917490863679 82.5031212187031 84.5832154332189 86.9849075438742 91.9401435468265 91.5047597563245 93.0732627518018 92.28898969365 92.1651681366727
85.8862748223873 83.091775616211 82.2595237792253 80.0708701724473 71.1963957883817 0 87.4995229711462 81.1809018943582 79.9972397410528 85.9689738268077 80.1123192417399 82.6046768387851 85.5238035602662 91.2493343553935 90.7013302325281 92.4429042156277 91.4909632916362 91.3513377482993
89.9448227429275 88.1901910181076 88.6877768249837 87.9095217280563 88.002829084837 87.4995229711462 0 81.8149632626301 83.0123528641386 72.5868656935784 88.8964888582357 88.7973473856579 85.6373168921919 86.9257690522703 87.8568047770822 89.025446589417 90.8952728481767 91.3926525972256
87.5762530473071 84.8973142089763 85.1446923850106 83.5934423194318 82.4921317134118 81.1809018943582 81.8149632626301 0 66.625354376404 78.5123332059335 84.3059326558759 84.7100142714739 82.9023336598264 88.753320854434 88.5694458788742 90.4396763737266 90.4992526397913 90.6774191333109
87.715463759838 85.088778182069 85.1808935256056 83.5698410716737 81.8016667212755 79.9972397410528 83.0123528641386 66.625354376404 0 80.0675239032969 83.0970686635682 83.5690838939082 82.1259843966288 88.8147434128368 88.4616081145632 90.4547687368095 90.2196067601836 90.3445623013225
89.4510244050228 87.4648331897505 87.8885116738456 86.9257690522703 86.6917490863679 85.9689738268077 72.5868656935784 78.5123332059335 80.0675239032969 0 87.4570534602118 87.3471575828297 83.7948813037148 86.8461811729156 87.3630331127546 88.9759199943419 90.2858097777079 90.7260555518404
89.4186172468956 87.7439962452479 87.2074678593412 86.0920485803903 82.5031212187031 80.1123192417399 88.8964888582357 84.3059326558759 83.0970686635682 87.4570534602118 0 72.4082360567696 83.440211413787 90.614641798202 89.5507389561173 91.6863805757484 89.6032551369968 89.1908996534821
90.416203582512 88.8518161753883 88.4530469801072 87.4444687801697 84.5832154332189 82.6046768387851 88.7973473856579 84.7100142714739 83.5690838939082 87.3471575828297 72.4082360567696 0 81.6004830606233 89.7992106976306 88.4776355514882 90.8866141677886 88.3249394825974 87.8319828162819
91.2962416830041 89.6708837113128 89.6132673932621 88.6575070732416 86.9849075438742 85.5238035602662 85.6373168921919 82.9023336598264 82.1259843966288 83.7948813037148 83.440211413787 81.6004830606233 0 85.6124987243052 83.8658124782197 87.4995229711462 85.876523218055 86.1165284520112
94.1665639944741 93.0261379211871 93.1548703552811 92.5701757945129 91.9401435468265 91.2493343553935 86.9257690522703 88.753320854434 88.8147434128368 86.8461811729156 90.614641798202 89.7992106976306 85.6124987243052 0 76.5063621434069 75.7319736203233 85.5056981542032 87.0849242308258
94.104089484118 92.9414372252721 92.9953807752155 92.3722351901244 91.5047597563245 90.7013302325281 87.8568047770822 88.5694458788742 88.4616081145632 87.3630331127546 89.5507389561173 88.4776355514882 83.8658124782197 76.5063621434069 0 78.6580360711634 81.8802796056776 84.0841170535261
95.1275764039929 94.1099901286615 94.2093235138645 93.6864305327405 93.0732627518018 92.4429042156277 89.025446589417 90.4396763737266 90.4547687368095 88.9759199943419 91.6863805757484 90.8866141677886 87.4995229711462 75.7319736203233 78.6580360711634 0 85.0206444159974 86.8359193782996
95.0035136750195 93.9876152511126 93.9246097187003 93.3559365983366 92.28898969365 91.4909632916362 90.8952728481767 90.4992526397913 90.2196067601836 90.2858097777079 89.6032551369968 88.3249394825974 85.876523218055 85.5056981542032 81.8802796056776 85.0206444159974 0 72.458588714498
94.9855145808833 93.9893193991704 93.8873379848321 93.3210358787442 92.1651681366727 91.3513377482993 91.3926525972256 90.6774191333109 90.3445623013225 90.7260555518404 89.1908996534821 87.8319828162819 86.1165284520112 87.0849242308258 84.0841170535261 86.8359193782996 72.458588714498 0
