0 82.9106243619669 89.8335513566863 88.2032697249812 81.6065963893544 88.0740403942904 85.435034457386 88.3029696726828 88.7197799126989 90.6267654453235 89.5317156500199 90.1178016867528 91.2614598490377 91.3119018794754 92.4321388270163 92.9902333399376 92.816369427383 94.1286075313448
82.9106243619669 0 84.6429132091945 81.4741215705682 78.9090804678383 81.6326132525547 79.9742370056535 88.2698652651461 87.669856364134 87.8718063285063 88.43141718532 88.8076793668245 89.6127053130504 89.8073187412134 90.3980229870522 91.9089615194754 92.3455713757259 93.4875795203574
89.8335513566863 84.6429132091945 0 76.2325041385106 87.3719376615789 79.3443980803016 85.4519840595317 91.0130034020257 89.9360690089101 87.3242343555791 90.2272956583012 90.1643689749054 90.0415708322431 90.3588703413466 89.5765657369386 92.1812004218877 93.2624730881895 93.9054596195903
88.2032697249812 81.4741215705682 76.2325041385106 0 84.6429132091945 70.4857622301273 81.7711908388985 89.3336825008778 88.103370572082 85.6562542463234 88.5369933522933 88.5545357399792 88.6643528285041 89.0024786940223 88.6030013835912 91.1963957883817 92.225607440041 93.0728270502487
81.6065963893544 78.9090804678383 87.3719376615789 84.6429132091945 0 83.7989102258118 76.8092101824516 84.9165883971818 84.5832154332189 86.8316543916761 85.7863355292019 86.5145248247262 87.9822666720595 88.111380884593 89.5033716757062 90.535659626244 90.6839323012959 92.1916769251224
88.0740403942904 81.6326132525547 79.3443980803016 70.4857622301273 83.7989102258118 0 79.8195101390914 88.3864682216148 86.9312422033652 84.09464030757 87.3975598292249 87.4000812470444 87.5339378581434 87.913357502909 87.5859951372108 90.3733330693944 91.4840954528295 92.4095506889956
85.435034457386 79.9742370056535 85.4519840595317 81.7711908388985 76.8092101824516 79.8195101390914 0 84.8934926372708 83.3637795294295 83.8879993973499 84.4613002047043 84.9496351157449 86.1560258917179 86.4313560924604 87.5519919157727 89.3756649167141 90.0233301074957 91.4374079165882
88.3029696726828 88.2698652651461 91.0130034020257 89.3336825008778 84.9165883971818 88.3864682216148 84.8934926372708 0 74.9653137673347 85.8254129089814 77.0738879562448 79.7342959307347 83.7972372276421 83.4499763303665 87.4328380521287 86.2389433592723 85.0053313723672 88.0360367454923
88.7197799126989 87.669856364134 89.9360690089101 88.103370572082 84.5832154332189 86.9312422033652 83.3637795294295 74.9653137673347 0 82.8967977192182 68.5776170713634 74.098268268159 80.5289759679537 80.2761846170139 85.2408599357581 84.8172353991213 84.7746422767718 87.5311923387691
90.6267654453235 87.8718063285063 87.3242343555791 85.6562542463234 86.8316543916761 84.09464030757 83.8879993973499 85.8254129089814 82.8967977192182 0 82.4108172720404 81.2447872003615 78.9298435901867 80.1168397691791 78.4407002914246 84.8172353991213 87.4340473249595 88.4184045118598
89.5317156500199 88.43141718532 90.2272956583012 88.5369933522933 85.7863355292019 87.3975598292249 84.4613002047043 77.0738879562448 68.5776170713634 82.4108172720404 0 68.3125452762289 78.4638216139284 77.9451209170391 84.2959097000793 83.3637795294295 83.5392281810575 86.5399030429159
90.1178016867528 88.8076793668245 90.1643689749054 88.5545357399792 86.5145248247262 87.4000812470444 84.9496351157449 79.7342959307347 74.098268268159 81.2447872003615 68.3125452762289 0 75.2499942039111 74.484421527208 82.8644379531384 81.9859026557976 83.051870788883 85.891837352535
91.2614598490377 89.6127053130504 90.0415708322431 88.6643528285041 87.9822666720595 87.5339378581434 86.1560258917179 83.7972372276421 80.5289759679537 78.9298435901867 78.4638216139284 75.2499942039111 0 62.5250497221675 78.4018890874713 79.3756649167141 83.3512763180598 85.0711524312166
91.3119018794754 89.8073187412134 90.3588703413466 89.0024786940223 88.111380884593 87.913357502909 86.4313560924604 83.4499763303665 80.2761846170139 80.1168397691791 77.9451209170391 74.484421527208 62.5250497221675 0 79.4140477474518 78.5637588836765 82.5420156066597 84.5473776830334
92.4321388270163 90.3980229870522 89.5765657369386 88.6030013835912 89.5033716757062 87.5859951372108 87.5519919157727 87.4328380521287 85.2408599357581 78.4407002914246 84.2959097000793 82.8644379531384 78.4018890874713 79.4140477474518 0 81.8564887327063 86.3287907836767 86.4793823648707
92.9902333399376 91.9089615194754 92.1812004218877 91.1963957883817 90.535659626244 90.3733330693944 89.3756649167141 86.2389433592723 84.8172353991213 84.8172353991213 83.3637795294295 81.9859026557976 79.3756649167141 78.5637588836765 81.8564887327063 0 79.2475496692442 79.0769434978224
92.816369427383 92.3455713757259 93.2624730881895 92.225607440041 90.6839323012959 91.4840954528295 90.0233301074957 85.0053313723672 84.7746422767718 87.4340473249595 83.5392281810575 83.051870788883 83.3512763180598 82.5420156066597 86.3287907836767 79.2475496692442 0 77.9330371790942
94.1286075313448 93.4875795203574 93.9054596195903 93.0728270502487 92.1916769251224 92.4095506889956 91.4374079165882 88.0360367454923 87.5311923387691 88.4184045118598 86.5399030429159 85.891837352535 85.0711524312166 84.5473776830334 86.4793823648707 79.0769434978224 77.9330371790942 0
