0 88.3572170605267 85.4535216572886 90.9723989813357 74.6168963459942 88.8398492236681 88.7284672531233 86.1342917958331 88.5096436220196 88.1797212804002 89.3650594295902 90.8966172265081 86.8421671006847 91.4683527698718 89.5765657369386 90.9224072101114 90.5892330106331 93.4893012349439
88.3572170605267 0 77.5519919157727 79.6917163854978 88.9021373091748 74.1239704853616 81.2614598490377 84.0330221535723 83.5162841765971 84.2122213553397 85.4703994008443 85.4703994008443 90.9145245256086 88.9298435901867 90.9281101660991 90.0208869990996 90.5050214404877 90.4201245351034
85.4535216572886 77.5519919157727 0 84.4353782743202 86.1651703119209 79.4313841462521 81.6251957531956 81.2448885948113 82.8673630284992 83.117404913401 85.0561662659079 86.2810577195812 89.2150155642059 88.8108513571896 89.7428929869615 89.3815201814558 89.6602337925892 90.8542682162229
90.9723989813357 79.6917163854978 84.4353782743202 0 91.2333754360888 78.212347400575 82.3990797206161 86.4785265372237 84.598216984643 85.4841598430449 85.7934749491041 84.0485938331158 92.2366906648989 88.4930979095746 91.7092082253663 90.1985207175083 90.9131917180209 89.1501491888348
74.6168963459942 88.9021373091748 86.1651703119209 91.2333754360888 0 89.0711342058237 88.5369933522933 85.4271890886041 88.0609283206771 87.6026422232462 88.7723611954805 90.5556491061807 84.455316354409 90.7841074747623 88.0908247429846 89.9456011401991 89.4497994875647 93.0290942252098
88.8398492236681 74.1239704853616 79.4313841462521 78.212347400575 89.0711342058237 0 76.8316543916761 82.4921192118929 80.5812145324309 81.7434583467641 83.0384872811603 82.7273505510716 90.4105487581338 87.2598037653182 90.0543803137744 88.7233978417845 89.3794018549791 88.9785910914993
88.7284672531233 81.2614598490377 81.6251957531956 82.3990797206161 88.5369933522933 76.8316543916761 0 78.8214538207501 71.7712777034306 75.0138554231362 77.2169957016613 78.6665542029632 88.9659266003705 84.3239158899316 88.0908247429846 86.1742918828911 87.0711757029314 87.1809971370733
86.1342917958331 84.0330221535723 81.2448885948113 86.4785265372237 85.4271890886041 82.4921192118929 78.8214538207501 0 76.4210841896122 74.6354957098355 79.2318557875755 83.5428355215018 85.9566689221897 85.0821928024158 85.7689502557737 85.2198208476033 85.5283678087878 88.6743130273963
88.5096436220196 83.5162841765971 82.8673630284992 84.598216984643 88.0609283206771 80.5812145324309 71.7712777034306 76.4210841896122 0 65.5673171147236 72.0762347864106 78.53999449745 87.8744482903554 82.724476633469 86.6619637753102 84.4613002047043 85.4606097165655 86.6442020098945
88.1797212804002 84.2122213553397 83.117404913401 85.4841598430449 87.6026422232462 81.7434583467641 75.0138554231362 74.6354957098355 65.5673171147236 0 71.8811487647494 79.7816280751939 87.1861580940907 82.5369050454718 85.9148731398354 83.8325331923513 84.759744298358 86.8253709721198
89.3650594295902 85.4703994008443 85.0561662659079 85.7934749491041 88.7723611954805 83.0384872811603 77.2169957016613 79.2318557875755 72.0762347864106 71.8811487647494 0 76.8761978059386 87.7369616568487 79.7170505944318 85.7677850549167 82.3791032514863 83.8924062417859 85.1213743621328
90.8966172265081 85.4703994008443 86.2810577195812 84.0485938331158 90.5556491061807 82.7273505510716 78.6665542029632 83.5428355215018 78.53999449745 79.7816280751939 76.8761978059386 0 89.911063536904 80.5906463462703 88.1441028634154 84.7400029751653 86.2937452682456 83.2299067168234
86.8421671006847 90.9145245256086 89.2150155642059 92.2366906648989 84.455316354409 90.4105487581338 88.9659266003705 85.9566689221897 87.8744482903554 87.1861580940907 87.7369616568487 89.911063536904 0 88.588444201145 80.760602383676 86.2899428940185 84.7798567714227 91.4492872680492
91.4683527698718 88.9298435901867 88.8108513571896 88.4930979095746 90.7841074747623 87.2598037653182 84.3239158899316 85.0821928024158 82.724476633469 82.5369050454718 79.7170505944318 80.5906463462703 88.588444201145 0 85.2198208476034 77.9068766287348 81.4741215705682 80.5098229277861
89.5765657369386 90.9281101660991 89.7428929869615 91.7092082253663 88.0908247429846 90.0543803137744 88.0908247429846 85.7689502557737 86.6619637753102 85.9148731398354 85.7677850549167 88.1441028634154 80.760602383676 85.2198208476034 0 80.6806926104949 76.8428331489911 88.9669688788295
90.9224072101114 90.0208869990996 89.3815201814558 90.1985207175083 89.9456011401991 88.7233978417845 86.1742918828911 85.2198208476033 84.4613002047043 83.8325331923513 82.3791032514863 84.7400029751653 86.2899428940185 77.9068766287348 80.6806926104949 0 72.136199481248 84.7419865655972
90.5892330106331 90.5050214404877 89.6602337925892 90.9131917180209 89.4497994875647 89.3794018549791 87.0711757029314 85.5283678087878 85.4606097165655 84.759744298358 83.8924062417859 86.2937452682456 84.7798567714227 81.4741215705682 76.8428331489911 72.136199481248 0 86.5364172448041
93.4893012349439 90.4201245351034 90.8542682162229 89.1501491888348 93.0290942252098 88.9785910914993 87.1809971370733 88.6743130273963 86.6442020098945 86.8253709721198 85.1213743621328 83.2299067168234 91.4492872680492 80.5098229277861 88.9669688788295 84.7419865655972 86.5364172448041 0
