0 88.940188044825 79.3902777199833 87.2300854805736 91.2940305799451 89.6032551369968 89.5124377387419 91.3738145637752 91.7649121734441 92.9641315458079 92.9967343500493 93.3759505629399 94.0608757462916 95.6093444987028 96.0127147186477 96.1818449353199 96.6400289576194 96.7211265026863
88.940188044825 0 89.3820510279887 90.8153980430474 86.2118970069928 90.521324885034 90.8600272095335 89.4833594670039 91.193701890053 91.3358915737989 93.9718392627571 94.249909482848 94.3312874520521 95.9227185532197 95.6452361985895 95.5734424501573 95.7084855902537 96.8428331489911
79.3902777199833 89.3820510279887 0 82.7417264159659 90.2228671758979 86.7029363261355 86.4713492418454 89.5906553854691 89.7314264593261 91.3914657228985 90.9793217449516 91.455326294774 92.3426452816016 94.1711823984241 94.7109736006164 94.9395552424514 95.514431809916 95.472940297734
87.2300854805736 90.8153980430474 82.7417264159659 0 89.1968237875162 79.9641277032478 78.6851700522951 86.7402257613355 85.7520263726057 88.62410588614 86.723596038574 87.4876550522111 88.908451467183 91.4628840979996 92.2964713005594 92.6600167244819 93.4922000746237 93.1990263771013
91.2940305799451 86.2118970069928 90.2228671758979 89.1968237875162 0 86.8517554835501 87.5878764215456 81.6065963893544 85.8408521422361 84.8065428746745 90.9119548206408 91.1963957883817 90.8631250456799 93.0290942252098 92.2930725357932 92.0921251459491 92.193997035931 94.1439687316838
89.6032551369968 90.521324885034 86.7029363261355 79.9641277032478 86.8517554835501 0 65.9948369189331 81.9504880014648 79.5278708713787 84.6354957098355 84.4651623168477 85.3555738781601 86.3653649600743 89.8804000663812 90.3688739390761 90.6936847781215 91.608301057369 91.8529679016913
89.5124377387419 90.8600272095335 86.4713492418454 78.6851700522951 87.5878764215456 65.9948369189331 0 83.2093361878076 80.721778644962 85.4211172286802 84.0438945132429 85.015546065008 86.3152293981705 89.7952525418025 90.4591405847679 90.8332797544986 91.790878462272 91.8133383436939
91.3738145637752 89.4833594670039 89.5906553854691 86.7402257613355 81.6065963893544 81.9504880014648 83.2093361878076 0 77.5793277000004 77.8718063285063 87.2991797988463 87.7056993033671 87.2516823140145 90.4196346095776 89.7799514872702 89.7207328823675 90.2352802082423 92.0008226910039
91.7649121734441 91.193701890053 89.7314264593261 85.7520263726057 85.8408521422361 79.5278708713787 80.721778644962 77.5793277000004 0 78.0878080364517 83.8844092665536 84.4620191196006 83.998600787761 88.3851082818703 88.117881285362 88.3136724490728 89.3002428506583 90.471149024514
92.9641315458079 91.3358915737989 91.3914657228985 88.62410588614 84.8065428746745 84.6354957098355 85.4211172286802 77.8718063285063 78.0878080364517 0 86.6136007973246 86.8159556326594 85.4535216572886 88.8986615628356 87.5453491495408 87.3078588155437 87.8549064731583 90.5289759679537
92.9967343500493 93.9718392627571 90.9793217449516 86.723596038574 90.9119548206408 84.4651623168477 84.0438945132429 87.2991797988463 83.8844092665536 86.6136007973246 0 65.9948369189331 77.8007545217567 83.9731365032165 86.6499338359494 87.7083308053952 89.5173166210734 87.6457956664753
93.3759505629399 94.249909482848 91.455326294774 87.4876550522111 91.1963957883817 85.3555738781601 85.015546065008 87.7056993033671 84.4620191196006 86.8159556326594 65.9948369189331 0 76.1677794707972 82.8100758107315 85.9744315024477 87.1715635749936 89.1289511108397 86.9027061984258
94.0608757462916 94.3312874520521 92.3426452816016 88.908451467183 90.8631250456799 86.3653649600743 86.3152293981705 87.2516823140145 83.998600787761 85.4535216572886 77.8007545217567 76.1677794707972 0 80.4761005024071 82.8298100957312 84.3642421779404 86.9241554976208 85.2650098301599
95.6093444987028 95.9227185532197 94.1711823984241 91.4628840979996 93.0290942252098 89.8804000663812 89.7952525418025 90.4196346095776 88.3851082818703 88.8986615628356 83.9731365032165 82.8100758107315 80.4761005024071 0 80.5527990930723 83.263186733695 86.3681461760952 78.4018890874713
96.0127147186477 95.6452361985895 94.7109736006164 92.2964713005594 92.2930725357932 90.3688739390761 90.4591405847679 89.7799514872702 88.117881285362 87.5453491495408 86.6499338359494 85.9744315024477 82.8298100957312 80.5527990930723 0 71.8391107245724 80.1451779904779 80.9302887188506
96.1818449353199 95.5734424501573 94.9395552424514 92.6600167244819 92.0921251459491 90.6936847781215 90.8332797544986 89.7207328823675 88.3136724490728 87.3078588155437 87.7083308053952 87.1715635749936 84.3642421779404 83.263186733695 71.8391107245724 0 75.9948369189331 83.1057125925744
96.6400289576194 95.7084855902537 95.514431809916 93.4922000746237 92.193997035931 91.608301057369 91.790878462272 90.2352802082423 89.3002428506583 87.8549064731583 89.5173166210734 89.1289511108397 86.9241554976208 86.3681461760952 80.1451779904779 75.9948369189331 0 85.7756152952291
96.7211265026863 96.8428331489911 95.472940297734 93.1990263771013 94.1439687316838 91.8529679016913 91.8133383436939 92.0008226910039 90.471149024514 90.5289759679537 87.6457956664753 86.9027061984258 85.2650098301599 78.4018890874713 80.9302887188506 83.1057125925744 85.7756152952291 0
