0 88.6719550874064 86.0981015495578 79.3002428506583 81.5879170280032 90.3509914920462 89.0139495349064 91.4968218124452 89.6102007639682 92.1586073002878 90.239447769702 93.1593049931367 90.9005005823117 92.2729515019648 91.1224310947009 92.0327039013872 93.6647713116445 92.6342007106042
88.6719550874064 0 77.1721379079152 86.3215868145409 88.3180346417456 77.9757683663244 87.0039167663398 85.6811254822013 87.3630331127546 86.8903840586073 90.2807401307034 88.7342940598413 90.9546141385044 89.2639532816413 90.7380392474781 90.755632009934 90.8610686028378 91.9719364813714
86.0981015495578 77.1721379079152 0 82.6046768387851 85.61053085255 82.2787262194362 85.6854997764966 86.4352037999138 86.3127484620601 87.6383654767775 89.1767996659825 89.3843794427092 89.9808150778567 89.1795169262337 89.8564811295554 90.1878198445267 90.9813878713843 91.3828513183668
79.3002428506583 86.3215868145409 82.6046768387851 0 76.5184091547906 88.0105149591016 85.6591876775859 89.0950611954929 86.5201365397245 89.9448227429275 87.8474611672291 91.2004909747474 88.7612713223936 90.0849742202 88.939499180549 89.9501061884157 91.8388559645986 90.8311555702704
81.5879170280032 88.3180346417456 85.61053085255 76.5184091547906 0 89.3046786303878 85.0947406576928 89.5041806088416 85.9851555322253 90.2359933182647 86.283445301875 91.3307306167815 87.2800091855048 89.7935814868342 87.6541394631225 89.0798880907881 91.5687809491987 89.8150073446818
90.3509914920462 77.9757683663244 82.2787262194362 88.0105149591016 89.3046786303878 0 86.0434222651364 81.9152022283717 86.1656053464291 83.5153213971275 89.6493298097458 86.0056807318553 90.2890423349639 87.3416925137367 89.9316855164168 89.6077287514663 89.0537222217762 91.0399703025278
89.0139495349064 87.0039167663398 85.6854997764966 85.6591876775859 85.0947406576928 86.0434222651364 0 82.9046701224519 66.0463982794674 83.9968508302003 80.3454496290368 85.7548958440144 82.2320968116258 82.2516724427919 81.6251957531956 82.4435866206966 86.0434222651364 85.0274329204183
91.4968218124452 85.6811254822013 86.4352037999138 89.0950611954929 89.5041806088416 81.9152022283717 82.9046701224519 0 82.2787262194362 69.9018602579264 87.0028487113828 78.5694801212356 87.6131943190306 80.9865508735604 86.9182435395357 85.7863355292019 84.0272838842287 87.9228481204855
89.6102007639682 87.3630331127546 86.3127484620601 86.5201365397245 85.9851555322253 86.1656053464291 66.0463982794674 82.2787262194362 0 83.2687627753701 80.0814756595712 84.9992791436294 81.8388559645986 80.8110544783965 80.9592580538064 81.3176021151403 85.1325485927858 84.3394820291634
92.1586073002878 86.8903840586073 87.6383654767775 89.9448227429275 90.2359933182647 83.5153213971275 83.9968508302003 69.9018602579264 83.2687627753701 0 87.3254536200704 74.598216984643 87.8037165499873 80.0569768131506 87.0605702158074 85.6274775453158 82.6459542896836 87.7494114256519
90.239447769702 90.2807401307034 89.1767996659825 87.8474611672291 86.283445301875 89.6493298097458 80.3454496290368 87.0028487113828 80.0814756595712 87.3254536200704 0 87.9464420783671 69.0724707021626 83.9405886754904 71.0581034852743 78.9090804678383 86.4757905734455 80.2924890631219
93.1593049931367 88.7342940598413 89.3843794427092 91.2004909747474 91.3307306167815 86.0056807318553 85.7548958440144 78.5694801212356 84.9992791436294 74.598216984643 87.9464420783671 0 88.2069781259298 79.6801686444244 87.4269372455433 85.5981890184596 79.9742370056535 87.5453491495408
90.9005005823117 90.9546141385044 89.9808150778567 88.7612713223936 87.2800091855048 90.2890423349639 82.2320968116258 87.6131943190306 81.8388559645986 87.8037165499873 69.0724707021626 88.2069781259298 0 84.1923321062572 67.2543752350619 77.9762509169206 86.3351472899966 78.0942937613104
92.2729515019648 89.2639532816413 89.1795169262337 90.0849742202 89.7935814868342 87.3416925137367 82.2516724427919 80.9865508735604 80.8110544783965 80.0569768131506 83.9405886754904 79.6801686444244 84.1923321062572 0 82.8935971419457 79.5166621000467 77.0808499855632 83.2247544388087
91.1224310947009 90.7380392474781 89.8564811295554 88.939499180549 87.6541394631225 89.9316855164168 81.6251957531956 86.9182435395357 80.9592580538064 87.0605702158074 71.0581034852743 87.4269372455433 67.2543752350619 82.8935971419457 0 75.0915530565654 85.3176715737137 76.706750637792
92.0327039013872 90.755632009934 90.1878198445267 89.9501061884157 89.0798880907881 89.6077287514663 82.4435866206966 85.7863355292019 81.3176021151403 85.6274775453158 78.9090804678383 85.5981890184596 77.9762509169206 79.5166621000467 75.0915530565654 0 82.2013322160886 74.7464805566696
93.6647713116445 90.8610686028378 90.9813878713843 91.8388559645986 91.5687809491987 89.0537222217762 86.0434222651364 84.0272838842287 85.1325485927858 82.6459542896836 86.4757905734455 79.9742370056535 86.3351472899966 77.0808499855632 85.3176715737137 82.2013322160886 0 84.2005457159281
92.6342007106042 91.9719364813714 91.3828513183668 90.8311555702704 89.8150073446818 91.0399703025278 85.0274329204183 87.9228481204855 84.3394820291634 87.7494114256519 80.2924890631219 87.5453491495408 78.0942937613104 83.2247544388087 76.706750637792 74.7464805566696 84.2005457159281 0
