0 77.0071507868401 81.5766707252515 89.5244964576347 89.8559233047754 92.0277721317958 92.7281731704517 92.7531929436013 93.261345056313 93.4147193967429 93.62418251879 93.7378770334103 93.9646654476188 94.0676812342815 94.4304736104116 95.4447500491587 96.5791541351737 96.7379676540289
77.0071507868401 0 73.88799939735 89.115684439989 88.0232945999633 91.0478768742512 92.0994692639898 91.5886657470498 92.6073422214847 92.8145944167513 92.699078290492 92.8572577370591 92.8951567586729 93.2792304685792 93.6582681575906 94.8358842042205 96.0449928428607 96.2462548476151
81.5766707252515 73.88799939735 0 89.3818913619656 86.9027061984258 90.6477292093444 91.9595827891888 90.9315953261369 92.4145328959537 92.6579687865725 92.2333046558351 92.4288221367644 92.248099803317 92.9204772670764 93.2950852102986 94.575695180571 95.8090669293322 96.0420184356355
89.5244964576347 89.115684439989 89.3818913619656 0 86.8982993539898 84.6740664140674 83.6462201585534 88.2097943381431 85.3461292680899 85.435034457386 88.274821385399 88.1935732997669 90.2980666863115 88.2870272611464 89.0119174309222 90.2375263928769 92.1236509701969 92.248099803317
89.8559233047754 88.0232945999633 86.9027061984258 86.8982993539898 0 83.3650302146739 87.2343245856202 82.3578348697387 87.5253596696042 88.0941738426833 85.7362389313191 86.2411831256943 85.5507332713282 87.3800786249876 87.9762509169206 90.3485019850597 92.208085065674 92.6312745675219
92.0277721317958 91.0478768742512 90.6477292093444 84.6740664140674 83.3650302146739 0 79.1123755294906 79.5610479654442 79.1951057561179 80.6618965372204 79.0724707021626 79.178079427437 84.0417671828947 80.4857622301273 82.116303724563 85.8106313438117 88.8651520972308 89.3475349130989
92.7281731704517 92.0994692639898 91.9595827891888 83.6462201585534 87.2343245856202 79.1123755294906 0 85.0356418600697 70.5368607017183 71.1011285421713 82.9899622532162 82.3859648733539 87.2749906725731 81.6326132525547 82.9968034780706 84.7627137179133 88.0198903710459 88.2584189716943
92.7531929436013 91.5886657470498 90.9315953261369 88.2097943381431 82.3578348697387 79.5610479654442 85.0356418600697 0 84.4555005891274 85.3208427639379 77.1541988707456 78.7941770170385 77.1326067056054 81.5996488244189 82.3200425081016 86.5172059563291 89.0894543832353 89.7725376994327
93.261345056313 92.6073422214847 92.4145328959537 85.3461292680899 87.5253596696042 79.1951057561179 70.5368607017183 84.4555005891274 0 64.9227372224544 81.4707886715895 80.5664367611964 86.5052286345651 79.1411292997019 80.8110544783965 82.9188992672694 86.8346629267729 87.1635819936093
93.4147193967429 92.8145944167513 92.6579687865725 85.435034457386 88.0941738426833 80.6618965372204 71.1011285421713 85.3208427639379 64.9227372224544 0 82.5503270148761 81.7043124276648 87.144380475246 80.2118660126983 81.5766707252515 82.9106243619669 86.7266613638171 86.9713210343571
93.62418251879 92.699078290492 92.2333046558351 88.274821385399 85.7362389313191 79.0724707021626 82.9899622532162 77.1541988707456 81.4707886715895 82.5503270148761 0 63.9536370923738 79.4497994875647 73.8213544350363 75.3930468815038 82.9178725892961 86.6499338359494 87.4995229711462
93.7378770334103 92.8572577370591 92.4288221367644 88.1935732997669 86.2411831256943 79.178079427437 82.3859648733539 78.7941770170385 80.5664367611964 81.7043124276648 63.9536370923738 0 80.6607330446118 70.4857622301273 73.1531736183419 81.9996956357271 86.1350517739506 86.9996193558102
93.9646654476188 92.8951567586729 92.248099803317 90.2980666863115 85.5507332713282 84.0417671828947 87.2749906725731 77.1326067056054 86.5052286345651 87.144380475246 79.4497994875647 80.6607330446118 0 82.7417264159659 82.6298464053177 86.3909048145619 88.5369933522933 89.3818913619656
94.0676812342815 93.2792304685792 92.9204772670764 88.2870272611464 87.3800786249876 80.4857622301273 81.6326132525547 81.5996488244189 79.1411292997019 80.2118660126983 73.8213544350363 70.4857622301273 82.7417264159659 0 67.1569710544874 79.58163148299 84.8615063718665 85.7677850549167
94.4304736104116 93.6582681575906 93.2950852102986 89.0119174309222 87.9762509169206 82.116303724563 82.9968034780706 82.3200425081016 80.8110544783965 81.5766707252515 75.3930468815038 73.1531736183419 82.6298464053177 67.1569710544874 0 78.1860958317419 83.9321933329903 85.0318942028191
95.4447500491587 94.8358842042205 94.575695180571 90.2375263928769 90.3485019850597 85.8106313438117 84.7627137179133 86.5172059563291 82.9188992672694 82.9106243619669 82.9178725892961 81.9996956357271 86.3909048145619 79.58163148299 78.1860958317419 0 78.340508797228 79.923268394788
96.5791541351737 96.0449928428607 95.8090669293322 92.1236509701969 92.208085065674 88.8651520972308 88.0198903710459 89.0894543832353 86.8346629267729 86.7266613638171 86.6499338359494 86.1350517739506 88.5369933522933 84.8615063718665 83.9321933329903 78.340508797228 0 69.6356543330438
96.7379676540289 96.2462548476151 96.0420184356355 92.248099803317 92.6312745675219 89.3475349130989 88.2584189716943 89.7725376994327 87.1635819936093 86.9713210343571 87.4995229711462 86.9996193558102 89.3818913619656 85.7677850549167 85.0318942028191 79.923268394788 69.6356543330438 0
