0 81.3295387552311 82.420100378145 84.2979161426279 82.9106243619669 89.0355663526282 87.8594558778782 85.2003092693599 84.7224732150787 86.0425632678336 85.8419224927017 88.1117143687293 86.8552758452515 87.5453491495408 89.6338933227531 91.7627214602688 91.3382714869934 91.9950314157273
81.3295387552311 0 79.2299361010872 73.8213544350363 76.9639370490137 84.8632678583311 82.420100378145 84.5832154332189 79.5155464653279 80.5425175432201 83.3830578468458 82.8884805545587 82.6331404607013 83.9536370923738 88.6738840693766 88.6628148391623 88.4691989231381 89.4809274664817
82.420100378145 79.2299361010872 0 79.9742370056535 69.6356543330438 87.7738075181225 85.5628220877716 77.8452979360192 73.9668892006653 78.5973020140672 76.3910085947227 84.4088227212188 79.4585858408981 80.738820882775 85.3649979935812 89.4630720885208 87.9199887622108 88.7429076482031
84.2979161426279 73.8213544350363 79.9742370056535 0 76.8982993539898 83.2478263495168 79.3756649167141 84.7635075614827 77.6607662657069 77.0885097270626 82.703000744488 79.1453517305904 80.2854961435503 81.9950314157273 88.2089792973565 86.9863602257105 86.7696515306304 88.0232945999633
82.9106243619669 76.9639370490137 69.6356543330438 76.8982993539898 0 86.6323912855628 84.0502702591676 80.3485019850597 70.2534719169051 75.9585351467537 77.7490970676629 82.7760355725621 78.1128587030963 79.9742370056535 86.0621707455228 88.6374077047684 87.2749906725731 88.251967056199
89.0355663526282 84.8632678583311 87.7738075181225 83.2478263495168 86.6323912855628 0 75.5523155632995 89.9579203496951 86.5420121605379 85.5368046062606 88.6338783254571 81.2493343553935 86.6621688627733 87.3242343555791 91.5653952239311 83.9204234685894 87.4570865748644 88.7429076482031
87.8594558778782 82.420100378145 85.5628220877716 79.3756649167141 84.0502702591676 75.5523155632995 0 88.1901910181076 83.7468332354435 82.2370740929909 86.4784632720512 75.5673171147236 83.83213099469 84.7544879428325 90.0735239732136 83.5346991617424 85.823200447028 87.3620425904971
85.2003092693599 84.5832154332189 77.8452979360192 84.7635075614827 80.3485019850597 89.9579203496951 88.1901910181076 0 80.2493019844512 82.454986334866 74.8572845602597 86.8861574238521 81.662644775624 81.7060996897762 81.6841840260165 90.6558161666947 88.447649622336 88.940188044825
84.7224732150787 79.5155464653279 73.9668892006653 77.6607662657069 70.2534719169051 86.5420121605379 83.7468332354435 80.2493019844512 0 70.9865508735604 75.5971656502182 81.6377732425274 73.6150544197642 76.5699843543615 85.1802281961459 87.9208598774116 86.0355534360688 87.1131217067281
86.0425632678336 80.5425175432201 78.5973020140672 77.0885097270626 75.9585351467537 85.5368046062606 82.2370740929909 82.454986334866 70.9865508735604 0 78.3073021585004 78.9188999082516 70.0814756595712 74.6969794444838 85.6836479351087 86.5982734344226 84.5420063644302 85.9123778274578
85.8419224927017 83.3830578468458 76.3910085947227 82.703000744488 77.7490970676629 88.6338783254571 86.4784632720512 74.8572845602597 75.5971656502182 78.3073021585004 0 84.5819866992904 76.4210841896122 76.4974899545786 81.8588058723085 89.1295543994929 86.4919761793629 87.2023690120245
88.1117143687293 82.8884805545587 84.4088227212188 79.1453517305904 82.7760355725621 81.2493343553935 75.5673171147236 86.8861574238521 81.6377732425274 78.9188999082516 84.5819866992904 0 80.5680626200037 81.6065963893544 88.5210920458533 82.5704242412388 83.0331223084966 85.0561662659079
86.8552758452515 82.6331404607013 79.4585858408981 80.2854961435503 78.1128587030963 86.6621688627733 83.83213099469 81.662644775624 73.6150544197642 70.0814756595712 76.4210841896122 80.5680626200037 0 67.0856947419166 84.2768637117576 86.8461811729156 83.8212800057131 85.095769134574
87.5453491495408 83.9536370923738 80.738820882775 81.9950314157273 79.9742370056535 87.3242343555791 84.7544879428325 81.7060996897762 76.5699843543615 74.6969794444838 76.4974899545786 81.6065963893544 67.0856947419166 0 83.323798167022 86.9643740851442 83.2401555589108 84.4088227212188
89.6338933227531 88.6738840693766 85.3649979935812 88.2089792973565 86.0621707455228 91.5653952239311 90.0735239732136 81.6841840260165 85.1802281961459 85.6836479351087 81.8588058723085 88.5210920458533 84.2768637117576 83.323798167022 0 90.9519258455283 87.6541394631225 87.5944545064845
91.7627214602688 88.6628148391623 89.4630720885208 86.9863602257105 88.6374077047684 83.9204234685894 83.5346991617424 90.6558161666947 87.9208598774116 86.5982734344226 89.1295543994929 82.5704242412388 86.8461811729156 86.9643740851442 90.9519258455283 0 82.1728055776484 83.9206824888556
91.3382714869934 88.4691989231381 87.9199887622108 86.7696515306304 87.2749906725731 87.4570865748644 85.823200447028 88.447649622336 86.0355534360688 84.5420063644302 86.4919761793629 83.0331223084966 83.8212800057131 83.2401555589108 87.6541394631225 82.1728055776484 0 71.5879170280032
91.9950314157273 89.4809274664817 88.7429076482031 88.0232945999633 88.251967056199 88.7429076482031 87.3620425904971 88.940188044825 87.1131217067281 85.9123778274578 87.2023690120245 85.0561662659079 85.095769134574 84.4088227212188 87.5944545064845 83.9206824888556 71.5879170280032 0
