0 74.3872598725851 80.715999260007 85.7548958440144 80.0814756595712 87.418778141556 89.4187181120375 88.5543425253154 85.3287606235951 84.3139343989393 86.7889107409908 88.651220424528 86.7514468623435 87.6243995150613 88.5150190578767 90.1762955422891 91.693328996376 88.6555361552294
74.3872598725851 0 81.2209091826396 86.0393941818496 73.7989102258118 87.4330442445644 89.4498326227015 88.4065647866336 84.2066957450215 81.1963957883817 85.9195436335469 88.2911348662345 84.8172353991213 85.5971656502182 87.4754622734875 89.6426912422026 91.3855979068609 86.8784130290517
80.715999260007 81.2209091826396 0 78.7608908822587 82.4447587542196 82.0312787631843 85.4527064701053 84.0608757462916 79.9850808185757 84.0268466216013 82.0323684124072 84.3757780177582 84.9192614761152 87.0178873678807 85.3681348263785 86.9747808619358 88.9132410411909 88.015631329007
85.7548958440144 86.0393941818496 78.7608908822587 0 86.4284596991444 73.1901813209 80.2352296922696 78.4638216139284 80.4905850455247 86.696370469958 80.5906463462703 80.2131671084375 86.2440528241078 88.4599765983439 84.5549470876843 84.5700464329907 86.3902173587608 89.1551959618225
80.0814756595712 73.7989102258118 82.4447587542196 86.4284596991444 0 87.5012746262924 89.4587442130932 88.2777174066446 83.2910400873432 76.6136007973246 85.1362843532686 87.9506448675613 82.4692779150087 83.0625479788191 86.3603773685769 89.0704658033877 91.026357377854 84.7327641218684
87.418778141556 87.4330442445644 82.0312787631843 73.1901813209 87.5012746262924 0 75.7863355292019 71.700358087651 80.7644758948699 87.2934343326986 79.5766401147347 75.8987805111985 86.2887491530314 88.5868648486252 83.4538177199175 82.253485422381 84.2611268854801 89.1606917746842
89.4187181120375 89.4498326227015 85.4527064701053 80.2352296922696 89.4587442130932 75.7863355292019 0 72.6703782056203 84.1519514072403 89.1263085065954 82.7896969197462 77.1342704420015 88.00013654503 89.9449078482675 84.8744685690951 81.6544614808 81.8371941366876 90.3411152494445
88.5543425253154 88.4065647866336 84.0608757462916 78.4638216139284 88.2777174066446 71.700358087651 72.6703782056203 0 81.557861926606 87.7593671230427 79.546717201444 70.4142326089626 86.3691018983393 88.6665542029632 82.5868656935784 79.6356543330438 81.9332335297458 89.1295543994929
85.3287606235951 84.2066957450215 79.9850808185757 80.4905850455247 83.2910400873432 80.7644758948699 84.1519514072403 81.557861926606 0 81.9193804244781 70.9865508735605 80.3937839656895 79.9742370056535 84.1239704853616 78.6957997331364 82.9953807752155 86.4578371154628 85.1757958751021
84.3139343989393 81.1963957883817 84.0268466216013 86.696370469958 76.6136007973246 87.2934343326986 89.1263085065954 87.7593671230427 81.9193804244781 0 83.6964506811521 87.1099557625265 77.0071507868401 77.6457956664753 84.1239704853616 87.8275353557611 90.1466578511299 80.5527990930723
86.7889107409908 85.9195436335469 82.0323684124072 80.5906463462703 85.1362843532686 79.5766401147347 82.7896969197462 79.546717201444 70.9865508735605 83.6964506811521 0 77.3531157222903 81.1011246996244 84.9383437488801 76.0621707455228 80.4905850455247 84.875578299347 85.7044043041359
88.651220424528 88.2911348662345 84.3757780177582 80.2131671084375 87.9506448675613 75.8987805111985 77.1342704420015 70.4142326089626 80.3937839656895 87.1099557625265 77.3531157222903 0 85.2787090180778 87.8256223094985 80.2886413556773 76.5734706020863 81.1146098262735 88.2647617434257
86.7514468623435 84.8172353991213 84.9192614761152 86.2440528241078 82.4692779150087 86.2887491530314 88.00013654503 86.3691018983393 79.9742370056535 77.0071507868401 81.1011246996244 85.2787090180778 0 75.9948369189331 79.8195101390914 85.4703994008443 88.43141718532 78.2511598923979
87.6243995150613 85.5971656502182 87.0178873678807 88.4599765983439 83.0625479788191 88.5868648486252 89.9449078482675 88.6665542029632 84.1239704853616 77.6457956664753 84.9383437488801 87.8256223094985 75.9948369189331 0 83.785387812752 87.7738075181225 90.1152402208497 69.6356543330438
88.5150190578767 87.4754622734875 85.3681348263785 84.5549470876843 86.3603773685769 83.4538177199175 84.8744685690951 82.5868656935784 78.6957997331364 84.1239704853616 76.0621707455228 80.2886413556773 79.8195101390914 83.785387812752 0 79.1123755294906 84.4224890007509 84.1613919743094
90.1762955422891 89.6426912422026 86.9747808619358 84.5700464329907 89.0704658033877 82.253485422381 81.6544614808 79.6356543330438 82.9953807752155 87.8275353557611 80.4905850455247 76.5734706020863 85.4703994008443 87.7738075181225 79.1123755294906 0 77.6457956664753 87.9486437055199
91.693328996376 91.3855979068609 88.9132410411909 86.3902173587608 91.026357377854 84.2611268854801 81.8371941366876 81.9332335297458 86.4578371154628 90.1466578511299 84.875578299347 81.1146098262735 88.43141718532 90.1152402208497 84.4224890007509 77.6457956664753 0 90.2119042252309
88.6555361552294 86.8784130290517 88.015631329007 89.1551959618225 84.7327641218684 89.1606917746842 90.3411152494445 89.1295543994929 85.1757958751021 80.5527990930723 85.7044043041359 88.2647617434257 78.2511598923979 69.6356543330438 84.1613919743094 87.9486437055199 90.2119042252309 0
