0 86.2028505482141 86.8784130290517 86.5840769255055 90.7719265588548 92.2742532382811 90.8298597763774 92.8292244712016 91.3982680426443 92.3310992930275 91.9570267682265 93.0388768477015 94.0628665970471 93.689435084209 93.7799670363223 93.9649140951442 94.4039314662598 94.6595564074942
86.2028505482141 0 64.9227372224544 82.6751998198568 90.2528274474093 90.9697486257344 85.8508536181825 91.3853915157534 86.2298106663125 90.1633214488167 85.8457319881969 89.7543344151704 92.0844257628046 89.7998493054555 89.8313078103008 89.7337221881064 91.9283899677472 92.3045155646988
86.8784130290517 64.9227372224544 0 83.361291448686 90.5170152200493 91.1286778400159 85.7570762624383 91.5106122647665 86.010790252519 90.2584243544002 85.2198208476034 89.6817033652136 92.1123445247269 89.5700178606102 89.580133814493 89.3905934154663 91.8849027535593 92.2646527373874
86.5840769255055 82.6751998198568 83.361291448686 0 85.5673171147236 87.0849242308258 82.9895016996626 87.873264374167 84.6430724922857 86.4210841896122 87.4735316467302 87.4417370589724 89.4943696171677 88.9678666444173 89.2021401250958 89.9267487930091 89.8887129856915 90.3230271652485
90.7719265588548 90.2528274474093 90.5170152200493 85.5673171147236 0 78.3073021585004 87.073847802779 81.0137644523067 88.27111673851 82.3859648733539 91.3072304223909 87.4268238183461 86.2527966999436 90.3235305306128 90.6806177226143 91.9183396580509 88.3564292247297 88.634894042878
92.2742532382811 90.9697486257344 91.1286778400159 87.0849242308258 78.3073021585004 0 86.3538211797164 69.6105970269164 87.4347424838621 76.706750637792 90.8737294538031 85.0546656238656 81.8882430555196 88.8946473809319 89.3456530853151 90.9372527529249 85.3978222783945 85.6913253237403
90.8298597763774 85.8508536181825 85.7570762624383 82.9895016996626 87.073847802779 86.3538211797164 0 86.5507701462811 70.943337135734 83.6467721777363 83.1270972807855 80.9302887188506 86.6323912855628 82.9106243619669 83.4112529566471 85.1845144662268 85.9721192194834 86.7060969681291
92.8292244712016 91.3853915157534 91.5106122647665 87.873264374167 81.0137644523067 69.6105970269164 86.5507701462811 0 87.491838041348 75.8763255085544 90.9142367982437 84.4651623168477 79.6648998632169 88.5475619699661 89.0247820624665 90.7274937949017 84.2008123485106 84.4521291944176
91.3982680426443 86.2298106663125 86.010790252519 84.6430724922857 88.27111673851 87.4347424838621 70.943337135734 87.491838041348 0 84.8629444691409 81.1785306623993 80.8422827729217 87.0775265860798 80.9994315893368 81.4642959876324 83.3427880900022 85.9478433620921 86.6856048061328
92.3310992930275 90.1633214488167 90.2584243544002 86.4210841896122 82.3859648733539 76.706750637792 83.6467721777363 75.8763255085544 84.8629444691409 0 89.22735792065 80.8773507236308 79.2226310875842 86.4444484826172 87.0382140342669 89.0758101447101 82.4108172720404 83.0838239298534
91.9570267682265 85.8457319881969 85.2198208476034 87.4735316467302 91.3072304223909 90.8737294538031 83.1270972807855 90.9142367982437 81.1785306623993 89.22735792065 0 86.4170876723084 90.4229157714127 83.5982938659772 83.2093361878076 81.3454034114811 89.2492238225855 89.7314264593261
93.0388768477015 89.7543344151704 89.6817033652136 87.4417370589724 87.4268238183461 85.0546656238656 80.9302887188506 84.4651623168477 80.8422827729217 80.8773507236308 86.4170876723084 0 81.8246980227395 80.0281873245205 81.247516180558 84.9894264640637 78.9413248758628 80.518418669853
94.0628665970471 92.0844257628046 92.1123445247269 89.4943696171677 86.2527966999436 81.8882430555196 86.6323912855628 79.6648998632169 87.0775265860798 79.2226310875842 90.4229157714127 81.8246980227395 0 86.593546419187 87.1804778393166 89.3510655439551 77.4231431620892 77.3851552355913
93.689435084209 89.7998493054555 89.5700178606102 88.9678666444173 90.3235305306128 88.8946473809319 82.9106243619669 88.5475619699661 80.9994315893368 86.4444484826172 83.5982938659772 80.0281873245205 86.593546419187 0 63.6552304986804 78.0428743007926 83.7280976140262 84.4938543781157
93.7799670363223 89.8313078103008 89.580133814493 89.2021401250958 90.6806177226143 89.3456530853151 83.4112529566471 89.0247820624665 81.4642959876324 87.0382140342669 83.2093361878076 81.247516180558 87.1804778393166 63.6552304986804 0 76.2581263061566 84.4786527265116 85.1626652685191
93.9649140951442 89.7337221881064 89.3905934154663 89.9267487930091 91.9183396580509 90.9372527529249 85.1845144662268 90.7274937949017 83.3427880900022 89.0758101447101 81.3454034114811 84.9894264640637 89.3510655439551 78.0428743007926 76.2581263061566 0 87.3072129938656 87.7864035964503
94.4039314662598 91.9283899677472 91.8849027535593 89.8887129856915 88.3564292247297 85.3978222783945 85.9721192194834 84.2008123485106 85.9478433620921 82.4108172720404 89.2492238225855 78.9413248758628 77.4231431620892 83.7280976140262 84.4786527265116 87.3072129938656 0 64.9227372224544
94.6595564074942 92.3045155646988 92.2646527373874 90.3230271652485 88.634894042878 85.6913253237403 86.7060969681291 84.4521291944176 86.6856048061328 83.0838239298534 89.7314264593261 80.518418669853 77.3851552355913 84.4938543781157 85.1626652685191 87.7864035964503 64.9227372224544 0
