0 83.0196808096236 84.3059326558759 89.0112398515747 85.1460680233955 85.5851408790376 86.1297923790371 87.7705191875684 90.3629213010421 91.2408263214024 89.3966735100296 91.7239158055259 92.361172967689 92.6049730732124 94.7744861891547 95.294451466999 95.6857371097865 96.1380834109459
83.0196808096236 0 67.9330371790942 83.091775616211 73.1762731986633 79.1468356499009 83.8879993973499 82.7892620023775 85.7634929002411 87.210845672568 88.8201362033227 91.3295387552311 91.2241465162046 91.5653952239311 93.0411672842192 93.8714337899069 94.1978632532751 95.3772780793096
84.3059326558759 67.9330371790942 0 81.9401435468265 66.516105156811 77.5147055537321 83.447537158823 81.3750346138805 84.575695180571 86.2170579640101 88.5775847344272 91.1136705287218 90.8639247946109 91.2266091204097 92.5939989196316 93.4895428788343 93.8118941948611 95.1262236287349
89.0112398515747 83.091775616211 81.9401435468265 0 81.4325590685538 84.2823241255641 87.7139289096556 84.3312212361308 81.2209091826396 82.9463689655499 90.9542300344766 92.7554826206382 91.9991080691338 92.3358293114501 92.2819183877674 93.4291995742851 93.5433215903465 95.5550788166405
85.1460680233955 73.1762731986633 66.516105156811 81.4325590685538 0 75.6854997764966 82.8652243489911 79.7799514872702 83.5265122141266 85.3588685583724 88.222814231182 90.8131271642025 90.4455248021527 90.8303580441102 92.1571826205153 93.1061121919914 93.4348313361792 94.848802534622
85.5851408790376 79.1468356499009 77.5147055537321 84.2823241255641 75.6854997764966 0 78.1254112572269 74.7635075614827 83.6725822927153 85.3620158145569 85.9084823227115 89.1405095609065 88.765912872367 89.2229808164125 91.2496034345005 92.1825821910964 92.6300794314048 93.9222547772806
86.1297923790371 83.8879993973499 83.447537158823 87.7139289096556 82.8652243489911 78.1254112572269 0 79.4989605921797 86.4284596991444 87.4908764682633 81.5748606475463 86.5304228410657 86.7450217849629 87.2598037653182 90.8961782126266 91.5987608409254 92.2345452712684 92.9528808018178
87.7705191875684 82.7892620023775 81.3750346138805 84.3312212361308 79.7799514872702 74.7635075614827 79.4989605921797 0 81.2334969387451 83.1457926690537 85.5673171147236 88.6171667883888 87.6327844803114 88.1743129476851 89.884885698428 91.0279153225508 91.4929130958581 93.1884087830048
90.3629213010421 85.7634929002411 84.575695180571 81.2209091826396 83.5265122141266 83.6725822927153 86.4284596991444 81.2334969387451 0 70.943337135734 89.3321684083944 91.1086565453067 89.6982280281356 90.1288824412368 89.4313841462521 91.004144962895 91.1363161880254 93.8382949506415
91.2408263214024 87.210845672568 86.2170579640101 82.9463689655499 85.3588685583724 85.3620158145569 87.4908764682633 83.1457926690537 70.943337135734 0 89.8486494571912 91.3761737914398 89.7962838360026 90.2119042252309 88.8108513571896 90.5627659671479 90.6027831310762 93.6773441349147
89.3966735100296 88.8201362033227 88.5775847344272 90.9542300344766 88.222814231182 85.9084823227115 81.5748606475463 85.5673171147236 89.3321684083944 89.8486494571912 0 79.4467750649544 82.3859648733539 82.8998062176506 90.1134199279267 90.3385814585595 91.2940305799451 90.8737294538031
91.7239158055259 91.3295387552311 91.1136705287218 92.7554826206382 90.8131271642025 89.1405095609065 86.5304228410657 88.6171667883888 91.1086565453067 91.3761737914398 79.4467750649544 0 79.5608167546191 79.2299361010872 89.6497167678421 89.3274199206759 90.5367741127451 88.6868911780265
92.361172967689 91.2241465162046 90.8639247946109 91.9991080691338 90.4455248021527 88.765912872367 86.7450217849629 87.6327844803114 89.6982280281356 89.7962838360026 82.3859648733539 79.5608167546191 0 63.9400928495348 86.3981254815334 86.1507328078782 87.7783103125321 87.1185824845969
92.6049730732124 91.5653952239311 91.2266091204097 92.3358293114501 90.8303580441102 89.2229808164125 87.2598037653182 88.1743129476851 90.1288824412368 90.2119042252309 82.8998062176506 79.2299361010872 63.9400928495348 0 86.5662657802988 86.108690874692 87.7890232388295 86.6234373216768
94.7744861891547 93.0411672842192 92.5939989196316 92.2819183877674 92.1571826205153 91.2496034345005 90.8961782126266 89.884885698428 89.4313841462521 88.8108513571896 90.1134199279267 89.6497167678421 86.3981254815334 86.5662657802988 0 76.5662657802988 76.2372185977289 87.6641470784625
95.294451466999 93.8714337899069 93.4895428788343 93.4291995742851 93.1061121919914 92.1825821910964 91.5987608409254 91.0279153225508 91.004144962895 90.5627659671479 90.3385814585595 89.3274199206759 86.1507328078782 86.108690874692 76.5662657802988 0 73.2969524191558 84.9974569878892
95.6857371097865 94.1978632532751 93.8118941948611 93.5433215903465 93.4348313361792 92.6300794314048 92.2345452712684 91.4929130958581 91.1363161880254 90.6027831310762 91.2940305799451 90.5367741127451 87.7783103125321 87.7890232388295 76.2372185977289 73.2969524191558 0 86.5662657802988
96.1380834109459 95.3772780793096 95.1262236287349 95.5550788166405 94.848802534622 93.9222547772806 92.9528808018178 93.1884087830048 93.8382949506415 93.6773441349147 90.8737294538031 88.6868911780265 87.1185824845969 86.6234373216768 87.6641470784625 84.9974569878892 86.5662657802988 0
