0 90.1052437355394 90.4649628778786 93.4558247587925 93.7164489274743 94.0864343581825 94.6807303192485 95.2808755109016 95.0543127908168 95.9791962799101 95.4339054058322 96.419115269792 96.0990291469718 96.4968213200399 96.3464370044412 96.4172685964184 96.5755366915039 96.6819122875553
90.1052437355394 0 85.16595164387 93.9910420209666 94.3493644583015 93.1741411140456 92.1503922923168 92.2614478484374 94.7254986332328 93.6941166202281 94.6324503368606 93.7347572006504 96.107368620208 94.8667886893461 95.4699939075094 95.3725225894324 95.8955880367962 95.9195436335469
90.4649628778786 85.16595164387 0 90.2604578063016 90.8128450143192 88.7723611954805 87.5784618398856 88.3390605802349 91.2135696816211 90.2347384298857 91.094532101405 90.7008710260969 93.2139730591623 91.7191961994065 92.3634833977358 92.2595237792253 92.9455473976528 92.9937559283477
93.4558247587925 93.9910420209666 90.2604578063016 0 66.625354376404 81.6951556819209 88.0908247429846 89.9704352654328 80.8600272095335 89.5183872229946 83.9765630038143 91.1544028200552 84.4786527265116 88.940188044825 86.707143160602 87.3031982537424 86.8982993539898 87.3511319091826
93.7164489274743 94.3493644583015 90.8128450143192 66.625354376404 0 82.6751998198568 88.6252767520647 90.3930962198545 80.8110544783965 89.8519785263956 84.1606820046787 91.4498409443732 83.785387812752 89.1361436054588 86.689913171967 87.3501386685107 86.7468837467999 87.2353937067571
94.0864343581825 93.1741411140456 88.7723611954805 81.6951556819209 82.6751998198568 0 82.5809123755536 85.8005514005498 79.2428040951504 85.0767347668824 78.9226822458214 87.6131943190306 85.4304003347848 84.8913549073611 83.6424778041326 83.8525827295616 84.8615063718665 85.1329754427702
94.6807303192485 92.1503922923168 87.5784618398856 88.0908247429846 88.6252767520647 82.5809123755536 0 75.8005514005498 86.4309154214711 78.8850457275157 84.7205334277093 82.0727368965748 89.4412153781109 83.447537158823 86.2632649656236 85.6854997764966 87.5944545064845 87.4889526831515
95.2808755109016 92.2614478484374 88.3390605802349 89.9704352654328 90.3930962198545 85.8005514005498 75.8005514005498 0 88.43141718532 77.9157592735278 86.8670367956159 78.2753097867997 90.7669541520655 84.1114246562642 87.6434703911035 86.9834364598563 88.8143980660997 88.6341550069162
95.0543127908168 94.7254986332328 91.2135696816211 80.8600272095335 80.8110544783965 79.2428040951504 86.4309154214711 88.43141718532 0 86.9981615748475 74.9118068758885 89.1865483842417 79.5765657369386 85.2408599357581 80.539124662236 81.828241837558 80.9822487981031 81.8069354424815
95.9791962799101 93.6941166202281 90.2347384298857 89.5183872229946 89.8519785263956 85.0767347668824 78.8850457275157 77.9157592735278 86.9981615748475 0 84.7109310897828 76.1440873463127 89.308511558975 78.4460128173207 84.8825972015924 83.7960479354992 86.4259319478595 86.0937905065651
95.4339054058322 94.6324503368606 91.094532101405 83.9765630038143 84.1606820046787 78.9226822458214 84.7205334277093 86.8670367956159 74.9118068758885 84.7109310897828 0 87.449242065953 81.9428338238455 82.0908243439102 76.3340981236618 77.5373027967575 78.7656807273921 79.3158985965401
96.419115269792 93.7347572006504 90.7008710260969 91.1544028200552 91.4498409443732 87.6131943190306 82.0727368965748 78.2753097867997 89.1865483842417 76.1440873463127 87.449242065953 0 90.9800961612219 82.4692779150087 87.3666649089904 86.4979093077805 88.5127394962013 88.2000037388758
96.0990291469718 96.107368620208 93.2139730591623 84.4786527265116 83.785387812752 85.4304003347848 89.4412153781109 90.7669541520655 79.5765657369386 89.308511558975 81.9428338238455 90.9800961612219 0 87.2169957016613 82.0711782042476 83.5725918290523 80.3534795727897 81.4741215705682
96.4968213200399 94.8667886893461 91.7191961994065 88.940188044825 89.1361436054588 84.8913549073611 83.447537158823 84.1114246562642 85.2408599357581 78.4460128173207 82.0908243439102 82.4692779150087 87.2169957016613 0 80.3293751833101 78.103370572082 82.6017133826353 81.9124372658146
96.3464370044412 95.4699939075094 92.3634833977358 86.707143160602 86.689913171967 83.6424778041326 86.2632649656236 87.6434703911035 80.539124662236 84.8825972015924 76.3340981236618 87.3666649089904 82.0711782042476 80.3293751833101 0 67.5905645089242 70.8299383285457 70.0404405884408
96.4172685964184 95.3725225894324 92.2595237792253 87.3031982537424 87.3501386685107 83.8525827295616 85.6854997764966 86.9834364598563 81.828241837558 83.7960479354992 77.5373027967575 86.4979093077805 83.5725918290523 78.103370572082 67.5905645089242 0 74.8349979793794 73.447537158823
96.5755366915039 95.8955880367962 92.9455473976528 86.8982993539898 86.7468837467999 84.8615063718665 87.5944545064845 88.8143980660997 80.9822487981031 86.4259319478595 78.7656807273921 88.5127394962013 80.3534795727897 82.6017133826353 70.8299383285457 74.8349979793794 0 63.2478263495168
96.6819122875553 95.9195436335469 92.9937559283477 87.3511319091826 87.2353937067571 85.1329754427702 87.4889526831515 88.6341550069162 81.8069354424815 86.0937905065651 79.3158985965401 88.2000037388758 81.4741215705682 81.9124372658146 70.0404405884408 73.447537158823 63.2478263495168 0
