0 88.7429076482031 73.6150544197642 79.3255293548103 84.0075874112409 84.7904545651168 90.3123024847997 90.8701975273553 90.5925300786004 91.5747935068004 90.9176378737087 93.6952985535903 93.6634687730012 93.6704701831636 94.2724757633342 94.4166372889035 93.0973331466729 93.1026194291332
88.7429076482031 0 88.4530469801072 90.0485139909067 85.0257367888525 91.0843403509302 90.2847589517844 90.0740545388265 93.2531878528696 90.7406414423569 92.4790469500718 91.7017253954809 91.7707305442653 92.0977449353729 92.1769125725536 92.3875223217547 94.1808068928841 94.2295792106361
73.6150544197642 88.4530469801072 0 75.6854997764966 81.8069354424815 82.5570171580838 88.9608123358018 89.636827943325 89.3924558748554 90.4372372021832 89.6648998632169 92.8634330622707 92.8221477211342 92.8114787632827 93.5044847224345 93.6582681575906 92.1471019331784 92.1556516872302
79.3255293548103 90.0485139909067 75.6854997764966 0 83.9405886754904 78.2993261327158 88.6565538725739 89.5166621000467 87.9443141818646 90.273145354966 88.6957997331364 92.9039930668971 92.8416508533124 92.7601546075082 93.5612724311821 93.700825980526 91.350942378021 91.3454034114811
84.0075874112409 85.0257367888525 81.8069354424815 83.9405886754904 0 85.1757958751021 86.0064042473147 86.4797404980476 89.2357314171479 87.6457956664753 88.4761028375782 90.4372372021832 90.4168430140388 90.5186856257833 91.2308644166601 91.4452006324876 91.2396095262082 91.2840039217096
84.7904545651168 91.0843403509302 82.5570171580838 78.2993261327158 85.1757958751021 0 86.9305116564478 88.1432753994101 84.5016820945834 88.9021373091748 85.9621420732846 92.045866309268 91.9501786850477 91.767343316868 92.7775336914564 92.9092436769071 89.3040452248854 89.2849999751602
90.3123024847997 90.2847589517844 88.9608123358018 88.6565538725739 86.0064042473147 86.9305116564478 0 71.2715019361732 85.2237321490192 75.0614192620172 80.9627816268924 85.0454276337933 84.8118924275813 84.3872598725851 86.6029953102007 86.8562981797383 85.4326185539373 85.58699943789
90.8701975273553 90.0740545388265 89.636827943325 89.5166621000467 86.4797404980476 88.1432753994101 71.2715019361732 0 86.728583188484 69.6356543330438 83.091775616211 83.2222041818708 82.9726284678403 82.6336177960428 85.1093733096727 85.435034457386 86.2581263061566 86.4210841896122
90.5925300786004 93.2531878528696 89.3924558748554 87.9443141818646 89.2357314171479 84.5016820945834 85.2237321490192 86.728583188484 0 86.965022649524 78.1117143687293 90.5779097369011 90.3995893600208 89.922556310933 91.3696203275699 91.4486813311353 82.6017133826353 82.4692779150087
91.5747935068004 90.7406414423569 90.4372372021832 90.273145354966 87.6457956664753 88.9021373091748 75.0614192620172 69.6356543330438 86.965022649524 0 83.201597050353 81.8069354424815 81.4350585337178 80.7572860868852 83.9753867962151 84.2979161426279 85.6825840698956 85.8737330189105
90.9176378737087 92.4790469500718 89.6648998632169 88.6957997331364 88.4761028375782 85.9621420732846 80.9627816268924 83.091775616211 78.1117143687293 83.201597050353 0 88.2171228302489 87.9816285091648 87.350575833362 89.24178667255 89.3450256281416 80.1445703986413 80.237526392877
93.6952985535903 91.7017253954809 92.8634330622707 92.9039930668971 90.4372372021832 92.045866309268 85.0454276337933 83.2222041818708 90.5779097369011 81.8069354424815 88.2171228302489 0 58.2697049907987 70.5616360026913 70.9242983294298 72.5570171580838 88.6738840693766 88.8306757240111
93.6634687730012 91.7707305442653 92.8221477211342 92.8416508533124 90.4168430140388 91.9501786850477 84.8118924275813 82.9726284678403 90.3995893600208 81.4350585337178 87.9816285091648 58.2697049907987 0 68.1860958317419 72.0827706588024 73.2948094720353 88.4121730977321 88.5738283422127
93.6704701831636 92.0977449353729 92.8114787632827 92.7601546075082 90.5186856257833 91.767343316868 84.3872598725851 82.6336177960428 89.922556310933 80.7572860868852 87.350575833362 70.5616360026913 68.1860958317419 0 75.2408599357581 75.5976450402858 87.5966966968248 87.7748215099097
94.2724757633342 92.1769125725536 93.5044847224345 93.5612724311821 91.2308644166601 92.7775336914564 86.6029953102007 85.1093733096727 91.3696203275699 83.9753867962151 89.24178667255 70.9242983294298 72.0827706588024 75.2408599357581 0 59.9789253644525 89.4420529740484 89.5867281754235
94.4166372889035 92.3875223217547 93.6582681575906 93.700825980526 91.4452006324876 92.9092436769071 86.8562981797383 85.435034457386 91.4486813311353 84.2979161426279 89.3450256281416 72.5570171580838 73.2948094720353 75.5976450402858 59.9789253644525 0 89.444283079601 89.5890412042683
93.0973331466729 94.1808068928841 92.1471019331784 91.350942378021 91.2396095262082 89.3040452248854 85.4326185539373 86.2581263061566 82.6017133826353 85.6825840698956 80.1445703986413 88.6738840693766 88.4121730977321 87.5966966968248 89.4420529740484 89.444283079601 0 53.9536370923738
93.1026194291332 94.2295792106361 92.1556516872302 91.3454034114811 91.2840039217096 89.2849999751602 85.58699943789 86.4210841896122 82.4692779150087 85.8737330189105 80.237526392877 88.8306757240111 88.5738283422127 87.7748215099097 89.5867281754235 89.5890412042683 53.9536370923738 0
