0 85.4719304936925 90.0308673275794 90.4078597858648 92.0817683251089 93.9708981319824 92.5344953540117 93.7611678507985 92.7356943477188 94.4099407406936 94.5007249717544 93.1925505915743 93.4558247587925 93.7666121281193 93.8734250023197 94.093533209467 94.2660317582999 94.1406420790363
85.4719304936925 0 84.8065428746745 84.0417671828947 87.9016548640009 91.0027794013058 87.4947214838478 90.2272956583012 87.8025450576794 91.4238229789771 91.3706669319512 88.6957997331364 89.0355663526282 89.546717201444 89.7952525418025 90.153381856267 90.3732335044019 90.2380372975089
90.0308673275794 84.8065428746745 0 76.5662657802988 78.5626155199393 85.3449649921317 84.9607879581046 84.7200415290772 86.4210841896122 86.3757350005538 86.6112462595499 88.6738840693766 87.5529400534949 88.1233688184042 89.4589779583689 89.8253270855509 88.1177522459886 89.966086340479
90.4078597858648 84.0417671828947 76.5662657802988 0 79.8026005337483 86.1921907646875 81.2331141878218 84.3852942944484 83.1990142701287 86.7054146723969 86.5075683494469 86.213187821334 84.9192614761152 85.7159970899826 87.2840773906087 87.7592371007289 86.076522057554 87.9330371790942
92.0817683251089 87.9016548640009 78.5626155199393 79.8026005337483 0 80.6077362233031 83.7491208394148 78.922933573106 85.6562542463234 81.9529168690335 82.2337877346136 88.3279715303536 86.4394995309249 86.9574177410809 88.8567341753854 89.1993644416277 86.2550882480419 89.3625602525285
93.9708981319824 91.0027794013058 85.3449649921317 86.1921907646875 80.6077362233031 0 87.1450860418739 77.3368977234903 88.431452514946 71.6251957531956 76.6510583966381 90.4203390082349 88.597093372804 88.8377661555881 90.5847361005281 90.802090708818 87.5944545064845 90.937847516189
92.5344953540117 87.4947214838478 84.9607879581046 81.2331141878218 83.7491208394148 87.1450860418739 0 84.0735682389664 71.5879170280032 86.8477906991433 85.9539297579115 80.6188168979226 75.7863355292019 77.8452979360192 81.8810549507213 82.6736219557314 79.408934883183 83.0088975767243
93.7611678507985 90.2272956583012 84.7200415290772 84.3852942944484 78.922933573106 77.3368977234903 84.0735682389664 0 85.7777836167194 75.5962614185887 73.2478263495168 88.3311427205777 85.8695443561659 86.1677794707972 88.4784017056437 88.7443165704729 84.4222086425791 88.9153198341236
92.7356943477188 87.8025450576794 86.4210841896122 83.1990142701287 85.6562542463234 88.431452514946 71.5879170280032 85.7777836167194 0 88.103467246537 87.2598037653182 76.8316543916761 71.4741215705682 74.7814907955383 78.9021373091748 80.0556137372404 79.2686352328659 80.4905850455247
94.4099407406936 91.4238229789771 86.3757350005538 86.7054146723969 81.9529168690335 71.6251957531956 86.8477906991433 75.5962614185887 88.103467246537 0 70.4986030183083 90.0970758190796 88.1001448477492 88.2834227515594 90.1599581133878 90.3589483380947 86.7548660553969 90.4989821845868
94.5007249717544 91.3706669319512 86.6112462595499 86.5075683494469 82.2337877346136 76.6510583966381 85.9539297579115 73.2478263495168 87.2598037653182 70.4986030183083 0 89.3706773252167 87.1269564468328 87.2820597623173 89.3675571693105 89.5666085189023 85.4368612029831 89.7176265436162
93.1925505915743 88.6957997331364 88.6738840693766 86.213187821334 88.3279715303536 90.4203390082349 80.6188168979226 88.3311427205777 76.8316543916761 90.0970758190796 89.3706773252167 0 76.706750637792 77.0711757029314 71.4741215705682 73.9649931670758 82.0066909149796 74.4651623168477
93.4558247587925 89.0355663526282 87.5529400534949 84.9192614761152 86.4394995309249 88.597093372804 75.7863355292019 85.8695443561659 71.4741215705682 88.1001448477492 87.1269564468328 76.706750637792 0 64.9227372224544 76.8316543916761 77.9775823818046 75.8296352380303 78.5626155199393
93.7666121281193 89.546717201444 88.1233688184042 85.7159970899826 86.9574177410809 88.8377661555881 77.8452979360192 86.1677794707972 74.7814907955383 88.2834227515594 87.2820597623173 77.0711757029314 64.9227372224544 0 75.9539297579115 76.9326801643852 74.7460416086006 77.5803463896305
93.8734250023197 89.7952525418025 89.4589779583689 87.2840773906087 88.8567341753854 90.5847361005281 81.8810549507213 88.4784017056437 78.9021373091748 90.1599581133878 89.3675571693105 71.4741215705682 76.8316543916761 75.9539297579115 0 62.571080044195 81.0693824565698 65.0930706154422
94.093533209467 90.153381856267 89.8253270855509 87.7592371007289 89.1993644416277 90.802090708818 82.6736219557314 88.7443165704729 80.0556137372404 90.3589483380947 89.5666085189023 73.9649931670758 77.9775823818046 76.9326801643852 62.571080044195 0 81.3769599159453 54.8412295769993
94.2660317582999 90.3732335044019 88.1177522459886 86.076522057554 86.2550882480419 87.5944545064845 79.408934883183 84.4222086425791 79.2686352328659 86.7548660553969 85.4368612029831 82.0066909149796 75.8296352380303 74.7460416086006 81.0693824565698 81.3769599159453 0 81.732813798804
94.1406420790363 90.2380372975089 89.966086340479 87.9330371790942 89.3625602525285 90.937847516189 83.0088975767243 88.9153198341236 80.4905850455247 90.4989821845868 89.7176265436162 74.4651623168477 78.5626155199393 77.5803463896305 65.0930706154422 54.8412295769993 81.732813798804 0
