0 71.8528484858058 78.103370572082 80.5289759679537 82.1523653118793 85.4288545277498 83.1391823978766 83.0625479788191 84.1323142820089 88.6200893760136 85.8987805111985 86.5698338578532 88.8986615628356 86.213187821334 87.4889526831515 86.6536581427657 86.9257690522703 87.0098711713273
71.8528484858058 0 75.135149931132 80.1919763481143 78.993087966367 83.4388314193483 80.5008041560269 80.8771284522223 81.8871398566055 87.3387568092508 84.9881510655216 85.9435784350017 87.6057330132859 85.0084148715053 85.9243450693767 85.0612171811727 85.8913675043623 85.5613227109851
78.103370572082 75.135149931132 0 75.1757958751021 79.0924689484848 83.6033008406848 78.1860958317419 76.2196361444474 79.3443980803016 87.5453491495408 81.6251957531956 83.0088975767243 87.4570865748645 81.8810549507213 85.0964100579897 83.0796491152189 83.051870788883 83.4126691798985
80.5289759679537 80.1919763481143 75.1757958751021 0 83.2834453116058 86.2581263061566 82.1654959184623 79.6239007539644 82.5057990397075 89.3002428506583 80.1912970937131 80.855597892659 89.1123755294906 81.9124372658146 86.9780287330724 84.7382546853604 82.6751998198568 84.6731312845115
82.1523653118793 78.993087966367 79.0924689484848 83.2834453116058 0 75.9126336164662 72.5570171580838 78.103370572082 75.7863355292019 83.4864004590469 84.5321991797927 85.9539297579115 83.6337942323103 83.4181597425046 80.8776994407101 80.8870480110305 84.575695180571 82.1407170344519
85.4288545277498 83.4388314193483 83.6033008406848 86.2581263061566 75.9126336164662 0 78.3073021585004 81.9401435468265 79.0924689484848 78.7966354858417 86.3852582433843 87.627196302634 79.2684262627964 85.042668369047 77.3082160992677 81.0773185011147 85.9539297579115 82.5739671795454
83.1391823978766 80.5008041560269 78.1860958317419 82.1654959184623 72.5570171580838 78.3073021585004 0 72.6751998198568 66.2581263061566 84.3616377049391 82.2531040517902 84.1260579378503 83.9296849669784 80.5289759679537 79.8864977625784 77.4756388596988 82.099442252477 78.9939760270768
83.0625479788191 80.8771284522223 76.2196361444474 79.6239007539644 78.103370572082 81.9401435468265 72.6751998198568 0 71.9124372658146 86.2734273606889 78.9021373091748 81.4741215705682 85.7520263726057 77.1342704420015 82.1654959184623 77.9828353357204 79.3443980803016 78.4260340436241
84.1323142820089 81.8871398566055 79.3443980803016 82.5057990397075 75.7863355292019 79.0924689484848 66.2581263061566 71.9124372658146 0 84.4786527265116 81.4741215705682 83.555965823659 83.778610784351 79.1453517305904 79.0724707021626 74.8107463998297 80.9302887188506 76.7179654895921
88.6200893760136 87.3387568092508 87.5453491495408 89.3002428506583 83.4864004590469 78.7966354858417 84.3616377049391 86.2734273606889 84.4786527265116 0 89.0112398515747 89.9579203496951 72.0827706588024 87.8452979360192 79.9579203496951 84.5025485106694 88.43141718532 85.4884194881654
85.8987805111985 84.9881510655216 81.6251957531956 80.1912970937131 84.5321991797927 86.3852582433843 82.2531040517902 78.9021373091748 81.4741215705682 89.0112398515747 0 70.237526392877 88.3760823708534 72.3105428072981 85.5971656502182 81.7091443758267 71.9124372658146 80.6984596384005
86.5698338578532 85.9435784350017 83.0088975767243 80.855597892659 85.9539297579115 87.627196302634 84.1260579378503 81.4741215705682 83.555965823659 89.9579203496951 70.237526392877 0 89.3818913619656 77.0711757029314 86.9476203930553 83.7064592001276 75.9126336164662 82.8345559673458
88.8986615628356 87.6057330132859 87.4570865748645 89.1123755294906 83.6337942323103 79.2684262627964 83.9296849669784 85.7520263726057 83.778610784351 72.0827706588024 88.3760823708534 89.3818913619656 0 87.0178873678807 77.1861580940907 83.0915699059347 87.59539342008 84.1494965876853
86.213187821334 85.0084148715053 81.8810549507213 81.9124372658146 83.4181597425046 85.042668369047 80.5289759679537 77.1342704420015 79.1453517305904 87.8452979360192 72.3105428072981 77.0711757029314 87.0178873678807 0 83.6408008670417 78.2889789015468 66.5063621434069 76.5667956188119
87.4889526831515 85.9243450693767 85.0964100579897 86.9780287330724 80.8776994407101 77.3082160992677 79.8864977625784 82.1654959184623 79.0724707021626 79.9579203496951 85.5971656502182 86.9476203930553 77.1861580940907 83.6408008670417 0 76.957142191559 84.4786527265116 79.0302649977489
86.6536581427657 85.0612171811727 83.0796491152189 84.7382546853604 80.8870480110305 81.0773185011147 77.4756388596988 77.9828353357204 74.8107463998297 84.5025485106694 81.7091443758267 83.7064592001276 83.0915699059347 78.2889789015468 76.957142191559 0 79.7374940184341 66.625354376404
86.9257690522703 85.8913675043623 83.051870788883 82.6751998198568 84.575695180571 85.9539297579115 82.099442252477 79.3443980803016 80.9302887188506 88.43141718532 71.9124372658146 75.9126336164662 87.59539342008 66.5063621434069 84.4786527265116 79.7374940184341 0 78.0010913947359
87.0098711713273 85.5613227109851 83.4126691798985 84.6731312845115 82.1407170344519 82.5739671795454 78.9939760270768 78.4260340436241 76.7179654895921 85.4884194881654 80.6984596384005 82.8345559673458 84.1494965876853 76.5667956188119 79.0302649977489 66.625354376404 78.0010913947359 0
