0 85.2198208476034 77.7285209261352 83.6501254971811 83.2222041818708 86.5087742205692 90.2908823992126 90.3930962198545 89.4017562099516 93.2897752133517 92.2004263954606 91.0028600046079 93.6449289797541 92.3862764077193 93.6451442032523 92.5161859198503 92.7460299124228 92.3912579207112
85.2198208476034 0 83.785387812752 80.5622918724125 87.3471575828297 84.7904545651168 87.178550471917 88.6906959612515 90.8684304864118 90.7150838959359 90.2036731025225 91.0365710695442 91.6204631488454 91.7711908388985 91.9910003387178 92.0269145003941 92.21762491425 92.8281220948734
77.7285209261352 83.785387812752 0 78.607465606858 79.1453517305904 82.6135550936366 88.0698303732385 88.0941738426833 87.4298640870463 91.794101250455 90.3970380806371 89.0355663526282 92.1597958704486 90.6560956231151 92.1364055829381 90.8303696999346 91.1044737993231 90.8776994407101
83.6501254971811 80.5622918724125 78.607465606858 0 82.6488877209461 77.7647878994723 84.945086164495 85.7620612388407 87.7056993033671 89.8352332562048 88.4018890874713 88.2032697249812 90.4535650847851 89.5214849154441 90.5861441560583 89.8015496868263 90.0782967319053 90.521324885034
83.2222041818708 87.3471575828297 79.1453517305904 82.6488877209461 0 82.4784370287424 88.0588446551638 87.1342704420015 83.5392759245935 91.700631133143 89.8155704493593 86.7548660553969 91.7724773762748 89.1473223627738 91.5148642851187 89.2596041776204 89.6032551369968 88.7110751598551
86.5087742205692 84.7904545651168 82.6135550936366 77.7647878994723 82.4784370287424 0 81.7870493272025 81.6177655634978 85.4673355948484 88.2293095695683 85.8415162187485 85.2440876912534 88.6511593298837 86.9257690522703 88.6148773019999 87.3038686859577 87.6689334133668 88.447649622336
90.2908823992126 87.178550471917 88.0698303732385 84.945086164495 88.0588446551638 81.7870493272025 0 77.3081224511354 88.1957463097413 82.6527695379482 79.5899448464987 85.8440543563768 83.9384101227389 85.4566122511177 84.5719301653208 86.1020755728508 86.3239879700406 88.8984622529115
90.3930962198545 88.6906959612515 88.0941738426833 85.7620612388407 87.1342704420015 81.6177655634978 77.3081224511354 0 85.7863355292019 84.4166372889035 78.3073021585004 81.8069354424815 84.1189902399447 81.5766707252515 83.6022162549814 82.5034706281235 82.9436298012717 86.2440528241078
89.4017562099516 90.8684304864118 87.4298640870463 87.7056993033671 83.5392759245935 85.4673355948484 88.1957463097413 85.7863355292019 0 91.0653800960415 88.444562403568 80.4372372021832 90.559643445695 85.2585829776085 89.8123816839647 85.1047999364651 85.6282873808047 82.1259843966288
93.2897752133517 90.7150838959359 91.794101250455 89.8352332562048 91.700631133143 88.2293095695683 82.6527695379482 84.4166372889035 91.0653800960415 0 79.5765657369386 88.5663707686117 75.5213966701879 86.7548660553969 80.3078360119979 87.2997482343837 87.2272264362371 90.4440634332356
92.2004263954606 90.2036731025225 90.3970380806371 88.4018890874713 89.8155704493593 85.8415162187485 79.5899448464987 78.3073021585004 88.444562403568 79.5765657369386 0 84.7544879428325 77.8883170440749 82.1027689051246 77.5501042964813 83.0585300401355 83.0811701290871 87.5972706385311
91.0028600046079 91.0365710695442 89.0355663526282 88.2032697249812 86.7548660553969 85.2440876912534 85.8440543563768 81.8069354424815 80.4372372021832 88.5663707686117 84.7544879428325 0 87.577925820394 77.8718063285063 86.3320321706724 77.701551930823 78.9298435901867 78.6148957965558
93.6449289797541 91.6204631488454 92.1597958704486 90.4535650847851 91.7724773762748 88.6511593298837 83.9384101227389 84.1189902399447 90.559643445695 75.5213966701879 77.8883170440749 87.577925820394 0 84.9636052441689 73.323798167022 85.5628220877716 85.3690443062404 89.3490014724054
92.3862764077193 91.7711908388985 90.6560956231151 89.5214849154441 89.1473223627738 86.9257690522703 85.4566122511177 81.5766707252515 85.2585829776085 86.7548660553969 82.1027689051246 77.8718063285063 84.9636052441689 0 82.8201225174054 63.5565237924317 66.2581263061566 81.3176021151403
93.6451442032523 91.9910003387178 92.1364055829381 90.5861441560583 91.5148642851187 88.6148773019999 84.5719301653208 83.6022162549814 89.8123816839647 80.3078360119979 77.5501042964813 86.3320321706724 73.323798167022 82.8201225174054 0 83.5008850021645 83.1692099491001 88.0751014391381
92.5161859198503 92.0269145003941 90.8303696999346 89.8015496868263 89.2596041776204 87.3038686859577 86.1020755728508 82.5034706281235 85.1047999364651 87.2997482343837 83.0585300401355 77.701551930823 85.5628220877716 63.5565237924317 83.5008850021645 0 61.4339365505457 80.3283075527604
92.7460299124228 92.21762491425 91.1044737993231 90.0782967319053 89.6032551369968 87.6689334133668 86.3239879700406 82.9436298012717 85.6282873808047 87.2272264362371 83.0811701290871 78.9298435901867 85.3690443062404 66.2581263061566 83.1692099491001 61.4339365505457 0 80.802090708818
92.3912579207112 92.8281220948734 90.8776994407101 90.521324885034 88.7110751598551 88.447649622336 88.8984622529115 86.2440528241078 82.1259843966288 90.4440634332356 87.5972706385311 78.6148957965558 89.3490014724054 81.3176021151403 88.0751014391381 80.3283075527604 80.802090708818 0
