0 87.3630331127546 89.661984156616 91.5687809491987 90.4905850455247 91.4168647432734 92.2246891579561 94.5849056969593 93.3200309745183 92.2614478484374 94.7762545648503 93.6274785814994 94.1589072151195 94.0417671828947 95.2798616238376 97.1136820989708 96.2899428940185 97.4763059797369
87.3630331127546 0 81.1963957883817 85.0561662659079 85.2003092693599 89.3700534733419 88.7496816307324 90.0962799659609 89.1189908313318 90.5284981699644 90.7431045408251 91.71192523702 91.8736996651857 92.6975854336372 92.9318968064133 94.5211291975206 94.7427343637532 95.5740984128481
89.661984156616 81.1963957883817 0 77.4754622734875 77.2272264362371 86.0661777685526 84.212045268083 87.3382020284199 84.7635075614827 87.6019601377656 87.7788705364073 88.9090804678383 88.9621742069864 90.3649064204089 90.3342570593258 92.5534330568526 92.7460299124228 93.7367037487546
91.5687809491987 85.0561662659079 77.4754622734875 0 78.3073021585004 86.3152293981705 82.7638886064439 84.0608757462916 80.8378353124009 87.5224965040336 84.6238806343284 88.2106092259997 87.7998589768893 89.9399009387904 88.912944923527 90.9659337313706 91.9016533851174 92.6175896330363
90.4905850455247 85.2003092693599 77.2272264362371 78.3073021585004 0 82.4600994442045 79.2631429000874 87.1809971370733 82.2305599791183 84.575695180571 86.9771441838552 86.2899428940185 86.4602762870063 88.2089792973565 88.4391586665384 91.65648515831 91.2209091826396 92.6023316655265
91.4168647432734 89.3700534733419 86.0661777685526 86.3152293981705 82.4600994442045 0 79.2024650171888 90.0308673275794 85.3350845341687 72.5868656935784 89.2432920584775 80.6607330446118 83.091775616211 82.9463689655499 86.8098652373109 91.8667447065801 88.9518820507696 91.6822291289119
92.2246891579561 88.7496816307324 84.212045268083 82.7638886064439 79.2631429000874 79.2024650171888 0 87.1086590385117 79.4261934977158 80.6578316041828 85.9744315024477 81.6186207030105 81.4789370340588 84.9390610093629 84.8913549073611 90.071401062347 88.6948595656102 90.6607330446118
94.5849056969593 90.0962799659609 87.3382020284199 84.0608757462916 87.1809971370733 90.0308673275794 87.1086590385117 0 82.6046768387851 90.422083684711 75.0687681287688 89.9850808185757 88.8875204444754 91.4498409443732 88.4871047747951 87.6243670784426 91.7887424563489 91.1793397169733
93.3200309745183 89.1189908313318 84.7635075614827 80.8378353124009 82.2305599791183 85.3350845341687 79.4261934977158 82.6046768387851 0 85.891837352535 80.4962025524166 85.3555738781601 83.8681130724119 87.7566541954257 84.7490470117922 88.107195902601 89.3223765816634 90.0303685633576
92.2614478484374 90.5284981699644 87.6019601377656 87.5224965040336 84.575695180571 72.5868656935784 80.6578316041828 90.422083684711 85.891837352535 0 89.4884523410291 77.2272264362371 81.3493605368748 79.8195101390914 85.7937426450268 91.5645671150927 87.6974540728826 91.0059804037272
94.7762545648503 90.7431045408251 87.7788705364073 84.6238806343284 86.9771441838552 89.2432920584775 85.9744315024477 75.0687681287688 80.4962025524166 89.4884523410291 0 88.7039820307873 87.2600706217767 90.3377428128505 86.483380345853 85.7863355292019 90.4507424486838 89.7428929869615
93.6274785814994 91.71192523702 88.9090804678383 88.2106092259997 86.2899428940185 80.6607330446118 81.6186207030105 89.9850808185757 85.3555738781601 77.2272264362371 88.7039820307873 0 74.3872598725851 75.4304003347848 82.1129398255286 90.0844699675641 84.7327641218684 89.0397035167496
94.1589072151195 91.8736996651857 88.9621742069864 87.7998589768893 86.4602762870063 83.091775616211 81.4789370340588 88.8875204444754 83.8681130724119 81.3493605368748 87.2600706217767 74.3872598725851 0 79.9850808185757 77.8460582766154 88.5314566108507 83.7262992166468 87.6422364999965
94.0417671828947 92.6975854336372 90.3649064204089 89.9399009387904 88.2089792973565 82.9463689655499 84.9390610093629 91.4498409443732 87.7566541954257 79.8195101390914 90.3377428128505 75.4304003347848 79.9850808185757 0 84.0571594827092 91.0117783239066 83.9968508302003 89.3358084765708
95.2798616238376 92.9318968064133 90.3342570593258 88.912944923527 88.4391586665384 86.8098652373109 84.8913549073611 88.4871047747951 84.7490470117922 85.7937426450268 86.483380345853 82.1129398255286 77.8460582766154 84.0571594827092 0 85.8358888194266 81.8407710430004 84.4613002047043
97.1136820989708 94.5211291975206 92.5534330568526 90.9659337313706 91.65648515831 91.8667447065801 90.071401062347 87.6243670784426 88.107195902601 91.5645671150927 85.7863355292019 90.0844699675641 88.5314566108507 91.0117783239066 85.8358888194266 0 88.5476641075263 83.9903961178617
96.2899428940185 94.7427343637532 92.7460299124228 91.9016533851174 91.2209091826396 88.9518820507696 88.6948595656102 91.7887424563489 89.3223765816634 87.6974540728826 90.4507424486838 84.7327641218684 83.7262992166468 83.9968508302003 81.8407710430004 88.5476641075263 0 83.6282333108836
97.4763059797369 95.5740984128481 93.7367037487546 92.6175896330363 92.6023316655265 91.6822291289119 90.6607330446118 91.1793397169733 90.0303685633576 91.0059804037272 89.7428929869615 89.0397035167496 87.6422364999965 89.3358084765708 84.4613002047043 83.9903961178617 83.6282333108836 0
