0 83.9209422467254 86.0178477447537 84.4651623168477 91.2687189283341 91.4725839728113 92.1556516872302 91.155643720531 92.3527024794997 91.7914128430025 92.7517612822008 93.1391823978766 93.7283580806728 93.8658978492988 94.215299853176 94.7943927701606 95.7081753548787 95.6640235115689
83.9209422467254 0 76.9639370490137 84.7544879428325 92.1031014302822 91.5552221823547 92.5525221311318 88.1465843099084 92.4282199749215 89.3613869807724 90.5527990930723 91.7844506551408 91.8971231313347 92.0509172245329 92.9733103089977 93.3749582867445 95.4723897163092 94.8360614274896
86.0178477447537 76.9639370490137 0 83.3513248469073 91.2310824007349 90.3290346979446 91.5537130363682 85.3461292680899 91.2938524063011 86.9806097602447 88.5142593369233 90.1073501717728 90.181991887589 90.3688739390761 91.5104635094465 91.955651003641 94.5418816032376 93.6964506811521
84.4651623168477 84.7544879428325 83.3513248469073 0 87.2699342686732 86.7434582610283 88.2106092259997 87.0382140342669 88.2369536468801 87.6358182587871 89.0891422958372 89.2338005042658 90.4004842763326 90.6047544631244 90.8612801261734 91.7876699035995 93.0282881600324 92.8681753347607
91.2687189283341 92.1031014302822 91.2310824007349 87.2699342686732 0 78.2511598923979 74.9227372224544 90.4103155081914 79.2270548056906 89.9154188749495 90.5227604901881 88.5066548089446 90.8595844810741 91.0131290414768 89.6939227525336 91.2004909747474 88.7666298257024 90.6398255405413
91.4725839728113 91.5552221823547 90.3290346979446 86.7434582610283 78.2511598923979 0 74.8172353991213 88.3603669753114 72.2093712221704 87.5412405355822 88.2000037388758 85.3208427639379 88.5513302520412 88.7479504643512 87.0480710506427 89.0159806884951 87.4754622734875 88.6760806191086
92.1556516872302 92.5525221311318 91.5537130363682 88.2106092259997 74.9227372224544 74.8172353991213 0 90.0093808529838 72.1913219411124 89.2990511875593 89.7657356159223 87.1426142386487 89.9179585158647 90.0708701724473 88.2974820937039 90.0623670961744 86.8584352256806 89.1420653552395
91.155643720531 88.1465843099084 85.3461292680899 87.0382140342669 90.4103155081914 88.3603669753114 90.0093808529838 0 89.1747846529122 72.9238486796076 78.2993261327158 84.0161576060675 82.8634330622707 83.2707577629414 86.2496232683786 86.6265279866851 92.0482241341007 90.0228223518567
92.3527024794997 92.4282199749215 91.2938524063011 88.2369536468801 79.2270548056906 72.2093712221704 72.1913219411124 89.1747846529122 0 88.2801236925049 88.695416956747 85.4948873564164 88.7694024499786 88.9366068995791 86.8193244329465 88.8762485729376 85.9481934150559 87.9242910297165
91.7914128430025 89.3613869807724 86.9806097602447 87.6358182587871 89.9154188749495 87.5412405355822 89.2990511875593 72.9238486796076 88.2801236925049 0 73.1523934891896 81.2406905714594 79.999672764328 80.6124171547896 84.1427215355371 84.7593326193176 91.097205527716 88.7167143179619
92.7517612822008 90.5527990930723 88.5142593369233 89.0891422958372 90.5227604901881 88.2000037388758 89.7657356159223 78.2993261327158 88.695416956747 73.1523934891896 0 80.0867687069284 75.0930706154422 76.0621707455228 82.4351434754131 82.4692779150087 90.755632009934 87.7212310464226
93.1391823978766 91.7844506551408 90.1073501717728 89.2338005042658 88.5066548089446 85.3208427639379 87.1426142386487 84.0161576060675 85.4948873564164 81.2406905714594 80.0867687069284 0 78.7608908822587 79.2428040951504 75.5438390015933 80.4078597858648 87.7917907521781 84.2898848045664
93.7283580806728 91.8971231313347 90.181991887589 90.4004842763326 90.8595844810741 88.5513302520412 89.9179585158647 82.8634330622707 88.7694024499786 79.999672764328 75.0930706154422 78.7608908822587 0 57.9330371790942 79.1405471341702 77.7285209261352 89.9003244053271 85.8203757673713
93.8658978492988 92.0509172245329 90.3688739390761 90.6047544631244 91.0131290414768 88.7479504643512 90.0708701724473 83.2707577629414 88.9366068995791 80.6124171547896 76.0621707455228 79.2428040951504 57.9330371790942 0 79.1401151201306 77.1342704420015 89.9152079015356 85.7102045651905
94.215299853176 92.9733103089977 91.5104635094465 90.8612801261734 89.6939227525336 87.0480710506427 88.2974820937039 86.2496232683786 86.8193244329465 84.1427215355371 82.4351434754131 75.5438390015933 79.1405471341702 79.1401151201306 0 75.3721199580984 86.9533012485549 80.9707892849604
94.7943927701606 93.3749582867445 91.955651003641 91.7876699035995 91.2004909747474 89.0159806884951 90.0623670961744 86.6265279866851 88.8762485729376 84.7593326193176 82.4692779150087 80.4078597858648 77.7285209261352 77.1342704420015 75.3721199580984 0 88.4530469801072 82.1654959184623
95.7081753548787 95.4723897163092 94.5418816032376 93.0282881600324 88.7666298257024 87.4754622734875 86.8584352256806 92.0482241341007 85.9481934150559 91.097205527716 90.755632009934 87.7917907521781 89.9003244053271 89.9152079015356 86.9533012485549 88.4530469801072 0 83.622091328923
95.6640235115689 94.8360614274896 93.6964506811521 92.8681753347607 90.6398255405413 88.6760806191086 89.1420653552395 90.0228223518567 87.9242910297165 88.7167143179619 87.7212310464226 84.2898848045664 85.8203757673713 85.7102045651905 80.9707892849604 82.1654959184623 83.622091328923 0
