0 71.7711908388985 78.3073021585004 83.2910400873432 91.6792568644491 93.2501249471988 93.1129734030739 93.9138490205329 93.049464799263 95.6238550502764 95.3698232493103 95.2898244381533 96.0489613083427 95.7493700132124 95.6458245339877 96.9254274359824 96.9848413665573 96.9128060546559
71.7711908388985 0 75.5971656502182 80.6560956231151 90.93377340407 92.5009472645133 92.3621268720912 93.2204195201821 92.4545830362408 95.0825345560706 94.8272307870496 94.9025390624403 95.5596351983876 95.3006579579182 95.2585829776085 96.5032645147661 96.5698338578532 96.5868344698574
78.3073021585004 75.5971656502182 0 81.1963957883817 89.6231263078693 91.8782544058433 91.6564028527507 92.6570140653799 91.3008355089306 94.4892230145064 94.159922619994 93.9692436187996 94.9125507282099 94.5092606129017 94.3789984595953 95.876943424944 95.9393832738466 95.8308121969062
83.2910400873432 80.6560956231151 81.1963957883817 0 89.3159066775496 90.2528274474093 90.1718586575229 91.1510110497946 91.2396095262082 93.6115316848253 93.4036351596852 94.2238696382609 94.313833898426 94.302666839615 94.5382769483963 95.4794372422318 95.5736023465983 95.9798858712532
91.6792568644491 90.93377340407 89.6231263078693 89.3159066775496 0 85.2184191686838 83.947117784441 86.4198537193337 77.2913507343041 88.0551069867085 86.9476203930553 87.1728318574658 88.3255916171591 87.2415090959192 87.730483970377 90.1052437355394 90.2137808590383 90.6047544631244
93.2501249471988 92.5009472645133 91.8782544058433 90.2528274474093 85.2184191686838 0 68.4118208548326 71.3251605627826 86.625354376404 84.2005457159281 84.3918854074289 90.8101589335291 86.9080793454128 88.8469496603508 90.7967035530902 89.7138614378053 89.9850808185757 92.584310176035
93.1129734030739 92.3621268720912 91.6564028527507 90.1718586575229 83.947117784441 68.4118208548326 0 74.598216984643 85.4872318426771 83.9714568770735 83.7989102258118 90.164772779085 86.4578371154628 88.18363686509 90.175698519552 89.3494159258269 89.6152672009826 92.1216823211715
93.9138490205329 93.2204195201821 92.6570140653799 91.1510110497946 86.4198537193337 71.3251605627826 74.598216984643 0 87.310598025602 82.6506043751729 83.3637795294295 90.9659290003749 86.1020755728508 88.6760806191086 90.8702904054714 89.1597823111562 89.4697872318476 92.5296755493203
93.049464799263 92.4545830362408 91.3008355089306 91.2396095262082 77.2913507343041 86.625354376404 85.4872318426771 87.310598025602 0 87.3511319091826 85.8055736310549 83.8879993973499 86.8540591475001 84.3483071170454 84.6280655201376 88.4789002388266 88.5475619699661 88.4918617002472
95.6238550502764 95.0825345560706 94.4892230145064 93.6115316848253 88.0551069867085 84.2005457159281 83.9714568770735 82.6506043751729 87.3511319091826 0 72.6091390783813 89.3675571693105 77.6204645146911 85.1486319836817 88.9042214225407 83.9685096988051 84.5775764649058 90.3523885270764
95.3698232493103 94.8272307870496 94.159922619994 93.4036351596852 86.9476203930553 84.3918854074289 83.7989102258118 83.3637795294295 85.8055736310549 72.6091390783813 0 88.0184601526826 74.9227372224544 83.0196808096236 87.5065959474468 82.9463689655499 83.5485134611519 89.3223765816634
95.2898244381533 94.9025390624403 93.9692436187996 94.2238696382609 87.1728318574658 90.8101589335291 90.164772779085 90.9659290003749 83.8879993973499 89.3675571693105 88.0184601526826 0 87.5896139541311 81.8917030594987 70.0814756595712 87.2551667950595 87.0520671395345 81.5592822509478
96.0489613083427 95.5596351983876 94.9125507282099 94.313833898426 88.3255916171591 86.9080793454128 86.4578371154628 86.1020755728508 86.8540591475001 77.6204645146911 74.9227372224544 87.5896139541311 0 81.3926525972256 86.8147231323013 78.607465606858 79.6262456145343 88.2293095695683
95.7493700132124 95.3006579579182 94.5092606129017 94.302666839615 87.2415090959192 88.8469496603508 88.18363686509 88.6760806191086 84.3483071170454 85.1486319836817 83.0196808096236 81.8917030594987 81.3926525972256 0 80.1607297802016 81.0843403509302 80.9285331681691 83.6710330012516
95.6458245339877 95.2585829776085 94.3789984595953 94.5382769483963 87.730483970377 90.7967035530902 90.175698519552 90.8702904054714 84.6280655201376 88.9042214225407 87.5065959474468 70.0814756595712 86.8147231323013 80.1607297802016 0 86.1264830641095 85.8625542615955 79.6790532911876
96.9254274359824 96.5032645147661 95.876943424944 95.4794372422318 90.1052437355394 89.7138614378053 89.3494159258269 89.1597823111562 88.4789002388266 83.9685096988051 82.9463689655499 87.2551667950595 78.607465606858 81.0843403509302 86.1264830641095 0 61.7283277348591 86.3653649600743
96.9848413665573 96.5698338578532 95.9393832738466 95.5736023465983 90.2137808590383 89.9850808185757 89.6152672009826 89.4697872318476 88.5475619699661 84.5775764649058 83.5485134611519 87.0520671395345 79.6262456145343 80.9285331681691 85.8625542615955 61.7283277348591 0 85.9249636677786
96.9128060546559 96.5868344698574 95.8308121969062 95.9798858712532 90.6047544631244 92.584310176035 92.1216823211715 92.5296755493203 88.4918617002472 90.3523885270764 89.3223765816634 81.5592822509478 88.2293095695683 83.6710330012516 79.6790532911876 86.3653649600743 85.9249636677786 0
