0 76.0621707455228 82.9763862971189 74.4651623168477 82.4324470668276 85.4673355948484 86.0393941818496 86.9257690522703 88.0639385603448 87.7783103125321 89.4098004215052 90.0948026726252 90.3539292666833 90.7338104052137 91.828241837558 91.9906948778167 92.9630405592245 92.1273541162917
76.0621707455228 0 86.0380506567595 70.943337135734 82.3859648733539 87.0382140342669 86.4309154214711 86.8761978059386 88.8306757240111 86.706750637792 88.3073021585004 89.8118983183247 90.1037599111353 90.9925666286993 90.9628365465767 91.6283737036739 92.222803564223 92.1836234032362
82.9763862971189 86.0380506567595 0 84.8385417941978 84.8913549073611 81.1011246996244 85.6825840698956 87.2169957016613 85.8457319881969 89.561070102921 91.0641131310442 90.2915457538998 90.4616107612036 89.6132952668405 93.0204884737897 92.2429641417294 93.9331771330679 91.4468743819454
74.4651623168477 70.943337135734 84.8385417941978 0 79.941542160005 85.5807743482046 84.9192614761152 85.5673171147236 87.6532131658344 85.8987805111985 87.8007545217567 89.0105413764318 89.3215386194757 90.141437337436 90.6305009104019 91.0505981709665 91.9283899677472 91.4921130073774
82.4324470668276 82.3859648733539 84.8913549073611 79.941542160005 0 82.1259843966288 77.9330371790942 79.178079427437 83.6710330012516 82.0827706588024 85.26340400843 85.4546824607307 85.8924731658751 86.9639370490137 88.8200667826089 88.4989139407493 90.3185160559075 88.8255125867734
85.4673355948484 87.0382140342669 81.1011246996244 85.5807743482046 82.1259843966288 0 79.7799514872702 82.6839352129843 78.3390605802349 87.1311373807962 89.0112398515747 86.9924470605903 87.1800132036363 85.5266933956535 91.2135696816211 89.67097490071 92.2211858993557 88.3051382303178
86.0393941818496 86.4309154214711 85.6825840698956 84.9192614761152 77.9330371790942 79.7799514872702 0 71.8069354424815 78.1200421657566 82.4784370287424 85.3962648299937 82.6118813481437 83.0602447873098 83.2478263495168 88.5028475457753 86.7531766996555 89.8687351823204 86.1799878011749
86.9257690522703 86.8761978059386 87.2169957016613 85.5673171147236 79.178079427437 82.6839352129843 71.8069354424815 0 80.4078597858648 79.9850808185757 83.5201228844259 80.0954781721653 80.7946837403713 82.8354320315571 87.1394871931621 85.2517143902045 88.7088962427666 85.3862654619737
88.0639385603448 88.8306757240111 85.8457319881969 87.6532131658344 83.6710330012516 78.3390605802349 78.1200421657566 80.4078597858648 0 86.2093142267685 88.0173354470665 84.1591114450538 84.2648947962986 80.5527990930723 90.0735239732136 87.4744797928299 91.0505757896518 85.0322440885976
87.7783103125321 86.706750637792 89.561070102921 85.8987805111985 82.0827706588024 87.1311373807962 82.4784370287424 79.9850808185757 86.2093142267685 0 75.0930706154422 81.3600080768009 82.1372079932291 86.5304228410657 83.4694405414077 84.6628382222619 86.1020755728508 87.3338522527645
89.4098004215052 88.3073021585004 91.0641131310442 87.8007545217567 85.26340400843 89.0112398515747 85.3962648299937 83.5201228844259 88.0173354470665 75.0930706154422 0 82.285160728825 82.8682278263217 87.5935153898588 79.546717201444 83.8305230694877 83.4864004590469 87.7384850981907
90.0948026726252 89.8118983183247 90.2915457538998 89.0105413764318 85.4546824607307 86.9924470605903 82.6118813481437 80.0954781721653 84.1591114450538 81.3600080768009 82.285160728825 0 60.943337135734 81.0789052640306 84.4033223432086 78.3311427205777 85.9045309169666 81.3176021151403
90.3539292666833 90.1037599111353 90.4616107612036 89.3215386194757 85.8924731658751 87.1800132036363 83.0602447873098 80.7946837403713 84.2648947962986 82.1372079932291 82.8682278263217 60.943337135734 0 80.6347479283482 84.5980133513385 77.627196302634 85.9482397503241 80.5050214404877
90.7338104052137 90.9925666286993 89.6132952668405 90.141437337436 86.9639370490137 85.5266933956535 83.2478263495168 82.8354320315571 80.5527990930723 86.5304228410657 87.5935153898588 81.0789052640306 80.6347479283482 0 88.8482999054051 84.085784655716 89.5765657369386 77.2440353846629
91.828241837558 90.9628365465767 93.0204884737897 90.6305009104019 88.8200667826089 91.2135696816211 88.5028475457753 87.1394871931621 90.0735239732136 83.4694405414077 79.546717201444 84.4033223432086 84.5980133513385 88.8482999054051 0 82.8305761286617 74.8349979793794 88.1259692660432
91.9906948778167 91.6283737036739 92.2429641417294 91.0505981709665 88.4989139407493 89.67097490071 86.7531766996555 85.2517143902045 87.4744797928299 84.6628382222619 83.8305230694877 78.3311427205777 77.627196302634 84.085784655716 82.8305761286617 0 83.3293942323803 81.5653952239311
92.9630405592245 92.222803564223 93.9331771330679 91.9283899677472 90.3185160559075 92.2211858993557 89.8687351823204 88.7088962427666 91.0505757896518 86.1020755728508 83.4864004590469 85.9045309169666 85.9482397503241 89.5765657369386 74.8349979793794 83.3293942323803 0 88.5090038914783
92.1273541162917 92.1836234032362 91.4468743819454 91.4921130073774 88.8255125867734 88.3051382303178 86.1799878011749 85.3862654619737 85.0322440885976 87.3338522527645 87.7384850981907 81.3176021151403 80.5050214404877 77.2440353846629 88.1259692660432 81.5653952239311 88.5090038914783 0
