0 80.3930962198545 79.3255293548103 74.5416919591329 79.3002428506583 81.2493343553935 86.7239959740949 89.6922122441951 90.6356319343604 90.7192015157725 91.5968931486337 92.240236057727 92.709168943389 93.1028835744253 93.7151317251358 93.778610784351 93.8358812162758 94.9659509602808
80.3930962198545 0 69.0051368755729 82.6751998198568 81.9950314157273 85.1395907446115 86.7889107409908 87.8007545217567 90.9680216370173 90.8378353124009 91.5987608409254 91.9321960782572 91.8211513138294 93.1457259350781 93.2630558633346 93.5547758127407 93.7363555084802 94.2969130372258
79.3255293548103 69.0051368755729 0 81.1881938127257 79.8531331056309 83.785387812752 85.6591876775859 87.3001847612063 90.2807401307034 90.1612419923159 90.9972874546011 91.4032131923437 91.4168647432734 92.6450738737967 92.8527783373781 93.1184397786743 93.2905341819528 94.0013634275831
74.5416919591329 82.6751998198568 81.1881938127257 0 75.289026176076 75.9126336164662 85.0053313723672 89.2428040951504 89.3500427490681 89.5178683060867 90.539950838469 91.3671231171328 92.1259843966288 92.1900093127201 93.0388243294819 93.0204884737897 93.0390234140934 94.4869189630872
79.3002428506583 81.9950314157273 79.8531331056309 75.289026176076 0 75.5673171147236 81.9193804244781 87.3382020284199 87.9477781460115 88.0173354470665 89.1865483842417 90.0308673275794 90.788610269172 91.1324215788973 91.9124464947401 91.9625254725383 92.0323684124072 93.4972683928071
81.2493343553935 85.1395907446115 83.785387812752 75.9126336164662 75.5673171147236 0 82.6751998198568 88.7608908822587 87.4879904709355 87.8025450576794 89.0517086471389 90.1638411574058 91.3493605368748 90.9193850103386 92.114885642974 91.9776111095617 91.9401435468265 93.8323098989597
86.7239959740949 86.7889107409908 85.6591876775859 85.0053313723672 81.9193804244781 82.6751998198568 0 84.1323142820089 82.6135550936366 82.3358293114501 84.3616377049391 85.6985962861268 87.3719376615789 87.5605177126806 88.6522165287186 88.6819326595009 88.8122703883472 91.0212415101938
89.6922122441951 87.8007545217567 87.3001847612063 89.2428040951504 87.3382020284199 88.7608908822587 84.1323142820089 0 87.3590696675158 86.4505113704269 86.8728728512127 86.0661777685526 83.6150544197642 89.0220684557673 87.5735543616593 88.725573403395 89.3756649167141 88.8398492236681
90.6356319343604 90.9680216370173 90.2807401307034 89.3500427490681 87.9477781460115 87.4879904709355 82.6135550936366 87.3590696675158 0 69.0724707021626 75.0930706154422 81.0632682823266 86.5075683494469 81.2209091826396 85.7566987240483 84.5869706818913 84.1593214403875 89.53712217999
90.7192015157725 90.8378353124009 90.1612419923159 89.5178683060867 88.0173354470665 87.8025450576794 82.3358293114501 86.4505113704269 69.0724707021626 0 71.6251957531956 78.9298435901867 85.26340400843 80.715999260007 84.6702405182059 83.6964506811521 83.5153213971275 88.7859429613949
91.5968931486337 91.5987608409254 90.9972874546011 90.539950838469 89.1865483842417 89.0517086471389 84.3616377049391 86.8728728512127 75.0930706154422 71.6251957531956 0 75.289026176076 84.3616377049391 77.3975598292249 82.7517271286342 81.2209091826396 80.9994315893368 87.7430640785082
92.240236057727 91.9321960782572 91.4032131923437 91.3671231171328 90.0308673275794 90.1638411574058 85.6985962861268 86.0661777685526 81.0632682823266 78.9298435901867 75.289026176076 0 80.9994315893368 78.5626155199393 78.4337669787655 78.1860958317419 79.546717201444 85.4304003347848
92.709168943389 91.8211513138294 91.4168647432734 92.1259843966288 90.788610269172 91.3493605368748 87.3719376615789 83.6150544197642 86.5075683494469 85.26340400843 84.3616377049391 80.9994315893368 0 85.604595839916 79.9222912475638 83.4499763303665 85.0257367888525 82.21762491425
93.1028835744253 93.1457259350781 92.6450738737967 92.1900093127201 91.1324215788973 90.9193850103386 87.5605177126806 89.0220684557673 81.2209091826396 80.715999260007 77.3975598292249 78.5626155199393 85.604595839916 0 81.6554549127824 77.1342704420015 74.0608757462916 87.1509420356761
93.7151317251358 93.2630558633346 92.8527783373781 93.0388243294819 91.9124464947401 92.114885642974 88.6522165287186 87.5735543616593 85.7566987240483 84.6702405182059 82.7517271286342 78.4337669787655 79.9222912475638 81.6554549127824 0 75.1547493322351 79.0572024688199 80.7550205967356
93.778610784351 93.5547758127407 93.1184397786743 93.0204884737897 91.9625254725383 91.9776111095617 88.6819326595009 88.725573403395 84.5869706818913 83.6964506811521 81.2209091826396 78.1860958317419 83.4499763303665 77.1342704420015 75.1547493322351 0 70.237526392877 83.9536370923738
93.8358812162758 93.7363555084802 93.2905341819528 93.0390234140934 92.0323684124072 91.9401435468265 88.8122703883472 89.3756649167141 84.1593214403875 83.5153213971275 80.9994315893368 79.546717201444 85.0257367888525 74.0608757462916 79.0572024688199 70.237526392877 0 85.4841598430449
94.9659509602808 94.2969130372258 94.0013634275831 94.4869189630872 93.4972683928071 93.8323098989597 91.0212415101938 88.8398492236681 89.53712217999 88.7859429613949 87.7430640785082 85.4304003347848 82.21762491425 87.1509420356761 80.7550205967356 83.9536370923738 85.4841598430449 0
