0 85.5447953106515 79.7799514872702 88.0653760441858 83.785387812752 86.6882798185873 91.9772688354693 92.0455293726281 92.046876962374 92.8934727644923 94.7535167833237 93.3452907340574 93.6952985535903 94.535049192901 94.8199416416716 96.0198722703839 95.0724763939671 95.5680658337702
85.5447953106515 0 85.4304003347848 76.1377092924081 87.7602710557797 84.8118924275813 89.0031006429096 89.2234877779738 89.371924760187 89.8804000663812 92.2706136282174 93.0357583181309 93.4984742639294 93.6501254971811 93.9290747835869 94.0519688784595 94.2814358842863 94.2206036521554
79.7799514872702 85.4304003347848 0 87.6457450698437 76.5184091547906 82.420100378145 90.0925836177855 90.1320245695439 90.0867687069284 91.3036344422995 93.4834643960822 91.3004622466307 91.7423818124012 92.8129004903881 93.1607254227903 94.855511968128 93.4558247587925 94.1377291661945
88.0653760441858 76.1377092924081 87.6457450698437 0 89.3186720097619 85.8370191965009 88.1515178877945 88.4431795761713 88.6696308515654 88.8395194008719 91.3358915737989 93.125802932417 93.601272013054 93.4795086282459 93.7411469057037 93.3236414741285 94.1182264737257 93.811082110081
83.785387812752 87.7602710557797 76.5184091547906 89.3186720097619 0 82.8129004903881 90.0623670961744 90.0415708322431 89.9333298446319 91.3414426772175 93.4546182494636 90.0974678788497 90.539950838469 92.0333822111479 92.4156571399849 94.7158531005145 92.6941043474961 93.6749709198575
86.6882798185873 84.8118924275813 82.420100378145 85.8370191965009 82.8129004903881 0 85.4673355948484 85.5266933956535 85.4535216572886 87.4658005457673 90.642954021455 88.9083342064868 89.6127053130504 90.2989135866642 90.7426006121538 92.486054895665 91.1951664790885 91.715198676593
91.9772688354693 89.0031006429096 90.0925836177855 88.1515178877945 90.0623670961744 85.4673355948484 0 60.4857622301273 66.625354376404 74.2066957450215 83.6938841504983 87.9685825131002 88.8030383870541 87.2668975981248 87.6887089543953 87.4337634765958 88.4599765983439 87.4142314228996
92.0455293726281 89.2234877779738 90.1320245695439 88.4431795761713 90.0415708322431 85.5266933956535 60.4857622301273 0 60.943337135734 74.8349979793794 83.6921308106776 87.6125683980865 88.4776355514882 86.8628826862014 87.3079278245883 87.3302260026353 88.1117143687293 87.094417010166
92.046876962374 89.371924760187 90.0867687069284 88.6696308515654 89.9333298446319 85.4535216572886 66.625354376404 60.943337135734 0 76.0621707455228 83.9277457443637 87.19987364492 88.1050406143326 86.4602762870063 86.9385640217709 87.3719376615789 87.7738075181225 86.8584352256806
92.8934727644923 89.8804000663812 91.3036344422995 88.8395194008719 91.3414426772175 87.4658005457673 74.2066957450215 74.8349979793794 76.0621707455228 0 80.4588921370419 89.0049017233779 89.7153222884519 87.753034320393 88.0470797942214 85.7563298690626 88.7859429613949 86.9519774988324
94.7535167833237 92.2706136282174 93.4834643960822 91.3358915737989 93.4546182494636 90.642954021455 83.6938841504983 83.6921308106776 83.9277457443637 80.4588921370419 0 90.2787161554511 90.7918942342755 88.1593319022117 88.2000037388758 79.5604284378139 88.8394436376743 85.3557064292037
93.3452907340574 93.0357583181309 91.3004622466307 93.125802932417 90.0974678788497 88.9083342064868 87.9685825131002 87.6125683980865 87.19987364492 89.0049017233779 90.2787161554511 0 68.3076494993978 80.4110184849421 81.5729154765791 90.8094858915685 81.8762554630951 86.8106601542679
93.6952985535903 93.4984742639294 91.7423818124012 93.601272013054 90.539950838469 89.6127053130504 88.8030383870541 88.4776355514882 88.1050406143326 89.7153222884519 90.7918942342755 68.3076494993978 0 80.943337135734 81.8631225237509 91.1684456400743 81.828241837558 87.1363578944901
94.535049192901 93.6501254971811 92.8129004903881 93.4795086282459 92.0333822111479 90.2989135866642 87.2668975981248 86.8628826862014 86.4602762870063 87.753034320393 88.1593319022117 80.4110184849421 80.943337135734 0 65.097274971989 88.1465843099084 71.1963957883817 81.2856097434395
94.8199416416716 93.9290747835869 93.1607254227903 93.7411469057037 92.4156571399849 90.7426006121538 87.6887089543953 87.3079278245883 86.9385640217709 88.0470797942214 88.2000037388758 81.5729154765791 81.8631225237509 65.097274971989 0 87.9589126699263 67.0723725125765 80.4599704817101
96.0198722703839 94.0519688784595 94.855511968128 93.3236414741285 94.7158531005145 92.486054895665 87.4337634765958 87.3302260026353 87.3719376615789 85.7563298690626 79.5604284378139 90.8094858915685 91.1684456400743 88.1465843099084 87.9589126699263 0 88.4453344140258 83.6150544197642
95.0724763939671 94.2814358842863 93.4558247587925 94.1182264737257 92.6941043474961 91.1951664790885 88.4599765983439 88.1117143687293 87.7738075181225 88.7859429613949 88.8394436376743 81.8762554630951 81.828241837558 71.1963957883817 67.0723725125765 88.4453344140258 0 81.2614598490377
95.5680658337702 94.2206036521554 94.1377291661945 93.811082110081 93.6749709198575 91.715198676593 87.4142314228996 87.094417010166 86.8584352256806 86.9519774988324 85.3557064292037 86.8106601542679 87.1363578944901 81.2856097434395 80.4599704817101 83.6150544197642 81.2614598490377 0
