0 81.7387672097631 89.6549784637635 86.1033994395945 89.2047333150932 90.2313908446669 82.3326765383033 83.0831478110873 87.3975598292249 83.6663955797549 90.4649628778786 90.0708701724473 91.0212415101938 90.9835398682664 90.5532378463351 90.9925666286993 92.2354850911359 92.0496844727414
81.7387672097631 0 85.2408599357581 80.7841074747623 84.9607879581046 86.4736672977584 81.7711908388985 84.9886902877355 83.8146333429251 86.5075683494469 88.7147042607757 91.0856014296263 90.1152402208497 90.2211456292078 91.3936055286812 91.2699275961333 91.335404253138 91.514232008444
89.6549784637635 85.2408599357581 0 82.8129004903881 76.5063621434069 75.9539297579115 87.8168428313143 89.7605744715256 84.0161576060675 90.8807847012786 87.7303414857171 93.087801592918 90.1330714406636 90.4401640436861 93.1829983233746 92.5417150464451 90.8849508605647 91.6505615740488
86.1033994395945 80.7841074747623 82.8129004903881 0 79.5287091114304 82.420100378145 80.8821062851461 84.6417687969397 73.6150544197642 86.5840769255055 84.4651623168477 90.0330101399179 87.0711757029314 87.3382020284199 90.2260462031479 89.5700166380199 88.6029260883147 89.1163291585002
89.2047333150932 84.9607879581046 76.5063621434069 79.5287091114304 0 71.4741215705682 86.2325041385106 88.4060422204541 79.9360690089101 89.7176265436162 84.9504435034663 91.8652783427072 88.1050406143326 88.4944597996847 91.9413542133906 91.1157579812105 89.0603239189527 89.9807039108855
90.2313908446669 86.4736672977584 75.9539297579115 82.420100378145 71.4741215705682 0 87.679995898191 89.5353793322645 82.4416841028919 90.6967359817886 85.6459716053848 92.513671632346 88.6848557252811 89.0864791378086 92.5591958115302 91.7097415724374 89.4114161171084 90.4214420553031
82.3326765383033 81.7711908388985 87.8168428313143 80.8821062851461 86.2325041385106 87.679995898191 0 75.9282118301392 81.6951556819209 80.3534795727897 86.2170579640101 87.4570865748645 87.0775265860798 87.0605702158074 87.9115356327105 87.8319828162819 88.9074462056685 88.7506284063837
83.0831478110873 84.9886902877355 89.7605744715256 84.6417687969397 88.4060422204541 89.5353793322645 75.9282118301392 0 84.7173761504386 72.649779758486 87.1737585379436 85.3265737838099 87.137265753125 86.9536785806704 86.0340175859056 86.5270083266956 88.9792737834475 88.4383813744954
87.3975598292249 83.8146333429251 84.0161576060675 73.6150544197642 79.9360690089101 82.4416841028919 81.6951556819209 84.7173761504386 0 86.625354376404 81.5313920024931 89.3443980803016 85.1014144120895 85.4841598430449 89.4710117117316 88.5066548089446 86.9214431667162 87.6282477510179
83.6663955797549 86.5075683494469 90.8807847012786 86.5840769255055 89.7176265436162 90.6967359817886 80.3534795727897 72.649779758486 86.625354376404 0 88.3666599593055 84.4224890007509 87.9719488414633 87.7239661854775 85.3466156710604 86.4602762870063 89.6313367470734 88.9206665380123
90.4649628778786 88.7147042607757 87.7303414857171 84.4651623168477 84.9504435034663 85.6459716053848 86.2170579640101 87.1737585379436 81.5313920024931 88.3666599593055 0 88.5271565534808 78.1860958317419 79.5765657369386 88.3675838039299 86.3802934588265 80.6398888800202 82.9479826330194
90.0708701724473 91.0856014296263 93.087801592918 90.0330101399179 91.8652783427072 92.513671632346 87.4570865748645 85.3265737838099 89.3443980803016 84.4224890007509 88.5271565534808 0 86.3202690794079 85.6811254822013 66.9417746855523 78.5626155199393 87.6902354296234 85.81784665972
91.0212415101938 90.1152402208497 90.1330714406636 87.0711757029314 88.1050406143326 88.6848557252811 87.0775265860798 87.137265753125 85.1014144120895 87.9719488414633 78.1860958317419 86.3202690794079 0 63.9536370923738 85.9085493099629 82.6722841132558 74.6240956882245 75.7929143244595
90.9835398682664 90.2211456292078 90.4401640436861 87.3382020284199 88.4944597996847 89.0864791378086 87.0605702158074 86.9536785806704 85.4841598430449 87.7239661854775 79.5765657369386 85.6811254822013 63.9536370923738 0 85.2129059164405 81.6065963893544 75.5535054867715 74.468153065598
90.5532378463351 91.3936055286812 93.1829983233746 90.2260462031479 91.9413542133906 92.5591958115302 87.9115356327105 86.0340175859056 89.4710117117316 85.3466156710604 88.3675838039299 66.9417746855523 85.9085493099629 85.2129059164405 0 76.6409756480754 87.2016042685911 85.1130688617644
90.9925666286993 91.2699275961333 92.5417150464451 89.5700166380199 91.1157579812105 91.7097415724374 87.8319828162819 86.5270083266956 88.5066548089446 86.4602762870063 86.3802934588265 78.5626155199393 82.6722841132558 81.6065963893544 76.6409756480754 0 84.2101184408181 81.0111936681204
92.2354850911359 91.335404253138 90.8849508605647 88.6029260883147 89.0603239189527 89.4114161171084 88.9074462056685 88.9792737834475 86.9214431667162 89.6313367470734 80.6398888800202 87.6902354296234 74.6240956882245 75.5535054867715 87.2016042685911 84.2101184408181 0 74.6168963459942
92.0496844727414 91.514232008444 91.6505615740488 89.1163291585002 89.9807039108855 90.4214420553031 88.7506284063837 88.4383813744954 87.6282477510179 88.9206665380123 82.9479826330194 85.81784665972 75.7929143244595 74.468153065598 85.1130688617644 81.0111936681204 74.6168963459942 0
