0 76.0621707455228 79.6648998632169 88.0232945999633 85.7505909256189 87.3985422847928 90.48383160337 91.4405553572584 92.7310789571251 92.492872088492 93.265096303285 93.5469135520955 94.2624666234705 94.4555005891274 96.3427502852818 96.137022406134 96.9809497418169 97.0431229370842
76.0621707455228 0 82.79025144391 85.5971656502182 84.4651623168477 85.26340400843 89.3173273791542 90.7451895052074 91.8819130511185 92.0286187368504 92.9170350874386 93.2121704196432 93.470168755056 93.7493484511032 95.7908896728296 95.8246120982086 96.4284596991444 96.7739094073642
79.6648998632169 82.79025144391 0 89.3002428506583 84.6354957098355 87.8718063285063 90.1178670550307 90.48383160337 92.2818264198373 91.3691590722128 92.1035988732823 92.4136042879563 94.0013634275831 94.0678612072584 95.9755222150344 95.3555738781601 96.7074417676482 96.3138145505464
88.0232945999633 85.5971656502182 89.3002428506583 0 84.7635075614827 78.103370572082 84.9728254291781 88.5369933522933 88.4934121630352 90.5045820686549 91.6993219927591 92.0049060054024 90.1450923558343 90.843616123437 93.5124379546276 94.5016820945834 94.1522742320523 95.5863982410772
85.7505909256189 84.4651623168477 84.6354957098355 84.7635075614827 0 79.9850808185757 83.5273151766891 85.0930706154422 87.7301988503999 87.3185357956553 88.8027736239027 89.2716184311276 90.416203582512 90.5892330106331 93.3513248469073 93.091775616211 94.2834490233475 94.3653741858052
87.3985422847928 85.26340400843 87.8718063285063 78.103370572082 79.9850808185757 0 81.4238688668901 85.8541512699659 86.7234680496438 88.3839170891946 89.8672466195498 90.2584243544002 89.2357314171479 89.7793837449569 92.8129004903881 93.4088153131522 93.6477962159136 94.643581426043
90.48383160337 89.3173273791542 90.1178670550307 84.9728254291781 83.5273151766891 81.4238688668901 0 79.6648998632169 80.04932959283 84.288700412882 86.5647629233569 87.0669366154118 85.2408599357581 85.7863355292019 90.2010976741015 90.9835398682664 91.4125788780344 92.5704802844107
91.4405553572584 90.7451895052074 90.48383160337 88.5369933522933 85.0930706154422 85.8541512699659 79.6648998632169 0 79.9889397806382 76.685627845978 81.4180221659468 82.3578348697387 85.5807743482046 85.1014144120895 89.4497994875647 88.8108513571896 91.0131290414768 90.819901411398
92.7310789571251 91.8819130511185 92.2818264198373 88.4934121630352 87.7301988503999 86.7234680496438 80.04932959283 79.9889397806382 0 82.7531929436013 84.877334088665 85.2376915042463 79.3626237881381 79.5698160699528 86.9859466922423 88.6939739647537 88.7652719900259 90.6398255405413
92.492872088492 92.0286187368504 91.3691590722128 90.5045820686549 87.3185357956553 88.3839170891946 84.288700412882 76.685627845978 82.7531929436013 0 73.88799939735 76.0285817914859 86.5104233840062 85.4724268093507 89.0529041384043 86.8383123986721 90.7996512170958 89.2684262627964
93.265096303285 92.9170350874386 92.1035988732823 91.6993219927591 88.8027736239027 89.8672466195498 86.5647629233569 81.4180221659468 84.877334088665 73.88799939735 0 63.6901126180188 87.4925057025148 86.2831545393063 89.00860129331 85.2477632109951 90.8042843062608 88.0198903710459
93.5469135520955 93.2121704196432 92.4136042879563 92.0049060054024 89.2716184311276 90.2584243544002 87.0669366154118 82.3578348697387 85.2376915042463 76.0285817914859 63.6901126180188 0 87.5803463896305 86.301340043983 88.8143980660997 84.5321991797927 90.6509887335417 87.4900157704104
94.2624666234705 93.470168755056 94.0013634275831 90.1450923558343 90.416203582512 89.2357314171479 85.2408599357581 85.5807743482046 79.3626237881381 86.5104233840062 87.4925057025148 87.5803463896305 0 72.6459542896836 83.6687149094864 88.6496484135121 85.6518503809952 90.3464979193855
94.4555005891274 93.7493484511032 94.0678612072584 90.843616123437 90.5892330106331 89.7793837449569 85.7863355292019 85.1014144120895 79.5698160699528 85.4724268093507 86.2831545393063 86.301340043983 72.6459542896836 0 82.21762491425 87.1519818883852 85.0813623034275 89.1531851086925
96.3427502852818 95.7908896728296 95.9755222150344 93.5124379546276 93.3513248469073 92.8129004903881 90.2010976741015 89.4497994875647 86.9859466922423 89.0529041384043 89.00860129331 88.8143980660997 83.6687149094864 82.21762491425 0 86.2196361444474 76.2581263061566 87.4243892637256
96.137022406134 95.8246120982086 95.3555738781601 94.5016820945834 93.091775616211 93.4088153131522 90.9835398682664 88.8108513571896 88.6939739647537 86.8383123986721 85.2477632109951 84.5321991797927 88.6496484135121 87.1519818883852 86.2196361444474 0 88.3136724490728 77.1192303753741
96.9809497418169 96.4284596991444 96.7074417676482 94.1522742320523 94.2834490233475 93.6477962159136 91.4125788780344 91.0131290414768 88.7652719900259 90.7996512170958 90.8042843062608 90.6509887335417 85.6518503809952 85.0813623034275 76.2581263061566 88.3136724490728 0 88.930653507188
97.0431229370842 96.7739094073642 96.3138145505464 95.5863982410772 94.3653741858052 94.643581426043 92.5704802844107 90.819901411398 90.6398255405413 89.2684262627964 88.0198903710459 87.4900157704104 90.3464979193855 89.1531851086925 87.4243892637256 77.1192303753741 88.930653507188 0
