0 77.3877230304124 92.2082228427378 92.3559530419549 92.7114819424818 93.9828673888958 93.7262992166468 93.8045321616377 93.8287356424386 94.1954712868326 94.173175205218 94.9354001424471 94.7032508988499 95.5560708119719 96.1658574967748 96.3036919483298 96.8745356467734 96.8770840307798
77.3877230304124 0 91.3769599159453 90.9800961612219 91.5886657470498 93.4616017119801 92.9092436769071 93.0374148166978 92.7531929436013 93.533049132429 93.2544634262975 93.8454646049293 93.8567158590222 94.7054556385607 95.4706965131694 95.6382105635259 96.2899428940185 96.2393087479883
92.2082228427378 91.3769599159453 0 84.4555005891274 80.3485019850597 80.8553468933333 78.7608908822587 78.6223132959149 84.484421527208 80.4184469339859 83.0277507001197 89.1767750439405 84.2693571257632 87.5803463896305 87.9798142568499 88.1938575029624 89.3818913619656 89.6315441977092
92.3559530419549 90.9800961612219 84.4555005891274 0 77.2272264362371 88.24808222655 84.1239704853616 84.9728254291781 78.6148957965558 86.6608946887949 82.420100378145 83.6964506811521 84.2980268028555 85.7505909256189 88.2916478046376 88.785033584495 90.3410248902675 89.8887129856915
92.7114819424818 91.5886657470498 80.3485019850597 77.2272264362371 0 85.4058800392128 79.0119174309222 80.4372372021832 77.0071507868401 83.1139465673048 78.103370572082 85.3681348263785 81.1180356000646 84.5719301653208 86.6304938894759 87.125614185484 88.8644512266057 88.6052340688356
93.9828673888958 93.4616017119801 80.8553468933333 88.24808222655 85.4058800392128 0 80.734531722747 79.2438766507471 87.0798377509811 76.0621707455228 84.8313728883503 90.7314202500777 84.8825972015924 87.9960489802591 86.9476203930553 86.8817337465467 87.585316519848 88.4382583611802
93.7262992166468 92.9092436769071 78.7608908822587 84.1239704853616 79.0119174309222 80.734531722747 0 64.9227372224544 81.3769599159453 74.8042681073106 76.6604254538209 87.4454406823376 78.0860031929952 84.0075874112409 84.3024474682281 84.6661875721119 86.5364172448041 86.7365991732866
93.8045321616377 93.0374148166978 78.6223132959149 84.9728254291781 80.4372372021832 79.2438766507471 64.9227372224544 0 82.5809123755536 71.6021666903678 78.4407002914246 88.0428173008416 79.1978149253615 84.598216984643 84.438771339407 84.7085668829386 86.4210841896122 86.7787253282775
93.8287356424386 92.7531929436013 84.484421527208 78.6148957965558 77.0071507868401 87.0798377509811 81.3769599159453 82.5809123755536 0 84.5726832732088 75.5971656502182 81.6841840260165 78.659594429922 80.8110544783965 84.892032824972 85.6411492906052 87.8275353557611 87.1311373807962
94.1954712868326 93.533049132429 80.4184469339859 86.6608946887949 83.1139465673048 76.0621707455228 74.8042681073106 71.6021666903678 84.5726832732088 0 81.1227231550016 89.0644263955147 80.9865508735604 85.4662445325718 84.3990346962979 84.4651623168477 85.8365828418461 86.5532235285376
94.173175205218 93.2544634262975 83.0277507001197 82.420100378145 78.103370572082 84.8313728883503 76.6604254538209 78.4407002914246 75.5971656502182 81.1227231550016 0 84.6168963459942 70.5252581688678 79.8531331056309 82.5574892470586 83.3625183414147 85.9785202629748 85.5266933956535
94.9354001424471 93.8454646049293 89.1767750439405 83.6964506811521 85.3681348263785 90.7314202500777 87.4454406823376 88.0428173008416 81.6841840260165 89.0644263955147 84.6168963459942 0 85.0673100618079 82.8298100957312 87.0838248213474 87.7478656509741 89.4644757442316 88.3477535852317
94.7032508988499 93.8567158590222 84.2693571257632 84.2980268028555 81.1180356000646 84.8825972015924 78.0860031929952 79.1978149253615 78.659594429922 80.9865508735604 70.5252581688678 85.0673100618079 0 77.9151094560346 80.0708701724473 81.1136705287218 84.3875451445208 83.8430313152403
95.5560708119719 94.7054556385607 87.5803463896305 85.7505909256189 84.5719301653208 87.9960489802591 84.0075874112409 84.598216984643 80.8110544783965 85.4662445325718 79.8531331056309 82.8298100957312 77.9151094560346 0 78.8481286477246 80.469378089112 84.0608757462916 82.1523653118793
96.1658574967748 95.4706965131694 87.9798142568499 88.2916478046376 86.6304938894759 86.9476203930553 84.3024474682281 84.438771339407 84.892032824972 84.3990346962979 82.5574892470586 87.0838248213474 80.0708701724473 78.8481286477246 0 65.0930706154422 77.2727724527899 74.8001631293743
96.3036919483298 95.6382105635259 88.1938575029624 88.785033584495 87.125614185484 86.8817337465467 84.6661875721119 84.7085668829386 85.6411492906052 84.4651623168477 83.3625183414147 87.7478656509741 81.1136705287218 80.469378089112 65.0930706154422 0 74.9021200022543 73.308158520808
96.8745356467734 96.2899428940185 89.3818913619656 90.3410248902675 88.8644512266057 87.585316519848 86.5364172448041 86.4210841896122 87.8275353557611 85.8365828418461 85.9785202629748 89.4644757442316 84.3875451445208 84.0608757462916 77.2727724527899 74.9021200022543 0 73.5201228844259
96.8770840307798 96.2393087479883 89.6315441977092 89.8887129856915 88.6052340688356 88.4382583611802 86.7365991732866 86.7787253282775 87.1311373807962 86.5532235285376 85.5266933956535 88.3477535852317 83.8430313152403 82.1523653118793 74.8001631293743 73.308158520808 73.5201228844259 0
