0 85.4910698570837 86.4930717190664 88.0706757264335 83.778610784351 90.0748481659749 90.755632009934 93.436054666465 93.8681130724119 93.6112921237507 93.4294481597361 94.6401331313322 93.7675188445105 95.7058563754828 94.9875687921091 94.9104562569484 96.0307884304295 96.2450778892731
85.4910698570837 0 73.9666801708524 77.7931493621368 87.1326673421987 84.6224845236715 88.3869382710565 91.0566496160456 91.3080258948526 91.3887347396581 91.6315014349562 92.4466297756123 92.4035224609554 93.6703377036299 93.651459555285 94.0400645680267 94.2832008232788 94.6373857128885
86.4930717190664 73.9666801708524 0 72.5868656935784 86.6136007973246 81.7732266913194 86.6136007973246 89.7537582176681 90.0692771132551 90.1357145483329 90.4191867177823 91.3635764082227 91.3176021151403 92.7546470650628 92.7056971333427 93.1669834815431 93.4154568431551 93.8009349611884
88.0706757264335 77.7931493621368 72.5868656935784 0 87.9951295844708 79.7976121658884 86.5304228410657 89.2234877779738 89.4098004215052 89.6605848314548 90.138634345744 90.8208933031192 91.1643201103454 92.226240719893 92.483618631766 93.0976045219637 92.9924014247597 93.4242964466753
83.778610784351 87.1326673421987 86.6136007973246 87.9951295844708 0 88.5493941419226 87.3342158465714 91.2004909747474 91.9446291693321 91.3338735116284 90.7872369837316 92.7440221447462 90.9925666286993 94.0800995592303 92.653284156097 92.3169856827422 94.3033289118153 94.4907583699757
90.0748481659749 84.6224845236715 81.7732266913194 79.7976121658884 88.5493941419226 0 82.6425012674129 85.6655038957259 85.9346488716626 86.3303309311581 87.1861580940907 87.9590640995871 88.7092131753391 89.8909270794529 90.2932150771163 91.2392038520386 90.8506018022576 91.3958436003459
90.755632009934 88.3869382710565 86.6136007973246 86.5304228410657 87.3342158465714 82.6425012674129 0 82.3105428072981 84.2979161426279 82.7311160881993 81.9859620554408 86.0728479354589 83.7989102258118 88.733047542986 86.965022649524 87.650185238606 89.2434464950952 89.6666483480365
93.436054666465 91.0566496160456 89.7537582176681 89.2234877779738 91.2004909747474 85.6655038957259 82.3105428072981 0 72.5570171580838 64.5217889705972 76.3942982374069 77.0071507868401 81.3096260893556 83.0992468308837 83.1574795141574 86.147150285877 84.3139343989393 85.2585829776085
93.8681130724119 91.3080258948526 90.0692771132551 89.4098004215052 91.9446291693321 85.9346488716626 84.2979161426279 72.5570171580838 0 74.2564363501241 80.4590252589087 74.3872598725851 83.7056567149524 81.3591211083457 84.4029525538654 87.3856215602674 83.5725918290523 84.8385417941978
93.6112921237507 91.3887347396581 90.1357145483329 89.6605848314548 91.3338735116284 86.3303309311581 82.7311160881993 64.5217889705972 74.2564363501241 0 74.6168963459942 76.3906993673905 80.2012038376758 82.7760355725621 82.0766858701245 85.4427470234674 83.7473381668274 84.6662617890165
93.4294481597361 91.6315014349562 90.4191867177823 90.138634345744 90.7872369837316 87.1861580940907 81.9859620554408 76.3942982374069 80.4590252589087 74.6168963459942 0 80.7048787852471 74.1852315882123 84.8065428746745 79.9970539134259 83.051870788883 84.8442964284813 85.3028472675055
94.6401331313322 92.4466297756123 91.3635764082227 90.8208933031192 92.7440221447462 87.9590640995871 86.0728479354589 77.0071507868401 74.3872598725851 76.3906993673905 80.7048787852471 0 83.2067580073703 77.160990595253 82.5057990397075 86.4455759722661 79.8920337031866 81.7387672097631
93.7675188445105 92.4035224609554 91.3176021151403 91.1643201103454 90.9925666286993 88.7092131753391 83.7989102258118 81.3096260893556 83.7056567149524 80.2012038376758 74.1852315882123 83.2067580073703 0 86.0150780819686 77.4658005457673 79.3590913147592 85.4102617994493 85.4841598430449
95.7058563754828 93.6703377036299 92.7546470650628 92.226240719893 94.0800995592303 89.8909270794529 88.733047542986 83.0992468308837 81.3591211083457 82.7760355725621 84.8065428746745 77.160990595253 86.0150780819686 0 84.2438372932893 87.7457855061601 74.8393461554241 78.5071435317812
94.9875687921091 93.651459555285 92.7056971333427 92.483618631766 92.653284156097 90.2932150771163 86.965022649524 83.1574795141574 84.4029525538654 82.0766858701245 79.9970539134259 82.5057990397075 77.4658005457673 84.2438372932893 0 78.1664215705551 82.4108172720404 81.9401435468265
94.9104562569484 94.0400645680267 93.1669834815431 93.0976045219637 92.3169856827422 91.2392038520386 87.650185238606 86.147150285877 87.3856215602674 85.4427470234674 83.051870788883 86.4455759722661 79.3590913147592 87.7457855061601 78.1664215705551 0 86.4439584524344 85.9430386580719
96.0307884304295 94.2832008232788 93.4154568431551 92.9924014247597 94.3033289118153 90.8506018022576 89.2434464950952 84.3139343989393 83.5725918290523 83.7473381668274 84.8442964284813 79.8920337031866 85.4102617994493 74.8393461554241 82.4108172720404 86.4439584524344 0 69.2684262627964
96.2450778892731 94.6373857128885 93.8009349611884 93.4242964466753 94.4907583699757 91.3958436003459 89.6666483480365 85.2585829776085 84.8385417941978 84.6662617890165 85.3028472675055 81.7387672097631 85.4841598430449 78.5071435317812 81.9401435468265 85.9430386580719 69.2684262627964 0
