0 89.8195101390914 90.8115021815894 77.0605702158074 89.0891422958372 85.8415162187485 90.4672548886222 86.2734273606889 90.1430041505679 90.2272956583012 88.6848557252811 88.8461887760664 88.7666298257024 90.3650444907708 92.2819183877674 91.9477318885251 91.7097415724374 92.2867022452208
89.8195101390914 0 71.4741215705682 88.6052340688356 80.3134982103822 85.1280073452 80.189610969565 90.5981763781854 86.1664750873007 87.4947214838479 91.0314672262549 90.8564841175001 91.8782544058433 92.1227494610754 90.8458374650122 91.9724741636262 93.2299067168234 92.3310992930275
90.8115021815894 71.4741215705682 0 89.7170505944318 81.828241837558 86.5184091547906 80.5042348144829 91.3513377482993 86.706750637792 88.0062467083217 91.6488872940843 91.4683527698718 92.4701946961019 92.613964891458 91.0956768982011 92.3184606669553 93.6330929467121 92.6529911988424
77.0605702158074 88.6052340688356 89.7170505944318 0 87.0859800093211 82.2337877346136 88.8149034289964 83.4107842329724 88.0377328770581 88.0908247429846 86.4284596991444 86.5698338578532 86.8193244329465 88.6024524892765 90.6398255405413 90.3270331102521 90.2847852536588 90.7460985465124
89.0891422958372 80.3134982103822 81.828241837558 87.0859800093211 0 80.4078597858648 73.9507574237928 88.1008643039626 80.1445703986413 82.5420156066597 88.3073021585004 88.0232945999633 89.5244964576347 89.6540536622597 87.8673994840703 89.3425148925208 91.0569266728001 89.8251320749173
85.8415162187485 85.1280073452 86.5184091547906 82.2337877346136 80.4078597858648 0 83.7276988877632 83.9903961178617 82.0827706588024 82.7417264159659 85.2279248708898 85.0002150024618 86.6545999065771 87.4891082793476 87.694702180414 88.2390343987537 89.4098004215052 88.8122703883472
90.4672548886222 80.189610969565 80.5042348144829 88.8149034289964 73.9507574237928 83.7276988877632 0 89.4619334758045 81.0657206065711 83.4325868711736 89.4235993436452 89.1390465396827 90.5486973704965 90.4761005024071 88.0599246560395 89.8279922320328 91.6807619791524 90.2577539286374
86.2734273606889 90.5981763781854 91.3513377482993 83.4107842329724 88.1008643039626 83.9903961178617 89.4619334758045 0 86.728583188484 85.9126336164662 76.6604254538209 77.627196302634 77.0711757029314 81.868391792761 87.5119820512232 85.9866862537587 85.0830368532146 86.5698338578532
90.1430041505679 86.1664750873007 86.706750637792 88.0377328770581 80.1445703986413 82.0827706588024 81.0657206065711 86.728583188484 0 70.9865508735604 85.8987805111985 85.3915891308315 87.6057080946921 87.1050775009372 83.2707577629414 85.891837352535 88.7197799126989 86.5662657802988
90.2272956583012 87.4947214838479 88.0062467083217 88.0908247429846 82.5420156066597 82.7417264159659 83.4325868711736 85.9126336164662 70.9865508735604 0 84.5700464329907 83.9405886754904 86.5376151333289 85.7454667282661 81.2209091826396 84.1779208042287 87.5424991364325 85.0002150024618
88.6848557252811 91.0314672262549 91.6488872940843 86.4284596991444 88.3073021585004 85.2279248708898 89.4235993436452 76.6604254538209 85.8987805111985 84.5700464329907 0 62.0827706588024 72.6751998198568 75.5808653414245 85.088056632027 82.420100378145 81.5313920024931 83.2478263495168
88.8461887760664 90.8564841175001 91.4683527698718 86.5698338578532 88.0232945999633 85.0002150024618 89.1390465396827 77.627196302634 85.3915891308315 83.9405886754904 62.0827706588024 0 74.8172353991213 75.5965756978563 84.484421527208 81.8069354424815 81.5729154765791 82.7417264159659
88.7666298257024 91.8782544058433 92.4701946961019 86.8193244329465 89.5244964576347 86.6545999065771 90.5486973704965 77.0711757029314 87.6057080946921 86.5376151333289 72.6751998198568 74.8172353991213 0 76.0877742535369 86.6394168112023 83.8481352690408 80.943337135734 84.3852942944484
90.3650444907708 92.1227494610754 92.613964891458 88.6024524892765 89.6540536622597 87.4891082793476 90.4761005024071 81.868391792761 87.1050775009372 85.7454667282661 75.5808653414245 75.5965756978563 76.0877742535369 0 84.3671484697407 79.6276794442367 75.5101617959639 80.3046101683988
92.2819183877674 90.8458374650122 91.0956768982011 90.6398255405413 87.8673994840703 87.694702180414 88.0599246560395 87.5119820512232 83.2707577629414 81.2209091826396 85.088056632027 84.484421527208 86.6394168112023 84.3671484697407 0 78.2993261327158 85.1986793407167 79.1189908313318
91.9477318885251 91.9724741636262 92.3184606669553 90.3270331102521 89.3425148925208 88.2390343987537 89.8279922320328 85.9866862537587 85.891837352535 84.1779208042287 82.420100378145 81.8069354424815 83.8481352690408 79.6276794442367 78.2993261327158 0 80.0174507434799 64.9227372224544
91.7097415724374 93.2299067168234 93.6330929467121 90.2847852536588 91.0569266728001 89.4098004215052 91.6807619791524 85.0830368532146 88.7197799126989 87.5424991364325 81.5313920024931 81.5729154765791 80.943337135734 75.5101617959639 85.1986793407167 80.0174507434799 0 79.7799514872702
92.2867022452208 92.3310992930275 92.6529911988424 90.7460985465124 89.8251320749173 88.8122703883472 90.2577539286374 86.5698338578532 86.5662657802988 85.0002150024618 83.2478263495168 82.7417264159659 84.3852942944484 80.3046101683988 79.1189908313318 64.9227372224544 79.7799514872702 0
