0 86.8428331489911 87.0764687502886 91.2262022299968 91.5946508571361 91.5084689119709 92.4053204226661 92.0505806795431 92.1239993528741 94.4446538744594 93.2755833987817 94.8711857179884 93.7164489274743 94.0829613868687 95.0320687430631 95.2253332283728 95.5198856779186 95.9348446880792
86.8428331489911 0 68.7966354858417 88.2390343987537 88.3564292247297 87.0741500437332 88.1344545004915 86.6604254538209 85.3681348263785 91.3239724057126 87.9822666720595 91.9693890769997 88.4967489738495 89.1595215930517 91.5323163190856 91.7271802232159 92.3687959765968 92.1808738232924
87.0764687502886 68.7966354858417 0 89.0818146780226 89.1656719381225 87.9250379468663 88.8259698076853 87.3431796161499 85.4841598430449 91.7844506551408 88.2560006264889 92.3977874971121 88.2993261327158 89.1686738679744 91.8636719762572 92.0266190783959 92.68916802751 92.1292907879716
91.2262022299968 88.2390343987537 89.0818146780226 0 67.0711757029314 77.5570730457587 80.481315271263 83.4107842329724 88.444562403568 85.1014144120895 87.8488417508376 86.107368620208 91.1807987672588 90.3521506770223 88.0038242554765 88.6289782308698 88.6030013835912 92.8236175490848
91.5946508571361 88.3564292247297 89.1656719381225 67.0711757029314 0 75.5480619000225 78.5720712973701 82.3859648733539 88.0309443726372 83.9968508302003 87.205713987203 85.1675938994461 90.8311555702704 89.8895489598571 87.1865143301006 87.8718063285063 87.8497272528937 92.4333716550195
91.5084689119709 87.0741500437332 87.9250379468663 77.5570730457587 75.5480619000225 0 72.6751998198568 77.2202276539385 85.6903960474664 83.6295479043609 84.685023590446 85.0671965289896 89.1912619307938 88.0908247429846 85.9415820941298 86.6366217485915 87.0373326810272 91.2061006410226
92.4053204226661 88.1344545004915 88.8259698076853 80.481315271263 78.5720712973701 72.6751998198568 0 75.6688306590022 85.4702528863302 81.1582359657343 83.4655093960509 83.0734614992025 88.7872196936417 87.3242343555791 83.8213544350363 84.7130364406345 85.2031065607087 90.4868508528736
92.0505806795431 86.6604254538209 87.3431796161499 83.4107842329724 82.3859648733539 77.2202276539385 75.6688306590022 0 82.0827706588024 83.9925487547429 79.9360690089101 85.4102617994493 86.7468837467999 85.1644872300986 84.3595495790504 84.9504435034663 86.0715147213828 89.3223765816634
92.1239993528741 85.3681348263785 85.4841598430449 88.444562403568 88.0309443726372 85.6903960474664 85.4702528863302 82.0827706588024 0 88.5910743048444 78.2106092259997 89.3800243655255 80.2119042252309 80.1972550213115 87.3926342167215 87.4327889573908 88.8228983685733 87.0125223952169
94.4446538744594 91.3239724057126 91.7844506551408 85.1014144120895 83.9968508302003 83.6295479043609 81.1582359657343 83.9925487547429 88.5910743048444 0 86.1033994395945 69.0724707021626 90.4396763737266 88.7486539621917 79.7159704140753 81.3493605368748 79.664899863217 90.7027075605651
93.2755833987817 87.9822666720595 88.2560006264889 87.8488417508376 87.205713987203 84.685023590446 83.4655093960509 79.9360690089101 78.2106092259997 86.1033994395945 0 87.0371465782411 82.4108172720404 78.4223591918166 83.7638157030265 83.760486836007 85.8541512699659 85.7634929002411
94.8711857179884 91.9693890769997 92.3977874971121 86.107368620208 85.1675938994461 85.0671965289896 83.0734614992025 85.4102617994493 89.3800243655255 69.0724707021626 87.0371465782411 0 90.9822487981031 89.3452445679644 80.2282390324022 81.6658361118692 79.0724707021626 90.9925666286993
93.7164489274743 88.4967489738495 88.2993261327158 91.1807987672588 90.8311555702704 89.1912619307938 88.7872196936417 86.7468837467999 80.2119042252309 90.4396763737266 82.4108172720404 90.9822487981031 0 76.5904631132721 88.6561793725128 88.4383813744954 89.8531331056309 83.447537158823
94.0829613868687 89.1595215930517 89.1686738679744 90.3521506770223 89.8895489598571 88.0908247429846 87.3242343555791 85.1644872300986 80.1972550213115 88.7486539621917 78.4223591918166 89.3452445679644 76.5904631132721 0 86.2504555155506 85.9131933669409 87.7692705408089 81.7873354556853
95.0320687430631 91.5323163190856 91.8636719762572 88.0038242554765 87.1865143301006 85.9415820941298 83.8213544350363 84.3595495790504 87.3926342167215 79.7159704140753 83.7638157030265 80.2282390324022 88.6561793725128 86.2504555155506 0 66.1599524140259 72.4601787698386 88.0541018848071
95.2253332283728 91.7271802232159 92.0266190783959 88.6289782308698 87.8718063285063 86.6366217485915 84.7130364406345 84.9504435034663 87.4327889573908 81.3493605368748 83.760486836007 81.6658361118692 88.4383813744954 85.9131933669409 66.1599524140259 0 73.5201228844259 87.4802850888848
95.5198856779186 92.3687959765968 92.68916802751 88.6030013835912 87.8497272528937 87.0373326810272 85.2031065607087 86.0715147213828 88.8228983685733 79.664899863217 85.8541512699659 79.0724707021626 89.8531331056309 87.7692705408089 72.4601787698386 73.5201228844259 0 88.9669688788295
95.9348446880792 92.1808738232924 92.1292907879716 92.8236175490848 92.4333716550195 91.2061006410226 90.4868508528736 89.3223765816634 87.0125223952169 90.7027075605651 85.7634929002411 90.9925666286993 83.447537158823 81.7873354556853 88.0541018848071 87.4802850888848 88.9669688788295 0
