0 81.7387672097631 76.5662657802988 77.0178873678807 86.706750637792 87.2180198603311 86.1821018921153 87.5110249283942 87.0859800093211 87.1185824845969 90.9799447343631 90.8723474595712 91.133668775044 91.8904934790159 92.1105036807747 93.2801802142471 93.3318426310238 94.3614111680205
81.7387672097631 0 85.0561662659079 81.5047597563245 90.1073501717728 90.166438767878 86.301340043983 89.8419543483159 87.1227714840238 88.2688829342483 92.6715510363836 92.5253655464883 92.1730280796715 92.4711112837065 92.9943298424316 93.7586605449458 93.8157347571058 94.7875330610742
76.5662657802988 85.0561662659079 0 77.9330371790942 83.4694405414077 84.2717598056775 85.4211172286802 85.015546065008 86.3152293981705 85.5673171147236 89.2777247308525 89.1753367108977 89.7952525418025 90.8635674133725 90.9264567584853 92.3875363630988 92.4392231130468 93.5566274255335
77.0178873678807 81.5047597563245 77.9330371790942 0 86.1664750873007 86.1703870630815 82.4784370287424 85.7634929002411 83.8325331923513 84.2066957450215 89.9378492789015 89.7597350282542 89.6338933227531 90.3574575394695 90.7659967800102 91.9962999191605 92.0595499639135 93.2456433461901
86.706750637792 90.1073501717728 83.4694405414077 86.1664750873007 0 72.3105428072981 87.250666063906 79.9360690089101 87.5972706385311 85.4102617994493 84.3865682228549 84.4629780063571 87.1861580940907 89.2099150544927 88.5220631305085 90.7679121930838 90.8052634408835 91.9956632879068
87.2180198603311 90.166438767878 84.2717598056775 86.1703870630815 72.3105428072981 0 86.2734273606889 75.5673171147236 86.5364172448041 83.785387812752 82.4427274988103 82.4094535867446 85.4658028809384 87.8718063285063 87.0870054139389 89.667702702261 89.7111516479747 91.060963094277
86.1821018921153 86.301340043983 85.4211172286802 82.4784370287424 87.250666063906 86.2734273606889 0 84.09464030757 67.0711757029314 76.5063621434069 88.3790007336137 88.0274973172219 86.3653649600743 86.6136007973246 87.7912112179718 88.9718897813533 89.0712332665112 90.6851957025818
87.5110249283942 89.8419543483159 85.015546065008 85.7634929002411 79.9360690089101 75.5673171147236 84.09464030757 0 84.2005457159281 80.0708701724473 81.5712066542113 81.108513575132 82.8100758107315 85.6913253237403 85.0933669709243 88.0748942491431 88.1391120751626 89.8137405977239
87.0859800093211 87.1227714840238 86.3152293981705 83.8325331923513 87.5972706385311 86.5364172448041 67.0711757029314 84.2005457159281 0 75.9539297579115 88.1940188817876 87.8140749232145 85.7634929002411 85.8076419242784 87.2152643932984 88.3375954540833 88.4461866352886 90.1601413172518
87.1185824845969 88.2688829342483 85.5673171147236 84.2066957450215 85.4102617994493 83.785387812752 76.5063621434069 80.0708701724473 75.9539297579115 0 85.8313544583229 85.3508561472587 83.361291448686 84.4651623168477 85.4526189957848 87.4447127951525 87.5512398339587 89.4608029987249
90.9799447343631 92.6715510363836 89.2777247308525 89.9378492789015 84.3865682228549 82.4427274988103 88.3790007336137 81.5712066542113 88.1940188817876 85.8313544583229 0 62.0827706588024 80.9356713507345 84.9956223080054 82.3073716170739 86.5256213537673 86.5364172448041 88.0377328770581
90.8723474595712 92.5253655464883 89.1753367108977 89.7597350282542 84.4629780063571 82.4094535867446 88.0274973172219 81.108513575132 87.8140749232145 85.3508561472587 62.0827706588024 0 79.927610439917 84.3941925018799 81.5879170280032 86.108690874692 86.125843648819 87.753034320393
91.133668775044 92.1730280796715 89.7952525418025 89.6338933227531 87.1861580940907 85.4658028809384 86.3653649600743 82.8100758107315 85.7634929002411 83.361291448686 80.9356713507345 79.927610439917 0 76.5662657802988 72.6713691507219 81.3442424363182 81.4574197795608 84.6769488789426
91.8904934790159 92.4711112837065 90.8635674133725 90.3574575394695 89.2099150544927 87.8718063285063 86.6136007973246 85.6913253237403 85.8076419242784 84.4651623168477 84.9956223080054 84.3941925018799 76.5662657802988 0 75.5212822206494 76.7042202442517 77.0683814829228 82.280372802064
92.1105036807747 92.9943298424316 90.9264567584853 90.7659967800102 88.5220631305085 87.0870054139389 87.7912112179718 85.0933669709243 87.2152643932984 85.4526189957848 82.3073716170739 81.5879170280032 72.6713691507219 75.5212822206494 0 78.3073021585004 78.3784347830183 82.3578348697387
93.2801802142471 93.7586605449458 92.3875363630988 91.9962999191605 90.7679121930838 89.667702702261 88.9718897813533 88.0748942491431 88.3375954540833 87.4447127951525 86.5256213537673 86.108690874692 81.3442424363182 76.7042202442517 78.3073021585004 0 50.943337135734 75.8005514005498
93.3318426310238 93.8157347571058 92.4392231130468 92.0595499639135 90.8052634408835 89.7111516479747 89.0712332665112 88.1391120751626 88.4461866352886 87.5512398339587 86.5364172448041 86.125843648819 81.4574197795608 77.0683814829228 78.3784347830183 50.943337135734 0 75.3681348263785
94.3614111680205 94.7875330610742 93.5566274255335 93.2456433461901 91.9956632879068 91.060963094277 90.6851957025818 89.8137405977239 90.1601413172518 89.4608029987249 88.0377328770581 87.753034320393 84.6769488789426 82.280372802064 82.3578348697387 75.8005514005498 75.3681348263785 0
