0 78.6148957965558 84.5700464329907 89.1924018487551 89.0483506133993 86.7239959740949 87.8319828162819 89.546717201444 89.0724707021626 89.7158984668699 90.857813115772 91.7542887013474 92.0911144554496 91.9817162959901 93.9049412711066 93.4895428788343 93.6971418110084 93.7136755633607
78.6148957965558 0 85.1757958751021 86.5075683494469 86.0715147213828 83.9536370923738 86.9312422033652 86.6545999065771 86.3653649600743 88.2905355522908 88.922933573106 90.1152402208497 90.2272956583012 90.5925300786004 92.3528148491606 92.3326765383033 92.7088797318669 92.337142049129
84.5700464329907 85.1757958751021 0 91.4203682170771 90.8097110918356 84.0608757462916 80.4857622301273 90.6024062906859 88.0232945999633 85.61053085255 89.0119174309222 89.7020490430077 91.0505757896518 89.3905934154663 93.2386197736107 91.2209091826396 91.1411444397705 92.2013960185285
89.1924018487551 86.5075683494469 91.4203682170771 0 73.2478263495168 88.2032697249812 91.2392038520386 79.4681370721026 86.7434582610283 90.8821062851461 89.2202600224785 90.4103155081914 88.8791458094156 91.4591067204594 90.2010976741015 92.7597725141275 93.4856749622355 91.7212822935907
89.0483506133993 86.0715147213828 90.8097110918356 73.2478263495168 0 86.8506411936609 90.3509914920462 73.8213544350363 84.752681769041 89.7799514872702 87.7239661854775 89.115684439989 87.3471575828297 90.3310353635652 89.0704658033877 91.7887424563489 92.6002308959102 90.644891753307
86.7239959740949 83.9536370923738 84.0608757462916 88.2032697249812 86.8506411936609 0 80.8110544783965 85.891837352535 79.3002428506583 80.5289759679537 82.6459542896836 84.6429132091945 86.1020755728508 85.1986793407167 89.6321315981049 88.2106092259997 88.7651958006542 88.6477325905062
87.8319828162819 86.9312422033652 80.4857622301273 91.2392038520386 90.3509914920462 80.8110544783965 0 89.7314264593261 85.5447953106515 78.9021373091748 85.7863355292019 86.4210841896122 88.7608908822587 85.6591876775859 91.4879355081281 88.2608359710067 88.1316743187726 89.8008564984387
89.546717201444 86.6545999065771 90.6024062906859 79.4681370721026 73.8213544350363 85.891837352535 89.7314264593261 0 82.5570171580838 88.7737928568809 85.9744315024477 87.6019601377656 85.2970022018606 89.0864791378086 87.5110249283942 90.6806177226143 91.630018568593 89.2964229570589
89.0724707021626 86.3653649600743 88.0232945999633 86.7434582610283 84.752681769041 79.3002428506583 85.5447953106515 82.5570171580838 0 83.0331223084966 77.9762509169206 81.8529679016913 81.4548623602078 84.0417671828947 86.6685681142304 87.1059911885511 88.2616413386156 86.3335469473183
89.7158984668699 88.2905355522908 85.61053085255 90.8821062851461 89.7799514872702 80.5289759679537 78.9021373091748 88.7737928568809 83.0331223084966 0 81.3769599159453 81.8246980227395 85.9029410845511 80.3534795727897 89.4023755247218 84.8190149299059 85.0274329204183 86.8985354176195
90.857813115772 88.922933573106 89.0119174309222 89.2202600224785 87.7239661854775 82.6459542896836 85.7863355292019 85.9744315024477 77.9762509169206 81.3769599159453 0 72.9845369622933 78.103370572082 78.6665542029632 85.1362843532686 83.4033961764943 85.26340400843 82.6641464020242
91.7542887013474 90.1152402208497 89.7020490430077 90.4103155081914 89.115684439989 84.6429132091945 86.4210841896122 87.6019601377656 81.8529679016913 81.8246980227395 72.9845369622933 0 79.05908719444 74.1239704853616 84.9192614761152 80.3185160559075 83.0277507001197 80.1980354633855
92.0911144554496 90.2272956583012 91.0505757896518 88.8791458094156 87.3471575828297 86.1020755728508 88.7608908822587 85.2970022018606 81.4548623602078 85.9029410845511 78.103370572082 79.05908719444 0 82.9188992672694 80.1964580507305 84.7054556385607 86.7956877693918 80.636964676437
91.9817162959901 90.5925300786004 89.3905934154663 91.4591067204594 90.3310353635652 85.1986793407167 85.6591876775859 89.0864791378086 84.0417671828947 80.3534795727897 78.6665542029632 74.1239704853616 82.9188992672694 0 86.8159556326594 77.5519919157727 79.9742370056535 81.7659445065583
93.9049412711066 92.3528148491606 93.2386197736107 90.2010976741015 89.0704658033877 89.6321315981049 91.4879355081281 87.5110249283942 86.6685681142304 89.4023755247218 85.1362843532686 84.9192614761152 80.1964580507305 86.8159556326594 0 86.8316543916761 88.6148957965558 81.7624218042085
93.4895428788343 92.3326765383033 91.2209091826396 92.7597725141275 91.7887424563489 88.2106092259997 88.2608359710067 90.6806177226143 87.1059911885511 84.8190149299059 83.4033961764943 80.3185160559075 84.7054556385607 77.5519919157727 86.8316543916761 0 73.9968508302003 79.911826927902
93.6971418110084 92.7088797318669 91.1411444397705 93.4856749622355 92.6002308959102 88.7651958006542 88.1316743187726 91.630018568593 88.2616413386156 85.0274329204183 85.26340400843 83.0277507001197 86.7956877693918 79.9742370056535 88.6148957965558 73.9968508302003 0 83.429981491408
93.7136755633607 92.337142049129 92.2013960185285 91.7212822935907 90.644891753307 88.6477325905062 89.8008564984387 89.2964229570589 86.3335469473183 86.8985354176195 82.6641464020242 80.1980354633855 80.636964676437 81.7659445065583 81.7624218042085 79.911826927902 83.429981491408 0
