0 76.6136007973246 86.0393941818496 89.4295383100754 88.1934643891456 90.664610844456 90.9732005443019 91.9803483316292 91.9693890769997 92.1664791154221 92.2309286500577 92.9957626545773 93.1915155096844 93.2644000618806 93.1966884539194 93.2222041818708 93.4499763303665 93.5236877845994
76.6136007973246 0 85.6562542463234 90.6801563207739 88.3073021585004 90.1683542008492 91.3675170171665 91.5886657470498 91.9970762771725 92.4324470668276 92.1689231872213 92.6285267937103 92.8634330622707 92.9551226995673 93.3513248469073 93.3550650034345 93.6115316848253 93.2386663960167
86.0393941818496 85.6562542463234 0 87.7738075181225 77.4754622734875 83.0805580063187 85.7634929002411 85.8987805111985 86.3114457956494 87.4269372455433 86.6142375581822 87.8371448084363 88.1762516005099 88.302518301047 88.8461887760664 88.8285560079588 89.2869082629181 88.7553331759302
89.4295383100754 90.6801563207739 87.7738075181225 0 86.2093142267685 90.1054689871754 84.7635075614827 90.788610269172 88.4453344140258 86.8428331489911 89.2531988351205 91.6755583992242 91.6841840260165 91.6651005805237 88.7723611954805 88.9566880924795 89.0058154076919 91.8154424561728
88.1934643891456 88.3073021585004 77.4754622734875 86.2093142267685 0 81.7383705959595 81.5729154765791 84.2717598056775 82.9188992672694 84.1239704853616 83.6748828501376 86.4528699294082 86.706750637792 86.7889107409908 86.2325041385106 86.2389238659457 86.8148321182775 87.2469889195761
90.664610844456 90.1683542008492 83.0805580063187 90.1054689871754 81.7383705959595 0 85.2796254879162 75.169591101074 82.1190897240151 85.5988091943666 81.3176021151403 80.4857622301273 81.3871988814038 81.7373988917368 86.1886808094144 85.9996451605513 86.7464101681337 82.7417264159659
90.9732005443019 91.3675170171665 85.7634929002411 84.7635075614827 81.5729154765791 85.2796254879162 0 85.5673171147236 79.3443980803016 74.8172353991213 81.5309759900547 86.7924801490103 86.706750637792 86.6323912855628 80.943337135734 81.2493343553935 81.7819451443998 86.8301004705572
91.9803483316292 91.5886657470498 85.8987805111985 90.788610269172 84.2717598056775 75.169591101074 85.5673171147236 0 80.8378353124009 85.0930706154422 78.9737634630693 73.8584012085937 75.5673171147236 76.2325041385106 84.9504435034663 84.6521673035101 85.5085157137867 78.0454838003082
91.9693890769997 91.9970762771725 86.3114457956494 88.4453344140258 82.9188992672694 82.1190897240151 79.3443980803016 80.8378353124009 0 76.8761978059386 68.5542544106434 82.2077602884041 81.9401435468265 81.7711908388985 77.7917907521781 77.4269372455433 79.2492238225855 82.0674111805169
92.1664791154221 92.4324470668276 87.4269372455433 86.8428331489911 84.1239704853616 85.5988091943666 74.8172353991213 85.0930706154422 76.8761978059386 0 79.4917205761582 85.8795144866155 85.6238550502764 85.4673355948484 75.0930706154422 75.7863355292019 76.6136007973246 85.5336391765578
92.2309286500577 92.1689231872213 86.6142375581822 89.2531988351205 83.6748828501376 81.3176021151403 81.5309759900547 78.9737634630693 68.5542544106434 79.4917205761582 0 80.237526392877 79.8552530920057 79.632092259384 79.010810164412 78.4892393553298 80.1724423529971 80.0228223518567
92.9957626545773 92.6285267937103 87.8371448084363 91.6755583992242 86.4528699294082 80.4857622301273 86.7924801490103 73.8584012085937 82.2077602884041 85.8795144866155 80.237526392877 0 63.6497832616624 66.9270792340002 85.0613942842272 84.7065240841769 85.4881657218184 71.3176021151403
93.1915155096844 92.8634330622707 88.1762516005099 91.6841840260165 86.706750637792 81.3871988814038 86.706750637792 75.5673171147236 81.9401435468265 85.6238550502764 79.8552530920057 63.6497832616624 0 56.9639370490137 84.5869706818913 84.2005457159281 85.0002150024618 66.7527595493869
93.2644000618806 92.9551226995673 88.302518301047 91.6651005805237 86.7889107409908 81.7373988917368 86.6323912855628 76.2325041385106 81.7711908388985 85.4673355948484 79.632092259384 66.9270792340002 56.9639370490137 0 84.3239158899316 83.9209422467254 84.7327641218684 63.7570682926463
93.1966884539194 93.3513248469073 88.8461887760664 88.7723611954805 86.2325041385106 86.1886808094144 80.943337135734 84.9504435034663 77.7917907521781 75.0930706154422 79.010810164412 85.0613942842272 84.5869706818913 84.3239158899316 0 57.9330371790942 63.2478263495168 84.1625473965143
93.2222041818708 93.3550650034345 88.8285560079588 88.9566880924795 86.2389238659457 85.9996451605513 81.2493343553935 84.6521673035101 77.4269372455433 75.7863355292019 78.4892393553298 84.7065240841769 84.2005457159281 83.9209422467254 57.9330371790942 0 65.0930706154422 83.7400934542296
93.4499763303665 93.6115316848253 89.2869082629181 89.0058154076919 86.8148321182775 86.7464101681337 81.7819451443998 85.5085157137867 79.2492238225855 76.6136007973246 80.1724423529971 85.4881657218184 85.0002150024618 84.7327641218684 63.2478263495168 65.0930706154422 0 84.5209297637917
93.5236877845994 93.2386663960167 88.7553331759302 91.8154424561728 87.2469889195761 82.7417264159659 86.8301004705572 78.0454838003082 82.0674111805169 85.5336391765578 80.0228223518567 71.3176021151403 66.7527595493869 63.7570682926463 84.1625473965143 83.7400934542296 84.5209297637917 0
