0 84.2527098423428 82.6250681325542 89.4763697220926 88.8700084436539 86.6162915557219 87.4946807590845 86.7787253282775 89.9577943651018 88.309480890162 89.9360690089101 89.8179113424756 91.6285351957431 91.6872263472842 92.111074405493 93.0983909180522 92.1259843966288 93.4037190421675
84.2527098423428 0 82.5420156066597 83.4499763303665 81.5766707252515 75.3681348263785 79.7799514872702 81.5586786978078 83.622091328923 86.213187821334 84.1025831913076 88.3351034548413 89.2837003425867 89.3097425514618 90.9505779401562 89.5625624104153 89.8600586815963 90.0185255968003
82.6250681325542 82.5420156066597 0 88.9173976324978 87.7864035964503 83.447537158823 83.2478263495168 80.1369166256539 87.9899889902793 81.9401435468265 87.0179949674126 84.877334088665 87.8773314419741 87.9762509169206 88.627501584766 90.8497523627146 88.6346980595624 91.2262022299968
89.4763697220926 83.4499763303665 88.9173976324978 0 72.0827706588024 82.8634330622707 84.6944839826563 87.1124438685858 80.0281873245205 89.9622774554722 84.1545775127454 91.2622670128388 91.0551858676871 91.0301903276857 92.9561105199662 88.5046971747609 91.3923961201477 88.940188044825
88.8700084436539 81.5766707252515 87.7864035964503 72.0827706588024 0 80.0708701724473 82.3859648733539 85.4513212253009 76.9639370490137 88.7852291895436 81.9784131186445 90.251809052559 90.0545455038848 90.0303314592563 92.1372286805179 87.6826211687468 90.4468731127175 88.1934643891456
86.6162915557219 75.3681348263785 83.447537158823 82.8634330622707 80.0708701724473 0 72.9845369622933 79.0181630650399 80.4372372021832 85.042668369047 80.1938154556531 87.3242343555791 87.7914887381146 87.8007545217567 90.055122261036 87.6958083870618 88.4222090830168 88.2584189716943
87.4946807590845 79.7799514872702 83.2478263495168 84.6944839826563 82.3859648733539 72.9845369622933 0 75.3774251394528 80.8821062851461 83.1391823978766 78.0795738833046 85.7634929002411 86.0532540515277 86.0621707455228 88.8349565036834 86.6416116033296 86.8134756062989 87.2709460205284
86.7787253282775 81.5586786978078 80.1369166256539 87.1124438685858 85.4513212253009 79.0181630650399 75.3774251394528 0 84.5481434958411 79.0346927285016 82.1654959184623 83.1777619623275 84.877334088665 84.9503514174837 87.3699604501544 87.8594558778782 85.8695443561659 88.385441756389
89.9577943651018 83.622091328923 87.9899889902793 80.0281873245205 76.9639370490137 80.4372372021832 80.8821062851461 84.5481434958411 0 87.8452979360192 76.244945866275 89.2581955282206 88.4585494710587 88.4065647866336 91.1044211426108 84.7121850771292 88.8430935173847 85.435034457386
88.309480890162 86.213187821334 81.9401435468265 89.9622774554722 88.7852291895436 85.042668369047 83.1391823978766 79.0346927285016 87.8452979360192 0 85.7173509769397 75.0930706154422 82.0090239002976 82.240236057727 83.5934979520643 88.8424239065383 83.4293714322469 89.2434464950952
89.9360690089101 84.1025831913076 87.0179949674126 84.1545775127454 81.9784131186445 80.1938154556531 78.0795738833046 82.1654959184623 76.244945866275 85.7173509769397 0 87.2884719724698 86.0178477447537 85.9477767450349 89.4098004215052 82.9436298012717 86.5256213537673 83.8935311625562
89.8179113424756 88.3351034548413 84.877334088665 91.2622670128388 90.251809052559 87.3242343555791 85.7634929002411 83.1777619623275 89.2581955282206 75.0930706154422 87.2884719724698 0 80.1369166256539 80.5050214404877 79.5959400534576 89.2588851335231 81.6510790929269 89.5819167545738
91.6285351957431 89.2837003425867 87.8773314419741 91.0551858676871 90.0545455038848 87.7914887381146 86.0532540515277 84.877334088665 88.4585494710587 82.0090239002976 86.0178477447537 80.1369166256539 0 53.2160122205902 80.4372372021832 86.440724448383 67.0711757029314 86.7602019946792
91.6872263472842 89.3097425514618 87.9762509169206 91.0301903276857 90.0303314592563 87.8007545217567 86.0621707455228 84.9503514174837 88.4065647866336 82.240236057727 85.9477767450349 80.5050214404877 53.2160122205902 0 80.7316060227502 86.2737199432981 66.0146644799145 86.593546419187
92.111074405493 90.9505779401562 88.627501584766 92.9561105199662 92.1372286805179 90.055122261036 88.8349565036834 87.3699604501544 91.1044211426108 83.5934979520643 89.4098004215052 79.5959400534576 80.4372372021832 80.7316060227502 0 89.941542160005 80.6607330446118 90.1306712897672
93.0983909180522 89.5625624104153 90.8497523627146 88.5046971747609 87.6826211687468 87.6958083870618 86.6416116033296 87.8594558778782 84.7121850771292 88.8424239065383 82.9436298012717 89.2588851335231 86.440724448383 86.2737199432981 89.941542160005 0 86.3202690794079 64.2125824913067
92.1259843966288 89.8600586815963 88.6346980595624 91.3923961201477 90.4468731127175 88.4222090830168 86.8134756062989 85.8695443561659 88.8430935173847 83.4293714322469 86.5256213537673 81.6510790929269 67.0711757029314 66.0146644799145 80.6607330446118 86.3202690794079 0 86.5818786038719
93.4037190421675 90.0185255968003 91.2262022299968 88.940188044825 88.1934643891456 88.2584189716943 87.2709460205284 88.385441756389 85.435034457386 89.2434464950952 83.8935311625562 89.5819167545738 86.7602019946792 86.593546419187 90.1306712897672 64.2125824913067 86.5818786038719 0
