0 64.9227372224544 85.9195436335469 85.2003092693599 88.7859429613949 91.2262022299968 89.2183222170686 90.7027075605651 89.9985976200845 90.024032015376 90.6732294042875 93.3029119304002 92.3408689926875 93.0817010189868 93.3759505629399 94.0662283700721 94.3052191700243 94.3199260459954
64.9227372224544 0 86.2325041385106 84.3872598725851 88.3311427205777 91.2037643457854 88.9621742069864 90.5981763781854 89.5765657369386 89.7739438406613 90.3693696241556 93.2483372541487 92.069722241919 92.8176982334711 93.1349893540374 93.9258518946356 94.1079908738051 94.0956912319113
85.9195436335469 86.2325041385106 0 88.6148957965558 89.4510244050228 86.3114457956494 87.1809971370733 86.8316543916761 90.7841074747623 88.2004549537009 89.9360690089101 89.9491930022336 91.818666893075 92.7734717665533 92.8095106542704 92.2113311315793 93.4038239686881 93.8714337899069
85.2003092693599 84.3872598725851 88.6148957965558 0 80.738820882775 90.316509613359 85.3413992496673 88.8349120548484 82.9023336598264 86.0939213261638 85.7548958440144 91.9731594409166 88.0740403942904 89.0355663526282 89.6602337925892 91.694014166204 91.2444870460708 90.9541809486562
88.7859429613949 88.3311427205777 89.4510244050228 80.738820882775 0 88.9187822793513 81.3926525972256 86.6813329578914 73.8658978492988 81.5300116772181 78.9642297145514 90.1912970937131 83.2093361878076 84.9590655924985 85.8457319881969 89.0440916063363 88.1670594431119 87.8461841608603
91.2262022299968 91.2037643457854 86.3114457956494 90.316509613359 88.9187822793513 0 84.1923321062572 76.625354376404 89.9796622965764 84.5606129496458 87.3660033247608 80.6374962592738 89.1473223627738 90.3708563400322 90.0228223518567 87.0849522654576 90.1237359173447 91.3036344422995
89.2183222170686 88.9621742069864 87.1809971370733 85.3413992496673 81.3926525972256 84.1923321062572 0 79.8920337031866 83.778610784351 69.5899763532207 78.9021373091748 86.5698338578532 84.1779208042287 86.3391159691871 86.3802934588265 86.7024328082487 87.7552147753735 88.4761028375782
90.7027075605651 90.5981763781854 86.8316543916761 88.8349120548484 86.6813329578914 76.625354376404 79.8920337031866 0 87.9399803377578 80.1617073425894 84.3872598725851 81.828241837558 86.8728728512127 88.4599765983439 88.103370572082 85.5196092044663 88.4833575698664 89.7360167039802
89.9985976200845 89.5765657369386 90.7841074747623 82.9023336598264 73.8658978492988 89.9796622965764 83.778610784351 87.9399803377578 0 83.4150041316141 79.6707254104607 90.8101589335291 81.8670341320252 83.2707577629414 84.6280655201376 89.0856423863861 87.4472858109906 86.6545999065771
90.024032015376 89.7739438406613 88.2004549537009 86.0939213261638 81.5300116772181 84.5606129496458 69.5899763532207 80.1617073425894 83.4150041316141 0 76.4952777001793 86.1959315404849 82.6308428824719 85.1693510883519 85.1135568464082 85.5673171147236 86.6136007973246 87.4901088621596
90.6732294042875 90.3693696241556 89.9360690089101 85.7548958440144 78.9642297145514 87.3660033247608 78.9021373091748 84.3872598725851 79.6707254104607 76.4952777001793 0 88.0428173008416 77.7647878994723 81.6951556819209 82.1556516872302 85.7893393053062 84.9835717877555 85.322427491129
93.3029119304002 93.2483372541487 89.9491930022336 91.9731594409166 90.1912970937131 80.6374962592738 86.5698338578532 81.828241837558 90.8101589335291 86.1959315404849 88.0428173008416 0 88.8986615628356 89.9355213142478 89.3002428506583 83.7869313095495 88.713136338115 90.4044194401031
92.3408689926875 92.069722241919 91.818666893075 88.0740403942904 83.2093361878076 89.1473223627738 84.1779208042287 86.8728728512127 81.8670341320252 82.6308428824719 77.7647878994723 88.8986615628356 0 73.2478263495168 74.3872598725851 84.8665900904746 81.0167281724818 80.6374962592738
93.0817010189868 92.8176982334711 92.7734717665533 89.0355663526282 84.9590655924985 90.3708563400322 86.3391159691871 88.4599765983439 83.2707577629414 85.1693510883519 81.6951556819209 89.9355213142478 73.2478263495168 0 70.237526392877 85.7421096758666 79.9538515766288 76.8982993539898
93.3759505629399 93.1349893540374 92.8095106542704 89.6602337925892 85.8457319881969 90.0228223518567 86.3802934588265 88.103370572082 84.6280655201376 85.1135568464082 82.1556516872302 89.3002428506583 74.3872598725851 70.237526392877 0 84.2985608295194 76.6543290420904 75.1097422091168
94.0662283700721 93.9258518946356 92.2113311315793 91.694014166204 89.0440916063363 87.0849522654576 86.7024328082487 85.5196092044663 89.0856423863861 85.5673171147236 85.7893393053062 83.7869313095495 84.8665900904746 85.7421096758666 84.2985608295194 0 81.9124372658146 85.5194765363862
94.3052191700243 94.1079908738051 93.4038239686881 91.2444870460708 88.1670594431119 90.1237359173447 87.7552147753735 88.4833575698664 87.4472858109906 86.6136007973246 84.9835717877555 88.713136338115 81.0167281724818 79.9538515766288 76.6543290420904 81.9124372658146 0 76.3763814075664
94.3199260459954 94.0956912319113 93.8714337899069 90.9541809486562 87.8461841608603 91.3036344422995 88.4761028375782 89.7360167039802 86.6545999065771 87.4901088621596 85.322427491129 90.4044194401031 80.6374962592738 76.8982993539898 75.1097422091168 85.5194765363862 76.3763814075664 0
