0 77.9762509169206 83.2222041818708 83.447537158823 88.444562403568 89.580133814493 89.6788680708702 90.5892330106331 91.6827044290008 90.4396763737266 92.434440532882 93.561179244258 94.941112380622 95.4925475891355 95.5878577525383 95.9481014664482 96.6443279256536 97.1368796008778
77.9762509169206 0 85.8076419242784 85.9140164997191 89.4313841462521 90.7246856097169 89.3173273791542 89.519074177209 92.4887047804672 90.8520511837489 93.0251203342448 93.4195517043445 94.7194954413318 95.4535216572886 95.4745675113907 96.0762102375156 96.2888015322747 97.1269564468328
83.2222041818708 85.8076419242784 0 53.9536370923738 82.0323684124072 83.8924062417859 87.0711757029314 89.6479614516232 87.597948594433 86.3202690794079 88.8751142103305 91.4574416844743 93.2905341819528 93.6536170783573 93.8867310101587 93.9710280965217 95.5613227109851 95.5770404086581
83.447537158823 85.9140164997191 53.9536370923738 0 81.6951556819209 83.6710330012516 86.9049079448957 89.553301503306 87.4451710118494 86.108690874692 88.7315263964103 91.3432981318031 93.1990142701287 93.5633366222523 93.7994158947852 93.8849668977695 95.4939185884058 95.5047191012369
88.444562403568 89.4313841462521 82.0323684124072 81.6951556819209 0 75.8987805111985 84.2898848045664 88.6665542029632 81.980237315131 78.922933573106 83.7631567277149 88.5246017901825 91.0314672262549 91.2004909747474 91.6025655904131 91.4591815904878 94.0424054914208 93.6033008406848
89.580133814493 90.7246856097169 83.8924062417859 83.6710330012516 75.8987805111985 0 86.8761978059386 90.3886573456538 78.5587435737827 81.5766707252515 82.3295018380934 89.4076026699036 91.6665715186644 91.4852529036983 91.9919656336304 91.3481783300773 94.5749424385951 93.6666275684742
89.6788680708702 89.3173273791542 87.0711757029314 86.9049079448957 84.2898848045664 86.8761978059386 0 81.0165466649615 87.7551871960675 81.7819451443998 87.3994139418756 84.935468603808 88.1067100146295 89.5747805982607 89.588983872929 91.0118061863955 91.5653952239311 92.6132594440351
90.5892330106331 89.519074177209 89.6479614516232 89.553301503306 88.6665542029632 90.3886573456538 81.0165466649615 0 91.0353412860288 87.3975598292249 90.7016131459882 87.000769558739 88.7284672531233 90.7814035555182 90.4701149589016 92.489899545369 91.0416689218196 93.3989573022937
91.6827044290008 92.4887047804672 87.597948594433 87.4451710118494 81.980237315131 78.5587435737827 87.7551871960675 91.0353412860288 0 81.7313137895577 74.8349979793794 88.3784347830183 90.7212698042504 90.0432105561804 90.7732816823207 89.4344587975798 93.9567466924282 92.3450321988467
90.4396763737266 90.8520511837489 86.3202690794079 86.108690874692 78.922933573106 81.5766707252515 81.7819451443998 87.3975598292249 81.7313137895577 0 81.1941395719835 85.084546026832 88.5843509004963 88.8122703883472 89.3094043407525 89.3958479599834 92.4296721206275 91.9089615194754
92.434440532882 93.0251203342448 88.8751142103305 88.7315263964103 83.7631567277149 82.3295018380934 87.3994139418756 90.7016131459882 74.8349979793794 81.1941395719835 0 86.7696515306304 89.3918555064174 88.4210097854474 89.3274199206759 87.669856364134 93.0590365402464 91.1052019864892
93.561179244258 93.4195517043445 91.4574416844743 91.3432981318031 88.5246017901825 89.4076026699036 84.935468603808 87.000769558739 88.3784347830183 85.084546026832 86.7696515306304 0 79.0152016136156 82.0155360191821 81.9745296711912 85.9415820941298 87.6106563833044 88.0234582345773
94.941112380622 94.7194954413318 93.2905341819528 93.1990142701287 91.0314672262549 91.6665715186644 88.1067100146295 88.7284672531233 90.7212698042504 88.5843509004963 89.3918555064174 79.0152016136156 0 79.3756649167141 76.2968954915695 85.6695130240201 83.8123906654578 85.9415820941298
95.4925475891355 95.4535216572886 93.6536170783573 93.5633366222523 91.2004909747474 91.4852529036983 89.5747805982607 90.7814035555182 90.0432105561804 88.8122703883472 88.4210097854474 82.0155360191821 79.3756649167141 0 71.7924251869547 80.0260144984147 86.5075683494469 82.0154368322127
95.5878577525383 95.4745675113907 93.8867310101587 93.7994158947852 91.6025655904131 91.9919656336304 89.588983872929 90.4701149589016 90.7732816823207 89.3094043407525 89.3274199206759 81.9745296711912 76.2968954915695 71.7924251869547 0 82.7417264159659 84.7596317326513 82.5592814348414
95.9481014664482 96.0762102375156 93.9710280965217 93.8849668977695 91.4591815904878 91.3481783300773 91.0118061863955 92.489899545369 89.4344587975798 89.3958479599834 87.669856364134 85.9415820941298 85.6695130240201 80.0260144984147 82.7417264159659 0 89.641432447747 81.773910487617
96.6443279256536 96.2888015322747 95.5613227109851 95.4939185884058 94.0424054914208 94.5749424385951 91.5653952239311 91.0416689218196 93.9567466924282 92.4296721206275 93.0590365402464 87.6106563833044 83.8123906654578 86.5075683494469 84.7596317326513 89.641432447747 0 87.6243995150613
97.1368796008778 97.1269564468328 95.5770404086581 95.5047191012369 93.6033008406848 93.6666275684742 92.6132594440351 93.3989573022937 92.3450321988467 91.9089615194754 91.1052019864892 88.0234582345773 85.9415820941298 82.0154368322127 82.5592814348414 81.773910487617 87.6243995150613 0
