0 71.9124372658146 77.7285209261352 85.604595839916 85.4963548523048 85.9957471023704 90.3822376182188 90.1617619497926 90.1931599729237 92.2841515103591 92.2285139032769 92.1808738232924 92.3354103509368 92.5163934390137 92.5636014599458 92.8723553968297 92.9092436769071 93.3810147308164
71.9124372658146 0 76.8092101824516 85.3649979935812 84.1323142820089 84.5532348206728 90.0543803137744 89.7020490430077 89.1539056873261 91.9145213791805 91.4699259811323 91.4925304069722 91.6459678400797 91.7560899310274 91.8526156615501 92.3550118221963 92.1654959184623 92.9885665459613
77.7285209261352 76.8092101824516 0 81.3493605368748 81.6251957531956 82.7051114507725 88.0908247429846 87.7917907521781 88.6894082301889 90.4857622301273 90.8499624946693 90.6272325542047 90.8361875547389 91.264687604533 91.1918866187842 91.2876161859881 91.7769297823422 91.8321563494926
85.604595839916 85.3649979935812 81.3493605368748 0 81.1303421223965 82.7233234416168 83.1679005025265 83.2834453116058 88.5245345327711 87.3162326125158 89.9674982832603 89.1885004158061 89.506155347707 90.6047544631244 90.1700728143196 89.1865483842417 91.2687189283341 89.4001209095926
85.4963548523048 84.1323142820089 81.6251957531956 81.1303421223965 0 67.3028851951326 85.2970022018606 84.0608757462916 84.1534862442691 87.7285209261352 87.209041044096 86.8316543916761 87.1459960865005 87.8928971582322 87.694702180414 88.0908247429846 88.6914254388411 89.2105654135031
85.9957471023704 84.5532348206728 82.7051114507725 82.7233234416168 67.3028851951326 0 85.8611039798617 84.5328390447481 82.9023336598264 87.9076047679713 86.5364172448041 86.3238936525999 86.6230062039656 87.2162362687517 87.1097400396013 87.9211582458389 88.0452224239139 89.2234877779738
90.3822376182188 90.0543803137744 88.0908247429846 83.1679005025265 85.2970022018606 85.8611039798617 0 71.9124372658146 88.4437138807003 79.3002428506583 88.4422129095728 86.7239959740949 87.1974532304117 89.3500427490681 88.3453844908085 84.9227372224544 90.1700728143196 84.0814221470461
90.1617619497926 89.7020490430077 87.7917907521781 83.2834453116058 84.0608757462916 84.5328390447481 71.9124372658146 0 87.0672272910318 79.0051368755729 87.0757607114234 85.1097422091168 85.6757780260841 88.1233688184042 86.9996193558102 83.5081091981508 89.0617671974988 83.4769463362573
90.1931599729237 89.1539056873261 88.6894082301889 88.5245345327711 84.1534862442691 82.9023336598264 88.4437138807003 87.0672272910318 0 88.5938673525578 79.8026005337483 82.1714479694572 82.1226754861304 80.197469428026 81.5333132404877 86.4667091644679 81.5039130133936 88.8335004036678
92.2841515103591 91.9145213791805 90.4857622301273 87.3162326125158 87.7285209261352 87.9076047679713 79.3002428506583 79.0051368755729 88.5938673525578 0 87.4150139484352 85.0561662659079 85.577496749093 88.43141718532 87.0168149034182 80.6047544631244 89.291357676221 76.7590029884039
92.2285139032769 91.4699259811323 90.8499624946693 89.9674982832603 87.209041044096 86.5364172448041 88.4422129095728 87.0757607114234 79.8026005337483 87.4150139484352 0 75.1076421598797 73.6150544197641 69.4099709184996 67.1304363527014 83.2817642712038 75.3182234905935 86.7923005771085
92.1808738232924 91.4925304069722 90.6272325542047 89.1885004158061 86.8316543916761 86.3238936525999 86.7239959740949 85.1097422091168 82.1714479694572 85.0561662659079 75.1076421598797 0 61.6913912691538 78.6223132959149 73.2222041818708 79.0924689484848 81.0208149157414 84.2039038267498
92.3354103509368 91.6459678400797 90.8361875547389 89.506155347707 87.1459960865005 86.6230062039656 87.1974532304117 85.6757780260841 82.1226754861304 85.577496749093 73.6150544197641 61.6913912691538 0 77.5259190400726 70.7008327216012 79.8214368050346 80.1385146251811 84.6429132091945
92.5163934390137 91.7560899310274 91.264687604533 90.6047544631244 87.8928971582322 87.2162362687517 89.3500427490681 88.1233688184042 80.197469428026 88.43141718532 69.4099709184996 78.6223132959149 77.5259190400726 0 72.6751998198568 84.7327641218684 69.2684262627964 87.7935997894075
92.5636014599458 91.8526156615501 91.1918866187842 90.1700728143196 87.694702180414 87.1097400396013 88.3453844908085 86.9996193558102 81.5333132404877 87.0168149034182 67.1304363527014 73.2222041818708 70.7008327216012 72.6751998198568 0 82.2595237792253 76.6136007973246 86.1302226211899
92.8723553968297 92.3550118221963 91.2876161859881 89.1865483842417 88.0908247429846 87.9211582458389 84.9227372224544 83.5081091981508 86.4667091644679 80.6047544631244 83.2817642712038 79.0924689484848 79.8214368050346 84.7327641218684 82.2595237792253 0 85.8862748223873 77.2486372171066
92.9092436769071 92.1654959184623 91.7769297823422 91.2687189283341 88.6914254388411 88.0452224239139 90.1700728143196 89.0617671974988 81.5039130133936 89.291357676221 75.3182234905935 81.0208149157414 80.1385146251811 69.2684262627964 76.6136007973246 85.8862748223873 0 88.6145977514601
93.3810147308164 92.9885665459613 91.8321563494926 89.4001209095926 89.2105654135031 89.2234877779738 84.0814221470461 83.4769463362573 88.8335004036678 76.7590029884039 86.7923005771085 84.2039038267498 84.6429132091945 87.7935997894075 86.1302226211899 77.2486372171066 88.6145977514601 0
