0 84.0502702591676 77.7285209261352 84.8172353991213 82.0727368965748 83.051870788883 87.0382140342669 84.1979985333555 86.1192544428531 86.7696515306304 87.1530214921769 90.2908458823698 90.2746653730014 90.8514591491598 91.3164066447049 91.2731490667077 90.8776994407101 91.5747935068004
84.0502702591676 0 79.1123755294906 72.5570171580838 79.5765657369386 88.2511598923979 80.6374962592738 86.1085907145521 87.1049402642099 88.3311427205777 87.2016042685911 87.8025450576794 89.259475688825 92.1850624665857 92.6751998198568 89.9677176977207 91.3513377482993 90.2211456292078
77.7285209261352 79.1123755294906 0 79.8026005337483 75.3208427639379 84.6944839826563 83.447537158823 82.8433736973379 84.7814907955383 86.0487872378001 85.5266933956535 88.3279715303536 88.8122703883472 90.7396111777461 91.2791828908882 89.8531331056309 90.2359933182647 90.1799213536671
84.8172353991213 72.5570171580838 79.8026005337483 0 77.5803463896305 87.9719488414633 76.4210841896122 85.046673710277 85.9195436335469 87.3827962632147 85.8203757673713 86.1560258917179 87.9477781460115 91.5530631217935 92.0897805247568 88.725573403395 90.4905850455247 89.0112398515747
82.0727368965748 79.5765657369386 75.3208427639379 77.5803463896305 0 84.8913549073611 80.237526392877 80.5736853544288 82.4600994442045 84.4029525538654 82.9436298012717 86.1468621765672 86.8316543916761 89.8805735510333 90.5098229277861 88.0715171378125 88.9484459046777 88.4638216139284
83.051870788883 88.2511598923979 84.6944839826563 87.9719488414633 84.8913549073611 0 88.6252767520647 80.5103565789129 82.5510227543453 81.8069354424815 84.5850934634402 89.9085993106296 88.6797390683343 86.7979644257961 87.4093346529378 90.0303314592563 87.7783103125321 90.4078597858648
87.0382140342669 80.6374962592738 83.447537158823 76.4210841896122 80.237526392877 88.6252767520647 0 85.0145170988719 85.26340400843 86.8982993539898 84.5775764649058 82.8967977192182 85.9539297579115 91.0523979490729 91.6326132525547 86.6580961725535 89.5341193832037 86.9639370490137
84.1979985333555 86.1085907145521 82.8433736973379 85.046673710277 80.5736853544288 80.5103565789129 85.0145170988719 0 72.1158538266641 75.8391968678268 76.9954377455117 86.3207663767117 84.8600870074478 86.3152293981705 87.2253557843328 86.8142180202349 85.5542506792134 87.3483918112163
86.1192544428531 87.1049402642099 84.7814907955383 85.9195436335469 82.4600994442045 82.5510227543453 85.26340400843 72.1158538266641 0 71.5879170280032 70.9865508735604 85.26340400843 82.8354320315571 85.1328109147603 86.2170579640101 85.289026176076 83.622091328923 85.9291992239092
86.7696515306304 88.3311427205777 86.0487872378001 87.3827962632147 84.4029525538654 81.8069354424815 86.8982993539898 75.8391968678268 71.5879170280032 0 75.9539297579115 86.5111849588043 83.6710330012516 83.2825370755635 84.575695180571 85.9566689221897 82.420100378145 86.5495758812333
87.1530214921769 87.2016042685911 85.5266933956535 85.8203757673713 82.9436298012717 84.5850934634402 84.5775764649058 76.9954377455117 70.9865508735604 75.9539297579115 0 83.5081091981508 80.3733330693944 85.4639911030484 86.5364172448042 83.4694405414077 82.9518421166448 84.2495038086784
90.2908458823698 87.8025450576794 88.3279715303536 86.1560258917179 86.1468621765672 89.9085993106296 82.8967977192182 86.3207663767117 85.26340400843 86.5111849588043 83.5081091981508 0 79.4313841462521 89.6346573786048 90.280234225313 78.6665542029632 86.8817337465467 79.0051368755729
90.2746653730014 89.259475688825 88.8122703883472 87.9477781460115 86.8316543916761 88.6797390683343 85.9539297579115 84.8600870074478 82.8354320315571 83.6710330012516 80.3733330693944 79.4313841462521 0 86.5960299642377 87.4658005457673 73.2478263495168 82.1259843966288 75.5673171147236
90.8514591491598 92.1850624665857 90.7396111777461 91.5530631217935 89.8805735510333 86.7979644257961 91.0523979490729 86.3152293981705 85.1328109147603 83.2825370755635 85.4639911030484 89.6346573786048 86.5960299642377 0 67.8520544718084 87.8958417502037 79.3706431312156 88.2601499408203
91.3164066447049 92.6751998198568 91.2791828908882 92.0897805247568 90.5098229277861 87.4093346529378 91.6326132525547 87.2253557843328 86.2170579640101 84.575695180571 86.5364172448042 90.280234225313 87.4658005457673 67.8520544718084 0 88.6015122888332 81.0165466649615 88.922933573106
91.2731490667077 89.9677176977207 89.8531331056309 88.725573403395 88.0715171378125 90.0303314592563 86.6580961725535 86.8142180202349 85.289026176076 85.9566689221897 83.4694405414077 78.6665542029632 73.2478263495168 87.8958417502037 88.6015122888332 0 83.9296849669784 62.9845369622933
90.8776994407101 91.3513377482993 90.2359933182647 90.4905850455247 88.9484459046777 87.7783103125321 89.5341193832037 85.5542506792134 83.622091328923 82.420100378145 82.9518421166448 86.8817337465467 82.1259843966288 79.3706431312156 81.0165466649615 83.9296849669784 0 84.4555005891274
91.5747935068004 90.2211456292078 90.1799213536671 89.0112398515747 88.4638216139284 90.4078597858648 86.9639370490137 87.3483918112163 85.9291992239092 86.5495758812333 84.2495038086784 79.0051368755729 75.5673171147236 88.2601499408203 88.922933573106 62.9845369622933 84.4555005891274 0
