0 90.6117913722832 82.7417264159659 84.5416919591329 88.607465606858 88.3311427205777 90.9771326560476 93.309213543304 91.3797102316597 92.4619366908591 93.8615404628159 94.5859568271017 95.1821846283481 94.2790188849739 96.4638106541702 96.2903083769205 96.730896213619 97.5044150255507
90.6117913722832 0 90.5098229277861 87.8248646916497 83.8681130724119 85.0070354904267 90.9345968140692 88.8819391491607 91.6355767087045 89.9985976200845 90.6561508219459 91.8909728660066 92.0157035708197 94.2452419404797 94.3043305365849 95.8550843462365 95.4049730802644 95.609641117548
82.7417264159659 90.5098229277861 0 79.3002428506583 86.4198537193337 85.6518503809952 87.0396808937877 91.3307306167815 87.5348899451403 89.7428929869615 91.7215924499043 92.5157441617144 93.3799832822008 91.630018568593 94.7461733166746 94.2643139924943 94.9193378495207 95.9646027427685
84.5416919591329 87.8248646916497 79.3002428506583 0 81.4741215705682 80.237526392877 85.9999510049977 89.4289228569717 86.9345227862877 88.0258460216478 90.2262684305003 91.3153098786653 92.1617779791625 91.4825686412198 93.9521167956197 94.0829647334752 94.4166051110378 95.3267033683725
88.607465606858 83.8681130724119 86.4198537193337 81.4741215705682 0 66.9639370490137 86.0587642037041 86.1468621765672 87.2425274907694 85.7749292329038 87.9031207632181 89.5021189217011 90.2172168567591 91.4370681372493 92.7161042483199 93.8012079073072 93.6458191844843 94.3097353221509
88.3311427205777 85.0070354904267 85.6518503809952 80.237526392877 66.9639370490137 0 85.2075065802942 86.2196361444474 86.4930717190664 85.3681348263785 87.7878805885933 89.365620432523 90.1852569216534 91.041244329277 92.6215300345053 93.54791071188 93.4790152733873 94.2297829851731
90.9771326560476 90.9345968140692 87.0396808937877 85.9999510049977 86.0587642037041 85.2075065802942 0 86.1404380754875 69.4252718941826 80.8796907754538 85.4795778716485 86.483380345853 88.3823526405858 85.0235700586012 90.2290137949832 89.7337221881064 90.4455248021527 92.1442659537087
93.309213543304 88.8819391491607 91.3307306167815 89.4289228569717 86.1468621765672 86.2196361444474 86.1404380754875 0 86.9345227862877 79.6356543330438 76.4004351614793 81.3079474513985 81.9054580160372 89.259475688825 87.6689334133668 91.208613958785 89.9235458470025 90.2989135866642
91.3797102316597 91.6355767087045 87.5348899451403 86.9345227862877 87.2425274907694 86.4930717190664 69.4252718941826 86.9345227862877 0 82.0861101013499 85.9985333228315 86.6778306695422 88.6099873441746 83.6964506811521 90.1246893973976 89.0786550155947 90.0955227008141 91.9950314157273
92.4619366908591 89.9985976200845 89.7428929869615 88.0258460216478 85.7749292329038 85.3681348263785 80.8796907754538 79.6356543330438 82.0861101013499 0 78.1006621552077 81.3252841315035 84.0911557867925 86.3616248035471 87.8461841608603 89.6673554529843 89.1515998100025 90.4455248021527
93.8615404628159 90.6561508219459 91.7215924499043 90.2262684305003 87.9031207632181 87.7878805885933 85.4795778716485 76.4004351614793 85.9985333228315 78.1006621552077 0 74.3872598725851 78.2106092259997 87.449274829757 85.3201762875529 89.5027665980572 87.9060271031893 88.6735992290931
94.5859568271017 91.8909728660066 92.5157441617144 91.3153098786653 89.5021189217011 89.365620432523 86.483380345853 81.3079474513985 86.6778306695422 81.3252841315035 74.3872598725851 0 74.9227372224544 86.6571654136364 82.5264598406605 88.2106092259997 85.8987805111985 86.8804777340115
95.1821846283481 92.0157035708197 93.3799832822008 92.1617779791625 90.2172168567591 90.1852569216534 88.3823526405858 81.9054580160372 88.6099873441746 84.0911557867925 78.2106092259997 74.9227372224544 0 88.5291365966805 81.6997072357098 89.3116400006228 86.4578371154628 86.2096737143258
94.2790188849739 94.2452419404797 91.630018568593 91.4825686412198 91.4370681372493 91.041244329277 85.0235700586012 89.259475688825 83.6964506811521 86.3616248035471 87.449274829757 86.6571654136364 88.5291365966805 0 88.0908247429846 82.6267941492856 86.2820586438517 89.7657356159223
96.4638106541702 94.3043305365849 94.7461733166746 93.9521167956197 92.7161042483199 92.6215300345053 90.2290137949832 87.6689334133668 90.1246893973976 87.8461841608603 85.3201762875529 82.5264598406605 81.6997072357098 88.0908247429846 0 86.827306259724 80.5309831572822 78.7966354858417
96.2903083769205 95.8550843462365 94.2643139924943 94.0829647334752 93.8012079073072 93.54791071188 89.7337221881064 91.208613958785 89.0786550155947 89.6673554529843 89.5027665980572 88.2106092259997 89.3116400006228 82.6267941492856 86.827306259724 0 81.9193804244781 87.3977060773562
96.730896213619 95.4049730802644 94.9193378495207 94.4166051110378 93.6458191844843 93.4790152733873 90.4455248021527 89.9235458470025 90.0955227008141 89.1515998100025 87.9060271031893 85.8987805111985 86.4578371154628 86.2820586438517 80.5309831572822 81.9193804244781 0 80.8796907754538
97.5044150255507 95.609641117548 95.9646027427685 95.3267033683725 94.3097353221509 94.2297829851731 92.1442659537087 90.2989135866642 91.9950314157273 90.4455248021527 88.6735992290931 86.8804777340115 86.2096737143258 89.7657356159223 78.7966354858417 87.3977060773562 80.8796907754538 0
