0 86.8316543916761 83.6964506811521 87.3501386685107 86.0393941818496 88.002829084837 91.0365710695442 90.6192848624529 89.9152079015356 92.8990129423313 92.1572939428063 92.290525540738 92.4136042879563 92.8142719927457 93.9813433733858 93.4798321762916 94.5421491980506 94.8408437241091
86.8316543916761 0 86.5268222233502 71.5879170280032 83.1679005025265 84.2169264795973 83.0411672842192 82.9106243619669 85.5673171147236 88.2993261327158 90.7899601976351 90.3649064204089 89.7929891177413 91.0644859260523 90.1152402208497 91.7520839294893 92.5858054023971 93.2623636303005
83.6964506811521 86.5268222233502 0 85.9689738268077 79.4681370721026 82.5510227543453 89.726256628232 88.6957997331364 85.8415162187485 90.6861507245123 88.1200421657566 88.4776355514882 88.9243164563589 89.2301626218014 91.9183396580509 90.2182477708482 91.8111712697424 92.1239993528741
87.3501386685107 71.5879170280032 85.9689738268077 0 81.5313920024931 82.2305599791183 81.8246980227395 80.8776994407101 83.6477962159136 87.1217246129041 89.8380349754291 89.3274199206759 88.6555361552294 90.1092998064836 89.178079427437 90.86476333775 91.7748708442572 92.5163934390137
86.0393941818496 83.1679005025265 79.4681370721026 81.5313920024931 0 74.1239704853616 86.625354376404 85.0257367888525 81.1011246996244 88.0538131744044 87.0541944698827 86.8982993539898 86.8249332995649 87.9097875832704 89.7657356159223 89.0155098390362 90.5740614921174 91.1684456400743
88.002829084837 84.2169264795973 82.5510227543453 82.2305599791183 74.1239704853616 0 85.8005514005498 83.6663955797549 76.0621707455228 86.3653649600743 85.4211172286802 84.9504435034663 84.6168963459942 86.218893196736 88.3255916171591 87.5056837030589 89.230565513155 89.9850808185757
91.0365710695442 83.0411672842192 89.726256628232 81.8246980227395 86.625354376404 85.8005514005498 0 73.4960621867671 84.7254986332328 83.3313227628732 90.372342547137 89.5214849154441 88.3073021585004 90.1828954603616 86.082168991845 90.7076376514792 91.0974794188233 92.0827706588024
90.6192848624529 82.9106243619669 88.6957997331364 80.8776994407101 85.0257367888525 83.6663955797549 73.4960621867671 0 81.9504880014648 81.7532076048429 89.0402807229033 88.0664662225477 86.6790148661262 88.8610926190846 85.2003092693599 89.507731906105 90.0787013940459 91.1419742754125
89.9152079015356 85.5673171147236 85.8415162187485 83.6477962159136 81.1011246996244 76.0621707455228 84.7254986332328 81.9504880014648 0 83.447537158823 84.2979161426279 83.0088975767243 81.5766707252515 84.5374248544529 85.9566689221897 85.895658983657 87.5683697726868 88.6614159257251
92.8990129423313 88.2993261327158 90.6861507245123 87.1217246129041 88.0538131744044 86.3653649600743 83.3313227628732 81.7532076048429 83.447537158823 0 87.8461841608603 86.3303309311581 83.9731365032165 86.9499311360695 75.6562542463234 87.2730910209103 87.0972336319427 88.725573403395
92.1572939428063 90.7899601976351 88.1200421657566 89.8380349754291 87.0541944698827 85.4211172286802 90.372342547137 89.0402807229033 84.2979161426279 87.8461841608603 0 72.2787262194362 79.178079427437 72.934657681363 88.4011093146316 77.4963823594447 83.3531360595937 83.5725918290523
92.290525540738 90.3649064204089 88.4776355514882 89.3274199206759 86.8982993539898 84.9504435034663 89.5214849154441 88.0664662225477 83.0088975767243 86.3303309311581 72.2787262194362 0 73.9968508302003 68.9125014741319 86.9257690522703 75.7239395455671 81.9131413535524 82.9845369622933
92.4136042879563 89.7929891177413 88.9243164563589 88.6555361552294 86.8249332995649 84.6168963459942 88.3073021585004 86.6790148661262 81.5766707252515 83.9731365032165 79.178079427437 73.9968508302003 0 76.3246095874227 84.7254986332328 78.3881827517032 81.5683981843265 83.6150544197642
92.8142719927457 91.0644859260523 89.2301626218014 90.1092998064836 87.9097875832704 86.218893196736 90.1828954603616 88.8610926190846 84.5374248544529 86.9499311360695 72.934657681363 68.9125014741319 76.3246095874227 0 87.2529420992213 70.855597892659 80.3534795727897 81.2062631763569
93.9813433733858 90.1152402208497 91.9183396580509 89.178079427437 89.7657356159223 88.3255916171591 86.082168991845 85.2003092693599 85.9566689221897 75.6562542463234 88.4011093146316 86.9257690522703 84.7254986332328 87.2529420992213 0 87.2244051256081 86.2795242095793 88.1008643039626
93.4798321762916 91.7520839294893 90.2182477708482 90.86476333775 89.0155098390362 87.5056837030589 90.7076376514792 89.507731906105 85.895658983657 87.2730910209103 77.4963823594447 75.7239395455671 78.3881827517032 70.855597892659 87.2244051256081 0 77.2272264362371 78.0732929154203
94.5421491980506 92.5858054023971 91.8111712697424 91.7748708442572 90.5740614921174 89.230565513155 91.0974794188233 90.0787013940459 87.5683697726868 87.0972336319427 83.3531360595937 81.9131413535524 81.5683981843265 80.3534795727897 86.2795242095793 77.2272264362371 0 73.6376364316959
94.8408437241091 93.2623636303005 92.1239993528741 92.5163934390137 91.1684456400743 89.9850808185757 92.0827706588024 91.1419742754125 88.6614159257251 88.725573403395 83.5725918290523 82.9845369622933 83.6150544197642 81.2062631763569 88.1008643039626 78.0732929154203 73.6376364316959 0
