0 72.5570171580838 83.9209422467254 71.6251957531956 79.9796622965764 81.7097415724374 81.0505757896518 84.3159974101729 79.4497994875647 84.1758581374509 87.6457956664753 89.3068083152365 88.3351034548413 88.9642297145514 88.940188044825 88.8853346095718 90.593000884045 90.8762039951373
72.5570171580838 0 81.1881938127257 56.9639370490137 75.3208427639379 84.1323142820089 78.5626155199393 86.0248700582768 79.3818913619656 85.289026176076 86.8817337465467 88.471913315823 88.6148957965558 88.5271565534808 88.6385873374445 88.682692217447 90.0174507434799 90.3058510594977
83.9209422467254 81.1881938127257 0 81.5653952239311 75.9948369189331 88.7205045218303 80.4857622301273 89.7534719505667 84.3990346962979 88.7147042607757 86.4541757875918 87.0794614055182 90.270103721958 88.5962964327146 89.05908719444 89.3439788328785 89.2338005042658 89.4730598411458
71.6251957531956 56.9639370490137 81.5653952239311 0 75.8005514005498 83.7944074314021 78.3784347830183 85.7314757595132 78.7966354858417 84.9504435034663 86.7696515306304 88.4237016116577 88.4081222350343 88.4011093146316 88.4944597996847 88.5260565847488 89.950284880258 90.2438019086534
79.9796622965764 75.3208427639379 75.9948369189331 75.8005514005498 0 86.4797404980476 75.0930706154422 87.760819528719 80.5050214404877 86.5087742205692 85.4963548523048 86.9267960509 88.7966354858417 87.6689334133668 87.9951295844708 88.1905512727326 88.9243164563589 89.2236060180783
81.7097415724374 84.1323142820089 88.7205045218303 83.7944074314021 86.4797404980476 0 85.876523218055 73.8876710340938 82.7445958873746 80.0814756595712 89.0301722270237 90.7856011080857 86.8159556326594 89.5341193832037 89.1663258483577 88.8481720833466 91.4741215705682 91.7472789447031
81.0505757896518 78.5626155199393 80.4857622301273 78.3784347830183 75.0930706154422 85.876523218055 0 86.8608083810803 76.4578371154628 84.7200415290772 82.7531929436013 85.1436620026439 86.9027061984258 85.4535216572886 85.8005514005498 86.0245481425184 87.3242343555791 87.71092256733
84.3159974101729 86.0248700582768 89.7534719505667 85.7314757595132 87.760819528719 73.8876710340938 86.8608083810803 0 83.8163167347803 78.0565330241177 89.060304347692 90.8701975273553 85.5693653500257 89.2667407245691 88.758493273169 88.3279715303536 91.3568580128826 91.6326132525547
79.4497994875647 79.3818913619656 84.3990346962979 78.7966354858417 80.5050214404877 82.7445958873746 76.4578371154628 83.8163167347803 0 80.5906463462703 83.8325331923513 86.6089868540806 84.9504435034663 85.5085157137867 85.4024912752453 85.3106616422397 88.0377328770581 88.4301216390816
84.1758581374509 85.289026176076 88.7147042607757 84.9504435034663 86.5087742205692 80.0814756595712 84.7200415290772 78.0565330241177 80.5906463462703 0 86.3653649600743 88.7714682698151 81.4741215705682 86.483380345853 85.7634929002411 85.1630848766801 89.2684262627964 89.616242910569
87.6457956664753 86.8817337465467 86.4541757875918 86.7696515306304 85.4963548523048 89.0301722270237 82.7531929436013 89.060304347692 83.8325331923513 86.3653649600743 0 76.4596325896169 84.7904545651168 75.5971656502182 78.2106092259997 79.7836374582504 79.7799514872702 80.7406082522657
89.3068083152365 88.471913315823 87.0794614055182 88.4237016116577 86.9267960509 90.7856011080857 85.1436620026439 90.8701975273553 86.6089868540806 88.7714682698151 76.4596325896169 0 87.3518259517448 79.703737791908 81.9297459116935 83.2299067168234 76.3753559249993 77.1861580940907
88.3351034548413 88.6148957965558 90.270103721958 88.4081222350343 88.7966354858417 86.8159556326594 86.9027061984258 85.5693653500257 84.9504435034663 81.4741215705682 84.7904545651168 87.3518259517448 0 83.0625479788191 81.2614598490377 79.6191977271179 86.9312422033652 87.3321659222363
88.9642297145514 88.5271565534808 88.5962964327146 88.4011093146316 87.6689334133668 89.5341193832037 85.4535216572886 89.2667407245691 85.5085157137867 86.483380345853 75.5971656502182 79.703737791908 83.0625479788191 0 69.0724707021626 73.8032865153252 78.2753097867997 79.4063230351833
88.940188044825 88.6385873374445 89.05908719444 88.4944597996847 87.9951295844708 89.1663258483577 85.8005514005498 88.758493273169 85.4024912752453 85.7634929002411 78.2106092259997 81.9297459116935 81.2614598490377 69.0724707021626 0 66.320786757453 80.5527990930723 81.385744080755
88.8853346095718 88.682692217447 89.3439788328785 88.5260565847488 88.1905512727326 88.8481720833466 86.0245481425184 88.3279715303536 85.3106616422397 85.1630848766801 79.7836374582504 83.2299067168234 79.6191977271179 73.8032865153252 66.320786757453 0 82.0384645020255 82.7273505510716
90.593000884045 90.0174507434799 89.2338005042658 89.950284880258 88.9243164563589 91.4741215705682 87.3242343555791 91.3568580128826 88.0377328770581 89.2684262627964 79.7799514872702 76.3753559249993 86.9312422033652 78.2753097867997 80.5527990930723 82.0384645020255 0 61.5684597599557
90.8762039951373 90.3058510594977 89.4730598411458 90.2438019086534 89.2236060180783 91.7472789447031 87.71092256733 91.6326132525547 88.4301216390816 89.616242910569 80.7406082522657 77.1861580940907 87.3321659222363 79.4063230351833 81.385744080755 82.7273505510716 61.5684597599557 0
