0 79.7571837034398 79.1189908313318 78.6738840693766 85.2457006698491 87.0253872127773 84.7103698281313 89.8500126597355 86.0963834700153 87.0168149034182 90.0310326241591 90.755632009934 91.775495757294 91.8087149732661 92.7882640210183 93.2132005909862 94.0061915272921 93.9329660700656
79.7571837034398 0 85.2408599357581 85.0053313723672 79.6239007539644 82.8354320315571 87.5154020654451 87.5475278822953 86.0895936419826 86.7707867926468 89.5167774304176 90.00991931245 90.9783732831594 91.350942378021 92.4447587542196 92.658261408263 93.7020629586993 93.8454457542737
79.1189908313318 85.2408599357581 0 53.9536370923738 88.1465843099084 89.3494159258269 80.647267344469 91.1938625966382 86.1666196337602 87.1342704420015 90.1103581939344 91.0054295411106 92.0536086459958 91.7990968329191 92.6751998198568 93.2905341819528 93.8687551303584 93.5925631034341
78.6738840693766 85.0053313723672 53.9536370923738 0 87.9762509169206 89.2027885677725 80.6970230844231 91.0845850944331 86.0351929637526 87.0178873678807 90.0343374245745 90.9302887188506 91.9858176056385 91.7423818124012 92.6300794314048 93.2401555589108 93.8324578453393 93.5657597756309
85.2457006698491 79.6239007539644 88.1465843099084 87.9762509169206 0 72.6459542896836 88.8693712374743 83.2954464647842 85.3807139903468 85.6854997764966 87.9673318015201 88.1860958317419 89.1473223627738 89.9360690089101 91.2192792539963 91.2209091826396 92.5981021580088 92.970770715126
87.0253872127773 82.8354320315571 89.3494159258269 89.2027885677725 72.6459542896836 0 89.6999480268817 80.6657612524783 85.8644809270526 85.9291992239092 87.6075639713197 87.5935153898588 88.444562403568 89.4839672543982 90.8110544783965 90.6635131224742 92.2004803294633 92.7009785699164
84.7103698281313 87.5154020654451 80.647267344469 80.6970230844231 88.8693712374743 89.6999480268817 0 90.7338104052137 83.3313227628732 84.4525384378314 87.8885116738456 89.1700386844936 90.4443760414234 89.8085985146095 90.7451279896693 91.6740141964765 92.1388651124052 91.63335430619
89.8500126597355 87.5475278822953 91.1938625966382 91.0845850944331 83.2954464647842 80.6657612524783 90.7338104052137 0 86.2196361444474 85.7249443644494 85.5039593802835 84.6492089698341 85.1136696402356 87.0947832107543 88.6589065085852 88.0529512126471 90.211904225231 91.1040553030743
86.0963834700153 86.0895936419826 86.1666196337602 86.0351929637526 85.3807139903468 85.8644809270526 83.3313227628732 86.2196361444474 0 67.6160779999886 81.4510002480644 83.6166793412429 85.8982993133476 85.5397335406118 87.4023484095748 88.3083153469182 89.5407227977055 89.4589779583689
87.0168149034182 86.7707867926468 87.1342704420015 87.0178873678807 85.6854997764966 85.9291992239092 84.4525384378314 85.7249443644494 67.6160779999886 0 79.4929857837666 82.1226754861304 84.7761036398105 84.3872598725851 86.5111849588043 87.4716001613441 88.8576254195649 88.8404198779059
90.0310326241591 89.5167774304176 90.1103581939344 90.0343374245745 87.9673318015201 87.6075639713197 87.8885116738456 85.5039593802835 81.4510002480644 79.4929857837666 0 72.2881979785593 78.6019429736047 77.1680064077192 81.6121132798794 83.0515399910638 85.3962648299937 85.8246120982086
90.755632009934 90.00991931245 91.0054295411106 90.9302887188506 88.1860958317419 87.5935153898588 89.1700386844936 84.6492089698341 83.6166793412429 82.1226754861304 72.2881979785593 0 73.2222041818708 75.3208427639379 80.6374962592738 81.1136705287218 84.6103319614125 85.688444189935
91.775495757294 90.9783732831594 92.0536086459958 91.9858176056385 89.1473223627738 88.444562403568 90.4443760414234 85.1136696402356 85.8982993133476 84.7761036398105 78.6019429736047 73.2222041818708 0 75.1097422091168 79.3002428506583 77.7647878994723 83.2001554220567 85.1312901708864
91.8087149732661 91.350942378021 91.7990968329191 91.7423818124012 89.9360690089101 89.4839672543982 89.8085985146095 87.0947832107543 85.5397335406118 84.3872598725851 77.1680064077192 75.3208427639379 75.1097422091168 0 73.9968508302003 77.3975598292249 81.2022424867211 82.559916048761
92.7882640210183 92.4447587542196 92.6751998198568 92.6300794314048 91.2192792539963 90.8110544783965 90.7451279896693 88.6589065085852 87.4023484095748 86.5111849588043 81.6121132798794 80.6374962592738 79.3002428506583 73.9968508302003 0 74.8172353991213 76.3674178345743 78.9243508404583
93.2132005909862 92.658261408263 93.2905341819528 93.2401555589108 91.2209091826396 90.6635131224742 91.6740141964765 88.0529512126471 88.3083153469182 87.4716001613441 83.0515399910638 81.1136705287218 77.7647878994723 77.3975598292249 74.8172353991213 0 77.3685773444882 81.9559961930407
94.0061915272921 93.7020629586993 93.8687551303584 93.8324578453393 92.5981021580088 92.2004803294633 92.1388651124052 90.211904225231 89.5407227977055 88.8576254195649 85.3962648299937 84.6103319614125 83.2001554220567 81.2022424867211 76.3674178345743 77.3685773444882 0 75.9539297579115
93.9329660700656 93.8454457542737 93.5925631034341 93.5657597756309 92.970770715126 92.7009785699164 91.63335430619 91.1040553030743 89.4589779583689 88.8404198779059 85.8246120982086 85.688444189935 85.1312901708864 82.559916048761 78.9243508404583 81.9559961930407 75.9539297579115 0
