0 64.6352634476284 85.8862748223873 85.3560271893892 76.2325041385106 84.6032627358681 80.5282719742327 88.0276529718442 89.6899033099881 88.4018890874713 89.1453517305904 89.1361436054588 90.8493744162982 91.7532076048429 92.1796159223438 93.6277126583486 95.7183119383652 95.6527467775984
64.6352634476284 0 86.6075086931936 86.1192544428531 78.1497222975219 85.3915891308315 79.8419543483159 87.9607434601061 89.9573754039865 88.3234192804773 89.2756125873532 89.2139078494931 90.8115021815894 91.858963412263 92.1965229169693 93.6998396830421 95.7864631306857 95.6663662214839
85.8862748223873 86.6075086931936 0 63.8917475593888 82.8550516930196 76.4103144378345 88.5763299932506 90.6298261523221 88.1733301078724 90.9472440282331 89.7314264593261 90.2359933182647 92.4106299437609 91.684550194797 92.9634709542247 93.5366473849106 95.3676644458716 95.9472845831878
85.3560271893892 86.1192544428531 63.8917475593888 0 81.9829784769001 74.2066957450215 88.0908247429846 90.2237091998029 87.7864035964503 90.5561964062035 89.321840962537 89.8363880546384 92.0921146346624 91.3949715155128 92.6845169482767 93.3141488373939 95.2106915135027 95.7677850549167
76.2325041385106 78.1497222975219 82.8550516930196 81.9829784769001 0 80.4415188757615 82.5119576323852 87.7596442675768 88.1143777835508 88.1860958317419 88.1067100146295 88.3136724490728 90.5404976377105 90.9119548206408 91.6992921300758 92.9856225628036 95.1626652685191 95.2954535800481
84.6032627358681 85.3915891308315 76.4103144378345 74.2066957450215 80.4415188757615 0 86.8193244329465 88.7859429613949 85.9975504115668 89.1751840477296 87.6537315605906 88.2660433990141 90.9119548206408 90.1634938899839 91.5879170280032 92.3603469457188 94.5009536285247 95.0355651437243
80.5282719742327 79.8419543483159 88.5763299932506 88.0908247429846 82.5119576323852 86.8193244329465 0 84.1239704853616 88.8707549940815 84.6051695056127 87.0507000699902 86.6494959447277 88.2097943381431 90.2234464764634 90.2010976741015 92.2959899339741 94.7357304048304 94.3614400242992
88.0276529718442 87.9607434601061 90.6298261523221 90.2237091998029 87.7596442675768 88.7859429613949 84.1239704853616 0 86.108690874692 62.0794461560479 80.5145631032269 78.05210539889 79.7571837034398 85.3425987818076 84.2979161426279 88.3370367471327 91.9178618976521 91.1705069362443
89.6899033099881 89.9573754039865 88.1733301078724 87.7864035964503 88.1143777835508 85.9975504115668 88.8707549940815 86.108690874692 0 86.4356750918916 80.2215450117771 82.4686282306048 86.9747808619358 82.5469720027455 86.6511008236815 86.858804305028 90.4100762155224 91.5001777849282
88.4018890874713 88.3234192804773 90.9472440282331 90.5561964062035 88.1860958317419 89.1751840477296 84.6051695056127 62.0794461560479 86.4356750918916 0 80.943337135734 78.4407002914246 78.8308941513667 85.3208427639379 83.9231591633797 88.2089792973565 91.8211513138294 90.9680079529928
89.1453517305904 89.2756125873532 89.7314264593261 89.321840962537 88.1067100146295 87.6537315605906 87.0507000699902 80.5145631032269 80.2215450117771 80.943337135734 0 69.6356543330438 81.8769556892704 80.0814756595712 82.8157566126877 85.7376505077114 90.2313908446669 90.3415070901166
89.1361436054588 89.2139078494931 90.2359933182647 89.8363880546384 88.3136724490728 88.2660433990141 86.6494959447277 78.05210539889 82.4686282306048 78.4407002914246 69.6356543330438 0 79.7385321071872 80.8821062851461 81.9086880599347 85.8987805111985 90.3852017485709 90.1486797087402
90.8493744162982 90.8115021815894 92.4106299437609 92.0921146346624 90.5404976377105 90.9119548206408 88.2097943381431 79.7571837034398 86.9747808619358 78.8308941513667 81.8769556892704 79.7385321071872 0 83.0374184637299 77.8275353557611 85.5271213191325 90.0031643364127 88.5369933522933
91.7532076048429 91.858963412263 91.684550194797 91.3949715155128 90.9119548206408 90.1634938899839 90.2234464764634 85.3425987818076 82.5469720027455 85.3208427639379 80.0814756595712 80.8821062851461 83.0374184637299 0 79.557390520707 79.5407227977055 87.0028487113828 87.7282830590842
92.1796159223438 92.1965229169693 92.9634709542247 92.6845169482767 91.6992921300758 91.5879170280032 90.2010976741015 84.2979161426279 86.6511008236815 83.9231591633797 82.8157566126877 81.9086880599347 77.8275353557611 79.557390520707 0 81.0652352874679 87.5488108979058 86.0191975333641
93.6277126583486 93.6998396830421 93.5366473849106 93.3141488373939 92.9856225628036 92.3603469457188 92.2959899339741 88.3370367471327 86.858804305028 88.2089792973565 85.7376505077114 85.8987805111985 85.5271213191325 79.5407227977055 81.0652352874679 0 82.5269620566865 83.9956047189395
95.7183119383652 95.7864631306857 95.3676644458716 95.2106915135027 95.1626652685191 94.5009536285247 94.7357304048304 91.9178618976521 90.4100762155224 91.8211513138294 90.2313908446669 90.3852017485709 90.0031643364127 87.0028487113828 87.5488108979058 82.5269620566865 0 82.9397957964758
95.6527467775984 95.6663662214839 95.9472845831878 95.7677850549167 95.2954535800481 95.0355651437243 94.3614400242992 91.1705069362443 91.5001777849282 90.9680079529928 90.3415070901166 90.1486797087402 88.5369933522933 87.7282830590842 86.0191975333641 83.9956047189395 82.9397957964758 0
