0 87.0933632809799 86.1876340916173 86.0393941818496 86.213187821334 86.5111849588043 87.5944545064845 88.7952113360276 89.2073249576102 88.5603608111481 89.8648399147477 91.5039964300515 91.7467452196806 92.5173003289663 92.7073182309447 92.4570356382086 93.6710330012516 93.4827717624266
87.0933632809799 0 89.132802119655 80.6188168979226 83.5201228844259 87.3827962632147 79.8864977625784 77.8718063285063 90.9865508735604 88.1778938560859 89.3456530853151 88.3823526405858 87.7482796097971 88.0908247429846 92.346616642912 88.7197799126989 89.7337221881064 92.6017133826353
86.1876340916173 89.132802119655 0 85.4095917297396 83.4796852258349 76.6623047533418 86.8740657235351 88.8900520878092 78.6488400136733 80.6593538344016 82.7303181362622 88.1454281194974 89.2202600224785 90.6648841812487 87.5196314496235 90.0231976547845 91.9846388989634 89.1511096897178
86.0393941818496 80.6188168979226 85.4095917297396 0 72.5868656935784 82.1654959184623 72.5269620566865 79.546717201444 87.9016548640009 83.5008850021645 85.5039593802835 85.5628220877716 85.5813604214402 86.9388930455938 89.9063456155259 86.965022649524 89.0112398515747 90.4245313795394
86.213187821334 83.5201228844259 83.4796852258349 72.5868656935784 0 78.8179418809182 77.0711757029314 82.21762491425 86.301340043983 80.6560956231151 83.4181597425046 84.7182209694953 85.2634830360866 87.0125223952169 88.7627342586023 86.6917490863679 89.0758101447101 89.4705762436461
86.5111849588043 87.3827962632147 76.6623047533418 82.1654959184623 78.8179418809182 0 83.947117784441 86.6604254538209 81.6065963893544 75.1757958751021 79.9796622965764 85.7634929002411 87.0028331583507 88.7852291895436 86.9405360298676 88.0715171378125 90.4235524671451 88.3192387985912
87.5944545064845 79.8864977625784 86.8740657235351 72.5269620566865 77.0711757029314 83.947117784441 0 75.2408599357581 88.7737928568809 84.3872598725851 85.9539297579115 84.5549470876843 84.0881191706702 85.3790959332366 90.0074523043137 85.6694391116945 87.7783103125321 90.3175129505054
88.7952113360276 77.8718063285063 88.8900520878092 79.546717201444 82.21762491425 86.6604254538209 75.2408599357581 0 90.4122790867573 86.8506411936609 87.9269527962851 85.6445006672441 84.4948939308757 84.8913549073611 91.1394741352674 85.823200447028 87.210845672568 91.2408263214024
89.2073249576102 90.9865508735604 78.6488400136733 87.9016548640009 86.301340043983 81.6065963893544 88.7737928568809 90.4122790867573 0 81.4741215705682 81.4121890441111 88.1341628747489 89.4842190649009 90.9680216370173 84.7615854814707 90.1052437355394 92.1070897475311 87.2272264362371
88.5603608111481 88.1778938560859 80.6593538344016 83.5008850021645 80.6560956231151 75.1757958751021 84.3872598725851 86.8506411936609 81.4741215705682 0 72.9845369622933 83.4304244917432 85.3705276228712 87.6019601377656 84.6798961186717 86.5075683494469 89.3475349130989 86.2325041385106
89.8648399147477 89.3456530853151 82.7303181362622 85.5039593802835 83.4181597425046 79.9796622965764 85.9539297579115 87.9269527962851 81.4121890441111 72.9845369622933 0 82.7760355725621 85.1984427729424 87.5186760113139 82.0973590460159 86.1350517739506 89.115684439989 84.1323142820089
91.5039964300515 88.3823526405858 88.1454281194974 85.5628220877716 84.7182209694953 85.7634929002411 84.5549470876843 85.6445006672441 88.1341628747489 83.4304244917432 82.7760355725621 0 73.7633484128723 80.237526392877 85.8174720189409 76.2581263061566 83.4033961764943 85.1872526798368
91.7467452196806 87.7482796097971 89.2202600224785 85.5813604214402 85.2634830360866 87.0028331583507 84.0881191706702 84.4948939308757 89.4842190649009 85.3705276228712 85.1984427729424 73.7633484128723 0 74.9189929674637 87.7239661854775 70.3645713085497 80.6947781489851 87.0558887611221
92.5173003289663 88.0908247429846 90.6648841812487 86.9388930455938 87.0125223952169 88.7852291895436 85.3790959332366 84.8913549073611 90.9680216370173 87.6019601377656 87.5186760113139 80.237526392877 74.9189929674637 0 89.3320192782204 73.2478263495168 75.5971656502182 88.5603608111481
92.7073182309447 92.346616642912 87.5196314496235 89.9063456155259 88.7627342586023 86.9405360298676 90.0074523043137 91.1394741352674 84.7615854814707 84.6798961186717 82.0973590460159 85.8174720189409 87.7239661854775 89.3320192782204 0 87.8876713726333 90.1460804862701 75.6871442885226
92.4570356382086 88.7197799126989 90.0231976547845 86.965022649524 86.6917490863679 88.0715171378125 85.6694391116945 85.823200447028 90.1052437355394 86.5075683494469 86.1350517739506 76.2581263061566 70.3645713085497 73.2478263495168 87.8876713726333 0 78.3784347830183 86.9257690522703
93.6710330012516 89.7337221881064 91.9846388989634 89.0112398515747 89.0758101447101 90.4235524671451 87.7783103125321 87.210845672568 92.1070897475311 89.3475349130989 89.115684439989 83.4033961764943 80.6947781489851 75.5971656502182 90.1460804862701 78.3784347830183 0 89.1473223627738
93.4827717624266 92.6017133826353 89.1511096897178 90.4245313795394 89.4705762436461 88.3192387985912 90.3175129505054 91.2408263214024 87.2272264362371 86.2325041385106 84.1323142820089 85.1872526798368 87.0558887611221 88.5603608111481 75.6871442885226 86.9257690522703 89.1473223627738 0
