0 75.8987805111985 84.875578299347 83.9209422467254 86.6762410719484 88.1573208909491 88.2040027384776 89.7167065681033 89.8561479732145 91.9016533851174 91.9532423664337 93.379917402121 93.8667840741399 94.7025325727805 94.469985132245 96.3999178993442 97.0522763372914 97.1657255591586
75.8987805111985 0 83.8924062417859 82.4784370287424 84.6552186035737 86.5256213537673 85.9000858270141 87.7452825960209 87.9195056265691 90.6160080513319 90.5150984397825 92.1398543561327 92.6952650196001 93.7557167400124 93.4397225911382 95.5964842642598 96.2748284160322 96.3938633224768
84.875578299347 83.8924062417859 0 68.103370572082 89.5884490851347 81.1963957883817 85.680092294602 89.1346924862465 89.2490932306995 88.6148957965558 89.8648399147477 92.0505806795431 92.7114819424818 92.4555029242986 92.5474221366298 94.7318148476073 95.8028726966626 96.7626959220074
83.9209422467254 82.4784370287424 68.103370572082 0 88.8253244068603 81.1136705287218 84.9170340063397 88.51898544898 88.6476032750057 88.5369933522933 89.5771606201419 91.7826611521203 92.4542763635846 92.4333716550195 92.4416841028919 94.6947031847104 95.7181365277252 96.5692650115359
86.6762410719484 84.6552186035737 89.5884490851347 88.8253244068603 0 89.5093673494443 86.4785265372237 84.8349979793794 85.0325173442018 91.1650405290528 89.8331736465254 90.6885570832929 91.1101290754116 93.6766156030552 92.9343746192739 95.1916636686153 95.4963548523048 94.6645369551174
88.1573208909491 86.5256213537673 81.1963957883817 81.1136705287218 89.5093673494443 0 81.2784046057874 86.7431281035802 86.8380420778914 83.7989102258118 86.2028505482141 89.4412153781109 90.3410248902675 89.6945287903597 89.8195101390914 92.68122461864 94.0277592195468 95.428035465189
88.2040027384776 85.9000858270141 85.680092294602 84.9170340063397 86.4785265372237 81.2784046057874 0 80.1497871498019 80.3733330693944 83.8169544079656 82.8539787575618 86.7073422863239 87.8327052898306 89.3684276686596 88.7136508374916 92.1602484388098 93.1686810695512 93.9371024663375
89.7167065681033 87.7452825960209 89.1346924862465 88.51898544898 84.8349979793794 86.7431281035802 80.1497871498019 0 53.9536370923738 86.3809641246987 82.8301502876624 84.7018347739324 85.7366673152249 89.8664536330605 88.594098524394 92.0509172245329 92.5868656935784 92.4247345007462
89.8561479732145 87.9195056265691 89.2490932306995 88.6476032750057 85.0325173442018 86.8380420778914 80.3733330693944 53.9536370923738 0 86.3310093565154 82.6404368588817 84.4613353744714 85.5150643396452 89.7776228031808 88.4700070859511 91.9625254725383 92.4912274231215 92.3247845775289
91.9016533851174 90.6160080513319 88.6148957965558 88.5369933522933 91.1650405290528 83.7989102258118 83.8169544079656 86.3809641246987 86.3310093565154 0 79.8026005337483 85.1757958751021 86.5364172448041 83.622091328923 83.9405886754904 88.8126347420447 90.8909521460561 93.4928114654379
91.9532423664337 90.5150984397825 89.8648399147477 89.5771606201419 89.8331736465254 86.2028505482141 82.8539787575618 82.8301502876624 82.6404368588817 79.8026005337483 0 79.4005173154006 81.9950314157273 84.7635075614827 82.7417264159659 88.6570763281247 90.0102878687384 91.8073315603854
93.379917402121 92.1398543561327 92.0505806795431 91.7826611521203 90.6885570832929 89.4412153781109 86.7073422863239 84.7018347739324 84.4613353744714 85.1757958751021 79.4005173154006 0 70.237526392877 85.3790959332366 81.8069354424815 87.6000772214614 88.1021859483338 89.4283135106869
93.8667840741399 92.6952650196001 92.7114819424818 92.4542763635846 91.1101290754116 90.3410248902675 87.8327052898306 85.7366673152249 85.5150643396452 86.5364172448041 81.9950314157273 70.237526392877 0 86.0056807318553 82.4936594236437 87.4563992172693 87.4734166277198 88.4208017582172
94.7025325727805 93.7557167400124 92.4555029242986 92.4333716550195 93.6766156030552 89.6945287903597 89.3684276686596 89.8664536330605 89.7776228031808 83.622091328923 84.7635075614827 85.3790959332366 86.0056807318553 0 76.6136007973246 82.0990186980565 86.7939524580383 92.2463180514714
94.469985132245 93.4397225911382 92.5474221366298 92.4416841028919 92.9343746192739 89.8195101390914 88.7136508374916 88.594098524394 88.4700070859511 83.9405886754904 82.7417264159659 81.8069354424815 82.4936594236437 76.6136007973246 0 82.5300563497162 85.7212274334608 90.8400794680159
96.3999178993442 95.5964842642598 94.7318148476073 94.6947031847104 95.1916636686153 92.68122461864 92.1602484388098 92.0509172245329 91.9625254725383 88.8126347420447 88.6570763281247 87.6000772214614 87.4563992172693 82.0990186980565 82.5300563497162 0 80.7886102691719 91.0505757896518
97.0522763372914 96.2748284160322 95.8028726966626 95.7181365277252 95.4963548523048 94.0277592195468 93.1686810695512 92.5868656935784 92.4912274231215 90.8909521460561 90.0102878687384 88.1021859483338 87.4734166277198 86.7939524580383 85.7212274334608 80.7886102691719 0 88.5210920458533
97.1657255591586 96.3938633224768 96.7626959220074 96.5692650115359 94.6645369551174 95.428035465189 93.9371024663375 92.4247345007462 92.3247845775289 93.4928114654379 91.8073315603854 89.4283135106869 88.4208017582172 92.2463180514714 90.8400794680159 91.0505757896518 88.5210920458533 0
