0 77.5424991364325 83.622091328923 88.9208584222411 87.2272264362371 88.7852291895436 88.5207274559842 90.857813115772 90.9193850103386 91.4637322057487 92.5975770139391 93.309213543304 92.7583430204116 93.4810773325228 93.0072777800428 93.424051144926 94.4140990964314 93.9154690956304
77.5424991364325 0 77.8275353557611 88.6148957965558 84.5700464329907 87.6689334133668 86.396245730745 90.0228223518567 90.0527811932338 89.6602337925892 92.0691869852326 92.5835923786124 91.4063373322637 92.7574850982769 91.9002599641319 92.277768111225 93.8020594064266 92.8258704059991
83.622091328923 77.8275353557611 0 89.5753757260203 83.2910400873432 87.992560047968 85.3690705795538 90.166438767878 90.1497871498019 87.9347740096789 92.2710973286536 92.4738598864051 90.3886573456538 92.6286065976609 91.2892206728703 91.5218992231529 93.7056567149524 92.0861101013499
88.9208584222411 88.6148957965558 89.5753757260203 0 85.9195436335469 78.9021373091748 85.5555265382738 80.855597892659 81.3414426772175 90.0131486680226 83.9355144429718 86.728583188484 89.6385877643063 87.1185824845969 88.444562403568 89.645619925852 88.6548006238839 90.3265325691556
87.2272264362371 84.5700464329907 83.2910400873432 85.9195436335469 0 81.7423818124012 72.1392436712747 85.2970022018606 85.2068228736091 83.8414555269102 88.7170510773261 88.7880835733592 86.2196361444474 89.0159806884951 87.0605702158074 87.669856364134 90.6005268381762 88.5843509004963
88.7852291895436 87.6689334133668 87.992560047968 78.9021373091748 81.7423818124012 0 80.4188746206093 77.5424991364325 77.7285209261352 87.1809971370733 84.1276833168137 85.4795778716485 86.9027061984258 85.8987805111985 85.840110052371 87.2537141011014 87.989131632697 88.2000037388758
88.5207274559842 86.396245730745 85.3690705795538 85.5555265382738 72.1392436712747 80.4188746206093 0 83.796424570177 83.6274545119528 82.6757911153476 87.6836771400466 87.5222373519879 84.5539818291309 87.7708588654968 85.3495712803833 86.1428545841287 89.5728597902115 87.2324760000679
90.857813115772 90.0228223518567 90.166438767878 80.855597892659 85.2970022018606 77.5424991364325 83.796424570177 0 56.9639370490137 87.9016548640009 78.9808419961543 81.2493343553935 86.3653649600743 81.9504880014648 83.9209422467254 85.9415820941298 84.9504435034663 86.9027061984258
90.9193850103386 90.0527811932338 90.1497871498019 81.3414426772175 85.2068228736091 77.7285209261352 83.6274545119528 56.9639370490137 0 87.6974540728827 79.1573180379032 80.9822487981031 86.0715147213828 81.6951556819209 83.5273151766891 85.6282873808047 84.8172353991213 86.625354376404
91.4637322057487 89.6602337925892 87.9347740096789 90.0131486680226 83.8414555269102 87.1809971370733 82.6757911153476 87.9016548640009 87.6974540728827 0 90.090859491992 88.940188044825 80.1912970937131 89.019363834899 84.7544879428325 84.0161576060675 90.4078597858648 84.9504435034663
92.5975770139391 92.0691869852326 92.2710973286536 83.9355144429718 88.7170510773261 84.1276833168137 87.6836771400466 78.9808419961543 79.1573180379032 90.090859491992 0 78.122226705361 88.1959370973864 78.9660284217006 85.3676945786393 87.1535176972047 81.4094883090194 87.7400452895808
93.309213543304 92.5835923786124 92.4738598864051 86.728583188484 88.7880835733592 85.4795778716485 87.5222373519879 81.2493343553935 80.9822487981031 88.940188044825 78.122226705361 0 85.9975504115668 59.9742370056535 81.6251957531956 84.0608757462916 76.1677794707972 84.6521673035101
92.7583430204116 91.4063373322637 90.3886573456538 89.6385877643063 86.2196361444474 86.9027061984258 84.5539818291309 86.3653649600743 86.0715147213828 80.1912970937131 88.1959370973864 85.9975504115668 0 85.9975504115668 78.103370572082 75.0930706154422 87.657842677859 77.5424991364325
93.4810773325228 92.7574850982769 92.6286065976609 87.1185824845969 89.0159806884951 85.8987805111985 87.7708588654968 81.9504880014648 81.6951556819209 89.019363834899 78.9660284217006 59.9742370056535 85.9975504115668 0 81.5653952239311 83.9405886754904 75.042668369047 84.4632316900903
93.0072777800428 91.9002599641319 91.2892206728703 88.444562403568 87.0605702158074 85.840110052371 85.3495712803833 83.9209422467254 83.5273151766891 84.7544879428325 85.3676945786393 81.6251957531956 78.103370572082 81.5653952239311 0 72.6459542896836 84.1593214403875 76.1677794707972
93.424051144926 92.277768111225 91.5218992231529 89.645619925852 87.669856364134 87.2537141011014 86.1428545841287 85.9415820941298 85.6282873808047 84.0161576060675 87.1535176972047 84.0608757462916 75.0930706154422 83.9405886754904 72.6459542896836 0 85.6811254822013 68.7966354858417
94.4140990964314 93.8020594064266 93.7056567149524 88.6548006238839 90.6005268381762 87.989131632697 89.5728597902115 84.9504435034663 84.8172353991213 90.4078597858648 81.4094883090194 76.1677794707972 87.657842677859 75.042668369047 84.1593214403875 85.6811254822013 0 85.8005514005498
93.9154690956304 92.8258704059991 92.0861101013499 90.3265325691556 88.5843509004963 88.2000037388758 87.2324760000679 86.9027061984258 86.625354376404 84.9504435034663 87.7400452895808 84.6521673035101 77.5424991364325 84.4632316900903 76.1677794707972 68.7966354858417 85.8005514005498 0
