0 76.5662657802988 82.8884805545587 78.1670705915984 90.2196067601836 91.0181184599808 91.7441879861927 91.5047597563245 93.5158017848077 93.7054268017826 94.4385487064544 94.7721488075484 95.0266035740897 94.8688439226938 95.5698622330178 96.1890006260982 96.2353993976168 96.4367299438433
76.5662657802988 0 81.557861926606 69.0989513524746 88.2382248275296 89.4482039009445 90.4547687368095 89.8870516742964 92.1847913863506 92.4108172720404 93.2519771453635 93.6582681575906 93.9849719367924 93.7721393519446 94.5575932655729 95.237440409038 95.2849135685102 95.5211140109512
82.8884805545587 81.557861926606 0 83.3280170182034 89.6239007539644 91.3987884850947 92.4416841028919 91.3036344422995 92.4432217006488 92.4404536326133 93.3812899430584 93.3699935021867 94.7920854093305 94.4052390062349 94.2959097000793 95.1410962672353 95.5216322917629 95.3182105360918
78.1670705915984 69.0989513524746 83.3280170182034 0 87.7814964603225 88.7973473856579 89.8000023575471 89.4020918394757 92.0145536549734 92.2969255180874 93.1150169234456 93.621480890381 93.6814491297281 93.5114763815429 94.5178329636772 95.1621720976551 95.13049210439 95.472236647499
90.2196067601836 88.2382248275296 89.6239007539644 87.7814964603225 0 80.3412204050666 84.3279020717801 76.5662657802988 84.3139343989393 85.4887369853822 86.7995224706577 88.6200893760136 87.8594273282428 87.2420590676285 90.0109960311413 90.7378973417571 90.3051549406028 91.4013602201787
91.0181184599808 89.4482039009445 91.3987884850947 88.7973473856579 80.3412204050666 0 75.6474259629201 76.2904501795749 86.9914225501132 88.2049907757909 88.6848557252811 90.6918578741207 86.8249332995649 87.1561388112382 91.6446532077194 91.9283899677472 90.8564841175001 92.6286065976609
91.7441879861927 90.4547687368095 92.4416841028919 89.8000023575471 84.3279020717801 75.6474259629201 0 81.4548623602078 88.6378489297544 89.7170505944318 89.9373059396037 91.8385025779822 86.9994334866519 87.8429926607608 92.6034916989718 92.7177876311717 91.4472345023449 93.3987395623098
91.5047597563245 89.8870516742964 91.3036344422995 89.4020918394757 76.5662657802988 76.2904501795749 81.4548623602078 0 84.0097315459766 85.6635841127368 86.3583807243317 88.8560319448367 85.4917377378139 85.1995609268512 90.0287234574536 90.4294091046538 89.3864926809085 91.2324066739524
93.5158017848077 92.1847913863506 92.4432217006488 92.0145536549734 84.3139343989393 86.9914225501132 88.6378489297544 84.0097315459766 0 71.6251957531956 74.7500677568036 81.6251957531956 85.3411213608088 82.6028876770041 84.0075874112409 85.104460361233 85.0227746511119 86.3853996213807
93.7054268017826 92.4108172720404 92.4404536326133 92.2969255180874 85.4887369853822 88.2049907757909 89.7170505944318 85.6635841127368 71.6251957531956 0 73.9529649258563 78.6148957965558 86.7600325349126 84.3301125812809 82.1883793840769 84.1376071418665 85.2343458491042 85.322154440245
94.4385487064544 93.2519771453635 93.3812899430584 93.1150169234456 86.7995224706577 88.6848557252811 89.9373059396037 86.3583807243317 74.7500677568036 73.9529649258563 0 79.0204033491838 85.4719304936925 82.3546980369414 81.102784709411 82.0052461083682 82.4692779150087 83.8924062417859
94.7721488075484 93.6582681575906 93.3699935021867 93.621480890381 88.6200893760136 90.6918578741207 91.8385025779822 88.8560319448367 81.6251957531956 78.6148957965558 79.0204033491838 0 88.8227725535642 86.8085289158233 74.4651623168477 80.7788153868647 85.2023505289048 81.3852540271736
95.0266035740897 93.9849719367924 94.7920854093305 93.6814491297281 87.8594273282428 86.8249332995649 86.9994334866519 85.4917377378139 85.3411213608088 86.7600325349126 85.4719304936925 88.8227725535642 0 75.1757958751021 89.1453287043817 88.3658738348 84.6354957098355 89.5819167545738
94.8688439226938 93.7721393519446 94.4052390062349 93.5114763815429 87.2420590676285 87.1561388112382 87.8429926607608 85.1995609268512 82.6028876770041 84.3301125812809 82.3546980369414 86.8085289158233 75.1757958751021 0 87.2195938074341 86.3802934588265 82.1523653118793 87.873567814971
95.5698622330178 94.5575932655729 94.2959097000793 94.5178329636772 90.0109960311413 91.6446532077194 92.6034916989718 90.0287234574536 84.0075874112409 82.1883793840769 81.102784709411 74.4651623168477 89.1453287043817 87.2195938074341 0 76.3085273335866 84.1559974760502 76.2357803377811
96.1890006260982 95.237440409038 95.1410962672353 95.1621720976551 90.7378973417571 91.9283899677472 92.7177876311717 90.4294091046538 85.104460361233 84.1376071418665 82.0052461083682 80.7788153868647 88.3658738348 86.3802934588265 76.3085273335866 0 80.8378353124009 71.9124372658146
96.2353993976168 95.2849135685102 95.5216322917629 95.13049210439 90.3051549406028 90.8564841175001 91.4472345023449 89.3864926809085 85.0227746511119 85.2343458491042 82.4692779150087 85.2023505289048 84.6354957098355 82.1523653118793 84.1559974760502 80.8378353124009 0 83.3513248469073
96.4367299438433 95.5211140109512 95.3182105360918 95.472236647499 91.4013602201787 92.6286065976609 93.3987395623098 91.2324066739524 86.3853996213807 85.322154440245 83.8924062417859 81.3852540271736 89.5819167545738 87.873567814971 76.2357803377811 71.9124372658146 83.3513248469073 0
