0 83.8456204163211 88.8707549940815 87.1650462292635 82.8971704459253 90.073170423492 85.0070354904267 87.4735316467302 85.3790959332366 85.8246120982086 88.8986615628356 89.6385877643063 88.9100855738815 88.940188044825 90.3865767390125 92.7597725141275 92.7531929436013 93.5048146177315
83.8456204163211 0 82.2849477344068 80.2272956583012 81.9504880014648 85.1213743621328 82.9612254300082 84.3266765923295 88.2438122859801 86.1207692641614 85.4744984164272 86.3541252473222 88.8651520972308 89.2377663289184 90.2812459771682 90.6982360989784 91.1286657751388 91.9504880014648
88.8707549940815 82.2849477344068 0 76.3172932402359 85.4322766078093 74.981632679067 84.7200415290772 83.2093361878076 90.1466578511299 87.4716001613441 82.3921913186054 82.7445958873746 88.9891802749584 89.546717201444 90.0569719481022 87.9607434601061 89.0220684557673 89.871733300168
87.1650462292635 80.2272956583012 76.3172932402359 0 81.7819451443998 79.2234877779738 80.5724678469221 78.8539176762187 88.171008343731 84.6960635573165 79.3027277777665 80.7054903642487 86.9693623399366 87.6224193276689 88.4391544843896 87.6402038860701 88.3711264429161 89.4350734667223
82.8971704459253 81.9504880014648 85.4322766078093 81.7819451443998 0 86.440724448383 71.6878190659939 79.8790104116733 82.8750567400519 77.9625847431219 83.1127578405707 84.5059997910493 84.1239704853616 84.5821401034988 86.5507701462811 89.4144522242168 89.3888765110626 90.4727138132438
90.073170423492 85.1213743621328 74.981632679067 79.2234877779738 86.440724448383 0 85.3851884151733 82.9922623065234 90.4849752473421 87.6989325081617 80.9352590841862 80.5502137372213 88.662150337635 89.2898496691761 89.553301503306 85.9985373717468 87.4864839136795 88.3886138704597
85.0070354904267 82.9612254300082 84.7200415290772 80.5724678469221 71.6878190659939 85.3851884151733 0 75.7863355292019 83.5201228844259 76.5304228410657 80.5906463462703 82.3921913186054 82.7273899440526 83.4864004590469 85.4201094097369 88.2106092259997 88.18363686509 89.4159022834086
87.4735316467302 84.3266765923295 83.2093361878076 78.8539176762187 79.8790104116733 82.9922623065234 75.7863355292019 0 85.891837352535 80.2528274474092 73.2222041818708 76.9312422033652 82.727246574688 83.8325331923513 84.9388623105755 85.9415820941298 86.1494823545164 87.6465633346078
85.3790959332366 88.2438122859801 90.1466578511299 88.171008343731 82.8750567400519 90.4849752473421 83.5201228844259 85.891837352535 0 79.5407227977055 87.5859951372108 88.3136724490728 82.5912792858181 81.8564887327063 84.8857874157725 91.0002889469191 90.4396763737266 91.3770966585336
85.8246120982086 86.1207692641614 87.4716001613441 84.6960635573165 77.9625847431219 87.6989325081617 76.5304228410657 80.2528274474092 79.5407227977055 0 83.2067580073703 84.3872598725851 78.5830629754743 79.178079427437 82.7562364050298 88.5776170713634 88.0975203616846 89.3453965788804
88.8986615628356 85.4744984164272 82.3921913186054 79.3027277777665 83.1127578405707 80.9352590841862 80.5906463462703 73.2222041818708 87.5859951372108 83.2067580073703 0 67.9330371790942 84.0846584245404 85.1362843532686 85.5652089786792 84.0311148723812 84.7254986332328 86.3767157358778
89.6385877643063 86.3541252473222 82.7445958873746 80.7054903642487 84.5059997910493 80.5502137372213 82.3921913186054 76.9312422033652 88.3136724490728 84.3872598725851 67.9330371790942 0 84.6808612749377 85.6913253237403 85.8117590438969 82.6751998198568 83.7331583043885 85.4939714736742
88.9100855738815 88.8651520972308 88.9891802749584 86.9693623399366 84.1239704853616 88.662150337635 82.7273899440526 82.727246574688 82.5912792858181 78.5830629754743 84.0846584245404 84.6808612749377 0 66.5949626639678 74.3872598725851 87.2393116029507 86.065576903165 87.5224965040336
88.940188044825 89.2377663289184 89.546717201444 87.6224193276689 84.5821401034988 89.2898496691761 83.4864004590469 83.8325331923513 81.8564887327063 79.178079427437 85.1362843532686 85.6913253237403 66.5949626639678 0 74.4473231987492 87.9347740096789 86.7696515306304 88.0896564742593
90.3865767390125 90.2812459771682 90.0569719481022 88.4391544843896 86.5507701462811 89.553301503306 85.4201094097369 84.9388623105755 84.8857874157725 82.7562364050298 85.5652089786792 85.8117590438969 74.3872598725851 74.4473231987492 0 86.8885649984226 85.2017523348012 86.625354376404
92.7597725141275 90.6982360989784 87.9607434601061 87.6402038860701 89.4144522242168 85.9985373717468 88.2106092259997 85.9415820941298 91.0002889469191 88.5776170713634 84.0311148723812 82.6751998198568 87.2393116029507 87.9347740096789 86.8885649984226 0 74.5416919591329 76.1899775789763
92.7531929436013 91.1286657751388 89.0220684557673 88.3711264429161 89.3888765110626 87.4864839136795 88.18363686509 86.1494823545164 90.4396763737266 88.0975203616846 84.7254986332328 83.7331583043885 86.065576903165 86.7696515306304 85.2017523348012 74.5416919591329 0 71.9267761209833
93.5048146177315 91.9504880014648 89.871733300168 89.4350734667223 90.4727138132438 88.3886138704597 89.4159022834086 87.6465633346078 91.3770966585336 89.3453965788804 86.3767157358778 85.4939714736742 87.5224965040336 88.0896564742593 86.625354376404 76.1899775789763 71.9267761209833 0
