0 82.1654959184623 88.7429076482031 87.6243995150613 75.3681348263785 84.4166372889035 86.1664750873007 81.1510920176696 82.9199828618843 82.987250454927 80.7719799389674 82.5057990397075 82.4570356382086 87.1519818883852 83.8325331923513 86.5075683494469 89.0496941384894 88.2447967541131
82.1654959184623 0 83.2478263495168 81.0208149157414 83.237595614941 74.9227372224544 78.2511598923979 86.3740794860693 78.8088442560251 79.0724707021626 85.1505429776846 80.7841074747623 85.1362843532686 82.3859648733539 84.3279020717801 82.6751998198568 85.0070354904267 85.5514846606604
88.7429076482031 83.2478263495168 0 71.1963957883817 89.1044238431331 81.9124372658146 78.7966354858417 90.7369995596956 85.3934651525833 85.4795778716485 89.8715831044337 86.6394168112023 89.5753757260203 82.79025144391 88.5475619699661 84.7490671664029 82.4447587542196 86.2835133672707
87.6243995150613 81.0208149157414 71.1963957883817 0 87.9486437055199 78.922933573106 74.2066957450215 89.7754074692579 83.5198327202789 83.6291168545625 88.7972033184141 85.042668369047 88.4622840161715 80.7841074747623 87.3082160992677 83.0277507001197 81.3769599159453 85.1124186613428
75.3681348263785 83.237595614941 89.1044238431331 87.9486437055199 0 84.3398387118709 86.2196361444474 76.2581263061566 81.4757367496001 81.4741215705682 74.1518360722623 80.0814756595712 77.4754622734875 86.4505113704269 80.4078597858648 85.3681348263785 88.5332126044102 87.0500986840142
84.4166372889035 74.9227372224544 81.9124372658146 78.922933573106 84.3398387118709 0 72.0154368322127 86.8784130290517 75.9630048612605 76.2581263061566 85.4467238909085 79.2299361010872 84.9504435034663 77.6085169412828 83.323798167022 78.5776170713634 81.8388559645986 82.7485899178583
86.1664750873007 78.2511598923979 78.7966354858417 74.2066957450215 86.2196361444474 72.0154368322127 0 88.3136724490728 79.9260709273857 80.0814756595712 87.098729412185 82.1292907879716 86.625354376404 76.9639370490137 85.1362843532686 79.6356543330438 80.1288824412368 82.997834233093
81.1510920176696 86.3740794860693 90.7369995596956 89.7754074692579 76.2581263061566 86.8784130290517 88.3136724490728 0 84.3859615362927 84.3398387118709 71.5975639811567 82.9845369622933 76.625354376404 88.0715171378125 81.3096260893556 86.9487100793787 89.7997758540917 88.0182462927898
82.9199828618843 78.8088442560251 85.3934651525833 83.5198327202789 81.4757367496001 75.9630048612605 79.9260709273857 84.3859615362927 0 48.5939076894273 82.2595237792253 69.1804462678953 81.2388806446208 79.2479287686007 78.4953978037314 77.0973021531937 83.4433495312365 81.6251957531956
82.987250454927 79.0724707021626 85.4795778716485 83.6291168545625 81.4741215705682 76.2581263061566 80.0814756595712 84.3398387118709 48.5939076894273 0 82.1867512030569 68.5776170713634 81.1136705287218 79.2428040951504 78.2511598923979 76.9639370490137 83.440211413787 81.5059505925909
80.7719799389674 85.1505429776846 89.8715831044337 88.7972033184141 74.1518360722623 85.4467238909085 87.098729412185 71.5975639811567 82.2595237792253 82.1867512030569 0 80.3363069512663 70.4537421102589 86.6810046688155 78.0023286177969 85.3262165599359 88.6689033275584 86.6112462595499
82.5057990397075 80.7841074747623 86.6394168112023 85.042668369047 80.0814756595712 79.2299361010872 82.1292907879716 82.9845369622933 69.1804462678953 68.5776170713634 80.3363069512663 0 78.7966354858417 81.0208149157414 75.0257367888525 78.5626155199393 84.5473776830334 82.003090115034
82.4570356382086 85.1362843532686 89.5753757260203 88.4622840161715 77.4754622734875 84.9504435034663 86.625354376404 76.625354376404 81.2388806446208 81.1136705287218 70.4537421102589 78.7966354858417 0 85.7777836167194 73.8213544350363 84.1239704853616 87.8990294060959 85.3526643539119
87.1519818883852 82.3859648733539 82.79025144391 80.7841074747623 86.4505113704269 77.6085169412828 76.9639370490137 88.0715171378125 79.2479287686007 79.2428040951504 86.6810046688155 81.0208149157414 85.7777836167194 0 83.5392759245935 71.5879170280032 75.1097422091168 77.0767655361445
83.8325331923513 84.3279020717801 88.5475619699661 87.3082160992677 80.4078597858648 83.323798167022 85.1362843532686 81.3096260893556 78.4953978037314 78.2511598923979 78.0023286177969 75.0257367888525 73.8213544350363 83.5392759245935 0 81.1881938127257 86.108690874692 82.6776848201471
86.5075683494469 82.6751998198568 84.7490671664029 83.0277507001197 85.3681348263785 78.5776170713634 79.6356543330438 86.9487100793787 77.0973021531937 76.9639370490137 85.3262165599359 78.5626155199393 84.1239704853616 71.5879170280032 81.1881938127257 0 78.8461887760664 74.5644625880944
89.0496941384894 85.0070354904267 82.4447587542196 81.3769599159453 88.5332126044102 81.8388559645986 80.1288824412368 89.7997758540917 83.4433495312365 83.440211413787 88.6689033275584 84.5473776830334 87.8990294060959 75.1097422091168 86.108690874692 78.8461887760664 0 78.9368418168589
88.2447967541131 85.5514846606604 86.2835133672707 85.1124186613428 87.0500986840142 82.7485899178583 82.997834233093 88.0182462927898 81.6251957531956 81.5059505925909 86.6112462595499 82.003090115034 85.3526643539119 77.0767655361445 82.6776848201471 74.5644625880944 78.9368418168589 0
