0 87.4754622734875 90.6038153464986 86.3391159691871 84.8615063718665 93.0558778119128 93.8092489701073 93.4984742639294 93.9385799847787 94.2525454416864 94.0434622098878 94.0416460794531 95.3700158391065 96.0925796514351 96.4186229003318 96.1333431691304 96.481252742044 97.5944545064845
87.4754622734875 0 80.6374962592738 78.3311427205777 87.2302909628742 89.2202600224785 90.3930962198545 91.0843403509302 91.17918753489 91.2505484293386 91.8905878192348 92.3107753474675 93.1349893540374 93.0619249668331 93.8703271661733 94.754307359252 94.2894353582191 95.0355651437243
90.6038153464986 80.6374962592738 0 85.0930706154422 90.416203582512 89.4784941033033 90.4905850455247 91.7733438314994 91.5714757157943 91.3953929960846 92.4965019941611 93.0563636521906 93.3268095699988 92.46185996355 93.5725918290523 95.1654588460763 94.2217980209726 94.3915810156316
86.3391159691871 78.3311427205777 85.0930706154422 0 83.6408008670417 88.1142143850042 89.4497994875647 89.6602337925892 90.0162331675889 90.2989135866642 90.5873115374321 90.9226094194319 92.240236057727 92.7729919134883 93.3925375748586 93.7910272692242 93.6579000963847 94.8783872216336
84.8615063718665 87.2302909628742 90.416203582512 83.6408008670417 0 89.9130061550656 90.8595844810741 89.8870516742964 90.7196111138303 91.3176021151403 90.6211953562198 90.4792656790666 92.6132594440351 94.0793683670016 94.2574076279318 93.424051144926 94.1683370412991 95.9298880881852
93.0558778119128 89.2202600224785 89.4784941033033 88.1142143850042 89.9130061550656 0 72.5570171580838 80.3134982103822 78.2745762265182 77.6457956664753 82.4049170536371 84.5484381569495 84.4632316900903 85.7007602567573 86.5840769255055 88.8560319448367 87.2176001122973 89.9157581637877
93.8092489701073 90.3930962198545 90.4905850455247 89.4497994875647 90.8595844810741 72.5570171580838 0 79.5407227977055 75.1602569900709 71.3176021151403 81.1271855885785 83.813971619597 82.2337877346136 83.996065190362 84.7054556385607 87.8461841608603 85.4546514926846 88.8560319448367
93.4984742639294 91.0843403509302 91.7733438314994 89.6602337925892 89.8870516742964 80.3134982103822 79.5407227977055 0 73.158707599766 78.2753097867997 70.8438396978523 76.2987902013244 81.2209091826395 87.2962924231267 86.6604254538209 85.5085157137867 86.0005720411219 90.6356319343604
93.9385799847787 91.17918753489 91.5714757157943 90.0162331675889 90.7196111138303 78.2745762265182 75.1602569900709 73.158707599766 0 71.2791503080909 75.0930706154422 79.8920337031866 79.322854560303 85.4102617994493 84.8719796351629 85.8105527601278 84.5719301653208 89.4521921488115
94.2525454416864 91.2505484293386 91.3953929960846 90.2989135866642 91.3176021151403 77.6457956664753 71.3176021151403 78.2753097867997 71.2791503080909 0 79.1072558596258 82.4560870793972 79.3255293548103 83.585894861329 83.4206154648312 86.5111849588043 83.7847572860945 88.444562403568
94.0434622098878 91.8905878192348 92.4965019941611 90.5873115374321 90.6211953562198 82.4049170536371 81.1271855885785 70.8438396978523 75.0930706154422 79.1072558596258 0 72.5570171580838 79.1634722577427 87.2425274907694 86.1207571426749 83.7359969242265 84.9607879581046 90.408397765015
94.0416460794531 92.3107753474675 93.0563636521906 90.9226094194319 90.4792656790666 84.5484381569495 83.813971619597 76.2987902013244 79.8920337031866 82.4560870793972 72.5570171580838 0 81.3699864746809 88.6208308091898 87.4382463864124 82.8514324837451 86.0661777685526 91.2786034149263
95.3700158391065 93.1349893540374 93.3268095699988 92.240236057727 92.6132594440351 84.4632316900903 82.2337877346136 81.2209091826395 79.322854560303 79.3255293548103 79.1634722577427 81.3699864746809 0 84.564686248953 81.6177655634978 82.1654959184623 78.7122170286912 88.0309443726372
96.0925796514351 93.0619249668331 92.46185996355 92.7729919134883 94.0793683670016 85.7007602567573 83.996065190362 87.2962924231267 85.4102617994493 83.585894861329 87.2425274907694 88.6208308091898 84.564686248953 0 77.7965684475253 89.1915152753047 83.0411672842192 81.6381246049857
96.4186229003318 93.8703271661733 93.5725918290523 93.3925375748586 94.2574076279318 86.5840769255055 84.7054556385607 86.6604254538209 84.8719796351629 83.4206154648312 86.1207571426749 87.4382463864124 81.6177655634978 77.7965684475253 0 86.9345227862877 76.4655543595135 82.3859648733539
96.1333431691304 94.754307359252 95.1654588460763 93.7910272692242 93.424051144926 88.8560319448367 87.8461841608603 85.5085157137867 85.8105527601278 86.5111849588043 83.7359969242265 82.8514324837451 82.1654959184623 89.1915152753047 86.9345227862877 0 84.053956449665 90.7338104052137
96.481252742044 94.2894353582191 94.2217980209726 93.6579000963847 94.1683370412991 87.2176001122973 85.4546514926846 86.0005720411219 84.5719301653208 83.7847572860945 84.9607879581046 86.0661777685526 78.7122170286912 83.0411672842192 76.4655543595135 84.053956449665 0 85.3517806690274
97.5944545064845 95.0355651437243 94.3915810156316 94.8783872216336 95.9298880881852 89.9157581637877 88.8560319448367 90.6356319343604 89.4521921488115 88.444562403568 90.408397765015 91.2786034149263 88.0309443726372 81.6381246049857 82.3859648733539 90.7338104052137 85.3517806690274 0
