0 76.0621707455228 83.6033008406848 84.7490671664029 83.2910400873432 84.7254986332328 85.4673355948484 90.0287234574536 88.7206308018482 89.710133239926 91.3307306167815 90.9580781026514 91.3454034114811 92.1031014302822 92.5904337711328 93.872479629045 94.5361906146183 94.3142198032999
76.0621707455228 0 85.3208427639379 85.2003092693599 82.5868656935784 81.557861926606 84.2979161426279 90.1246893973976 86.8443605455323 88.9566880924795 91.1153405709724 90.6117913722832 90.1762955422891 91.3008355089306 91.7398519064725 92.9438820352424 94.0997253151237 93.6255170180916
83.6033008406848 85.3208427639379 0 76.8428331489911 81.0463367021322 86.7365991732866 83.760486836007 85.5523155632995 89.3418464306326 87.6243995150613 88.2608359710067 88.1142143850042 90.9645655979856 90.9058262814253 91.684550194797 93.6261880449614 93.0376216486301 93.4517290550077
84.7490671664029 85.2003092693599 76.8428331489911 0 76.0621707455228 84.7904545651168 79.2684262627964 83.1990142701287 87.3989040349573 84.676136068509 86.0981015495578 85.6854997764966 89.1176685768479 88.9922245819579 89.9491930022336 92.2905002250625 91.6930381876858 92.0689253701059
83.2910400873432 82.5868656935784 81.0463367021322 76.0621707455228 0 80.855597892659 73.6150544197642 85.4550587108594 85.1276283421502 84.1593214403875 87.0838681956062 86.3653649600743 87.9269527962851 88.4453344140258 89.3122722994984 91.5262014609661 91.7688957236797 91.6834607743128
84.7254986332328 81.557861926606 86.7365991732866 84.7904545651168 80.855597892659 0 79.8251320749173 88.7780850115565 80.078128916526 85.4535216572886 89.178079427437 88.3255916171591 86.1821018921153 88.1778938560859 88.6643528285041 90.2164866096002 92.1320015602387 91.2260484645216
85.4673355948484 84.2979161426279 83.760486836007 79.2684262627964 73.6150544197642 79.8251320749173 0 84.9659509602808 83.0787793653692 81.4741215705682 85.9744315024477 84.9227372224544 86.1020755728508 86.7514468623435 87.7647878994723 90.3617555541508 90.7831773209366 90.5415486711869
90.0287234574536 90.1246893973976 85.5523155632995 83.1990142701287 85.4550587108594 88.7780850115565 84.9659509602808 0 89.1947068117466 83.1574795141574 78.1860958317419 79.546717201444 89.0355663526282 87.3501386685107 88.6848557252811 91.7816227481264 88.9204316857219 90.559826271943
88.7206308018482 86.8443605455323 89.3418464306326 87.3989040349573 85.1276283421502 80.078128916526 83.0787793653692 89.1947068117466 0 84.0377851517993 88.6915742743994 87.6144036462763 80.8945579250172 85.2821019599525 85.4676483890444 87.0200315026164 90.593000884045 88.8335004036678
89.710133239926 88.9566880924795 87.6243995150613 84.676136068509 84.1593214403875 85.4535216572886 81.4741215705682 83.1574795141574 84.0377851517993 0 81.0505757896518 78.1860958317419 82.9023336598264 80.8776994407101 83.2478263495168 88.065355675454 87.142578183834 87.2337443944748
91.3307306167815 91.1153405709724 88.2608359710067 86.0981015495578 87.0838681956062 89.178079427437 85.9744315024477 78.1860958317419 88.6915742743994 81.0505757896518 0 70.237526392877 87.4802850888848 84.5416919591329 86.3152293981705 90.2527033646464 85.9443839446055 88.3560020265737
90.9580781026514 90.6117913722832 88.1142143850042 85.6854997764966 86.3653649600743 88.3255916171591 84.9227372224544 79.546717201444 87.6144036462763 78.1860958317419 70.237526392877 0 86.2325041385106 83.0088975767243 85.1097422091168 89.4911605532576 85.785095894185 87.689696054269
91.3454034114811 90.1762955422891 90.9645655979856 89.1176685768479 87.9269527962851 86.1821018921153 86.1020755728508 89.0355663526282 80.8945579250172 82.9023336598264 87.4802850888848 86.2325041385106 0 79.2234877779738 78.1860958317419 82.1371606249913 87.6603099864597 84.3952796311753
92.1031014302822 91.3008355089306 90.9058262814253 88.9922245819579 88.4453344140258 88.1778938560859 86.7514468623435 87.3501386685107 85.2821019599525 80.8776994407101 84.5416919591329 83.0088975767243 79.2234877779738 0 71.7711908388985 83.917043963497 83.8090305889917 81.5913622339965
92.5904337711328 91.7398519064725 91.684550194797 89.9491930022336 89.3122722994984 88.6643528285041 87.7647878994723 88.6848557252811 85.4676483890444 83.2478263495168 86.3152293981705 85.1097422091168 78.1860958317419 71.7711908388985 0 81.4885345102684 84.2047287812731 79.4403431679708
93.872479629045 92.9438820352424 93.6261880449614 92.2905002250625 91.5262014609661 90.2164866096002 90.3617555541508 91.7816227481264 87.0200315026164 88.065355675454 90.2527033646464 89.4911605532576 82.1371606249913 83.917043963497 81.4885345102684 0 87.6726240401613 81.3887347396581
94.5361906146183 94.0997253151237 93.0376216486301 91.6930381876858 91.7688957236797 92.1320015602387 90.7831773209366 88.9204316857219 90.593000884045 87.142578183834 85.9443839446055 85.785095894185 87.6603099864597 83.8090305889917 84.2047287812731 87.6726240401613 0 82.1654959184623
94.3142198032999 93.6255170180916 93.4517290550077 92.0689253701059 91.6834607743128 91.2260484645216 90.5415486711869 90.559826271943 88.8335004036678 87.2337443944748 88.3560020265737 87.689696054269 84.3952796311753 81.5913622339965 79.4403431679708 81.3887347396581 82.1654959184623 0
