0 88.3539945098157 83.8414555269102 85.193099669832 86.824066021829 87.8958536668488 87.6780849890428 89.619779474765 89.3884962473561 89.87132653483 89.8737382553052 90.286423111913 90.1288824412368 90.9315953261369 92.8217797420477 92.1177073885602 92.7973419676385 93.4380112784569
88.3539945098157 0 81.7021552275735 85.088056632027 89.4954990830677 88.0975203616846 90.0109960311413 88.5933067559859 90.9783732831594 90.9450739663187 91.0527836676884 89.8447517363798 91.6485123311798 92.4859807530032 89.2970716604341 91.9271905876844 92.8750679488931 91.8958380810214
83.8414555269102 81.7021552275735 0 78.1580358208906 85.7163350574509 84.6306317455761 86.6311396218414 86.3340981236618 88.3046163337845 88.4766143450896 88.5776170713634 87.768622079343 89.2408763249838 90.3185160559075 89.5679212435349 90.4078597858648 91.4486813311353 91.2274227868887
85.193099669832 85.088056632027 78.1580358208906 0 81.5047597563245 79.0724707021626 82.8100758107315 82.4190501400695 85.1362843532686 85.3287606235951 85.4809240433166 84.4224890007509 86.4488652553425 87.9125120178788 88.1729652251589 88.044683906869 89.3590655152815 89.4289128299237
86.824066021829 89.4954990830677 85.7163350574509 81.5047597563245 0 77.2169957016613 67.4754622734875 81.6889679411251 77.6457956664753 79.3002428506583 79.3035886837084 81.9124372658146 80.3748186431538 82.9163416733047 89.2492238225855 85.4717029548512 86.7480903646493 88.7064477073268
87.8958536668488 88.0975203616846 84.6306317455761 79.0724707021626 77.2169957016613 0 77.7647878994723 75.0839464575113 80.0814756595712 79.8920337031866 80.2562634010479 78.0529683256868 82.1800481895086 84.4597917879704 86.8428331489911 84.2818356839557 86.19405030947 86.9364656574875
87.6780849890428 90.0109960311413 86.6311396218414 82.8100758107315 67.4754622734875 77.7647878994723 0 81.4004998422493 74.4651623168477 76.9639370490137 76.8897643267691 81.0505757896518 78.1449182434046 81.3206716501353 89.14994848217 84.5237328924572 85.8397666260863 88.2530396188404
89.619779474765 88.5933067559859 86.3340981236618 82.4190501400695 81.6889679411251 75.0839464575113 81.4004998422493 0 81.3124360115708 80.148436462163 80.6374962592738 72.4145945519925 82.6722841132558 84.6280655201376 84.5748626972953 82.0827706588024 84.7054556385607 84.4613002047043
89.3884962473561 90.9783732831594 88.3046163337845 85.1362843532686 77.6457956664753 80.0814756595712 74.4651623168477 81.3124360115708 0 67.8452979360192 66.3746965533787 79.3818913619656 69.4373514922185 76.6542406192501 88.8461887760664 81.8291216581062 83.2566420950052 87.0457083038715
89.87132653483 90.9450739663187 88.4766143450896 85.3287606235951 79.3002428506583 79.8920337031866 76.9639370490137 80.148436462163 67.8452979360192 0 55.6588359409371 77.2272264362371 70.7083899962057 76.9258345835938 88.170498810619 79.986624910159 81.9659282030261 86.0381371990482
89.8737382553052 91.0527836676884 88.5776170713634 85.4809240433166 79.3035886837084 80.2562634010479 76.8897643267691 80.6374962592738 66.3746965533787 55.6588359409371 0 77.9203614557978 69.0724707021626 76.2581263061566 88.3704144284581 80.2272956583012 82.022217387562 86.2325041385106
90.286423111913 89.8447517363798 87.768622079343 84.4224890007509 81.9124372658146 78.0529683256868 81.0505757896518 72.4145945519925 79.3818913619656 77.2272264362371 77.9203614557978 0 80.4872814759936 82.6696203737397 85.289026176076 78.7956828873433 82.339207031122 83.4172886735283
90.1288824412368 91.6485123311798 89.2408763249838 86.4488652553425 80.3748186431538 82.1800481895086 78.1449182434046 82.6722841132558 69.4373514922185 70.7083899962057 69.0724707021626 80.4872814759936 0 71.7711908388985 89.1882080121978 81.0505757896518 82.0323684124072 86.9257690522703
90.9315953261369 92.4859807530032 90.3185160559075 87.9125120178788 82.9163416733047 84.4597917879704 81.3206716501353 84.6280655201376 76.6542406192501 76.9258345835938 76.2581263061566 82.6696203737397 71.7711908388985 0 89.9082259787912 81.4510002480644 81.3493605368748 87.3062096567191
92.8217797420477 89.2970716604341 89.5679212435349 88.1729652251589 89.2492238225855 86.8428331489911 89.14994848217 84.5748626972953 88.8461887760664 88.170498810619 88.3704144284581 85.289026176076 89.1882080121978 89.9082259787912 0 86.5365392685295 87.9627347794601 82.6191127054158
92.1177073885602 91.9271905876844 90.4078597858648 88.044683906869 85.4717029548512 84.2818356839557 84.5237328924572 82.0827706588024 81.8291216581062 79.986624910159 80.2272956583012 78.7956828873433 81.0505757896518 81.4510002480644 86.5365392685295 0 73.2478263495168 81.1303421223965
92.7973419676385 92.8750679488931 91.4486813311353 89.3590655152815 86.7480903646493 86.19405030947 85.8397666260863 84.7054556385607 83.2566420950052 81.9659282030261 82.022217387562 82.339207031122 82.0323684124072 81.3493605368748 87.9627347794601 73.2478263495168 0 82.6046768387851
93.4380112784569 91.8958380810214 91.2274227868887 89.4289128299237 88.7064477073268 86.9364656574875 88.2530396188404 84.4613002047043 87.0457083038715 86.0381371990482 86.2325041385106 83.4172886735283 86.9257690522703 87.3062096567191 82.6191127054158 81.1303421223965 82.6046768387851 0
