0 73.2222041818708 86.3852582433843 76.7067506377919 86.9422250186768 82.6112374766495 83.9209422467254 84.3625742083997 85.7321407965295 87.0637545821867 87.7215777441309 87.865938400297 90.7260555518404 90.6953567583126 92.6073422214847 92.0333822111479 93.3670119048484 93.1780369473532
73.2222041818708 0 87.8452979360192 75.289026176076 88.1110024566067 83.7883436144213 83.237595614941 83.9765236063192 84.7114231687044 87.1696213970273 87.0387197113771 87.2622747650644 90.9420340568167 90.2211456292078 92.7261984235097 91.9587458613175 93.5273151766891 93.2905341819528
86.3852582433843 87.8452979360192 0 86.6440941889501 73.9871088782938 82.1283364196901 87.221090888027 86.7491303229808 88.8628185700513 86.125843648819 89.454620706552 89.3273180895792 87.9199887622108 91.3414426772175 90.3485019850597 90.8458374650122 90.8988116304854 90.9796655057781
76.7067506377919 75.289026176076 86.6440941889501 0 86.5618091770559 80.4000919809805 79.1123755294906 80.100910848807 81.9414557812991 84.6168963459942 84.8642965499753 85.082279011924 89.3874875404723 88.773792856881 91.4741215705682 90.6047544631244 92.3977874971121 92.1226754861304
86.9422250186768 88.1110024566067 73.9871088782938 86.5618091770559 0 80.9994315893368 86.3357210121901 85.6811254822013 88.0402758330119 84.2303688038619 88.4391544843896 88.2511598923979 85.9726282534022 90.3283848896821 88.919135707429 89.5342272108456 89.5909249455427 89.6643552314586
82.6112374766495 83.7883436144213 82.1283364196901 80.4000919809805 80.9994315893368 0 80.1936568156977 79.2684262627964 83.5630990497122 80.6270055465831 84.9659509602808 84.8615063718665 86.5206242255689 88.3751921230537 89.4404017596482 89.0101171245828 90.4500714061353 90.2422395947511
83.9209422467254 83.237595614941 87.221090888027 79.1123755294906 86.3357210121901 80.1936568156977 0 65.8167871832277 73.8082825843093 79.7170505944318 78.906450098379 79.1688371141631 86.9693623399366 85.3962648299937 89.4510244050228 88.0309443726372 90.6792333700066 90.251809052559
84.3625742083997 83.9765236063192 86.7491303229808 80.100910848807 85.6811254822013 79.2684262627964 65.8167871832277 0 75.5971656502182 77.818706400312 78.9021373091748 78.9298435901867 86.2133159031544 85.2070224172314 88.9284155138294 87.5373652584881 90.2127252345362 89.7802280674181
85.7321407965295 84.7114231687044 88.8628185700513 81.9414557812991 88.0402758330119 83.5630990497122 73.8082825843093 75.5971656502182 0 81.4883618067039 74.6168963459942 75.7863355292019 87.4520453962785 83.6659895249449 89.5566702201031 87.6931449872063 90.8317348534602 90.3191125688761
87.0637545821867 87.1696213970273 86.125843648819 84.6168963459942 84.2303688038619 80.6270055465831 79.7170505944318 77.818706400312 81.4883618067039 0 80.6926673488567 80.0328949922219 82.0727368965748 84.4341688235299 86.2196361444474 84.9227372224544 87.8770886459859 87.3719376615789
87.7215777441309 87.0387197113771 89.454620706552 84.8642965499753 88.4391544843896 84.9659509602808 78.906450098379 78.9021373091748 74.6168963459942 80.6926673488567 0 60.943337135734 86.2144854779468 79.9743943960448 88.2823991156886 85.7455735655845 89.7745571727812 89.1212334881693
87.865938400297 87.2622747650644 89.3273180895792 85.082279011924 88.2511598923979 84.8615063718665 79.1688371141631 78.9298435901867 75.7863355292019 80.0328949922219 60.943337135734 0 85.7361653729268 79.5824645802539 87.9032307662186 85.2705781943239 89.4555946722683 88.7797697913308
90.7260555518404 90.9420340568167 87.9199887622108 89.3874875404723 85.9726282534022 86.5206242255689 86.9693623399366 86.2133159031544 87.4520453962785 82.0727368965748 86.2144854779468 85.7361653729268 0 86.082168991845 78.6148957965558 80.8422827729217 81.7532076048429 81.1011246996244
90.6953567583126 90.2211456292078 91.3414426772175 88.773792856881 90.3283848896821 88.3751921230537 85.3962648299937 85.2070224172314 83.6659895249449 84.4341688235299 79.9743943960448 79.5824645802539 86.082168991845 0 86.9639370490137 82.7445958873746 88.6562715620246 87.7157555952006
92.6073422214847 92.7261984235097 90.3485019850597 91.4741215705682 88.919135707429 89.4404017596482 89.4510244050228 88.9284155138294 89.5566702201031 86.2196361444474 88.2823991156886 87.9032307662186 78.6148957965558 86.9639370490137 0 79.0724707021626 73.8213544350363 69.2684262627964
92.0333822111479 91.9587458613175 90.8458374650122 90.6047544631244 89.5342272108456 89.0101171245828 88.0309443726372 87.5373652584881 87.6931449872063 84.9227372224544 85.7455735655845 85.2705781943239 80.8422827729217 82.7445958873746 79.0724707021626 0 82.6342007106042 80.5527990930723
93.3670119048484 93.5273151766891 90.8988116304854 92.3977874971121 89.5909249455427 90.4500714061353 90.6792333700066 90.2127252345362 90.8317348534602 87.8770886459859 89.7745571727812 89.4555946722683 81.7532076048429 88.6562715620246 73.8213544350363 82.6342007106042 0 69.6356543330438
93.1780369473532 93.2905341819528 90.9796655057781 92.1226754861304 89.6643552314586 90.2422395947511 90.251809052559 89.7802280674181 90.3191125688761 87.3719376615789 89.1212334881693 88.7797697913308 81.1011246996244 87.7157555952006 69.2684262627964 80.5527990930723 69.6356543330438 0
