0 85.0930706154422 87.4989679608305 72.5570171580838 85.2003092693599 83.8325331923513 86.3520403900819 90.0372925954051 89.4437213831243 86.921385559777 90.6192848624529 86.2491757321852 87.1269564468328 88.1358989504671 91.8615447131043 88.7743680706906 89.4009409507542 93.0243596635487
85.0930706154422 0 75.1915231489977 85.1014144120895 70.237526392877 82.420100378145 83.1649427183512 85.7159970899826 85.5637572403558 86.1192544428531 86.4736672977584 87.5605177126806 89.2357314171479 88.6257459210976 88.7622646230123 90.3237001120732 90.200697553464 90.3369951771035
87.4989679608305 75.1915231489977 0 87.4323545004908 76.1915664906833 84.4668104935755 84.1427215355371 84.6448929049875 84.9796890336395 87.0102177707249 85.2924236738174 88.6719862232171 90.2450608845988 89.3874875404723 87.9060271031893 91.1157579812105 90.843616123437 89.5287091114304
72.5570171580838 85.1014144120895 87.4323545004908 0 84.8349979793794 81.9124372658146 84.9941640573927 89.3217457522892 88.5845129300712 85.2922183444072 89.9590100360185 84.2596343120333 85.3461292680899 86.5807890072801 91.2019261903941 87.3281660500624 88.0528131287405 92.436304209123
85.2003092693599 70.237526392877 76.1915664906833 84.8349979793794 0 80.4857622301273 80.989693904679 84.3557033681209 84.0364259164505 84.6944839826563 85.2922183444072 86.5256213537673 88.4453344140258 87.6192683486374 87.8300100548411 89.5760962485889 89.3750984695037 89.5895122484486
83.8325331923513 82.420100378145 84.4668104935755 81.9124372658146 80.4857622301273 0 74.4989319798259 84.5869706818913 83.1822315176161 78.0360367454923 85.6591876775859 80.5622918724125 84.0097315459766 82.9505460979284 87.5508602028379 85.850274868794 85.7219497167291 89.3680685576131
86.3520403900819 83.1649427183512 84.1427215355371 84.9941640573927 80.989693904679 74.4989319798259 0 81.4778520123417 79.2299361010872 76.0320852777772 82.9628523576747 81.5097619321558 84.8467905065321 82.5510227543453 85.3649979935812 86.125843648819 85.4673355948484 87.6392949459772
90.0372925954051 85.7159970899826 84.6448929049875 89.3217457522892 84.3557033681209 84.5869706818913 81.4778520123417 0 70.5209042258586 83.7989102258118 66.9639370490137 86.8428331489911 88.6957997331364 86.5108726813928 78.1944569912448 89.117305364348 88.154293223431 82.7159134735225
89.4437213831243 85.5637572403558 84.9796890336395 88.5845129300712 84.0364259164505 83.1822315176161 79.2299361010872 70.5209042258586 0 81.7152587637906 74.4417666159698 85.4258721302931 87.5561827888852 85.015546065008 79.5765657369386 88.0360367454923 86.9639370490137 83.6127062473257
86.921385559777 86.1192544428531 87.0102177707249 85.2922183444072 84.6944839826563 78.0360367454923 76.0320852777772 83.7989102258118 81.7152587637906 0 84.8349979793794 76.2581263061566 81.4741215705682 77.0020543058785 86.0845714710047 82.9606831971288 81.8954356927323 88.0205878131577
90.6192848624529 86.4736672977584 85.2924236738174 89.9590100360185 85.2922183444072 85.6591876775859 82.9628523576747 66.9639370490137 74.4417666159698 84.8349979793794 0 87.5803463896305 89.2684262627964 87.1683794568997 76.2077807888463 89.6005998858026 88.632965459285 81.4397569898528
86.2491757321852 87.5605177126806 88.6719862232171 84.2596343120333 86.5256213537673 80.5622918724125 81.5097619321558 86.8428331489911 85.4258721302931 76.2581263061566 87.5803463896305 0 74.9227372224544 74.0413695343981 88.3904606186379 79.0307872976018 79.3798454154245 89.8343219592899
87.1269564468328 89.2357314171479 90.2450608845988 85.3461292680899 88.4453344140258 84.0097315459766 84.8467905065321 88.6957997331364 87.5561827888852 81.4741215705682 89.2684262627964 74.9227372224544 0 76.9794506962478 89.7701258381289 73.5235112754108 77.7104684659065 90.9231932881462
88.1358989504671 88.6257459210976 89.3874875404723 86.5807890072801 87.6192683486374 82.9505460979284 82.5510227543453 86.5108726813928 85.015546065008 77.0020543058785 87.1683794568997 74.0413695343981 76.9794506962478 0 87.5859951372108 77.3975598292249 74.6354957098355 88.9922245819579
91.8615447131043 88.7622646230123 87.9060271031893 91.2019261903941 87.8300100548411 87.5508602028379 85.3649979935812 78.1944569912448 79.5765657369386 86.0845714710047 76.2077807888463 88.3904606186379 89.7701258381289 87.5859951372108 0 89.8116271825038 88.6738840693766 75.042668369047
88.7743680706906 90.3237001120732 91.1157579812105 87.3281660500624 89.5760962485889 85.850274868794 86.125843648819 89.117305364348 88.0360367454923 82.9606831971288 89.6005998858026 79.0307872976018 73.5235112754108 77.3975598292249 89.8116271825038 0 72.9845369622933 90.8204465670371
89.4009409507542 90.200697553464 90.843616123437 88.0528131287405 89.3750984695037 85.7219497167291 85.4673355948484 88.154293223431 86.9639370490137 81.8954356927323 88.632965459285 79.3798454154245 77.7104684659065 74.6354957098355 88.6738840693766 72.9845369622933 0 89.7337221881064
93.0243596635487 90.3369951771035 89.5287091114304 92.436304209123 89.5895122484486 89.3680685576131 87.6392949459772 82.7159134735225 83.6127062473257 88.0205878131577 81.4397569898528 89.8343219592899 90.9231932881462 88.9922245819579 75.042668369047 90.8204465670371 89.7337221881064 0
