0 79.6356543330438 81.1220143253691 76.2196361444474 81.8810549507213 79.9360690089101 86.0175649379954 79.8920337031866 83.3739545677304 89.2869082629181 84.5093314929837 86.8193244329465 83.9422174323247 85.435034457386 85.783915239625 86.1821018921153 87.6019601377656 87.5381203483523
79.6356543330438 0 85.3303424647414 80.3134982103822 70.8110544783965 71.9124372658146 88.6382074866383 81.2004909747474 85.7760576809932 91.0973538727635 86.1924886111327 88.6230543495502 84.8162438844618 84.4399969767003 84.9314071076065 83.8325331923513 88.5933131285828 88.2204488514729
81.1220143253691 85.3303424647414 0 78.3390605802349 85.9415820941298 84.2737774339689 78.8164988733562 79.3255293548103 74.7833086312283 85.0206444159974 78.3073021585004 80.8422827729217 80.1693140467596 84.2979161426279 84.4308755054934 86.3653649600743 83.341335320205 83.8155310768292
76.2196361444474 80.3134982103822 78.3390605802349 0 81.2614598490377 78.1860958317419 84.4437646788121 70.855597892659 79.4574281669416 88.1383073018398 80.7750878561122 84.5832154332189 79.3874812114178 81.9745296711912 82.436919486049 83.6150544197642 85.1097422091168 84.8940585655613
81.8810549507213 70.8110544783965 85.9415820941298 81.2614598490377 0 70.855597892659 88.9602787360544 81.3176021151403 85.9532992188276 91.2719412952555 86.1677794707972 88.6928840265354 84.5344646570443 83.4181597425046 83.9747467963322 82.1292907879716 88.4018890874713 87.9146178897263
79.9360690089101 71.9124372658146 84.2737774339689 78.1860958317419 70.855597892659 0 87.8066040400931 78.2993261327158 84.3036130622956 90.4078597858648 84.6280655201376 87.5424991364325 82.7688939268866 82.1027689051246 82.73899028826 81.5879170280032 87.3302260026353 86.8463384194121
86.0175649379954 88.6382074866383 78.8164988733562 84.4437646788121 88.9602787360544 87.8066040400931 0 84.4437646788121 79.0724707021626 79.2167463370609 80.2951146051658 76.1801554430773 83.1574795141574 86.4532485742548 86.393932982674 88.4052696985026 82.0037104811772 83.3588019416995
79.8920337031866 81.2004909747474 79.3255293548103 70.855597892659 81.3176021151403 78.2993261327158 84.4437646788121 0 78.2853047219292 87.9607434601061 79.0051368755729 83.8703271661733 76.007020522395 79.178079427437 79.7881853561146 81.7060996897762 83.8481352690408 83.3874583470344
83.3739545677304 85.7760576809932 74.7833086312283 79.4574281669416 85.9532992188276 84.3036130622956 79.0724707021626 78.2853047219292 0 84.5212779016483 68.7717289505247 77.582750402195 75.042668369047 81.8195388243368 81.828241837558 84.8272667165035 79.5875787005179 80.0708701724473
89.2869082629181 91.0973538727635 85.0206444159974 88.1383073018398 91.2719412952555 90.4078597858648 79.2167463370609 87.9607434601061 84.5212779016483 0 84.6429132091945 80.237526392877 86.5518609041312 88.7320818557614 88.6011148688101 90.3405259592751 83.6477962159136 85.0469926245498
84.5093314929837 86.1924886111327 78.3073021585004 80.7750878561122 86.1677794707972 84.6280655201376 80.2951146051658 79.0051368755729 68.7717289505247 84.6429132091945 0 76.8982993539898 72.5059096527123 80.5906463462703 80.4511534011314 84.1406420790363 77.1342704420015 77.3970714116401
86.8193244329465 88.6230543495502 80.8422827729217 84.5832154332189 88.6928840265354 87.5424991364325 76.1801554430773 83.8703271661733 77.582750402195 80.237526392877 76.8982993539898 0 80.8992843120189 84.6354957098355 84.4331199096958 87.0859800093211 75.9126336164662 78.685252958862
83.9422174323247 84.8162438844618 80.1693140467596 79.3874812114178 84.5344646570443 82.7688939268866 83.1574795141574 76.007020522395 75.042668369047 86.5518609041312 72.5059096527123 80.8992843120189 0 76.5087513864547 76.5184091547906 81.5438714828083 79.5557290937848 78.5550952672913
85.435034457386 84.4399969767003 84.2979161426279 81.9745296711912 83.4181597425046 82.1027689051246 86.4532485742548 79.178079427437 81.8195388243368 88.7320818557614 80.5906463462703 84.6354957098355 76.5087513864547 0 59.8368461470609 74.9227372224544 82.6046768387851 81.0836876021808
85.783915239625 84.9314071076065 84.4308755054934 82.436919486049 83.9747467963322 82.73899028826 86.393932982674 79.7881853561146 81.828241837558 88.6011148688101 80.4511534011314 84.4331199096958 76.5184091547906 59.8368461470609 0 75.7412153925164 82.1624097116724 80.4857622301273
86.1821018921153 83.8325331923513 86.3653649600743 83.6150544197642 82.1292907879716 81.5879170280032 88.4052696985026 81.7060996897762 84.8272667165035 90.3405259592751 84.1406420790363 87.0859800093211 81.5438714828083 74.9227372224544 75.7412153925164 0 85.54930902471 84.4204253023472
87.6019601377656 88.5933131285828 83.341335320205 85.1097422091168 88.4018890874713 87.3302260026353 82.0037104811772 83.8481352690408 79.5875787005179 83.6477962159136 77.1342704420015 75.9126336164662 79.5557290937848 82.6046768387851 82.1624097116724 85.54930902471 0 68.5136992337712
87.5381203483523 88.2204488514729 83.8155310768292 84.8940585655613 87.9146178897263 86.8463384194121 83.3588019416995 83.3874583470344 80.0708701724473 85.0469926245498 77.3970714116401 78.685252958862 78.5550952672913 81.0836876021808 80.4857622301273 84.4204253023472 68.5136992337712 0
