0 87.8461841608603 87.3707316153606 87.2598037653182 85.5962907096926 88.5663707686117 88.8179418809182 80.6047544631244 81.2362166431537 90.5050214404877 87.2500510522514 91.7009959178914 92.823174905949 90.6282526955432 93.2928102922609 90.869755834518 92.9999812094509 92.4871739965537
87.8461841608603 0 67.7787680216033 69.0724707021626 76.4196928600806 79.0724707021626 79.3756649167141 88.6385873374445 89.3851498809508 84.7254986332328 88.9256091068882 88.280925491606 90.0195484927498 91.2264705630339 90.6607330446118 92.3424426944909 92.513671632346 94.1143869527774
87.3707316153606 67.7787680216033 0 52.2231326594167 73.2478263495168 77.1929470034325 77.7354707285736 87.9539010208948 88.7651958006542 83.9496944283105 88.1308444831307 87.6889925185495 89.5556933220744 90.6305009104019 90.2405422206914 91.813478425329 92.0433032278386 93.6851466299304
87.2598037653182 69.0724707021626 52.2231326594167 0 72.5261942962067 77.0178873678807 77.6085169412828 87.817734881193 88.6417807508679 83.8879993973499 87.9942370080757 87.627196302634 89.5088083863016 90.5369698865625 90.1990362311678 91.7271802232159 91.9776111095617 93.61487578519
85.5962907096926 76.4196928600806 73.2478263495168 72.5261942962067 0 78.8552626423874 79.5430962196944 86.2076475436879 87.1861580940907 84.6370117708414 86.8728728512127 87.8359047781656 89.687575441599 89.9311372686323 90.3775583099455 91.0839308173631 91.7028291465486 93.0750602262022
88.5663707686117 79.0724707021626 77.1929470034325 77.0178873678807 78.8552626423874 0 57.9330371790942 88.1200421657566 88.9164576276525 78.6738840693766 86.9019062639262 84.6150320210808 87.1626854989289 89.2280432215468 88.0529683256868 90.7791490027919 90.5327964606734 92.8816916526323
88.8179418809182 79.3756649167141 77.7354707285736 77.6085169412828 79.5430962196944 57.9330371790942 0 88.3666599593055 89.1405843043223 78.1200421657566 87.087435424692 84.4224890007509 87.0065193231285 89.298447167874 87.9060271031894 90.8600272095335 90.5246738924964 92.94518046271
80.6047544631244 88.6385873374445 87.9539010208948 87.817734881193 86.2076475436879 88.1200421657566 88.3666599593055 0 67.8508039378787 89.4906473078734 82.5320655369591 90.2237091998029 91.3752801379035 87.5552929607861 91.885951562939 87.7056993033671 90.8847482469952 89.9480869477259
81.2362166431537 89.3851498809508 88.7651958006542 88.6417807508679 87.1861580940907 88.9164576276525 89.1405843043223 67.8508039378787 0 90.1294948872974 83.2093361878076 90.7277744952806 91.780154608477 87.753034320393 92.2566003226682 87.6526369867301 91.0748195553737 89.7451826639984
90.5050214404877 84.7254986332328 83.9496944283105 83.8879993973499 84.6370117708414 78.6738840693766 78.1200421657566 89.4906473078734 90.1294948872974 0 87.0133813985897 79.0724707021626 83.2525087283117 88.2556696409908 84.5700464329907 90.1985207175083 88.8679544492035 92.3853671412947
87.2500510522514 88.9256091068882 88.1308444831307 87.9942370080757 86.8728728512127 86.9019062639262 87.087435424692 82.5320655369591 83.2093361878076 87.0133813985897 0 86.7416263593569 88.0529683256868 80.8821062851461 88.7070938963059 82.8690370045802 86.7343217649402 87.2353937067571
91.7009959178914 88.280925491606 87.6889925185495 87.627196302634 87.8359047781656 84.6150320210808 84.4224890007509 90.2237091998029 90.7277744952806 79.0724707021626 86.7416263593569 0 75.3591938705494 86.4678119828294 78.4638216139284 88.9132410411909 85.9744315024477 91.2455596521499
92.823174905949 90.0195484927498 89.5556933220744 89.5088083863016 89.687575441599 87.1626854989289 87.0065193231285 91.3752801379035 91.780154608477 83.2525087283117 88.0529683256868 75.3591938705494 0 86.8428331489911 68.0659032127924 89.1585004517067 84.8914312537189 91.2298628720652
90.6282526955432 91.2264705630339 90.6305009104019 90.5369698865625 89.9311372686323 89.2280432215468 89.298447167874 87.5552929607861 87.753034320393 88.2556696409908 80.8821062851461 86.4678119828294 86.8428331489911 0 87.279343560132 76.7159391340123 81.2928258486484 83.9536370923738
93.2928102922609 90.6607330446118 90.2405422206914 90.1990362311678 90.3775583099455 88.0529683256868 87.9060271031894 91.885951562939 92.2566003226682 84.5700464329907 88.7070938963059 78.4638216139284 68.0659032127924 87.279343560132 0 89.4516367342193 84.8065428746745 91.3627093844005
90.869755834518 92.3424426944909 91.813478425329 91.7271802232159 91.0839308173631 90.7791490027919 90.8600272095335 87.7056993033671 87.6526369867301 90.1985207175083 82.8690370045802 88.9132410411909 89.1585004517067 76.7159391340123 89.4516367342193 0 83.9296849669784 79.5304559670272
92.9999812094509 92.513671632346 92.0433032278386 91.9776111095617 91.7028291465486 90.5327964606734 90.5246738924964 90.8847482469952 91.0748195553737 88.8679544492035 86.7343217649402 85.9744315024477 84.8914312537189 81.2928258486484 84.8065428746745 83.9296849669784 0 86.2839680999833
92.4871739965537 94.1143869527774 93.6851466299304 93.61487578519 93.0750602262022 92.8816916526323 92.94518046271 89.9480869477259 89.7451826639984 92.3853671412947 87.2353937067571 91.2455596521499 91.2298628720652 83.9536370923738 91.3627093844005 79.5304559670272 86.2839680999833 0
