0 90.2441634696577 91.9002599641319 90.4299114571472 90.9957786452994 91.0314672262549 90.4513653653806 91.3036344422995 92.4392228136115 92.6941043474961 93.237595614941 94.5104136161784 94.598216984643 94.9119533417572 94.7986849248361 95.8587749272357 96.2196361444474 96.2604249038386
90.2441634696577 0 76.8092101824516 73.9536370923738 77.2562683100163 83.8213544350363 89.6497167678421 85.907097675858 90.1576005458867 90.3255313138615 91.2066265229575 88.2737303306127 90.2319024715531 90.0158379645473 90.9835398682664 93.6978328308967 92.4148423878347 92.935676441103
91.9002599641319 76.8092101824516 0 79.0724707021626 79.4313934081944 85.2408599357581 90.867104733722 87.0520671395345 90.9193850103386 91.0208149157414 91.8044428737472 87.3224180327779 90.0735239732136 89.5556933220744 90.9281101660991 93.8307465236769 92.0171329637785 92.7010637317494
90.4299114571472 73.9536370923738 79.0724707021626 0 68.7806999755604 80.4857622301273 88.3564292247297 83.4181597425046 88.7457899743875 88.9298435901867 89.9508307163448 86.8993550434767 88.8707549940815 88.725573403395 89.7153222884519 92.7571990865662 91.4529317334505 91.9803483316292
90.9957786452994 77.2562683100163 79.4313934081944 68.7806999755604 0 79.0930618140237 88.1821212845835 82.4708109055638 88.2813127253064 88.4428165903555 89.5018182956839 85.7505909256189 88.0291036243191 87.8194808573493 88.9811560419434 92.3058491886964 90.8018306494775 91.3888505292569
91.0314672262549 83.8213544350363 85.2408599357581 80.4857622301273 79.0930618140237 0 84.8385417941978 72.6459542896836 84.5775764649058 84.8349979793794 86.4050608189035 85.0143052789501 85.6635841127368 86.1297923790371 86.6218316414651 90.4294226344984 89.4954990830677 89.8848356034133
90.4513653653806 89.6497167678421 90.867104733722 88.3564292247297 88.1821212845835 84.8385417941978 0 82.9845369622933 79.3756649167141 80.4761005024071 82.1259843966288 89.8705887002885 88.0975203616846 89.3475349130989 87.992560047968 89.2428040951504 91.0670688079589 90.7429160691407
91.3036344422995 85.907097675858 87.0520671395345 83.4181597425046 82.4708109055638 72.6459542896836 82.9845369622933 0 82.045866309268 82.3859648733539 84.4166372889035 85.2661061894857 84.6150320210808 85.604595839916 85.435034457386 89.3843794427092 88.940188044825 89.1630553121545
92.4392228136115 90.1576005458867 90.9193850103386 88.7457899743875 88.2813127253064 84.5775764649058 79.3756649167141 82.045866309268 0 62.0827706588024 72.9845369622933 88.0153452238034 84.6871541162429 86.706750637792 84.2066957450215 86.1192544428531 88.5865931919939 88.0377328770581
92.6941043474961 90.3255313138615 91.0208149157414 88.9298435901867 88.4428165903555 84.8349979793794 80.4761005024071 82.3859648733539 62.0827706588024 0 70.9865508735604 87.8496569008676 84.2169264795973 86.3802934588265 83.6127062473257 85.5762932353541 88.222814231182 87.6131943190306
93.237595614941 91.2066265229575 91.8044428737472 89.9508307163448 89.5018182956839 86.4050608189035 82.1259843966288 84.4166372889035 72.9845369622933 70.9865508735604 0 88.5094048604634 84.6280655201376 86.8159556326594 83.6477962159136 84.2005457159281 88.1200421657566 87.2516823140145
94.5104136161784 88.2737303306127 87.3224180327779 86.8993550434767 85.7505909256189 85.0143052789501 89.8705887002885 85.2661061894857 88.0153452238034 87.8496569008676 88.5094048604634 0 81.3335666256113 77.7479535472329 83.6453239495457 89.5054180629657 84.5104808824591 86.2994130989309
94.598216984643 90.2319024715531 90.0735239732136 88.8707549940815 88.0291036243191 85.6635841127368 88.0975203616846 84.6150320210808 84.6871541162429 84.2169264795973 84.6280655201376 81.3335666256113 0 73.9968508302003 71.1136705287218 85.2585829776085 80.855597892659 81.6251957531956
94.9119533417572 90.0158379645473 89.5556933220744 88.725573403395 87.8194808573493 86.1297923790371 89.3475349130989 85.604595839916 86.706750637792 86.3802934588265 86.8159556326594 77.7479535472329 73.9968508302003 0 78.1860958317419 87.0082256401605 80.0708701724473 82.3921913186054
94.7986849248361 90.9835398682664 90.9281101660991 89.7153222884519 88.9811560419434 86.6218316414651 87.992560047968 85.435034457386 84.2066957450215 83.6127062473257 83.6477962159136 83.6453239495457 71.1136705287218 78.1860958317419 0 83.361291448686 80.5622918724125 80.0708701724473
95.8587749272357 93.6978328308967 93.8307465236769 92.7571990865662 92.3058491886964 90.4294226344984 89.2428040951504 89.3843794427092 86.1192544428531 85.5762932353541 84.2005457159281 89.5054180629657 85.2585829776085 87.0082256401605 83.361291448686 0 85.435034457386 82.8100758107315
96.2196361444474 92.4148423878347 92.0171329637785 91.4529317334505 90.8018306494775 89.4954990830677 91.0670688079589 88.940188044825 88.5865931919939 88.222814231182 88.1200421657566 84.5104808824591 80.855597892659 80.0708701724473 80.5622918724125 85.435034457386 0 74.3279020717801
96.2604249038386 92.935676441103 92.7010637317494 91.9803483316292 91.3888505292569 89.8848356034133 90.7429160691407 89.1630553121545 88.0377328770581 87.6131943190306 87.2516823140145 86.2994130989309 81.6251957531956 82.3921913186054 80.0708701724473 82.8100758107315 74.3279020717801 0
