0 76.1677794707972 89.0220684557673 87.3072129938656 87.9486437055199 92.0549537315099 89.1787314723026 89.4754364056326 90.6875328742569 91.0906420857516 92.2932154952459 91.2598450712467 94.9788316760572 95.4595130923973 95.4911761569257 95.9701020965529 94.5429514394638 94.9843158421389
76.1677794707972 0 87.0520671395345 84.6354957098355 85.4164682239697 90.5755470009639 87.1112419990312 87.4616112182122 89.468746993432 89.8731826428412 91.0042062843772 90.2908458823698 93.9718392627571 94.5093314929837 94.5916601811258 95.1127295156793 93.9410974548448 94.1775083492382
89.0220684557673 87.0520671395345 0 76.2325041385106 77.3877230304124 82.79025144391 85.8737330189105 85.696419803928 90.6935171120628 90.7050021370538 89.9464482883294 91.831428800347 91.8246980227395 92.4342960464137 93.1089544862133 93.5777544582113 94.7360600323325 93.8213544350363
87.3072129938656 84.6354957098355 76.2325041385106 0 69.0724707021626 84.5832154332189 83.5201228844259 83.4943263234573 89.2202600224785 89.3116400006228 88.9386399939027 90.5093430178658 91.6326132525547 92.2972082195579 92.7916704750676 93.3387264982475 93.9126084707236 93.1865954989289
87.9486437055199 85.4164682239697 77.3877230304124 69.0724707021626 0 83.6033008406848 82.0323684124072 81.9048162053859 88.6148957965558 88.6643528285041 88.0692286970908 90.0228223518567 90.9628365465767 91.6801541304969 92.2072490519002 92.7902788729643 93.5283866768142 92.6708255255615
92.0549537315099 90.5755470009639 82.79025144391 84.5832154332189 83.6033008406848 0 86.0299807662634 85.527955486068 90.593000884045 90.3822376182188 88.3479962007776 91.780154608477 88.939499180549 89.6602337925892 90.9106422900855 91.3659897703154 94.2276429267979 92.5420156066597
89.1787314723026 87.1112419990312 85.8737330189105 83.5201228844259 82.0323684124072 86.0299807662634 0 62.3419799235419 83.4107842329724 83.323798167022 82.6789052252393 85.9084823227115 88.7320818557614 89.6916329145312 89.8581541741292 90.7206133058894 90.8549174796611 89.8059877260316
89.4754364056326 87.4616112182122 85.696419803928 83.4943263234573 81.9048162053859 85.527955486068 62.3419799235419 0 83.8375633140331 83.664427971058 82.4324470668276 86.2450431692104 88.4151972721037 89.4078433590361 89.6453013041734 90.5150984397825 90.9580781026514 89.7551454308619
90.6875328742569 89.468746993432 90.6935171120628 89.2202600224785 88.6148957965558 90.593000884045 83.4107842329724 83.8375633140331 0 66.625354376404 81.9770167054488 73.9536370923738 89.3097425514618 90.1073501717728 89.3116400006228 90.3132683971795 86.4259033834711 86.9257690522703
91.0906420857516 89.8731826428412 90.7050021370538 89.3116400006228 88.6643528285041 90.3822376182188 83.323798167022 83.664427971058 66.625354376404 0 80.5176109218613 75.5523155632995 88.6694876342257 89.5178683060867 88.6496484135121 89.72593491422 86.1961404948963 86.1782004591663
92.2932154952459 91.0042062843772 89.9464482883294 88.9386399939027 88.0692286970908 88.3479962007776 82.6789052252393 82.4324470668276 81.9770167054488 80.5176109218613 0 84.2133386098914 84.5654594038577 85.9721228122271 85.3302288315116 86.8316543916761 88.0975203616846 84.9640611916563
91.2598450712467 90.2908458823698 91.831428800347 90.5093430178658 90.0228223518567 91.780154608477 85.9084823227115 86.2450431692104 73.9536370923738 75.5523155632995 84.2133386098914 0 90.1304537895572 90.8043333862853 89.8262555892992 90.7588328849309 84.6732633255218 86.7239959740949
94.9788316760572 93.9718392627571 91.8246980227395 91.6326132525547 90.9628365465767 88.939499180549 88.7320818557614 88.4151972721037 89.3097425514618 88.6694876342257 84.5654594038577 90.1304537895572 0 70.0814756595712 77.7285209261352 79.1082867453297 90.844842298739 86.1468621765672
95.4595130923973 94.5093314929837 92.4342960464137 92.2972082195579 91.6801541304969 89.6602337925892 89.6916329145312 89.4078433590361 90.1073501717728 89.5178683060867 85.9721228122271 90.8043333862853 70.0814756595712 0 77.0605702158074 77.0512506175922 91.1826488128519 86.4967004156867
95.4911761569257 94.5916601811258 93.1089544862133 92.7916704750676 92.2072490519002 90.9106422900855 89.8581541741292 89.6453013041734 89.3116400006228 88.6496484135121 85.3302288315116 89.8262555892992 77.7285209261352 77.0605702158074 0 71.0609058386921 89.5353934743823 83.2093361878076
95.9701020965529 95.1127295156793 93.5777544582113 93.3387264982475 92.7902788729643 91.3659897703154 90.7206133058894 90.5150984397825 90.3132683971795 89.72593491422 86.8316543916761 90.7588328849309 79.1082867453297 77.0512506175922 71.0609058386921 0 90.2787161554511 84.607038920093
94.5429514394638 93.9410974548448 94.7360600323325 93.9126084707236 93.5283866768142 94.2276429267979 90.8549174796611 90.9580781026514 86.4259033834711 86.1961404948963 88.0975203616846 84.6732633255218 90.844842298739 91.1826488128519 89.5353934743823 90.2787161554511 0 83.8992158349352
94.9843158421389 94.1775083492382 93.8213544350363 93.1865954989289 92.6708255255615 92.5420156066597 89.8059877260316 89.7551454308619 86.9257690522703 86.1782004591663 84.9640611916563 86.7239959740949 86.1468621765672 86.4967004156867 83.2093361878076 84.607038920093 83.8992158349352 0
