0 90.0814756595712 79.0119174309222 89.1090734912853 87.3471575828297 90.2989135866642 83.1679005025265 87.0933632809799 85.7159970899826 88.9298435901867 91.0755025319784 92.0416246895798 93.2917988349477 93.0204884737897 93.6830671734295 94.1613919743094 93.6143501013337 94.0554471417042
90.0814756595712 0 87.9719488414633 75.1552049583772 83.4304244917432 81.4702765549837 89.2125036075832 86.0661777685526 89.3625602525285 90.3375311690272 93.8661194224638 94.373511529583 93.2132005909862 95.0150359005711 93.2621090091988 93.0970686635682 93.994485216088 94.0674643394898
79.0119174309222 87.9719488414633 0 86.3726709190689 83.2478263495168 87.6476512293401 78.1860958317419 82.7674836600796 81.9193804244781 86.4198537193337 90.1466578511299 91.1631932868684 91.8670341320252 92.2305599791183 92.2675351167102 92.7253341272146 92.37535938623 92.8107100536275
89.1090734912853 75.1552049583772 86.3726709190689 0 79.2607655450971 77.8065173713462 87.4968427419386 83.1720527345295 87.5479638641449 88.676541378969 92.7971300720514 93.3670119048484 92.1448138945435 94.0856689115409 92.2347317664858 92.1268697683586 93.0007814993571 93.1121185527626
87.3471575828297 83.4304244917432 83.2478263495168 79.2607655450971 0 79.7170505944318 83.6150544197642 74.484421527208 83.3588019416995 85.2585829776085 90.7696670796825 91.5120824993195 90.4635080362083 92.420100378145 90.6953567583125 90.8204465670371 91.3926525972256 91.6341614524121
90.2989135866642 81.4702765549837 87.6476512293401 77.8065173713462 79.7170505944318 0 87.7593671230427 82.3546980369414 87.2272264362371 87.4995229711462 92.1523653118793 92.6588602546911 90.7150838959359 93.3588019416995 90.7301627873035 90.4591405847679 91.7840928135208 91.8200942544046
83.1679005025265 89.2125036075832 78.1860958317419 87.4968427419386 83.6150544197642 87.7593671230427 0 81.2614598490377 73.8213544350363 82.6488877209461 87.6624672601499 88.9728597441429 90.0623670961744 90.3185160559075 90.6117913722832 91.2940305799451 90.5906463462703 91.1707482361756
87.0933632809799 86.0661777685526 82.7674836600796 83.1720527345295 74.484421527208 82.3546980369414 81.2614598490377 0 79.941542160005 82.3326765383033 89.3255293548103 90.1949099808473 89.2428040951504 91.2485247841694 89.5914134259955 89.9069455904272 90.2272956583012 90.5708052056519
85.7159970899826 89.3625602525285 81.9193804244781 87.5479638641449 83.3588019416995 87.2272264362371 73.8213544350363 79.941542160005 0 78.7608908822587 86.4578371154628 87.8489805669328 88.6208308091898 89.3255293548103 89.2562745795041 90.0522480221793 89.2849999751602 89.9290155770444
88.9298435901867 90.3375311690272 86.4198537193337 88.676541378969 85.2585829776085 87.4995229711462 82.6488877209461 82.3326765383033 78.7608908822587 0 84.5093314929837 85.7863813643266 85.2585829776085 87.4142314228996 86.1782004591663 87.3719376615789 86.3202690794079 87.1457459863706
91.0755025319784 93.8661194224638 90.1466578511299 92.7971300720514 90.7696670796825 92.1523653118793 87.6624672601499 89.3255293548103 86.4578371154628 84.5093314929837 0 72.5466716647089 86.0621707455228 79.0724707021626 87.2749906725731 89.062436939935 85.1757958751021 86.7293046469697
92.0416246895798 94.373511529583 91.1631932868684 93.3670119048484 91.5120824993195 92.6588602546911 88.9728597441429 90.1949099808473 87.8489805669328 85.7863813643266 72.5466716647089 0 85.4295554652136 73.5860492077122 86.7013662406307 88.6570654507907 83.9847120227741 85.7548958440144
93.2917988349477 93.2132005909862 91.8670341320252 92.1448138945435 90.4635080362083 90.7150838959359 90.0623670961744 89.2428040951504 88.6208308091898 85.2585829776085 86.0621707455228 85.4295554652136 0 85.5613227109851 69.5765657369386 78.4944597996847 73.9536370923738 73.6484459205177
93.0204884737897 95.0150359005711 92.2305599791183 94.0856689115409 92.420100378145 93.3588019416995 90.3185160559075 91.2485247841694 89.3255293548103 87.4142314228996 79.0724707021626 73.5860492077122 85.5613227109851 0 86.7239959740949 88.6848557252811 83.5725918290523 85.3283540687848
93.6830671734295 93.2621090091988 92.2675351167102 92.2347317664858 90.6953567583125 90.7301627873035 90.6117913722832 89.5914134259955 89.2562745795041 86.1782004591663 87.2749906725731 86.7013662406307 69.5765657369386 86.7239959740949 0 74.8172353991213 76.8428331489911 74.0033673486031
94.1613919743094 93.0970686635682 92.7253341272146 92.1268697683586 90.8204465670371 90.4591405847679 91.2940305799451 89.9069455904272 90.0522480221793 87.3719376615789 89.062436939935 88.6570654507907 78.4944597996847 88.6848557252811 74.8172353991213 0 81.7819451443998 79.612435091379
93.6143501013337 93.994485216088 92.37535938623 93.0007814993571 91.3926525972256 91.7840928135208 90.5906463462703 90.2272956583012 89.2849999751602 86.3202690794079 85.1757958751021 83.9847120227741 73.9536370923738 83.5725918290523 76.8428331489911 81.7819451443998 0 71.0858679649161
94.0554471417042 94.0674643394898 92.8107100536275 93.1121185527626 91.6341614524121 91.8200942544046 91.1707482361756 90.5708052056519 89.9290155770444 87.1457459863706 86.7293046469697 85.7548958440144 73.6484459205177 85.3283540687848 74.0033673486031 79.612435091379 71.0858679649161 0
