0 80.5908416157581 86.9216644909755 84.2979161426279 81.1011246996244 86.2980853556998 87.3613467825038 84.0632012888254 85.2970022018606 84.7254986332328 87.2805382039034 87.1394871931621 87.1371875711336 87.3461103409433 90.8796950976095 88.3572170605267 89.6056196095305 91.2227213883185
80.5908416157581 0 89.553301503306 87.3651270059783 83.2978733652021 88.6141533493672 89.5317156500199 83.622091328923 81.2134183281987 85.2452576770442 88.8030383870541 88.355697525965 87.5944545064845 87.1519818883852 92.0296637915388 87.3793744307162 90.2032394771374 91.5446471310445
86.9216644909755 89.553301503306 0 76.7220177507263 84.2816707477153 74.484421527208 72.2787262194362 86.2325041385106 89.4149754038939 84.8099999249583 80.0814756595712 81.9342166990255 84.7490671664029 86.3914562533118 83.8681130724119 88.3977887168981 85.1862242650885 87.5519919157727
84.2979161426279 87.3651270059783 76.7220177507263 0 79.5765657369386 72.718721755121 76.8358038786613 82.9523104147068 87.1861580940907 81.1136705287218 78.421847005226 79.5765657369386 82.2719139772655 84.1051796986035 85.5033522758782 86.5495758812333 84.598216984643 87.3476767478888
81.1011246996244 83.2978733652021 84.2816707477153 79.5765657369386 0 81.9645502993421 83.8458205735825 75.6965653151845 82.6810253671005 75.5673171147236 82.2983355695372 81.5729154765791 81.1322445220209 81.7409682652793 88.1018582251106 84.0608757462916 85.6120133392751 88.0089031808566
86.2980853556998 88.6141533493672 74.484421527208 72.718721755121 81.9645502993421 0 69.6356543330438 83.9405886754904 87.9620800679159 81.8779438573816 74.3279020717801 77.3027706439342 81.5729154765791 83.8481352690408 83.2401555589108 86.4442951212994 82.8200780409237 85.9975504115668
87.3613467825038 89.5317156500199 72.2787262194362 76.8358038786613 83.8458205735825 69.6356543330438 0 85.3962648299937 88.9197645066005 83.6243911788183 76.0487872378001 79.0209031834358 82.9023336598264 84.9607879581046 81.8670341320252 87.2808354676605 82.9693485508017 85.9126336164662
84.0632012888254 83.622091328923 86.2325041385106 82.9523104147068 75.6965653151845 83.9405886754904 85.3962648299937 0 79.4142460391202 71.348643917404 82.9845369622933 81.6107992968675 78.9642297145514 77.8452979360192 88.303315976652 80.2200541355633 84.7638940929888 87.0838681956062
85.2970022018606 81.2134183281987 89.4149754038939 87.1861580940907 82.6810253671005 87.9620800679159 88.9197645066005 79.4142460391202 0 82.2595237792253 87.3725442938161 86.5063621434069 84.681495509008 83.2223790751324 90.8673914571322 82.3358293114501 88.0309443726372 89.3921893093555
84.7254986332328 85.2452576770442 84.8099999249583 81.1136705287218 75.5673171147236 81.8779438573816 83.6243911788183 71.348643917404 82.2595237792253 0 80.3543561028662 78.4407002914246 75.2807003252046 75.8936501188983 86.9847453571227 80.4078597858648 82.9845369622933 85.9224880382754
87.2805382039034 88.8030383870541 80.0814756595712 78.421847005226 82.2983355695372 74.3279020717801 76.0487872378001 82.9845369622933 87.3725442938161 80.3543561028662 0 68.5417003916758 77.8452979360192 81.2856097434395 81.8670341320252 84.5869360255856 78.8222531785376 83.5153213971275
87.1394871931621 88.355697525965 81.9342166990255 79.5765657369386 81.5729154765791 77.3027706439342 79.0209031834358 81.6107992968675 86.5063621434069 78.4407002914246 68.5417003916758 0 74.2031122749355 79.0117586371672 82.9231884059013 83.0970686635682 77.7738075181225 82.9939700336027
87.1371875711336 87.5944545064845 84.7490671664029 82.2719139772655 81.1322445220209 81.5729154765791 82.9023336598264 78.9642297145514 84.681495509008 75.2807003252046 77.8452979360192 74.2031122749355 0 71.5879170280032 85.0612171811727 79.2446306346679 78.5166267208498 82.9023336598264
87.3461103409433 87.1519818883852 86.3914562533118 84.1051796986035 81.7409682652793 83.8481352690408 84.9607879581046 77.8452979360192 83.2223790751324 75.8936501188983 81.2856097434395 79.0117586371672 71.5879170280032 0 86.5364172448041 74.6987989076457 80.6424472235059 83.6337942323103
90.8796950976095 92.0296637915388 83.8681130724119 85.5033522758782 88.1018582251106 83.2401555589108 81.8670341320252 88.303315976652 90.8673914571322 86.9847453571227 81.8670341320252 82.9231884059013 85.0612171811727 86.5364172448041 0 88.1729787593234 81.1121826795124 82.3200425081016
88.3572170605267 87.3793744307162 88.3977887168981 86.5495758812333 84.0608757462916 86.4442951212994 87.2808354676605 80.2200541355633 82.3358293114501 80.4078597858648 84.5869360255856 83.0970686635682 79.2446306346679 74.6987989076457 88.1729787593234 0 83.2067580073703 84.7089940664607
89.6056196095305 90.2032394771374 85.1862242650885 84.598216984643 85.6120133392751 82.8200780409237 82.9693485508017 84.7638940929888 88.0309443726372 82.9845369622933 78.8222531785376 77.7738075181225 78.5166267208498 80.6424472235059 81.1121826795124 83.2067580073703 0 76.0963196500818
91.2227213883185 91.5446471310445 87.5519919157727 87.3476767478888 88.0089031808566 85.9975504115668 85.9126336164662 87.0838681956062 89.3921893093555 85.9224880382754 83.5153213971275 82.9939700336027 82.9023336598264 83.6337942323103 82.3200425081016 84.7089940664607 76.0963196500818 0
