0 77.2272264362371 80.2528274474092 81.8670341320252 86.2937452682456 85.5039593802835 86.5301176098392 87.5356471381395 87.8744482903554 90.0599408828723 89.2234877779738 90.6398255405413 89.96118858877 90.4066684453365 90.0308673275794 90.4211476511675 92.4136042879563 93.1925505915743
77.2272264362371 0 69.6356543330438 77.8452979360192 84.3774230737726 82.420100378145 83.2322399839557 84.7399444286336 85.2408599357581 88.3843921573061 86.7239959740949 88.7952113360276 87.8248646916497 88.3483374515459 87.8221923842211 88.3114860256232 90.753364035148 91.7097415724374
80.2528274474092 69.6356543330438 0 77.4947214838478 83.7331583043885 81.0335945566031 81.6004509163396 83.4289606809897 84.0311148723812 87.6225782594807 85.4412056055918 87.9016548640009 86.8148321182775 87.3174162233261 86.7365991732866 87.2787243039019 89.9579203496951 91.0208149157414
81.8670341320252 77.8452979360192 77.4947214838478 0 87.1394871931621 85.2003092693599 80.0799413175313 81.7379000380599 82.2787262194362 89.6211959669303 85.7563298690626 89.4681370721026 86.1033994395945 88.6011698274017 86.573399006352 87.193428175809 90.1912970937131 90.9119548206408
86.2937452682456 84.3774230737726 83.7331583043885 87.1394871931621 0 74.9227372224544 87.1063680071387 88.0091568171262 88.3666599593055 81.8248874575221 87.202632062897 84.7109310897828 89.2607554721904 85.7537316509647 88.5603608111481 88.7885841127965 90.1073501717728 91.609205100441
85.5039593802835 82.420100378145 81.0335945566031 85.2003092693599 74.9227372224544 0 84.6704884582723 85.8344530790568 86.2899428940185 82.3440952334993 84.984829627831 83.8681130724119 87.4735316467302 84.1918392390839 86.6917490863679 87.0224675762652 88.9153198341236 90.5227604901881
86.5301176098392 83.2322399839557 81.6004509163396 80.0799413175313 87.1063680071387 84.6704884582723 0 69.0724707021626 71.9063428214521 88.2584189716943 79.7468328119114 87.3002651759732 80.260110959466 85.6120133392751 81.0090795305123 82.1556516872302 86.9975986162649 87.9738877997072
87.5356471381395 84.7399444286336 83.4289606809897 81.7379000380599 88.0091568171262 85.8344530790568 69.0724707021626 0 60.8885224360022 88.7666298257024 79.2185694887411 87.6301122675439 78.0485862086187 85.8076419242784 79.7072637371985 81.0335945566031 86.460488160486 87.2580820364212
87.8744482903554 85.2408599357581 84.0311148723812 82.2787262194362 88.3666599593055 86.2899428940185 71.9063428214521 60.8885224360022 0 89.0163323384453 79.4005173154006 87.8417512271091 77.3082160992677 86.0065666936837 79.4681370721026 80.8118056810972 86.3516352768448 87.0414148290211
90.0599408828723 88.3843921573061 87.6225782594807 89.6211959669303 81.8248874575221 82.3440952334993 88.2584189716943 88.7666298257024 89.0163323384453 0 86.4880872675246 77.1109779713965 88.9050038008604 81.6658361118692 87.7836605102543 87.7783103125321 87.9855449531064 90.0468847971945
89.2234877779738 86.7239959740949 85.4412056055918 85.7563298690626 87.202632062897 84.984829627831 79.7468328119114 79.2185694887411 79.4005173154006 86.4880872675246 0 84.2005457159281 76.625354376404 80.8423636551102 71.7711908388985 73.5567151793864 82.2819183877674 84.5700464329907
90.6398255405413 88.7952113360276 87.9016548640009 89.4681370721026 84.7109310897828 83.8681130724119 87.3002651759732 87.6301122675439 87.8417512271091 77.1109779713965 84.2005457159281 0 87.1269564468328 74.9901320508168 85.5971656502182 85.4387738518256 85.1097422091168 87.8770886459859
89.96118858877 87.8248646916497 86.8148321182775 86.1033994395945 89.2607554721904 87.4735316467302 80.260110959466 78.0485862086187 77.3082160992677 88.9050038008604 76.625354376404 87.1269564468328 0 84.7459228127073 71.6251957531956 73.7257235656722 83.0088975767243 83.622091328923
90.4066684453365 88.3483374515459 87.3174162233261 88.6011698274017 85.7537316509647 84.1918392390839 85.6120133392751 85.8076419242784 86.0065666936837 81.6658361118692 80.8423636551102 74.9901320508168 84.7459228127073 0 82.6315008036472 82.3546980369414 82.4137705255233 85.9334445959088
90.0308673275794 87.8221923842211 86.7365991732866 86.573399006352 88.5603608111481 86.6917490863679 81.0090795305123 79.7072637371985 79.4681370721026 87.7836605102543 71.7711908388985 85.5971656502182 71.6251957531956 82.6315008036472 0 64.0811632719321 81.1220143253691 82.8967977192182
90.4211476511675 88.3114860256232 87.2787243039019 87.193428175809 88.7885841127965 87.0224675762652 82.1556516872302 81.0335945566031 80.8118056810972 87.7783103125321 73.5567151793864 85.4387738518256 73.7257235656722 82.3546980369414 64.0811632719321 0 79.8221364739039 81.9214472964692
92.4136042879563 90.753364035148 89.9579203496951 90.1912970937131 90.1073501717728 88.9153198341236 86.9975986162649 86.460488160486 86.3516352768448 87.9855449531064 82.2819183877674 85.1097422091168 83.0088975767243 82.4137705255233 81.1220143253691 79.8221364739039 0 76.625354376404
93.1925505915743 91.7097415724374 91.0208149157414 90.9119548206408 91.609205100441 90.5227604901881 87.9738877997072 87.2580820364212 87.0414148290211 90.0468847971945 84.5700464329907 87.8770886459859 83.622091328923 85.9334445959088 82.8967977192182 81.9214472964692 76.625354376404 0
