0 80.1912970937131 73.4960621867671 77.7738075181225 79.0924689484848 87.9165025530579 84.1101040517681 87.7130152786816 87.4142314228996 90.5779097369011 90.4103155081914 91.6036130852226 91.9016533851174 92.3528148491606 92.658261408263 93.1553923124741 93.6033008406848 93.778610784351
80.1912970937131 0 79.7342959307347 83.0411672842192 83.5630990497122 90.7260555518404 87.4515788016677 87.0371465782411 87.5424991364325 90.2211456292078 90.7633342770328 91.4296970200605 91.8971231313347 91.8722972449526 92.7333942113822 92.8926411279113 93.8090244763067 93.9040627993324
73.4960621867671 79.7342959307347 0 73.2478263495168 75.042668369047 87.9060271031893 82.9058308035891 85.8358888194266 85.4963548523048 89.2716184311276 89.1630553121545 90.4635080362083 90.8204465670371 91.3008355089306 91.6863805757484 92.2072490519002 92.764629276264 92.9436298012717
77.7738075181225 83.0411672842192 73.2478263495168 0 62.0827706588024 86.3902173587608 79.4610700612658 85.3915891308315 84.4632316900903 88.7429076482031 88.2097943381431 89.8909270794529 90.174222290158 90.9398613893948 91.0480328336979 91.7726262858853 92.1239993528741 92.3509308444377
79.0924689484848 83.5630990497122 75.042668369047 62.0827706588024 0 86.2325041385106 78.6336114546405 84.984829627831 83.8879993973499 88.4065647866336 87.7864035964503 89.5747805982607 89.8531331056309 90.6861507245123 90.7501868793672 91.5218992231529 91.8526156615501 92.0897805247568
87.9165025530579 90.7260555518404 87.9060271031893 86.3902173587608 86.2325041385106 0 82.3597905949688 90.5755470009639 89.3756649167141 91.7308044784701 90.1246893973976 92.0897805247568 91.9332335297458 93.2654179196972 92.3045155646988 93.4876093511407 92.7080119817254 93.0750602262022
84.1101040517681 87.4515788016677 82.9058308035891 79.4610700612658 78.6336114546405 82.3597905949688 0 86.4595756917902 84.6671314350217 88.6968382953149 87.0669933907824 89.4962350070482 89.5189171251296 90.8969664250992 90.2561499747865 91.4393951445117 91.153357756091 91.4994141130309
87.7130152786816 87.0371465782411 85.8358888194266 85.3915891308315 84.984829627831 90.5755470009639 86.4595756917902 0 73.9968508302003 79.9742370056535 82.79025144391 83.4107842329724 84.6354957098355 84.7254986332328 86.4979093077805 86.737743107132 88.6819326595009 88.765912872367
87.4142314228996 87.5424991364325 85.4963548523048 84.4632316900903 83.8879993973499 89.3756649167141 84.6671314350217 73.9968508302003 0 80.5906463462703 80.6188168979226 83.2707577629414 84.0608757462916 85.4102617994493 85.9029410845511 86.8817337465467 88.036884894078 88.2584189716943
90.5779097369011 90.2211456292078 89.2716184311276 88.7429076482031 88.4065647866336 91.7308044784701 88.6968382953149 79.9742370056535 80.5906463462703 0 79.0724707021626 74.0608757462916 77.9330371790942 78.0105149591016 81.561630208681 81.4238688668901 85.2585829776085 85.1872526798368
90.4103155081914 90.7633342770328 89.1630553121545 88.2097943381431 87.7864035964503 90.1246893973976 87.0669933907824 82.79025144391 80.6188168979226 79.0724707021626 0 78.4638216139284 77.4754622734875 83.2910400873432 80.0867687069284 83.622091328923 83.381156296672 83.9296849669784
91.6036130852226 91.4296970200605 90.4635080362083 89.8909270794529 89.5747805982607 92.0897805247568 89.4962350070482 83.4107842329724 83.2707577629414 74.0608757462916 78.4638216139284 0 70.237526392877 75.9948369189331 77.0071507868401 77.6085169412828 82.5868656935784 82.3921913186055
91.9016533851174 91.8971231313347 90.8204465670371 90.174222290158 89.8531331056309 91.9332335297458 89.5189171251296 84.6354957098355 84.0608757462916 77.9330371790942 77.4754622734875 70.237526392877 0 78.8179418809182 72.3105428072981 77.8007545217567 80.3733330693944 80.3534795727897
92.3528148491606 91.8722972449526 91.3008355089306 90.9398613893948 90.6861507245123 93.2654179196972 90.8969664250992 84.7254986332328 85.4102617994493 78.0105149591016 83.2910400873432 75.9948369189331 78.8179418809182 0 80.855597892659 75.289026176076 84.484421527208 83.8924062417859
92.658261408263 92.7333942113822 91.6863805757484 91.0480328336979 90.7501868793672 92.3045155646988 90.2561499747865 86.4979093077805 85.9029410845511 81.561630208681 80.0867687069284 77.0071507868401 72.3105428072981 80.855597892659 0 77.6457956664753 76.1020755728508 75.9948369189331
93.1553923124741 92.8926411279113 92.2072490519002 91.7726262858853 91.5218992231529 93.4876093511407 91.4393951445117 86.737743107132 86.8817337465467 81.4238688668901 83.622091328923 77.6085169412828 77.8007545217567 75.289026176076 77.6457956664753 0 81.5729154765791 80.4078597858648
93.6033008406848 93.8090244763067 92.764629276264 92.1239993528741 91.8526156615501 92.7080119817254 91.153357756091 88.6819326595009 88.036884894078 85.2585829776085 83.381156296672 82.5868656935784 80.3733330693944 84.484421527208 76.1020755728508 81.5729154765791 0 66.9639370490137
93.778610784351 93.9040627993324 92.9436298012717 92.3509308444377 92.0897805247568 93.0750602262022 91.4994141130309 88.765912872367 88.2584189716943 85.1872526798368 83.9296849669784 82.3921913186055 80.3534795727897 83.8924062417859 75.9948369189331 80.4078597858648 66.9639370490137 0
