0 77.0711757029314 89.9003244053271 89.6127053130504 89.5027665980572 87.2699342686732 87.6910302758883 91.2625540606555 90.8684304864118 91.6211107220672 93.2286239093058 90.8204465670371 91.004144962895 93.760486836007 93.0075477881139 94.6764233061624 92.5931079068429 94.4341688235299
77.0711757029314 0 87.694702180414 87.2749906725731 87.2180198603311 84.8632678583311 86.7331655627619 89.5547097024198 89.2202600224785 90.0093808529838 91.9002599641319 90.0692771132551 90.0158379645473 92.5868656935784 91.8876990159136 93.6080544506818 92.0670407909923 93.4107842329724
89.9003244053271 87.694702180414 0 73.447537158823 81.5047597563245 86.4247735100825 90.2609660205458 85.500705606657 86.8784130290517 86.2093142267685 88.1117143687293 91.613301340231 90.7967035530901 89.7337221881064 90.3185160559075 90.7154090897408 93.1762193267035 91.1705069362443
89.6127053130504 87.2749906725731 73.447537158823 0 77.1342704420015 84.5245899885005 89.1123755294906 83.171093378213 84.8172353991213 84.1239704853616 86.7365991732866 90.5098229277861 89.546717201444 88.5392602221938 89.0335443405708 89.7623615550875 92.2441004609057 90.1471795575176
89.5027665980572 87.2180198603311 81.5047597563245 77.1342704420015 0 81.0505757896518 87.1342704420015 78.4654827050207 80.3485019850597 80.1445703986413 84.6944839826563 88.5066548089446 87.202632062897 86.6359054690201 86.706750637792 88.3643538962579 90.5906463462703 88.4967489738495
87.2699342686732 84.8632678583311 86.4247735100825 84.5245899885005 81.0505757896518 0 81.3769599159453 83.2856536278678 81.5766707252515 83.9903961178617 87.4142314228996 85.1280073452 84.0417671828947 88.2301208042432 86.7696515306304 89.9095486337184 88.3666599593055 89.4239960897739
87.6910302758883 86.7331655627619 90.2609660205458 89.1123755294906 87.1342704420015 81.3769599159453 0 87.4751281426594 85.7376505077114 87.6974540728827 89.7992106976306 80.4372372021832 81.6251957531956 89.9201577536982 87.7647878994723 91.3225815781273 85.3461292680899 90.4881743072895
91.2625540606555 89.5547097024198 85.500705606657 83.171093378213 78.4654827050207 83.2856536278678 87.4751281426594 0 73.8315872729237 65.0463524499557 79.3825906330636 87.6028099266596 85.7508361364301 82.3646338171807 82.914646945975 85.1362843532686 89.4902070737793 85.2099412269086
90.8684304864118 89.2202600224785 86.8784130290517 84.8172353991213 80.3485019850597 81.5766707252515 85.7376505077114 73.8315872729237 0 73.9536370923738 81.4510002480644 85.6120133392751 83.2222041818708 82.8100758107315 81.1881938127257 85.7135485970669 87.9710879147445 85.0813623034275
91.6211107220672 90.0093808529838 86.2093142267685 84.1239704853616 80.1445703986413 83.9903961178617 87.6974540728827 65.0463524499557 73.9536370923738 0 77.7917907521781 87.5424991364325 85.6120133392751 81.1011246996244 81.9401435468265 84.2688784667122 89.3217457522892 84.3139343989393
93.2286239093058 91.9002599641319 88.1117143687293 86.7365991732866 84.6944839826563 87.4142314228996 89.7992106976306 79.3825906330636 81.4510002480644 77.7917907521781 0 89.0764777251924 87.4034512316464 74.8349979793794 81.6251957531956 79.1843565668995 90.1529141952885 80.8776994407101
90.8204465670371 90.0692771132551 91.613301340231 90.5098229277861 88.5066548089446 85.1280073452 80.4372372021832 87.6028099266596 85.6120133392751 87.5424991364325 89.0764777251924 0 73.9536370923738 88.6289782308698 85.4024912752453 90.0935119851867 78.4407002914246 88.7716451877599
91.004144962895 90.0158379645473 90.7967035530901 89.546717201444 87.202632062897 84.0417671828947 81.6251957531956 85.7508361364301 83.2222041818708 85.6120133392751 87.4034512316464 73.9536370923738 0 86.8861574238521 82.8522543049557 88.6768284479751 80.7750878561122 87.1809971370733
93.760486836007 92.5868656935784 89.7337221881064 88.5392602221938 86.6359054690201 88.2301208042432 89.9201577536982 82.3646338171807 82.8100758107315 81.1011246996244 74.8349979793794 88.6289782308698 86.8861574238521 0 78.8461887760664 74.9230994054009 89.3675571693105 74.9227372224544
93.0075477881139 91.8876990159136 90.3185160559075 89.0335443405708 86.706750637792 86.7696515306304 87.7647878994723 82.914646945975 81.1881938127257 81.9401435468265 81.6251957531956 85.4024912752453 82.8522543049557 78.8461887760664 0 82.5127898671957 86.301340043983 79.1453517305904
94.6764233061624 93.6080544506818 90.7154090897408 89.7623615550875 88.3643538962579 89.9095486337184 91.3225815781273 85.1362843532686 85.7135485970669 84.2688784667122 79.1843565668995 90.0935119851867 88.6768284479751 74.9230994054009 82.5127898671957 0 90.503640251507 75.1225029496509
92.5931079068429 92.0670407909923 93.1762193267035 92.2441004609057 90.5906463462703 88.3666599593055 85.3461292680899 89.4902070737793 87.9710879147445 89.3217457522892 90.1529141952885 78.4407002914246 80.7750878561122 89.3675571693105 86.301340043983 90.503640251507 0 89.0112398515747
94.4341688235299 93.4107842329724 91.1705069362443 90.1471795575176 88.4967489738495 89.4239960897739 90.4881743072895 85.2099412269086 85.0813623034275 84.3139343989393 80.8776994407101 88.7716451877599 87.1809971370733 74.9227372224544 79.1453517305904 75.1225029496509 89.0112398515747 0
