0 87.2820597623173 78.7320818557614 89.157162133207 80.6047544631244 82.9436298012717 83.6687149094864 86.4578371154628 86.4345964033151 87.3391980024683 88.725573403395 90.4103155081914 89.4147433098681 89.4833594670039 90.3763032814006 90.8115021815894 90.2584243544002 91.4088414419978
87.2820597623173 0 88.940188044825 77.0071507868401 86.4345964033151 86.3902173587608 87.9199887622108 85.6445006672441 87.205713987203 88.456898132988 86.5075683494469 85.9029410845511 86.5840769255055 89.0758101447101 88.5776170713634 88.8707549940815 90.6584149528466 92.0573014772236
78.7320818557614 88.940188044825 0 90.1513509539906 78.607465606858 80.9865508735604 79.9742370056535 85.5807743482046 84.7490671664029 85.2922183444072 88.0377328770581 90.3134982103822 88.8868231746949 88.1117143687293 89.5341193832037 90.0303314592563 88.5776170713634 89.7290266021473
89.157162133207 77.0071507868401 90.1513509539906 0 87.6910302758883 87.2991797988463 88.634894042878 85.5673171147236 87.2709460205284 88.4135689102503 85.4535216572886 83.2707577629414 85.1280073452 88.456898132988 87.3975598292249 87.5944545064845 90.2237091998029 91.6726131954525
80.6047544631244 86.4345964033151 78.607465606858 87.6910302758883 0 70.4857622301273 74.598216984643 80.7705710124195 80.237526392877 82.022217387562 84.7490671664029 87.7357985898726 85.9126336164662 85.6120133392751 87.0849242308258 87.7266996030558 86.8584352256806 88.6113252355811
82.9436298012717 86.3902173587608 80.9865508735604 87.2991797988463 70.4857622301273 0 72.0827706588024 77.8718063285063 76.8316543916761 79.5407227977055 82.9953807752155 86.6998332832862 84.4341688235299 83.9536370923738 85.7102045651905 86.4602762870063 85.5523155632995 87.6365171512267
83.6687149094864 87.9199887622108 79.9742370056535 88.634894042878 74.598216984643 72.0827706588024 0 80.0867687069284 77.4754622734875 78.5626155199393 83.9925487547429 87.6476512293401 85.3461292680899 83.7989102258118 86.0661777685526 86.7956877693918 84.8172353991213 86.8272863025078
86.4578371154628 85.6445006672441 85.5807743482046 85.5673171147236 80.7705710124195 77.8718063285063 80.0867687069284 0 72.3105428072981 77.4269372455433 76.0621707455228 82.9436298012717 78.9298435901867 80.2528274474093 81.6177655634978 82.7417264159659 83.7056567149524 86.5273352932393
86.4345964033151 87.205713987203 84.7490671664029 87.2709460205284 80.237526392877 76.8316543916761 77.4754622734875 72.3105428072981 0 71.1136705287218 78.607465606858 84.716399646416 80.9865508735604 78.922933573106 82.0727368965748 83.201597050353 82.022217387562 85.2139411027051
87.3391980024683 88.456898132988 85.2922183444072 88.4135689102503 82.022217387562 79.5407227977055 78.5626155199393 77.4269372455433 71.1136705287218 0 79.9742370056535 85.54930902471 81.9401435468265 77.0071507868401 81.8670341320252 82.9899622532162 79.5287091114304 83.4188604435612
88.725573403395 86.5075683494469 88.0377328770581 85.4535216572886 84.7490671664029 82.9953807752155 83.9925487547429 76.0621707455228 78.607465606858 79.9742370056535 0 79.05908719444 68.5776170713634 77.7917907521782 75.9539297579116 77.7738075181225 82.7674836600796 85.8481889091203
90.4103155081914 85.9029410845511 90.3134982103822 83.2707577629414 87.7357985898726 86.6998332832862 87.6476512293401 82.9436298012717 84.716399646416 85.54930902471 79.05908719444 0 76.3340981236618 83.785387812752 80.273145354966 80.1964580507305 86.5184091547906 88.4674080386735
89.4147433098681 86.5840769255055 88.8868231746949 85.1280073452 85.9126336164662 84.4341688235299 85.3461292680899 78.9298435901867 80.9865508735604 81.9401435468265 68.5776170713634 76.3340981236618 0 79.2299361010872 74.8349979793794 76.2581263061566 83.5630990497122 86.3229324988643
89.4833594670039 89.0758101447101 88.1117143687293 88.456898132988 85.6120133392751 83.9536370923738 83.7989102258118 80.2528274474093 78.922933573106 77.0071507868401 77.7917907521782 83.785387812752 79.2299361010872 0 75.9539297579115 77.7738075181225 75.5673171147236 81.4846559029324
90.3763032814006 88.5776170713634 89.5341193832037 87.3975598292249 87.0849242308258 85.7102045651905 86.0661777685526 81.6177655634978 82.0727368965748 81.8670341320252 75.9539297579116 80.273145354966 74.8349979793794 75.9539297579115 0 64.9227372224544 80.9822487981031 84.2070225927532
90.8115021815894 88.8707549940815 90.0303314592563 87.5944545064845 87.7266996030558 86.4602762870063 86.7956877693918 82.7417264159659 83.201597050353 82.9899622532162 77.7738075181225 80.1964580507305 76.2581263061566 77.7738075181225 64.9227372224544 0 81.676854159603 84.4860404364249
90.2584243544002 90.6584149528466 88.5776170713634 90.2237091998029 86.8584352256806 85.5523155632995 84.8172353991213 83.7056567149524 82.022217387562 79.5287091114304 82.7674836600796 86.5184091547906 83.5630990497122 75.5673171147236 80.9822487981031 81.676854159603 0 75.5113272639491
91.4088414419978 92.0573014772236 89.7290266021473 91.6726131954525 88.6113252355811 87.6365171512267 86.8272863025078 86.5273352932393 85.2139411027051 83.4188604435612 85.8481889091203 88.4674080386735 86.3229324988643 81.4846559029324 84.2070225927532 84.4860404364249 75.5113272639491 0
