0 79.7571837034398 83.6687149094864 85.6848237133618 86.125843648819 88.7279702090127 90.715999260007 91.3608158529667 91.4121890441111 91.3580535418715 92.0911144554496 91.9321960782572 92.5938030334692 92.6462477219879 95.4625824199352 95.7947127378483 95.8222331164598 96.5488188371983
79.7571837034398 0 85.3649979935812 86.321109074622 87.4995229711462 90.1458458418136 89.77028975955 90.6792333700066 92.263691519009 91.4452006324876 91.6900390249741 91.6900390249741 92.1914664145731 92.6017133826353 95.0274329204183 95.6124609451246 95.9022868094504 96.3255284803164
83.6687149094864 85.3649979935812 0 73.5667857157436 74.3872598725851 82.7150411951988 87.2180198603311 87.7647878994723 87.0933632809799 86.8506411936609 88.4776355514882 88.0529683256868 89.2265580565564 88.9628594842768 93.2462932749045 93.4563867793546 93.3713763928935 94.4615091419668
85.6848237133618 86.321109074622 73.5667857157436 0 73.8282802379136 82.5269620566865 85.2963194741688 85.8945581632473 86.306132934752 84.9757402519147 86.7671122783436 86.2843220582053 87.6726240401613 87.484470382879 92.2986004449174 92.5803165946597 92.6002308959102 93.6747393764021
86.125843648819 87.4995229711462 74.3872598725851 73.8282802379136 0 78.9166099669313 86.8806271228131 87.1185824845969 84.8065428746745 85.0930706154422 87.5263136388159 86.8728728512127 88.3312329777369 87.650433087972 92.6836443161143 92.7197588653339 92.4631374879307 93.8312906221622
88.7279702090127 90.1458458418136 82.7150411951988 82.5269620566865 78.9166099669313 0 88.6469582148744 88.4250119080804 80.2199581902824 84.8939343157795 88.1758745078818 87.2874515047284 88.8143980660997 87.3203555441607 92.7956854394333 92.3903243221653 91.604732064441 93.5735399667745
90.715999260007 89.77028975955 87.2180198603311 85.2963194741688 86.8806271228131 88.6469582148744 0 72.3105428072981 88.9021373091748 83.4864004590469 79.546717201444 81.0505757896518 80.9536433816005 84.3931512750066 88.170498810619 89.6892710327955 90.9797451424519 90.9218725673017
91.3608158529667 90.6792333700066 87.7647878994723 85.8945581632473 87.1185824845969 88.4250119080804 72.3105428072981 0 88.2000037388758 81.6065963893544 74.6354957098355 77.4754622734875 76.9722096382827 82.0827706588024 87.0028487113828 88.4901155982923 89.9045033568299 89.9421354079863
91.4121890441111 92.263691519009 87.0933632809799 86.306132934752 84.8065428746745 80.2199581902824 88.9021373091748 88.2000037388758 0 82.9463689655499 87.2016042685911 86.0016174742824 87.6694836387607 84.9796890336395 91.5882914036613 90.6212238849887 89.1436464955278 92.0438167087245
91.3580535418715 91.4452006324876 86.8506411936609 84.9757402519147 85.0930706154422 84.8939343157795 83.4864004590469 81.6065963893544 82.9463689655499 0 78.9847314590875 75.5523155632995 80.3310463946348 75.7863355292019 88.3287645450219 88.054700718434 87.9902557648923 89.8847381963622
92.0911144554496 91.6900390249741 88.4776355514882 86.7671122783436 87.5263136388159 88.1758745078818 79.546717201444 74.6354957098355 87.2016042685911 78.9847314590875 0 69.5166621000467 67.6242597549826 77.627196302634 85.7634929002411 86.8228218965681 88.2724008015957 88.6789275411538
91.9321960782572 91.6900390249741 88.0529683256868 86.2843220582053 86.8728728512127 87.2874515047284 81.0505757896518 77.4754622734875 86.0016174742824 75.5523155632995 69.5166621000467 0 72.9946860365462 74.484421527208 86.4602762870063 86.9092233020988 87.8631499936345 88.855116321566
92.5938030334692 92.1914664145731 89.2265580565564 87.6726240401613 88.3312329777369 88.8143980660997 80.9536433816005 76.9722096382827 87.6694836387607 80.3310463946348 67.6242597549826 72.9946860365462 0 77.5628624477267 84.6284063541735 85.891837352535 87.7357985898726 87.8990294060959
92.6462477219879 92.6017133826353 88.9628594842768 87.484470382879 87.650433087972 87.3203555441607 84.3931512750066 82.0827706588024 84.9796890336395 75.7863355292019 77.627196302634 74.484421527208 77.5628624477267 0 86.2581263061566 85.6307916627185 85.9607153650736 87.9775147847186
95.4625824199352 95.0274329204183 93.2462932749045 92.2986004449174 92.6836443161143 92.7956854394333 88.170498810619 87.0028487113828 91.5882914036613 88.3287645450219 85.7634929002411 86.4602762870063 84.6284063541735 86.2581263061566 0 80.5037331431844 86.8361207714488 81.2634990922835
95.7947127378483 95.6124609451246 93.4563867793546 92.5803165946597 92.7197588653339 92.3903243221653 89.6892710327955 88.4901155982923 90.6212238849887 88.054700718434 86.8228218965681 86.9092233020988 85.891837352535 85.6307916627185 80.5037331431844 0 81.4238688668901 75.6854997764966
95.8222331164598 95.9022868094504 93.3713763928935 92.6002308959102 92.4631374879307 91.604732064441 90.9797451424519 89.9045033568299 89.1436464955278 87.9902557648923 88.2724008015957 87.8631499936345 87.7357985898726 85.9607153650736 86.8361207714488 81.4238688668901 0 83.8946079882559
96.5488188371983 96.3255284803164 94.4615091419668 93.6747393764021 93.8312906221622 93.5735399667745 90.9218725673017 89.9421354079863 92.0438167087245 89.8847381963622 88.6789275411538 88.855116321566 87.8990294060959 87.9775147847186 81.2634990922835 75.6854997764966 83.8946079882559 0
