0 57.9330371790942 87.7348895485676 86.1664750873007 86.0191975333641 88.4594506885363 88.4228902048013 89.2684262627964 89.9985976200845 89.8084383723862 91.2783660893986 92.744174710297 92.9902333399376 93.087801592918 93.5538235691763 95.0959977567835 95.2408599357581 95.7620612388407
57.9330371790942 0 87.4735316467302 85.8987805111985 85.6811254822013 88.2059502021403 88.1647383903082 89.0355663526282 89.7799514872702 89.5992992346833 91.1077939384434 92.5929595325344 92.8432905353772 92.9518421166448 93.4161941643678 94.9874829757156 95.1238629181091 95.6575745355927
87.7348895485676 87.4735316467302 0 87.2169957016613 83.4107842329724 72.7698035056317 83.6477962159136 84.6150320210808 83.5630990497122 86.6816907652902 88.7421385263942 89.484269088011 89.7890252849174 90.8776994407101 90.4905850455247 93.0677422082804 92.0616729172225 93.4788978079352
86.1664750873007 85.8987805111985 87.2169957016613 0 78.3390605802349 86.6102591209748 81.7060996897762 82.764629276264 85.3208427639379 82.2376234027651 84.8008536895632 88.0168048263479 88.4205617560891 88.1050406143326 89.3255293548103 91.3998425575836 92.1913128153394 92.5248503896611
86.0191975333641 85.6811254822013 83.4107842329724 78.3390605802349 0 82.38636550274 76.2196361444474 79.178079427437 81.8670341320252 81.0639276259749 84.8204031063832 87.4077115671109 87.8568047770822 88.303315976652 88.8482999054051 91.4899816147852 91.5646424819553 92.3859648733539
88.4594506885363 88.2059502021403 72.7698035056317 86.6102591209748 82.38636550274 0 81.5196537354181 82.478256296435 80.6900465906853 85.088056632027 87.4142314228996 88.1341628747489 88.4839791776249 89.7885504150547 89.2864536252868 92.1965229169693 91.0857599485221 92.6391093990408
88.4228902048013 88.1647383903082 83.6477962159136 81.7060996897762 76.2196361444474 81.5196537354181 0 68.7966354858417 76.0487872378001 76.2827970094968 82.0477566992259 84.838762783666 85.4304003347848 86.4309154214711 86.706750637792 90.1273749098868 89.9508307163448 91.0518467094733
89.2684262627964 89.0355663526282 84.6150320210808 82.764629276264 79.178079427437 82.478256296435 68.7966354858417 0 74.0608757462916 73.3976796302985 80.3364950187192 83.3542077505786 84.0502702591676 85.3287606235951 85.5266933956535 89.3776298063896 89.178079427437 90.3574575394695
89.9985976200845 89.7799514872702 83.5630990497122 85.3208427639379 81.8670341320252 80.6900465906853 76.0487872378001 74.0608757462916 0 79.0548852204273 82.4508942278516 83.3726285136112 83.9925487547429 86.0621707455228 85.3555738781601 89.5314507265982 88.5210920458533 90.2319024715531
89.8084383723862 89.5992992346833 86.6816907652902 82.2376234027651 81.0639276259749 85.088056632027 76.2827970094968 73.3976796302985 79.0548852204273 0 75.9126336164662 81.9745296711912 82.7911387653741 83.3865767772172 84.4888633391171 88.3784347830183 88.8878025607326 89.6746355943461
91.2783660893986 91.1077939384434 88.7421385263942 84.8008536895632 84.8204031063832 87.4142314228996 82.0477566992259 80.3364950187192 82.4508942278516 75.9126336164662 0 78.3784347830183 79.4309960543906 78.6871459477642 81.6397847249744 86.125843648819 87.6001120753862 87.9437457769221
92.744174710297 92.5929595325344 89.484269088011 88.0168048263479 87.4077115671109 88.1341628747489 84.838762783666 83.3542077505786 83.3726285136112 81.9745296711912 78.3784347830183 0 61.9126075587214 77.0219299441847 72.5420303381438 83.6477962159136 83.9266106413766 85.2196708092276
92.9902333399376 92.8432905353772 89.7890252849174 88.4205617560891 87.8568047770822 88.4839791776249 85.4304003347848 84.0502702591676 83.9925487547429 82.7911387653741 79.4309960543906 61.9126075587214 0 76.8761978059386 69.5166621000467 83.0264029320466 83.3011458390096 84.6150320210808
93.087801592918 92.9518421166448 90.8776994407101 88.1050406143326 88.303315976652 89.7885504150547 86.4309154214711 85.3287606235951 86.0621707455228 83.3865767772172 78.6871459477642 77.0219299441847 76.8761978059386 0 77.6085169412828 81.405850313185 85.604595839916 84.6669329609772
93.5538235691763 93.4161941643678 90.4905850455247 89.3255293548103 88.8482999054051 89.2864536252868 86.706750637792 85.5266933956535 85.3555738781601 84.4888633391171 81.6397847249744 72.5420303381438 69.5166621000467 77.6085169412828 0 81.449062400053 81.6658361118692 82.9763862971189
95.0959977567835 94.9874829757156 93.0677422082804 91.3998425575836 91.4899816147852 92.1965229169693 90.1273749098868 89.3776298063896 89.5314507265982 88.3784347830183 86.125843648819 83.6477962159136 83.0264029320466 81.405850313185 81.449062400053 0 83.6538278612564 76.7400941326857
95.2408599357581 95.1238629181091 92.0616729172225 92.1913128153394 91.5646424819553 91.0857599485221 89.9508307163448 89.178079427437 88.5210920458533 88.8878025607326 87.6001120753862 83.9266106413766 83.3011458390096 85.604595839916 81.6658361118692 83.6538278612564 0 80.9865508735604
95.7620612388407 95.6575745355927 93.4788978079352 92.5248503896611 92.3859648733539 92.6391093990408 91.0518467094733 90.3574575394695 90.2319024715531 89.6746355943461 87.9437457769221 85.2196708092276 84.6150320210808 84.6669329609772 82.9763862971189 76.7400941326857 80.9865508735604 0
