0 66.5063621434069 83.361291448686 83.4304244917432 82.1166994185079 81.0290384494516 85.3915891308315 86.2325041385106 87.8995741500366 88.2000037388758 89.4954990830677 89.9573754039865 90.1471795575176 89.7428929869615 89.2047333150932 88.7623263292455 90.1700728143196 90.1107214372915
66.5063621434069 0 82.0458663092681 82.099442252477 82.0756065941152 80.5981334789564 85.61053085255 86.3391159691871 87.3155154720018 87.7239661854775 88.8791458094156 89.3625602525285 89.56524744625 89.6032551369968 88.6141533493672 88.2993261327158 90.0308673275794 89.8904109114219
83.361291448686 82.0458663092681 0 65.0930706154422 86.1290435473233 84.6358009051412 88.7966354858417 88.9922245819579 85.5641070987766 86.8628826862014 84.9607879581046 85.3176715737137 85.6120133392751 90.3822376182188 85.6238550502764 87.2425274907694 90.7077540295225 90.129741973209
83.4304244917432 82.099442252477 65.0930706154422 0 85.6572174941596 84.0532215262471 88.4453344140258 88.6052340688356 84.7019532420682 86.125843648819 84.3199260459954 84.8172353991213 85.1395907446115 89.9360690089101 84.8667886893461 86.5364172448041 90.273145354966 89.6449562181547
82.1166994185079 82.0756065941152 86.1290435473233 85.6572174941596 0 70.237526392877 77.2439327058198 78.3445506604753 85.2003092693599 84.649352480498 88.9393295180143 89.6887795084247 89.8814892609762 85.2029778071009 87.8426338841172 85.5647835910512 85.921960757636 86.125843648819
81.0290384494516 80.5981334789564 84.6358009051412 84.0532215262471 70.237526392877 0 80.4194954301732 80.9926869549926 84.2312091392794 83.9951554426543 88.0339048739541 88.8312479828973 89.046131074712 85.8039160122124 86.9538592145548 84.9643034345494 86.4608669105077 86.3653649600743
85.3915891308315 85.61053085255 88.7966354858417 88.4453344140258 77.2439327058198 80.4194954301732 0 68.7966354858417 87.1385115655078 86.2170579640101 90.6009967775609 91.2687189283341 91.4238688668901 84.056636658772 89.5033716757062 86.9476203930553 84.8385417941978 85.8258088489913
86.2325041385106 86.3391159691871 88.9922245819579 88.6052340688356 78.3445506604753 80.9926869549926 68.7966354858417 0 86.6031379262712 85.4535216572886 90.3708563400322 91.0771873132309 91.2310824007349 82.420100378145 89.1473223627738 86.2170579640101 83.3513248469073 84.5736332034
87.8995741500366 87.3155154720018 85.5641070987766 84.7019532420682 85.2003092693599 84.2312091392794 87.1385115655078 86.6031379262712 0 72.3075127804434 81.9303978005714 83.7910340731521 84.0870454169875 85.139697254732 77.3820231499356 72.5789806773107 85.4767916702483 83.6033008406848
88.2000037388758 87.7239661854775 86.8628826862014 86.125843648819 84.649352480498 83.9951554426543 86.2170579640101 85.4535216572886 72.3075127804434 0 84.3239158899316 85.7749292329038 85.9975504115668 82.9188992672694 80.8821062851461 65.5673171147236 83.3288160125473 80.8674937471834
89.4954990830677 88.8791458094156 84.9607879581046 84.3199260459954 88.9393295180143 88.0339048739541 90.6009967775609 90.3708563400322 81.9303978005714 84.3239158899316 0 69.5166621000467 70.943337135734 89.6648998632169 75.0930706154422 83.9731365032165 89.8296243895863 88.6245092114311
89.9573754039865 89.3625602525285 85.3176715737137 84.8172353991213 89.6887795084247 88.8312479828973 91.2687189283341 91.0771873132309 83.7910340731521 85.7749292329038 69.5166621000467 0 56.9639370490137 90.4790012783041 78.6957997331364 85.4719304936925 90.6272325542047 89.5276783441411
90.1471795575176 89.56524744625 85.6120133392751 85.1395907446115 89.8814892609762 89.046131074712 91.4238688668901 91.2310824007349 84.0870454169875 85.9975504115668 70.943337135734 56.9639370490137 0 90.6047544631244 79.1123755294906 85.6811254822013 90.7451895052074 89.6509881859539
89.7428929869615 89.6032551369968 90.3822376182188 89.9360690089101 85.2029778071009 85.8039160122124 84.056636658772 82.420100378145 85.139697254732 82.9188992672694 89.6648998632169 90.4790012783041 90.6047544631244 0 87.9347740096789 83.361291448686 63.9536370923738 73.9066542469863
89.2047333150932 88.6141533493672 85.6238550502764 84.8667886893461 87.8426338841172 86.9538592145548 89.5033716757062 89.1473223627738 77.3820231499356 80.8821062851461 75.0930706154422 78.6957997331364 79.1123755294906 87.9347740096789 0 80.1912970937131 88.1117143687293 86.5878733103283
88.7623263292455 88.2993261327158 87.2425274907694 86.5364172448041 85.5647835910512 84.9643034345494 86.9476203930553 86.2170579640101 72.5789806773107 65.5673171147236 83.9731365032165 85.4719304936925 85.6811254822013 83.361291448686 80.1912970937131 0 83.6501254971811 81.010216527805
90.1700728143196 90.0308673275794 90.7077540295225 90.273145354966 85.921960757636 86.4608669105077 84.8385417941978 83.3513248469073 85.4767916702483 83.3288160125473 89.8296243895863 90.6272325542047 90.7451895052074 63.9536370923738 88.1117143687293 83.6501254971811 0 73.2468268076999
90.1107214372915 89.8904109114219 90.129741973209 89.6449562181547 86.125843648819 86.3653649600743 85.8258088489913 84.5736332034 83.6033008406848 80.8674937471834 88.6245092114311 89.5276783441411 89.6509881859539 73.9066542469863 86.5878733103283 81.010216527805 73.2468268076999 0
