0 74.0608757462916 86.0089461506201 85.2650098301599 86.4180823617528 87.163588869097 88.47226868458 86.8320590978113 86.921385559777 87.3162326125158 88.2032697249812 88.8318554813977 89.5905296464903 92.5236432616374 92.7114819424818 93.1641358199935 93.8090244763067 93.7969276024463
74.0608757462916 0 87.4656059298169 82.8354320315571 86.9758060948333 85.5245224899489 86.9508886321302 86.9658338606362 86.4602762870063 86.3303309311581 87.3975598292249 88.1059222654492 89.1616779135168 91.9332335297458 92.3452739215203 92.5895195421934 93.26872431104 93.339979239898
86.0089461506201 87.4656059298169 0 89.8174754333737 81.0843403509302 90.1073501717728 91.2213694951942 84.0097315459766 86.6474428427583 88.5937099599018 88.8496308275325 89.1787314723026 88.8030383870541 92.6227410117023 91.8906421705238 93.2950852102986 93.8996143335906 93.5273151766891
85.2650098301599 82.8354320315571 89.8174754333737 0 87.6749585050624 75.5395143026792 78.5626155199393 86.6351238957076 84.3279020717801 81.6658361118692 83.4033961764943 84.3904840831145 86.6574909629638 88.9298435901867 90.1466578511299 89.7328669015903 90.6188168979226 90.946446545978
86.4180823617528 86.9758060948333 81.0843403509302 87.6749585050624 0 87.3975598292249 88.8266317319278 73.323798167022 80.720638548257 84.5467712936728 84.6503920310934 85.042668369047 84.2066957450215 89.9580577612623 88.9919344756631 90.857813115772 91.6458977740639 91.1655581808111
87.163588869097 85.5245224899489 90.1073501717728 75.5395143026792 87.3975598292249 0 72.8437211558164 85.9415820941298 82.7806801364231 78.0807396397644 80.1480010070755 81.3176021151403 84.575695180571 86.8393369142986 88.4724154062308 87.8497272528937 88.9426136152245 89.3349739648805
88.47226868458 86.9508886321302 91.2213694951942 78.5626155199393 88.8266317319278 72.8437211558164 0 87.5416233637324 84.8913549073611 81.1676208475889 82.2531040517902 82.9034048162279 85.7350959461686 86.5111849588043 88.662150337635 87.3938790393246 88.4638216139284 89.0990536612731
86.8320590978113 86.9658338606362 84.0097315459766 86.6351238957076 73.323798167022 85.9415820941298 87.5416233637324 0 76.2429629151182 82.0676460118651 81.997896182216 82.4570356382086 81.3769599159453 88.5963358277466 87.6322021830563 89.6426912422026 90.5512334281533 90.0517147856609
86.921385559777 86.4602762870063 86.6474428427583 84.3279020717801 80.720638548257 82.7806801364231 84.8913549073611 76.2429629151182 0 75.8987805111985 75.9126336164662 77.2792709015589 78.0863237416337 86.8428331489911 86.5063621434069 88.1083720302574 89.2196141834084 88.87120615499
87.3162326125158 86.3303309311581 88.5937099599018 81.6658361118692 84.5467712936728 78.0807396397644 81.1676208475889 82.0676460118651 75.8987805111985 0 69.0724707021626 73.6568562794195 79.4719688238051 85.61053085255 86.4198537193337 86.9884676840906 88.2584189716943 88.2303724131283
88.2032697249812 87.3975598292249 88.8496308275325 83.4033961764943 84.6503920310934 80.1480010070755 82.2531040517902 81.997896182216 75.9126336164662 69.0724707021626 0 66.0150655962245 76.6486334737289 84.484421527208 85.1626652685191 86.0728714114147 87.4735316467302 87.3279005535018
88.8318554813977 88.1059222654492 89.1787314723026 84.3904840831145 85.042668369047 81.3176021151403 82.9034048162279 82.4570356382086 77.2792709015589 73.6568562794195 66.0150655962245 0 74.6354957098355 83.5209903850554 84.1503719584716 85.2970022018606 86.8137243825281 86.5840769255055
89.5905296464903 89.1616779135168 88.8030383870541 86.6574909629638 84.2066957450215 84.575695180571 85.7350959461686 81.3769599159453 78.0863237416337 79.4719688238051 76.6486334737289 74.6354957098355 0 83.6714982951832 82.3688659695455 85.4288545277498 86.8449019765467 86.1033994395945
92.5236432616374 91.9332335297458 92.6227410117023 88.9298435901867 89.9580577612623 86.8393369142986 86.5111849588043 88.5963358277466 86.8428331489911 85.61053085255 84.484421527208 83.5209903850554 83.6714982951832 0 79.3818913619656 70.7764327758555 76.8092101824516 77.3370315712329
92.7114819424818 92.3452739215203 91.8906421705238 90.1466578511299 88.9919344756631 88.4724154062308 88.662150337635 87.6322021830563 86.5063621434069 86.4198537193337 85.1626652685191 84.1503719584716 82.3688659695455 79.3818913619656 0 80.8933296313923 82.240236057727 79.0335719892353
93.1641358199935 92.5895195421934 93.2950852102986 89.7328669015903 90.857813115772 87.8497272528937 87.3938790393246 89.6426912422026 88.1083720302574 86.9884676840906 86.0728714114147 85.2970022018606 85.4288545277498 70.7764327758555 80.8933296313923 0 70.9382316302071 75.0930706154422
93.8090244763067 93.26872431104 93.8996143335906 90.6188168979226 91.6458977740639 88.9426136152245 88.4638216139284 90.5512334281533 89.2196141834084 88.2584189716943 87.4735316467302 86.8137243825281 86.8449019765467 76.8092101824516 82.240236057727 70.9382316302071 0 74.0297329556111
93.7969276024463 93.339979239898 93.5273151766891 90.946446545978 91.1655581808111 89.3349739648805 89.0990536612731 90.0517147856609 88.87120615499 88.2303724131283 87.3279005535018 86.5840769255055 86.1033994395945 77.3370315712329 79.0335719892353 75.0930706154422 74.0297329556111 0
