0 84.3596604935146 83.8146333429251 85.3315926585091 87.0382140342669 86.1571129203151 89.4833594670039 88.8398492236681 89.6118054303646 92.5248503896611 92.41855457111 92.7332162501702 92.3812891741917 93.1884087830048 93.6452325627758 94.1647027766951 93.8669623749927 93.8427922975007
84.3596604935146 0 89.2047333150932 88.2280918990128 90.6398255405413 85.4435792930364 87.3031982537424 90.5284981699644 90.6802410655905 91.398522764579 93.6814491297281 94.1267027495977 92.2405582226928 92.6462477219879 93.8367735869204 93.4161941643678 93.6769416901439 94.3872598725851
83.8146333429251 89.2047333150932 0 80.2229250293872 77.3975598292249 86.2558108577684 89.6985797752271 84.5416919591329 86.3489233304989 91.8501491803079 89.1044238431331 89.3448609952259 90.7260555518404 92.0025245385978 91.7387672097631 93.2582879002163 92.3838337808109 91.5807977518685
85.3315926585091 88.2280918990128 80.2229250293872 0 80.0113072620221 81.3769599159453 86.4141006612172 79.2772518056333 81.5879170280032 89.2105533425378 87.4801480214851 88.18363686509 87.8872071090898 89.515304630177 89.5915778676316 91.1251388466802 90.1887143134889 89.7668156704102
87.0382140342669 90.6398255405413 77.3975598292249 80.0113072620221 0 86.7410571710507 89.7158984668699 81.5879170280032 84.2221188420319 91.2791828908882 86.6230062039656 86.8477967193224 89.561070102921 91.1170099712693 90.372342547137 92.5272636396052 91.3011843088243 89.966086340479
86.1571129203151 85.4435792930364 86.2558108577684 81.3769599159453 86.7410571710507 0 80.2445154904543 84.2361441221 84.0161576060675 86.8395125372899 89.6426318069125 90.4372372021832 87.1577530676673 88.2566380706568 89.7321830953468 89.8119315528898 89.6707254104607 90.5499173744782
89.4833594670039 87.3031982537424 89.6985797752271 86.4141006612172 89.7158984668699 80.2445154904543 0 86.8784130290517 85.8807226870218 82.9023336598264 90.4857622301273 91.3374461542906 85.8005514005498 86.051467240859 89.0496941384894 87.4879904709355 88.3139449906798 90.4103155081914
88.8398492236681 90.5284981699644 84.5416919591329 79.2772518056333 81.5879170280032 84.2361441221 86.8784130290517 0 72.5888757725067 88.0258460216478 83.4033961764943 84.7399701698705 85.1362843532686 87.5935153898588 86.7594207960546 89.6338933227531 87.9272985629552 86.728583188484
89.6118054303646 90.6802410655905 86.3489233304989 81.5879170280032 84.2221188420319 84.0161576060675 85.8807226870218 72.5888757725067 0 86.514401717256 83.2415427734435 84.924474053039 82.8191024779757 85.8938300270568 85.1953551263607 88.3185900184189 86.3802934588265 85.608426081177
92.5248503896611 91.398522764579 91.8501491803079 89.2105533425378 91.2791828908882 86.8395125372899 82.9023336598264 88.0258460216478 86.514401717256 0 89.6648998632169 90.6623905196418 81.0208149157414 77.7917907521781 85.5673171147236 79.7799514872702 83.1808926279721 88.0740403942904
92.41855457111 93.6814491297281 89.1044238431331 87.4801480214851 86.6230062039656 89.6426318069125 90.4857622301273 83.4033961764943 83.2415427734435 89.6648998632169 0 71.3749329712545 85.8005514005498 88.0715171378125 84.2596343120333 89.8042944601115 86.9409369111101 81.3769599159453
92.7332162501702 94.1267027495977 89.3448609952259 88.18363686509 86.8477967193224 90.4372372021832 91.3374461542906 84.7399701698705 84.924474053039 90.6623905196418 71.3749329712545 0 87.2992845533365 89.2282220871764 85.7904173722172 90.7356740491047 88.1498907012513 83.0075130374124
92.3812891741917 92.2405582226928 90.7260555518404 87.8872071090898 89.561070102921 87.1577530676673 85.8005514005498 85.1362843532686 82.8191024779757 81.0208149157414 85.8005514005498 87.2992845533365 0 75.9126336164662 78.9642297145514 81.9504880014648 77.8054788041919 83.1990142701287
93.1884087830048 92.6462477219879 92.0025245385978 89.515304630177 91.1170099712693 88.2566380706568 86.051467240859 87.5935153898588 85.8938300270568 77.7917907521781 88.0715171378125 89.2282220871764 75.9126336164662 0 81.3414426772175 76.0621707455228 76.4793049767121 85.2585829776085
93.6452325627758 93.8367735869204 91.7387672097631 89.5915778676316 90.372342547137 89.7321830953468 89.0496941384894 86.7594207960546 85.1953551263607 85.5673171147236 84.2596343120333 85.7904173722172 78.9642297145514 81.3414426772175 0 83.9209422467254 76.0123311926099 76.6136007973246
94.1647027766951 93.4161941643678 93.2582879002163 91.1251388466802 92.5272636396052 89.8119315528898 87.4879904709355 89.6338933227531 88.3185900184189 79.7799514872702 89.8042944601115 90.7356740491047 81.9504880014648 76.0621707455228 83.9209422467254 0 79.5016385525655 87.0200315026164
93.8669623749927 93.6769416901439 92.3838337808109 90.1887143134889 91.3011843088243 89.6707254104607 88.3139449906798 87.9272985629552 86.3802934588265 83.1808926279721 86.9409369111101 88.1498907012513 77.8054788041919 76.4793049767121 76.0123311926099 79.5016385525655 0 82.2816336652567
93.8427922975007 94.3872598725851 91.5807977518685 89.7668156704102 89.966086340479 90.5499173744782 90.4103155081914 86.728583188484 85.608426081177 88.0740403942904 81.3769599159453 83.0075130374124 83.1990142701287 85.2585829776085 76.6136007973246 87.0200315026164 82.2816336652567 0
