0 82.0861101013499 78.4407002914246 79.9579203496951 86.5063621434069 87.7575910059634 90.251809052559 92.2787262194362 92.3803534299817 92.1955775076299 93.1352515379138 93.2971063597564 93.4338524237849 93.7518504026927 94.0956912319113 94.5579711594012 95.7398477702881 96.1122589522464
82.0861101013499 0 84.6373512727003 85.4550587108594 88.2905355522908 88.7383415878651 92.0062662574906 93.4991976259196 92.0897805247568 92.3836988268027 94.3346701954328 92.8926411279113 93.8367735869204 94.4276765231524 94.4310572741802 95.3286024077872 96.1794878036008 96.0683133367653
78.4407002914246 84.6373512727003 0 64.9227372224544 82.2595237792253 84.417344941225 87.7357985898726 90.3175129505054 90.8110544783965 90.3859040060703 91.3969581622675 91.9401435468265 91.7962429180347 92.1257602965153 92.5931079068429 93.0811701290871 94.4787662173189 95.0170761988441
79.9579203496951 85.4550587108594 64.9227372224544 0 81.3926525972256 83.8858516485875 87.1059911885511 89.8715153788298 90.6398255405413 90.1179119789795 90.9934253424577 91.8015924709415 91.5142900318607 91.8079982379854 92.3377198773157 92.774611422748 94.2442780235205 94.8604491369477
86.5063621434069 88.2905355522908 82.2595237792253 81.3926525972256 0 73.1660252007163 83.1548703552811 86.5828917856922 87.3719376615789 86.2310744335762 88.3477535852317 89.0496941384894 88.2737039650698 88.8340565549179 89.444283079601 90.3175129505054 92.0626984192299 92.8131828573346
87.7575910059634 88.7383415878651 84.417344941225 83.8858516485875 73.1660252007163 0 83.8347584036282 86.3702566618754 85.5050659955171 84.3139343989393 88.2441985049534 87.5386354418442 87.0910736446657 88.0740403942904 88.4019633633094 89.8522359167713 91.4548623602078 91.9800928974233
90.251809052559 92.0062662574906 87.7357985898726 87.1059911885511 83.1548703552811 83.8347584036282 0 79.1123755294906 88.7666298257024 86.5136622327087 82.1654959184623 90.0782967319053 86.6766955363947 85.6970801924263 87.9199887622108 86.8428331489911 90.0256258708172 92.2289452013272
92.2787262194362 93.4991976259196 90.3175129505054 89.8715153788298 86.5828917856922 86.3702566618754 79.1123755294906 0 88.3136724490728 85.4963352091439 74.0608757462916 89.4350734667223 83.9536370923738 81.0245993982615 85.2650098301599 82.2595237792253 87.26401565302 90.6953567583125
92.3803534299817 92.0897805247568 90.8110544783965 90.6398255405413 87.3719376615789 85.5050659955171 88.7666298257024 88.3136724490728 0 77.2657620130569 89.5890412042683 73.9536370923738 83.2222041818708 86.6519038232867 84.2495038086784 89.0724707021626 89.1282060488652 87.3867381239972
92.1955775076299 92.3836988268027 90.3859040060703 90.1179119789795 86.2310744335762 84.3139343989393 86.5136622327087 85.4963352091439 77.2657620130569 0 87.1835192776408 80.7840878681192 78.5088423325849 83.3588019416995 81.0975835527574 86.7233676825992 87.4995229711462 87.3424958050502
93.1352515379138 94.3346701954328 91.3969581622675 90.9934253424577 88.3477535852317 88.2441985049534 82.1654959184623 74.0608757462916 89.5890412042683 87.1835192776408 0 90.4649628778786 85.2457006698491 81.6670977159888 86.0621707455228 80.7342661421173 86.8211317721189 90.971043416746
93.2971063597564 92.8926411279113 91.9401435468265 91.8015924709415 89.0496941384894 87.5386354418442 90.0782967319053 89.4350734667223 73.9536370923738 80.7840878681192 90.4649628778786 0 84.1613919743094 87.4111921906878 84.5549470876843 89.5765657369386 89.0665625174998 86.0981015495578
93.4338524237849 93.8367735869204 91.7962429180347 91.5142900318607 88.2737039650698 87.0910736446657 86.6766955363947 83.9536370923738 83.2222041818708 78.5088423325849 85.2457006698491 84.1613919743094 0 77.3060879029735 71.4741215705682 82.9463689655499 83.7674172604285 85.7217818991216
93.7518504026927 94.4276765231524 92.1257602965153 91.8079982379854 88.8340565549179 88.0740403942904 85.6970801924263 81.0245993982615 86.6519038232867 83.3588019416995 81.6670977159888 87.4111921906878 77.3060879029735 0 78.1865479808436 76.8579106931663 82.0861101013499 87.3563061518837
94.0956912319113 94.4310572741802 92.5931079068429 92.3377198773157 89.444283079601 88.4019633633094 87.9199887622108 85.2650098301599 84.2495038086784 81.0975835527574 86.0621707455228 84.5549470876843 71.4741215705682 78.1865479808436 0 82.7417264159659 81.9100827408178 84.1114246562642
94.5579711594012 95.3286024077872 93.0811701290871 92.774611422748 90.3175129505054 89.8522359167713 86.8428331489911 82.2595237792253 89.0724707021626 86.7233676825992 80.7342661421173 89.5765657369386 82.9463689655499 76.8579106931663 82.7417264159659 0 80.9590309277772 88.444562403568
95.7398477702881 96.1794878036008 94.4787662173189 94.2442780235205 92.0626984192299 91.4548623602078 90.0256258708172 87.26401565302 89.1282060488652 87.4995229711462 86.8211317721189 89.0665625174998 83.7674172604285 82.0861101013499 81.9100827408178 80.9590309277772 0 84.8939446278998
96.1122589522464 96.0683133367653 95.0170761988441 94.8604491369477 92.8131828573346 91.9800928974233 92.2289452013272 90.6953567583125 87.3867381239972 87.3424958050502 90.971043416746 86.0981015495578 85.7217818991216 87.3563061518837 84.1114246562642 88.444562403568 84.8939446278998 0
