0 79.6648998632169 89.5413226105397 89.2492238225855 89.1189908313318 89.7793837449569 92.5678835370011 92.0184893922487 93.238443565787 92.7010637317494 92.4288374744465 95.4003084379403 94.6953993467273 96.4851991264278 96.5319637414674 97.3352127350916 97.4327833880685 96.8447306794304
79.6648998632169 0 87.8452979360192 87.2991797988463 85.6635841127368 86.625354376404 90.5317221023176 89.6215462161898 91.3091214364464 90.5442378147832 90.1921842830776 93.916431676041 93.0470574759869 95.2003092693599 95.1974190384675 96.137022406134 96.2406385018064 95.5628220877716
89.5413226105397 87.8452979360192 0 66.625354376404 89.1969490952604 89.5166621000467 86.6558510333531 89.4705762436461 88.3097394675093 88.9132410411909 91.0216859101499 91.5471868105052 93.4543633898754 92.9260581204275 93.824620257979 94.6155914025923 94.9070204662815 95.2585829776085
89.2492238225855 87.2991797988463 66.625354376404 0 88.5263989529871 88.8707549940815 86.1028985001919 88.8791458094156 87.84849438102 88.3635146071354 90.5110657218713 91.3049399297443 93.0930994829547 92.7632013805355 93.5998020730144 94.4434901180809 94.7269961182338 95.0075465954802
89.1189908313318 85.6635841127368 89.1969490952604 88.5263989529871 0 67.0711757029314 87.2478627374239 82.3200425081016 87.6357887932618 85.3915891308315 82.4973391653929 90.9337232285933 88.2097943381431 92.7056971333427 92.1677121940749 93.5630990497122 93.608443428397 92.2700956266636
89.7793837449569 86.625354376404 89.5166621000467 88.8707549940815 67.0711757029314 0 86.9799068541502 81.0632682823266 87.2310281772603 84.7054556385607 80.9027780171074 90.5415616864843 87.4132525105052 92.3778571259503 91.7348805117786 93.205984254691 93.2392221571904 91.7819451443998
92.5678835370011 90.5317221023176 86.6558510333531 86.1028985001919 87.2478627374239 86.9799068541502 0 83.0210299502305 73.091775616211 78.7703683810835 86.2389238659457 84.6224845236715 89.1412068081789 87.7718471701385 88.8426679450515 90.3242504383562 90.7338104052137 91.3602245339598
92.0184893922487 89.6215462161898 89.4705762436461 88.8791458094156 82.3200425081016 81.0632682823266 83.0210299502305 0 82.3436614650595 76.3340981236618 76.2256854922667 87.0191161836394 84.8172353991213 89.6321315981049 88.8433877383366 90.7953557193797 90.8896397710122 89.6602337925892
93.238443565787 91.3091214364464 88.3097394675093 87.84849438102 87.6357887932618 87.2310281772603 73.091775616211 82.3436614650595 0 76.4248708015752 85.5266933956535 82.3073716170739 88.072089707722 86.3651294295893 87.3152313572216 89.1166292202795 89.553301503306 90.2774442900942
92.7010637317494 90.5442378147832 88.9132410411909 88.3635146071354 85.3915891308315 84.7054556385607 78.7703683810835 76.3340981236618 76.4248708015752 0 81.7937095638507 84.4418732405852 86.0728479354589 87.8488417508376 87.6055605074684 89.6666483480365 89.9085657155933 89.5765657369386
92.4288374744465 90.1921842830776 91.0216859101499 90.5110657218713 82.4973391653929 80.9027780171074 86.2389238659457 76.2256854922667 85.5266933956535 81.7937095638507 0 88.3073021585004 82.1347836906406 90.4856625282527 89.1136993962343 91.0950104202771 91.0505757896518 88.8626773356889
95.4003084379403 93.916431676041 91.5471868105052 91.3049399297443 90.9337232285933 90.5415616864843 84.6224845236715 87.0191161836394 82.3073716170739 84.4418732405852 88.3073021585004 0 88.3226858268497 78.0821867145898 81.8069354424815 84.088512698001 85.0930706154422 88.3589073451524
94.6953993467273 93.0470574759869 93.4543633898754 93.0930994829547 88.2097943381431 87.4132525105052 89.1412068081789 84.8172353991213 88.072089707722 86.0728479354589 82.1347836906406 88.3226858268497 0 89.9579203496951 87.1093682995471 89.4809274664817 89.1225006060356 84.1114246562642
96.4851991264278 95.2003092693599 92.9260581204275 92.7632013805355 92.7056971333427 92.3778571259503 87.7718471701385 89.6321315981049 86.3651294295893 87.8488417508376 90.4856625282527 78.0821867145898 89.9579203496951 0 81.2950139955857 80.8776994407101 82.8506929507033 88.7623263292455
96.5319637414674 95.1974190384675 93.824620257979 93.5998020730144 92.1677121940749 91.7348805117786 88.8426679450515 88.8433877383366 87.3152313572216 87.6055605074684 89.1136993962343 81.8069354424815 87.1093682995471 81.2950139955857 0 77.3577097439773 77.3382020284199 83.9925958052998
97.3352127350916 96.137022406134 94.6155914025923 94.4434901180809 93.5630990497122 93.205984254691 90.3242504383562 90.7953557193797 89.1166292202795 89.6666483480365 91.0950104202771 84.088512698001 89.4809274664817 80.8776994407101 77.3577097439773 0 69.8115967000062 86.1560258917179
97.4327833880685 96.2406385018064 94.9070204662815 94.7269961182338 93.608443428397 93.2392221571904 90.7338104052137 90.8896397710122 89.553301503306 89.9085657155933 91.0505757896518 85.0930706154422 89.1225006060356 82.8506929507033 77.3382020284199 69.8115967000062 0 85.0208456514619
96.8447306794304 95.5628220877716 95.2585829776085 95.0075465954802 92.2700956266636 91.7819451443998 91.3602245339598 89.6602337925892 90.2774442900942 89.5765657369386 88.8626773356889 88.3589073451524 84.1114246562642 88.7623263292455 83.9925958052998 86.1560258917179 85.0208456514619 0
