0 77.1861580940907 83.5008850021645 84.1758581374509 85.3350845341687 86.6265279866851 89.4467356815688 90.1633214488167 88.9922245819579 91.9220912431707 92.3803534299817 92.1836987757335 92.9416233151229 93.6807420822724 93.9477701557943 93.9626916273702 94.1483310997927 94.0432564235458
77.1861580940907 0 79.6648998632169 80.1964580507305 81.2209091826396 83.5008850021645 87.7212310464226 88.5603608111481 86.4602762870063 90.1735234353152 90.7683108277111 90.4903377278957 91.3967678848413 92.3921218805088 92.6978753982388 92.6516949158768 92.8662232614152 92.7531929436013
83.5008850021645 79.6648998632169 0 65.5673171147236 76.5662657802988 77.1861580940907 83.4304244917432 84.7922451010396 85.7735013371753 89.2497195140247 90.2375263928769 89.5518703090905 90.1983321741829 90.5589230997201 90.9420340568167 91.124804516285 92.4432217006488 91.2066265229575
84.1758581374509 80.1964580507305 65.5673171147236 0 73.8658978492988 74.8172353991213 82.9953807752155 84.3852942944484 84.9296803811179 88.6623538991442 89.7222313894489 88.9848078342063 89.6806915297556 90.168724367414 90.567977596313 90.7115126315865 92.0438442972106 90.803884943431
85.3350845341687 81.2209091826396 76.5662657802988 73.8658978492988 0 72.9845369622933 83.6291168545625 84.7544879428325 82.0827706588024 87.0477717089651 88.2390343987537 87.4539835447335 88.4351530765418 89.6015337895856 90.0174507434799 89.948039976364 90.943337135734 90.0814756595712
86.6265279866851 83.5008850021645 77.1861580940907 74.8172353991213 72.9845369622933 0 80.6188168979226 82.1654959184623 83.2478263495168 87.0675807681679 88.47226868458 87.4175995333814 88.0693873011711 88.5841507312534 89.05908719444 89.1927472532601 91.0531172574814 89.3040452248854
89.4467356815688 87.7212310464226 83.4304244917432 82.9953807752155 83.6291168545625 80.6188168979226 0 68.1860958317419 87.1217246129041 88.5590185974908 90.0029141266583 88.7241617179914 88.5340267994659 86.6386440370972 87.2169957016613 88.1837506183176 91.9772688354693 88.1762516005099
90.1633214488167 88.5603608111481 84.7922451010396 84.3852942944484 84.7544879428325 82.1654959184623 68.1860958317419 0 87.4995229711462 88.5279449007969 90.00991931245 88.6576505460892 88.2808471686429 85.737888764999 86.3653649600743 87.5708820828329 91.898866095928 87.5339378581434
88.9922245819579 86.4602762870063 85.7735013371753 84.9296803811179 82.0827706588024 83.2478263495168 87.1217246129041 87.4995229711462 0 81.1896239592538 82.6488877209461 82.0900582768081 84.8193885360995 88.8605755821178 89.2299361010872 88.3660879467384 87.2537141011014 88.6341550069162
91.9220912431707 90.1735234353152 89.2497195140247 88.6623538991442 87.0477717089651 87.0675807681679 88.5590185974908 88.5279449007969 81.1896239592538 0 74.149161499564 62.0827706588024 76.9747808619358 86.8159556326594 87.1118235346384 85.1280073452 82.4254516232452 85.6019974410078
92.3803534299817 90.7683108277111 90.2375263928769 89.7222313894489 88.2390343987537 88.47226868458 90.0029141266583 90.00991931245 82.6488877209461 74.149161499564 0 74.3088313159508 80.3983752173315 88.4339988695893 88.634894042878 86.7924517971708 79.546717201444 87.2016042685911
92.1836987757335 90.4903377278957 89.5518703090905 88.9848078342063 87.4539835447335 87.4175995333814 88.7241617179914 88.6576505460892 82.0900582768081 62.0827706588024 74.3088313159508 0 75.5673171147236 86.5840769255055 86.8610919610361 84.7054556385607 81.9282760210885 85.2102147141565
92.9416233151229 91.3967678848413 90.1983321741829 89.6806915297556 88.4351530765418 88.0693873011711 88.5340267994659 88.2808471686429 84.8193885360995 76.9747808619358 80.3983752173315 75.5673171147236 0 84.2169264795973 84.4640342940998 81.1303421223965 83.0641307819704 81.8989080019153
93.6807420822724 92.3921218805088 90.5589230997201 90.168724367414 89.6015337895856 88.5841507312534 86.6386440370972 85.737888764999 88.8605755821178 86.8159556326594 88.4339988695893 86.5840769255055 84.2169264795973 0 63.6568326180332 76.3715914053258 89.4917739853032 75.3425850873759
93.9477701557943 92.6978753982388 90.9420340568167 90.567977596313 90.0174507434799 89.05908719444 87.2169957016613 86.3653649600743 89.2299361010872 87.1118235346384 88.634894042878 86.8610919610361 84.4640342940998 63.6568326180332 0 75.9467726017083 89.5359213104071 74.598216984643
93.9626916273702 92.6516949158768 91.124804516285 90.7115126315865 89.948039976364 89.1927472532601 88.1837506183176 87.5708820828329 88.3660879467384 85.1280073452 86.7924517971708 84.7054556385607 81.1303421223965 76.3715914053258 75.9467726017083 0 87.5639764488464 60.5691003069513
94.1483310997927 92.8662232614152 92.4432217006488 92.0438442972106 90.943337135734 91.0531172574814 91.9772688354693 91.898866095928 87.2537141011014 82.4254516232452 79.546717201444 81.9282760210885 83.0641307819704 89.4917739853032 89.5359213104071 87.5639764488464 0 87.9330371790942
94.0432564235458 92.7531929436013 91.2066265229575 90.803884943431 90.0814756595712 89.3040452248854 88.1762516005099 87.5339378581434 88.6341550069162 85.6019974410078 87.2016042685911 85.2102147141565 81.8989080019153 75.3425850873759 74.598216984643 60.5691003069513 87.9330371790942 0
