0 77.5803463896305 81.7532076048429 85.2227292651971 89.4589779583689 86.9747808619358 89.6046078123909 88.8143980660997 88.8285560079588 90.018625324523 89.2027885677725 91.6418673468703 89.3500427490681 90.7851906731803 91.6359469985815 91.630018568593 92.3728602091684 93.4808352171322
77.5803463896305 0 78.0529683256868 83.3546512119854 87.210845672568 85.239245157967 87.6335557324065 89.1754702685607 87.7575586929441 88.445123066396 89.5244964576347 90.1246893973976 89.213150504854 89.7445790483356 91.7762128290069 90.9822487981031 91.7398519064725 92.4711112837065
81.7532076048429 78.0529683256868 0 76.5603553079135 85.2505360143668 80.3930962198545 85.1905177454453 86.9312422033652 84.3279020717801 85.7833383352441 87.3431796161499 88.3311427205777 86.6112462595499 87.2089116446417 90.0109960311413 88.7623263292455 89.7337221881064 90.8847482469952
85.2227292651971 83.3546512119854 76.5603553079135 0 84.1303883286049 72.3339487385065 83.1679005025265 85.1126723935526 79.7647899428039 82.9845369622933 85.524949166135 86.7255992657343 83.962088554179 84.2979161426279 88.4069074794532 86.3173382181998 87.5824647573993 89.3172682735025
89.4589779583689 87.210845672568 85.2505360143668 84.1303883286049 0 82.7760355725621 72.9180926412658 90.1497871498019 84.6944839826563 79.7882788572208 90.2928642139126 80.1445703986413 88.8728542182353 84.8644781687046 91.5230394528411 87.8594558778782 88.4599765983439 86.8249332995649
86.9747808619358 85.239245157967 80.3930962198545 72.3339487385065 82.7760355725621 0 80.9961508697874 85.3915891308315 76.2196361444474 80.0874699670082 85.6913253237403 85.088056632027 83.5273151766891 81.9171308586592 88.1308444831307 84.8190149299059 86.2325041385106 87.992560047968
89.6046078123909 87.6335557324065 85.1905177454453 83.1679005025265 72.9180926412658 80.9961508697874 0 89.2171954849854 82.5052798439944 74.5416919591329 89.3433568278313 78.077337629423 87.6368691185875 82.3358293114501 90.5541933251443 86.1510117025068 86.8748059464239 85.4479854790441
88.8143980660997 89.1754702685607 86.9312422033652 85.1126723935526 90.1497871498019 85.3915891308315 89.2171954849854 0 84.0608757462916 88.1160083399226 62.0827706588024 90.5098229277861 75.9126336164662 86.5368639434413 80.5527990930723 85.5039593802835 86.801327225864 90.9398613893948
88.8285560079588 87.7575586929441 84.3279020717801 79.7647899428039 84.6944839826563 76.2196361444474 82.5052798439944 84.0608757462916 0 79.5510652751268 84.2005457159281 84.9227372224544 80.6374962592738 77.3176869859417 86.2478955715808 80.8378353124009 83.051870788883 86.6604254538209
90.018625324523 88.445123066396 85.7833383352441 82.9845369622933 79.7882788572208 80.0874699670082 74.5416919591329 88.1160083399226 79.5510652751268 0 88.198564784468 78.3453039795071 86.0585453016567 77.8007545217567 89.2810740543813 83.5202799071642 84.4760377325104 83.8665595284953
89.2027885677725 89.5244964576347 87.3431796161499 85.524949166135 90.2928642139126 85.6913253237403 89.3433568278313 62.0827706588024 84.2005457159281 88.198564784468 0 90.5513733848517 75.5523155632995 86.4936255074185 79.4497994875647 85.2585829776085 86.5495758812333 90.8701975273553
91.6418673468703 90.1246893973976 88.3311427205777 86.7255992657343 80.1445703986413 85.088056632027 78.077337629423 90.5098229277861 84.9227372224544 78.3453039795071 90.5513733848517 0 88.9173976324978 82.6984810256652 91.1684456400743 86.1494823545164 86.3653649600743 81.6251957531956
89.3500427490681 89.213150504854 86.6112462595499 83.962088554179 88.8728542182353 83.5273151766891 87.6368691185875 75.9126336164662 80.6374962592738 86.0585453016567 75.5523155632995 88.9173976324978 0 83.5997853833634 80.4857622301273 82.0827706588024 84.0161576060675 89.2492238225855
90.7851906731803 89.7445790483356 87.2089116446417 84.2979161426279 84.8644781687046 81.9171308586592 82.3358293114501 86.5368639434413 77.3176869859417 77.8007545217567 86.4936255074185 82.6984810256652 83.5997853833634 0 87.0669910289569 77.199388746408 79.2290370712413 83.192596438416
91.6359469985815 91.7762128290069 90.0109960311413 88.4069074794532 91.5230394528411 88.1308444831307 90.5541933251443 80.5527990930723 86.2478955715808 89.2810740543813 79.4497994875647 91.1684456400743 80.4857622301273 87.0669910289569 0 84.598216984643 85.4288545277498 90.6792333700066
91.630018568593 90.9822487981031 88.7623263292455 86.3173382181998 87.8594558778782 84.8190149299059 86.1510117025068 85.5039593802835 80.8378353124009 83.5202799071642 85.2585829776085 86.1494823545164 82.0827706588024 77.199388746408 84.598216984643 0 70.8110544783965 84.7635075614827
92.3728602091684 91.7398519064725 89.7337221881064 87.5824647573993 88.4599765983439 86.2325041385106 86.8748059464239 86.801327225864 83.051870788883 84.4760377325104 86.5495758812333 86.3653649600743 84.0161576060675 79.2290370712413 85.4288545277498 70.8110544783965 0 83.9209422467254
93.4808352171322 92.4711112837065 90.8847482469952 89.3172682735025 86.8249332995649 87.992560047968 85.4479854790441 90.9398613893948 86.6604254538209 83.8665595284953 90.8701975273553 81.6251957531956 89.2492238225855 83.192596438416 90.6792333700066 84.7635075614827 83.9209422467254 0
