0 85.0002150024618 84.3872598725851 78.3073021585004 85.3649979935812 84.7544879428325 88.5206410671676 90.1633214488167 86.4345964033151 89.7360167039801 88.002829084837 91.2447597563883 91.4014264091902 90.7332008721965 91.0399703025278 93.0767116114137 94.4195641304064 93.9323786923555
85.0002150024618 0 73.6150544197641 85.3962648299937 79.6648998632169 84.3279020717801 83.6784340392371 85.5024395395615 86.3516352768448 86.3340981236618 88.4127912318851 89.245048467367 89.5974673477647 89.901126913678 91.676854159603 91.26630220313 92.5516225671795 92.3556805575347
84.3872598725851 73.6150544197641 0 83.7331583043885 73.9968508302003 81.3769599159453 81.5654917273292 84.4029525538654 84.0756800526813 84.7036289530158 86.6685681142304 87.978248826241 88.3564664672516 88.5319133868802 90.5170152200493 90.3707737701046 91.9016533851174 91.5721492956777
78.3073021585004 85.3962648299937 83.7331583043885 0 83.4984742639294 80.5050214404877 86.9366866744912 88.9731256890866 82.5570171580838 88.015631329007 84.6354957098355 89.4713553473296 89.6103456878441 88.5296081631378 88.7623263292455 91.6642868530414 93.2910400873432 92.6262240213795
85.3649979935812 79.6648998632169 73.9968508302003 83.4984742639294 0 78.0105149591016 78.2582304483065 82.7273505510716 81.3295387552311 82.1654959184623 84.6595564074942 86.1405340608306 86.581585662219 86.7298825160002 89.2434464950952 89.0735959282907 90.9193850103386 90.4493277709532
84.7544879428325 84.3279020717801 81.3769599159453 80.5050214404877 78.0105149591016 0 82.0470946457946 85.3350845341687 73.2478263495168 83.3588019416995 80.0814756595712 85.714061359569 85.9776840847398 84.8713998023719 86.8982993539898 88.9064241741532 91.0403950196392 90.2330788574888
88.5206410671676 83.6784340392371 81.5654917273292 86.9366866744912 78.2582304483065 82.0470946457946 0 75.4041153408082 82.855237807728 74.8036791058206 85.0718409018414 82.9188992672694 83.6964506811521 85.2068228736091 89.040166977867 86.573399006352 88.7526410308923 88.3666599593055
90.1633214488167 85.5024395395615 84.4029525538654 88.9731256890866 82.7273505510716 85.3350845341687 75.4041153408082 0 85.6811254822013 76.1677794707972 87.0679967752654 82.8567362473031 83.7201764590168 86.1841313157744 90.0308673275794 85.6943982704356 87.5605177126806 87.5796299360765
86.4345964033151 86.3516352768448 84.0756800526813 82.5570171580838 81.3295387552311 73.2478263495168 82.855237807728 85.6811254822013 0 83.0331223084966 74.9227372224544 84.4445852715179 84.6077314179189 82.5639714239235 84.9192614761152 87.9950219249427 90.4235524671451 89.3850022847353
89.7360167039801 86.3340981236618 84.7036289530158 88.015631329007 82.1654959184623 83.3588019416995 74.8036791058206 76.1677794707972 83.0331223084966 0 84.4224890007509 78.6778196780668 79.9593433058372 82.9422505619295 88.0664662225477 84.0098328684181 86.9747808619358 86.3455988141052
88.002829084837 88.4127912318851 86.6685681142304 84.6354957098355 84.6595564074942 80.0814756595712 85.0718409018414 87.0679967752654 74.9227372224544 84.4224890007509 0 84.1936050981315 84.1016619605878 80.2710090129108 81.6177655634978 87.5577998869746 90.166438767878 88.8456654102346
91.2447597563883 89.245048467367 87.978248826241 89.4713553473296 86.1405340608306 85.714061359569 82.9188992672694 82.8567362473031 84.4445852715179 78.6778196780668 84.1936050981315 0 63.2478263495168 78.4944597996847 86.3015033006742 78.6665542029632 84.3612747747172 82.4570356382086
91.4014264091902 89.5974673477647 88.3564664672516 89.6103456878441 86.581585662219 85.9776840847398 83.6964506811521 83.7201764590168 84.6077314179189 79.9593433058372 84.1016619605878 63.2478263495168 0 77.4947214838478 85.8707352468955 78.1778938560859 84.2526264473028 81.9950314157273
90.7332008721965 89.901126913678 88.5319133868802 88.5296081631378 86.7298825160002 84.8713998023719 85.2068228736091 86.1841313157744 82.5639714239235 82.9422505619295 80.2710090129108 78.4944597996847 77.4947214838478 0 81.7679168886535 83.051870788883 87.0645773589372 84.8913549073611
91.0399703025278 91.676854159603 90.5170152200493 88.7623263292455 89.2434464950952 86.8982993539898 89.040166977867 90.0308673275794 84.9192614761152 88.0664662225477 81.6177655634978 86.3015033006742 85.8707352468955 81.7679168886535 0 87.9973884362853 90.3574575394695 88.667849663409
93.0767116114137 91.26630220313 90.3707737701046 91.6642868530414 89.0735959282907 88.9064241741532 86.573399006352 85.6943982704356 87.9950219249427 84.0098328684181 87.5577998869746 78.6665542029632 78.1778938560859 83.051870788883 87.9973884362853 0 78.466327135943 73.7989102258118
94.4195641304064 92.5516225671795 91.9016533851174 93.2910400873432 90.9193850103386 91.0403950196392 88.7526410308923 87.5605177126806 90.4235524671451 86.9747808619358 90.166438767878 84.3612747747172 84.2526264473028 87.0645773589372 90.3574575394695 78.466327135943 0 75.806982475004
93.9323786923555 92.3556805575347 91.5721492956777 92.6262240213795 90.4493277709532 90.2330788574888 88.3666599593055 87.5796299360765 89.3850022847353 86.3455988141052 88.8456654102346 82.4570356382086 81.9950314157273 84.8913549073611 88.667849663409 73.7989102258118 75.806982475004 0
