0 77.045424760764 82.8884805545587 81.7532076048429 84.2979161426279 87.3149646703258 85.7677850549167 84.3139343989393 89.7230281542343 89.3676559664478 89.703782638195 87.5236074975797 91.1486072584796 90.4129730638218 87.3391980024683 90.3835309611885 90.0116254882425 90.6117913722832
77.045424760764 0 84.6602650529443 79.0160158892694 83.0306883683626 87.6726240401613 85.5842453359224 80.9554932288086 90.2766912365105 89.7651660120367 90.0951443505086 87.4532080795685 91.5929400332805 90.6644394197623 84.8374307590898 90.2441634696577 88.9298435901867 89.9488566344143
82.8884805545587 84.6602650529443 0 82.0827706588024 81.3493605368748 80.2809501179662 79.6356543330438 84.9607879581046 84.4732479209994 83.9773846093944 84.5681618832458 81.8704442299701 86.9257690522703 85.9046346213025 87.4735316467302 86.4947961014934 88.0605468802782 87.9330371790942
81.7532076048429 79.0160158892694 82.0827706588024 0 74.484421527208 84.3730143467017 80.6188168979226 74.484421527208 88.1120595659312 87.2852747287701 87.7157555952006 83.634245110891 89.6945287903597 88.3394111514181 81.6251957531956 87.5355053915626 85.8305339046655 87.0711757029314
84.2979161426279 83.0306883683626 81.3493605368748 74.484421527208 0 81.6777747588546 75.5673171147236 77.4947214838478 86.4917433424257 85.3566360328787 85.876523218055 80.1429058454304 88.280925491606 86.5327394011099 81.7060996897762 85.3589293289993 83.7959541340204 84.9192614761152
87.3149646703258 87.6726240401613 80.2809501179662 84.3730143467017 81.6777747588546 0 75.7789734791619 85.8484847859827 79.0724707021626 76.4210841896122 77.854207941065 71.8069354424815 82.9149892395132 80.0228223518567 87.2724938816352 80.738820882775 85.5266933956535 84.284941185087
85.7677850549167 85.5842453359224 79.6356543330438 80.6188168979226 75.5673171147236 75.7789734791619 0 82.5809123755536 83.5918335317473 81.9639264915496 82.7273505510716 73.1941952931993 86.0016174742824 83.7403803055746 84.7200415290772 82.7399096570018 83.9686359420563 83.8213544350363
84.3139343989393 80.9554932288086 84.9607879581046 74.484421527208 77.4947214838478 85.8484847859827 82.5809123755536 0 89.1213777344321 88.2707999997702 88.6385873374445 84.7768055508683 90.4513653653806 89.0561647406346 76.8316543916761 87.8892525170522 84.6842118352912 86.6511008236815
89.7230281542343 90.2766912365105 84.4732479209994 88.1120595659312 86.4917433424257 79.0724707021626 83.5918335317473 89.1213777344321 0 70.237526392877 68.9130824932357 81.3887347396581 74.7496661888899 74.4651623168477 90.0186232487922 81.3096260893556 87.9512393494775 86.1992174953576
89.3676559664478 89.7651660120367 83.9773846093944 87.2852747287701 85.3566360328787 76.4210841896122 81.9639264915496 88.2707999997702 70.237526392877 0 61.5241404636041 78.8461887760664 77.407436337185 72.0827706588024 89.1525434399793 78.9298435901867 86.7434582610283 84.7652481569854
89.703782638195 90.0951443505086 84.5681618832458 87.7157555952006 85.876523218055 77.854207941065 82.7273505510716 88.6385873374445 68.9130824932357 61.5241404636041 0 79.8331951945405 75.9539297579115 69.902353932223 89.4497994875647 78.9428743722314 86.9785071288378 84.9296803811179
87.5236074975797 87.4532080795685 81.8704442299701 83.634245110891 80.1429058454304 71.8069354424815 73.1941952931993 84.7768055508683 81.3887347396581 78.8461887760664 79.8331951945405 0 84.1072596034792 80.8776994407101 86.0029188094292 79.3443980803016 83.5273151766891 82.207806342982
91.1486072584796 91.5929400332805 86.9257690522703 89.6945287903597 88.280925491606 82.9149892395132 86.0016174742824 90.4513653653806 74.7496661888899 77.407436337185 75.9539297579115 84.1072596034792 0 75.2289316881936 91.0755025319784 82.0440652034125 88.7530000138307 86.8148321182775
90.4129730638218 90.6644394197623 85.9046346213025 88.3394111514181 86.5327394011099 80.0228223518567 83.7403803055746 89.0561647406346 74.4651623168477 72.0827706588024 69.902353932223 80.8776994407101 75.2289316881936 0 89.6404704394041 76.9747808619358 86.6998332832862 84.2357329690662
87.3391980024683 84.8374307590898 87.4735316467302 81.6251957531956 81.7060996897762 87.2724938816352 84.7200415290772 76.8316543916761 90.0186232487922 89.1525434399793 89.4497994875647 86.0029188094292 91.0755025319784 89.6404704394041 0 88.0853049271552 82.7929928503204 85.8541512699659
90.3835309611885 90.2441634696577 86.4947961014934 87.5355053915626 85.3589293289993 80.738820882775 82.7399096570018 87.8892525170522 81.3096260893556 78.9298435901867 78.9428743722314 79.3443980803016 82.0440652034125 76.9747808619358 88.0853049271552 0 83.5081091981508 79.3345041641043
90.0116254882425 88.9298435901867 88.0605468802782 85.8305339046655 83.7959541340204 85.5266933956535 83.9686359420563 84.6842118352912 87.9512393494775 86.7434582610283 86.9785071288378 83.5273151766891 88.7530000138307 86.6998332832862 82.7929928503204 83.5081091981508 0 76.3713085155732
90.6117913722832 89.9488566344143 87.9330371790942 87.0711757029314 84.9192614761152 84.284941185087 83.8213544350363 86.6511008236815 86.1992174953576 84.7652481569854 84.9296803811179 82.207806342982 86.8148321182775 84.2357329690662 85.8541512699659 79.3345041641043 76.3713085155732 0
