0 80.8821062851461 89.7657356159223 89.9179585158647 82.4600994442045 79.1123755294906 88.5576027989966 86.671245510661 85.9126336164662 87.5263136388159 85.6811254822013 91.0569266728001 88.5210920458533 92.1602484388098 92.0052461083682 90.2528922710362 90.9662939612834 92.5489227568096
80.8821062851461 0 85.9029410845511 86.1350517739506 75.5372620133263 81.9124372658146 84.5790298997213 82.7667558870195 82.4108172720404 83.6964506811521 86.1033994395945 88.6496484135121 88.7429076482031 90.1633214488167 90.0109960311413 88.8522152653533 90.7356330659556 91.2262022299968
89.7657356159223 85.9029410845511 0 56.9639370490137 86.1297923790371 89.6315441977092 81.9469485799524 85.3175840552731 86.3653649600743 84.5681618832458 90.5527990930723 86.3340981236618 91.7532076048429 88.0300950629994 88.0538131744044 89.6909188425127 92.4912274231215 90.7460985465124
89.9179585158647 86.1350517739506 56.9639370490137 0 86.2899428940185 89.7428929869615 81.8772101690235 85.361660952062 86.4247735100825 84.575695180571 90.6038153464986 86.1651703119209 91.7733438314994 87.8673994840703 87.8990294060959 89.6442710499552 92.4790469500718 90.6560956231151
82.4600994442045 75.5372620133263 86.1297923790371 86.2899428940185 0 80.0708701724473 82.6861828178983 78.6204228200208 77.3975598292249 80.4905850455247 83.6501254971811 87.0679967752654 86.8417165672086 88.7966354858417 88.5865931919939 86.7714312014725 89.126256043734 89.7657356159223
79.1123755294906 81.9124372658146 89.6315441977092 89.7428929869615 80.0708701724473 0 87.1563368599256 84.1305691809793 82.6810253671005 85.3915891308315 80.1912970937131 89.4784941033033 84.9659509602808 90.6681426344988 90.4557406389774 87.7285077623664 88.404227566296 90.7447349131916
88.5576027989966 84.5790298997213 81.9469485799524 81.8772101690235 82.6861828178983 87.1563368599256 0 77.3082160992677 80.0783943788722 74.0751327905858 87.2538717514805 80.7318454259519 88.6076864687081 84.1388736556432 83.95209883217 85.1362843532686 89.4460005210533 87.3154094499594
86.671245510661 82.7667558870195 85.3175840552731 85.361660952062 78.6204228200208 84.1305691809793 77.3082160992677 0 68.8243503920156 68.073719122552 83.9582540570183 83.0235590615687 86.1288306686834 85.5899045591923 85.2750549370843 83.381156296672 87.7374097366592 87.1333829195009
85.9126336164662 82.4108172720404 86.3653649600743 86.4247735100825 77.3975598292249 82.6810253671005 80.0783943788722 68.8243503920156 0 74.3872598725851 82.3452739215203 84.2169264795973 85.1014144120895 86.3914562533118 86.0728479354589 83.2483712207629 87.1809971370733 87.3749017919311
87.5263136388159 83.6964506811521 84.5681618832458 84.575695180571 80.4905850455247 85.3915891308315 74.0751327905858 68.073719122552 74.3872598725851 0 85.1130688617644 81.5729154765791 86.8428331489911 84.6150320210808 84.2979161426279 83.3400073683856 88.0715171378125 86.7365991732866
85.6811254822013 86.1033994395945 90.5527990930723 90.6038153464986 83.6501254971811 80.1912970937131 87.2538717514805 83.9582540570183 82.3452739215203 85.1130688617644 0 88.375297950221 77.5519919157727 89.3924558748554 89.1077388152954 84.5130558803267 84.1613919743094 88.607465606858
91.0569266728001 88.6496484135121 86.3340981236618 86.1651703119209 87.0679967752654 89.4784941033033 80.7318454259519 83.0235590615687 84.2169264795973 81.5729154765791 88.375297950221 0 88.6738840693766 74.3872598725851 73.7989102258118 82.5965635072419 88.4018890874713 82.8522543049557
88.5210920458533 88.7429076482031 91.7532076048429 91.7733438314994 86.8417165672086 84.9659509602808 88.6076864687081 86.1288306686834 85.1014144120895 86.8428331489911 77.5519919157727 88.6738840693766 0 89.3046786303878 89.0031006429097 83.4550743499877 79.2428040951504 87.5652470443241
92.1602484388098 90.1633214488167 88.0300950629994 87.8673994840703 88.7966354858417 90.6681426344988 84.1388736556432 85.5899045591923 86.3914562533118 84.6150320210808 89.3924558748554 74.3872598725851 89.3046786303878 0 59.9742370056535 83.2169195995117 88.5210920458533 80.788610269172
92.0052461083682 90.0109960311413 88.0538131744044 87.8990294060959 88.5865931919939 90.4557406389774 83.95209883217 85.2750549370843 86.0728479354589 84.2979161426279 89.1077388152954 73.7989102258118 89.0031006429097 59.9742370056535 0 82.5990048063361 88.2032697249812 80.273145354966
90.2528922710362 88.8522152653533 89.6909188425127 89.6442710499552 86.7714312014725 87.7285077623664 85.1362843532686 83.381156296672 83.2483712207629 83.3400073683856 84.5130558803267 82.5965635072419 83.4550743499877 83.2169195995117 82.5990048063361 0 82.1707228182314 80.1859889851538
90.9662939612834 90.7356330659556 92.4912274231215 92.4790469500718 89.126256043734 88.404227566296 89.4460005210533 87.7374097366592 87.1809971370733 88.0715171378125 84.1613919743094 88.4018890874713 79.2428040951504 88.5210920458533 88.2032697249812 82.1707228182314 0 85.3303424647414
92.5489227568096 91.2262022299968 90.7460985465124 90.6560956231151 89.7657356159223 90.7447349131916 87.3154094499594 87.1333829195009 87.3749017919311 86.7365991732866 88.607465606858 82.8522543049557 87.5652470443241 80.788610269172 80.273145354966 80.1859889851538 85.3303424647414 0
