0 69.0724707021626 75.9126336164662 74.0608757462916 76.0030988407156 78.4638216139284 79.7799514872702 86.9170526284201 86.6909192904129 82.099442252477 84.6595564074942 86.9693623399366 83.622091328923 85.6459716053848 85.61053085255 85.5523155632995 85.5971656502182 88.0232945999633
69.0724707021626 0 75.8987805111985 71.5879170280032 73.5255278626678 76.1020755728508 76.8761978059386 86.1855662418506 85.8498009457799 79.9742370056535 83.2222041818708 86.0434222651364 81.8211513138294 84.3279020717801 84.484421527208 84.1923321062572 84.3139343989393 87.0838681956062
75.9126336164662 75.8987805111985 0 69.5765657369386 70.7095060062839 74.3872598725851 79.2492238225855 88.3778067993041 88.0482604441207 81.2493343553935 85.5807743482046 88.0639385603448 83.4694405414077 86.2440528241078 83.6408008670417 84.6280655201376 84.2596343120333 88.6200893760136
74.0608757462916 71.5879170280032 69.5765657369386 0 62.3053977744447 70.943337135734 76.2581263061566 87.3343400141572 86.9501879836482 79.2428040951504 84.1114246562642 86.9639370490137 81.8069354424815 84.9296803811179 83.091775616211 83.555965823659 83.361291448686 87.627196302634
76.0030988407156 73.5255278626678 70.7095060062839 62.3053977744447 0 67.0292825199798 75.1794883052931 87.3719376615789 86.9487100793787 78.2771188555851 83.904931437403 86.8947472333775 81.211486472931 84.6682143218998 82.2634336555853 82.8848346001675 82.6114846547084 87.4537383227455
78.4638216139284 76.1020755728508 74.3872598725851 70.943337135734 67.0292825199798 0 72.9845369622933 87.2931926093657 86.7982594713267 76.1020755728508 83.3637795294295 86.625354376404 79.8864977625784 84.0311148723812 80.6374962592738 81.4548623602078 81.0505757896518 87.0071507868401
79.7799514872702 76.8761978059386 79.2492238225855 76.2581263061566 75.1794883052931 72.9845369622933 0 85.6026149543274 84.9347042762803 69.5166621000467 80.237526392877 84.6354957098355 75.289026176076 81.1963957883817 80.5622918724125 79.3002428506583 79.6648998632169 85.0930706154422
86.9170526284201 86.1855662418506 88.3778067993041 87.3343400141572 87.3719376615789 87.2931926093657 85.6026149543274 0 66.5063621434069 85.6908394304944 80.248427721339 73.9366562717955 84.4808273371065 81.1640571199579 88.5728674075195 86.5640371925344 87.4490742569239 80.4663561930919
86.6909192904129 85.8498009457799 88.0482604441207 86.9501879836482 86.9487100793787 86.7982594713267 84.9347042762803 66.5063621434069 0 84.9138655888247 78.4819886446002 69.4222491483417 83.4800180700946 79.4397937411058 87.94768501753 85.7194104843088 86.7044146444517 78.7191967400187
82.099442252477 79.9742370056535 81.2493343553935 79.2428040951504 78.2771188555851 76.1020755728508 69.5166621000467 85.6908394304944 84.9138655888247 0 79.5765657369386 84.3596604935146 71.1136705287218 80.0814756595712 78.5776170713634 75.8987805111985 76.6604254538209 84.3517426338573
84.6595564074942 83.2222041818708 85.5807743482046 84.1114246562642 83.904931437403 83.3637795294295 80.237526392877 80.248427721339 78.4819886446002 79.5765657369386 0 76.8982993539898 76.3340981236618 67.9330371790942 84.3872598725851 80.8600272095335 82.4692779150087 78.1860958317419
86.9693623399366 86.0434222651364 88.0639385603448 86.9639370490137 86.8947472333775 86.625354376404 84.6354957098355 73.9366562717955 69.4222491483417 84.3596604935146 76.8982993539898 0 82.5868656935784 77.2169957016613 87.3382020284199 84.7904545651168 85.9195436335469 75.0930706154422
83.622091328923 81.8211513138294 83.4694405414077 81.8069354424815 81.211486472931 79.8864977625784 75.289026176076 84.4808273371065 83.4800180700946 71.1136705287218 76.3340981236618 82.5868656935784 0 76.4578371154628 80.0814756595712 74.5416919591329 77.0605702158074 82.2531040517902
85.6459716053848 84.3279020717801 86.2440528241078 84.9296803811179 84.6682143218998 84.0311148723812 81.1963957883817 81.1640571199579 79.4397937411058 80.0814756595712 67.9330371790942 77.2169957016613 76.4578371154628 0 84.1239704853616 80.0867687069284 81.9504880014648 76.2581263061566
85.61053085255 84.484421527208 83.6408008670417 83.091775616211 82.2634336555853 80.6374962592738 80.5622918724125 88.5728674075195 87.94768501753 78.5776170713634 84.3872598725851 87.3382020284199 80.0814756595712 84.1239704853616 0 75.9539297579115 71.6251957531956 86.6440941889501
85.5523155632995 84.1923321062572 84.6280655201376 83.555965823659 82.8848346001675 81.4548623602078 79.3002428506583 86.5640371925344 85.7194104843088 75.8987805111985 80.8600272095335 84.7904545651168 74.5416919591329 80.0867687069284 75.9539297579115 0 67.9330371790942 83.6501254971811
85.5971656502182 84.3139343989393 84.2596343120333 83.361291448686 82.6114846547084 81.0505757896518 79.6648998632169 87.4490742569239 86.7044146444517 76.6604254538209 82.4692779150087 85.9195436335469 77.0605702158074 81.9504880014648 71.6251957531956 67.9330371790942 0 84.9659509602808
88.0232945999633 87.0838681956062 88.6200893760136 87.627196302634 87.4537383227455 87.0071507868401 85.0930706154422 80.4663561930919 78.7191967400187 84.3517426338573 78.1860958317419 75.0930706154422 82.2531040517902 76.2581263061566 86.6440941889501 83.6501254971811 84.9659509602808 0
