0 88.5301856345584 79.000096855152 78.4638216139284 88.9566880924795 85.1086404398574 85.191259646346 89.1453517305904 89.6806109422008 86.6639170349971 90.0533294601753 88.1407920610298 88.5663707686117 88.3280509510047 90.2716973337453 92.5344953540117 89.9166629373727 91.6164324577724
88.5301856345584 0 85.1807094625443 87.3162326125158 82.4108172720404 89.1157374526247 90.8667488191591 85.0274329204183 85.1986793407167 88.2106092259997 86.2077258676633 88.3453844908085 89.4301536759735 91.7140504641513 89.3008040763313 88.8756516062992 91.292182090611 90.0645781466062
79.000096855152 85.1807094625443 0 76.1371011807087 85.8123082831873 84.1260579378503 85.9415820941298 86.3694263958561 87.0552088835263 84.7104290537484 87.6532131658344 86.2077258676633 87.1176035115839 88.3279715303536 88.6208308091898 90.7764729865941 89.1361436054588 90.1120859211209
78.4638216139284 87.3162326125158 76.1371011807087 0 86.4967004156867 80.4310660339404 82.5535740019425 86.4247735100825 87.1696213970273 82.4416841028919 87.5845146830976 84.6944839826563 85.4024912752453 86.0266117709315 87.6942813222493 90.7342661421173 87.4928405679804 89.4594752208808
88.9566880924795 82.4108172720404 85.8123082831873 86.4967004156867 0 86.5044016569542 89.1113756709692 73.6150544197642 73.9968508302003 84.2959097000793 77.2176691376503 83.5630990497122 85.3649979935812 89.399982903924 84.2842145455993 84.1114246562642 88.0897205190651 85.4202692816075
85.1086404398574 89.1157374526247 84.1260579378503 80.4310660339404 86.5044016569542 0 77.4754622734875 85.4030214644805 86.1977170758375 75.2052770940614 86.2491757321852 79.790446295457 79.5774342091109 80.273145354966 84.4166372889035 89.5185610694678 82.4936594236437 86.9476203930553
85.191259646346 90.8667488191591 85.9415820941298 82.5535740019425 89.1113756709692 77.4754622734875 0 88.3330882901747 88.9043248492644 82.3007670083031 88.9180900111074 84.4204720350249 83.7085540195771 78.4018890874713 87.1809971370733 91.3585522881248 84.1427215355371 89.0355663526282
89.1453517305904 85.0274329204183 86.3694263958561 86.4247735100825 73.6150544197642 85.4030214644805 88.3330882901747 0 65.5673171147236 82.4570356382086 70.5826956627146 80.8776994407101 83.1574795141574 88.2810081192835 81.2781617324816 82.7760355725621 86.4329372257344 82.9775233936192
89.6806109422008 85.1986793407167 87.0552088835263 87.1696213970273 73.9968508302003 86.1977170758375 88.9043248492644 65.5673171147236 0 83.5008850021645 67.0419242745513 81.9124372658146 83.8879993973499 88.7636152990131 81.5685530943306 81.6326132525547 86.84544579956 82.7391756014395
86.6639170349971 88.2106092259997 84.7104290537484 82.4416841028919 84.2959097000793 75.2052770940614 82.3007670083031 82.4570356382086 83.5008850021645 0 83.4584917371519 72.5269620566865 74.8172353991213 82.4094764303051 81.1245565989413 87.6624672601499 81.4359501048187 84.6129473936285
90.0533294601753 86.2077258676633 87.6532131658344 87.5845146830976 77.2176691376503 86.2491757321852 88.9180900111074 70.5826956627146 67.0419242745513 83.4584917371519 0 81.4838778685843 83.3881778339209 88.5626155199393 80.1964580507305 80.4413313477914 86.3340981236618 81.2209091826396
88.1407920610298 88.3453844908085 86.2077258676633 84.6944839826563 83.5630990497122 79.790446295457 84.4204720350249 80.8776994407101 81.9124372658146 72.5269620566865 81.4838778685843 0 70.943337135734 83.5095840233205 77.1202166494156 86.1677794707972 80.4865219772628 82.1356590533135
88.5663707686117 89.4301536759735 87.1176035115839 85.4024912752453 85.3649979935812 79.5774342091109 83.7085540195771 83.1574795141574 83.8879993973499 74.8172353991213 83.3881778339209 70.943337135734 0 81.6948203180567 77.5515283920292 86.9312422033652 77.0012621144549 82.2762452943471
88.3280509510047 91.7140504641513 88.3279715303536 86.0266117709315 89.399982903924 80.273145354966 78.4018890874713 88.2810081192835 88.7636152990131 82.4094764303051 88.5626155199393 83.5095840233205 81.6948203180567 0 85.6238550502764 90.6745746028863 79.4681370721026 87.5424991364325
90.2716973337453 89.3008040763313 88.6208308091898 87.6942813222493 84.2842145455993 84.4166372889035 87.1809971370733 81.2781617324816 81.5685530943306 81.1245565989413 80.1964580507305 77.1202166494156 77.5515283920292 85.6238550502764 0 83.593766602462 81.0208149157414 75.0257367888525
92.5344953540117 88.8756516062992 90.7764729865941 90.7342661421173 84.1114246562642 89.5185610694678 91.3585522881248 82.7760355725621 81.6326132525547 87.6624672601499 80.4413313477914 86.1677794707972 86.9312422033652 90.6745746028863 83.593766602462 0 88.3615125854958 81.3974520020201
89.9166629373727 91.292182090611 89.1361436054588 87.4928405679804 88.0897205190651 82.4936594236437 84.1427215355371 86.4329372257344 86.84544579956 81.4359501048187 86.3340981236618 80.4865219772628 77.0012621144549 79.4681370721026 81.0208149157414 88.3615125854958 0 83.5392759245935
91.6164324577724 90.0645781466062 90.1120859211209 89.4594752208808 85.4202692816075 86.9476203930553 89.0355663526282 82.9775233936192 82.7391756014395 84.6129473936285 81.2209091826396 82.1356590533135 82.2762452943471 87.5424991364325 75.0257367888525 81.3974520020201 83.5392759245935 0
