0 85.435034457386 69.0724707021626 77.8754547722423 82.6135550936366 83.1391823978766 85.9415820941298 87.2991797988463 87.9330371790942 88.7852291895436 88.444562403568 90.0708701724473 91.54351256105 91.9994607326019 93.049464799263 93.274314014381 92.8312162621087 93.4468051401423
85.435034457386 0 86.2504555155506 88.0218101334682 88.9090804678383 85.5927014269514 89.1189908313318 86.2325041385106 88.4383813744954 88.4599765983439 90.7013302325281 90.5892330106331 90.857813115772 90.855597892659 92.0215398082145 92.6002308959102 92.9188992672694 94.598216984643
69.0724707021626 86.2504555155506 0 74.14152613175 80.5906463462703 82.3326765383033 84.8385417941978 86.9834364598563 87.3749017919311 88.3666599593055 87.6085169412828 89.5556933220744 91.2343328039695 91.7618488509086 92.8253073013216 93.0107865762715 92.4570356382086 92.9676753606263
77.8754547722423 88.0218101334682 74.14152613175 0 76.6059623881036 82.8631686644407 83.6300373256208 87.3989520344009 87.2289649511703 88.3900568253268 86.5722657640945 89.1952310345224 91.1883736248475 91.8223062107192 92.8400934568454 92.9311951745646 92.1587305022719 92.3086740200417
82.6135550936366 88.9090804678383 80.5906463462703 76.6059623881036 0 81.4702765549837 79.2299361010872 86.2581263061566 85.27783507335 86.8461811729156 83.3836330260342 87.2991797988463 89.9399009387904 90.7750878561122 91.8529679016913 91.8512064152267 90.7750878561122 90.753364035148
83.1391823978766 85.5927014269514 82.3326765383033 82.8631686644407 81.4702765549837 0 79.5943768821453 79.5943768821453 80.5527990930723 82.3859648733539 83.760486836007 85.0830368532146 87.3975598292249 88.18363686509 89.7428929869615 90.0356871694171 89.4809274664817 91.0314672262549
85.9415820941298 89.1189908313318 84.8385417941978 83.6300373256208 79.2299361010872 79.5943768821453 0 83.201597050353 80.1288824412368 82.8884805545587 76.4578371154628 82.9436298012717 87.0764687502886 88.3073021585004 89.6426912422026 89.5700166380199 88.118377883376 88.7320818557614
87.2991797988463 86.2325041385106 86.9834364598563 87.3989520344009 86.2581263061566 79.5943768821453 83.201597050353 0 76.5662657802988 75.5523155632995 84.7200415290772 82.6135550936366 83.7331583043885 84.484421527208 86.8249332995649 87.4802850888848 87.5519919157727 90.6356319343604
87.9330371790942 88.4383813744954 87.3749017919311 87.2289649511703 85.27783507335 80.5527990930723 80.1288824412368 76.5662657802988 0 71.5879170280032 80.788610269172 77.6457956664753 82.4600994442045 84.2005457159281 86.4050608189035 86.6112462595499 85.6694391116945 88.7773699469597
88.7852291895436 88.4599765983439 88.3666599593055 88.3900568253268 86.8461811729156 82.3859648733539 82.8884805545587 75.5523155632995 71.5879170280032 0 83.0625479788191 77.8275353557611 80.237526392877 82.099442252477 84.924474053039 85.3962648299937 85.0612171811727 89.115684439989
88.444562403568 90.7013302325281 87.6085169412828 86.5722657640945 83.3836330260342 83.760486836007 76.4578371154628 84.7200415290772 80.788610269172 83.0625479788191 0 80.5098229277861 86.0981015495578 87.6624672601499 88.8504100090108 88.4936964734117 86.2196361444474 86.3114457956494
90.0708701724473 90.5892330106331 89.5556933220744 89.1952310345224 87.2991797988463 85.0830368532146 82.9436298012717 82.6135550936366 77.6457956664753 77.8275353557611 80.5098229277861 0 79.6707254104607 82.7531929436013 84.6595564074942 84.1984937693655 81.5313920024931 86.3603773685769
91.54351256105 90.857813115772 91.2343328039695 91.1883736248475 89.9399009387904 87.3975598292249 87.0764687502886 83.7331583043885 82.4600994442045 80.237526392877 86.0981015495578 79.6707254104607 0 72.5570171580838 77.8007545217567 78.4407002914246 80.5289759679537 88.3666599593055
91.9994607326019 90.855597892659 91.7618488509086 91.8223062107192 90.7750878561122 88.18363686509 88.3073021585004 84.484421527208 84.2005457159281 82.099442252477 87.6624672601499 82.7531929436013 72.5570171580838 0 74.3279020717801 77.9762509169206 82.6459542896836 89.5407227977055
93.049464799263 92.0215398082145 92.8253073013216 92.8400934568454 91.8529679016913 89.7428929869615 89.6426912422026 86.8249332995649 86.4050608189035 84.924474053039 88.8504100090108 84.6595564074942 77.8007545217567 74.3279020717801 0 72.5570171580838 82.1556516872302 89.546717201444
93.274314014381 92.6002308959102 93.0107865762715 92.9311951745646 91.8512064152267 90.0356871694171 89.5700166380199 87.4802850888848 86.6112462595499 85.3962648299937 88.4936964734117 84.1984937693655 78.4407002914246 77.9762509169206 72.5570171580838 0 79.3002428506583 88.4228902048013
92.8312162621087 92.9188992672694 92.4570356382086 92.1587305022719 90.7750878561122 89.4809274664817 88.118377883376 87.5519919157727 85.6694391116945 85.0612171811727 86.2196361444474 81.5313920024931 80.5289759679537 82.6459542896836 82.1556516872302 79.3002428506583 0 84.716399646416
93.4468051401423 94.598216984643 92.9676753606263 92.3086740200417 90.753364035148 91.0314672262549 88.7320818557614 90.6356319343604 88.7773699469597 89.115684439989 86.3114457956494 86.3603773685769 88.3666599593055 89.5407227977055 89.546717201444 88.4228902048013 84.716399646416 0
