0 81.2493343553935 84.3059326558759 86.3051316877291 89.4954990830677 88.3192387985912 88.9042214225407 90.0131486680226 89.5159794342056 90.7368885642828 93.0430423028275 91.6900390249741 91.8596550420021 92.7333942113822 94.1009420423914 94.864663401487 94.8641154728461 95.2408599357581
81.2493343553935 0 85.8625542615955 79.6906764223745 85.2505360143668 85.0796871077196 86.5376151333289 86.9693623399366 87.0299919730999 89.3658037940651 90.8378353124009 90.4201245351034 90.8422827729217 91.2331141878218 92.9235813910652 93.8097789418432 94.0505354803212 94.6341963439491
84.3059326558759 85.8625542615955 0 87.2324270888144 90.607570595171 86.2478955715808 85.7634929002411 88.6052340688356 86.9015623168629 86.9767832391234 92.0154368322127 88.3192387985912 88.2171228302489 90.2609660205458 91.7844506551408 92.6967207661424 92.3912287899038 92.6952650196001
86.3051316877291 79.6906764223745 87.2324270888144 0 80.7739111890009 80.7905671953819 83.7007530727823 82.5817607137506 83.8146333429251 87.6253319777206 88.0628439083544 88.743288177969 89.4526873450638 89.2578094009244 91.3529637517313 92.3949903092406 92.8818153354696 93.6789877783415
89.4954990830677 85.2505360143668 90.607570595171 80.7739111890009 0 85.2505360143668 87.1696213970273 84.4166372889035 86.7657988801936 89.8321471936965 87.2415090959192 90.4997336659665 91.220094294783 90.3094797554861 92.1031014302822 93.0009724825438 93.7271122128806 94.5841545498447
88.3192387985912 85.0796871077196 86.2478955715808 80.7905671953819 85.2505360143668 0 73.2478263495168 76.1677794707972 73.331419456974 82.4361190482991 85.907097675858 84.3059326558759 85.5039593802835 85.3681348263785 88.444562403568 89.8800455525318 90.4173061729225 91.4452006324876
88.9042214225407 86.5376151333289 85.7634929002411 83.7007530727823 87.1696213970273 73.2478263495168 0 78.8461887760664 68.7778888284053 78.8365011523854 86.2810577195812 81.7097415724374 83.1548703552811 83.8213544350363 87.3031982537424 88.9200241700755 89.324698698643 90.4044194401031
90.0131486680226 86.9693623399366 88.6052340688356 82.5817607137506 84.4166372889035 76.1677794707972 78.8461887760664 0 76.2087168934238 83.5845273386738 82.5659932787142 84.6354957098355 86.0715147213828 84.2898848045664 87.6624672601499 89.1736500063352 90.1226431961265 91.3619991629469
89.5159794342056 87.0299919730999 86.9015623168629 83.8146333429251 86.7657988801936 73.331419456974 68.7778888284053 76.2087168934238 0 79.3002428506583 85.0385605147348 81.585658362202 83.3302826936902 82.9113581557163 86.7832353189548 88.4944597996847 89.115684439989 90.3266454985696
90.7368885642828 89.3658037940651 86.9767832391234 87.6253319777206 89.8321471936965 82.4361190482991 78.8365011523854 83.5845273386738 79.3002428506583 0 87.11382121222 72.0250901418981 75.016786948897 80.3691404356609 84.4144319980107 86.4930717190664 86.5063621434069 87.8035416781432
93.0430423028275 90.8378353124009 92.0154368322127 88.0628439083544 87.2415090959192 85.907097675858 86.2810577195812 82.5659932787142 85.0385605147348 87.11382121222 0 86.921385559777 88.1117143687293 84.3872598725851 86.6499338359494 87.8969518550591 89.7271274961308 91.2683159643051
91.6900390249741 90.4201245351034 88.3192387985912 88.743288177969 90.4997336659665 84.3059326558759 81.7097415724374 84.6354957098355 81.585658362202 72.0250901418981 86.921385559777 0 70.4372372021832 77.5424991364325 82.1292907879716 84.702631176361 84.7333846067321 86.4284596991444
91.8596550420021 90.8422827729217 88.2171228302489 89.4526873450638 91.220094294783 85.5039593802835 83.1548703552811 86.0715147213828 83.3302826936902 75.016786948897 88.1117143687293 70.4372372021832 0 80.0814756595712 82.6839352129843 84.8802157492411 84.1913661344671 85.61053085255
92.7333942113822 91.2331141878218 90.2609660205458 89.2578094009244 90.3094797554861 85.3681348263785 83.8213544350363 84.2898848045664 82.9113581557163 80.3691404356609 84.3872598725851 77.5424991364325 80.0814756595712 0 77.9762509169206 82.0435843589824 83.9822297578445 86.5075683494469
94.1009420423914 92.9235813910652 91.7844506551408 91.3529637517313 92.1031014302822 88.444562403568 87.3031982537424 87.6624672601499 86.7832353189548 84.4144319980107 86.6499338359494 82.1292907879716 82.6839352129843 77.9762509169206 0 73.5449955414527 79.2230202143504 83.6150544197642
94.864663401487 93.8097789418432 92.6967207661424 92.3949903092406 93.0009724825438 89.8800455525318 88.9200241700755 89.1736500063352 88.4944597996847 86.4930717190664 87.8969518550591 84.702631176361 84.8802157492411 82.0435843589824 73.5449955414527 0 77.1861580940907 82.4209741100245
94.8641154728461 94.0505354803212 92.3912287899038 92.8818153354696 93.7271122128806 90.4173061729225 89.324698698643 90.1226431961265 89.115684439989 86.5063621434069 89.7271274961308 84.7333846067321 84.1913661344671 83.9822297578445 79.2230202143504 77.1861580940907 0 75.7458599814622
95.2408599357581 94.6341963439491 92.6952650196001 93.6789877783415 94.5841545498447 91.4452006324876 90.4044194401031 91.3619991629469 90.3266454985696 87.8035416781432 91.2683159643051 86.4284596991444 85.61053085255 86.5075683494469 83.6150544197642 82.4209741100245 75.7458599814622 0
