0 83.12601597112 81.7014249377686 82.8787083248821 83.381156296672 88.300398669483 89.3180828133843 88.404227566296 89.9435766516079 91.700631133143 92.4454494404771 92.7760355725621 92.9279834894532 93.470168755056 94.1560065314819 94.6483340030627 94.5440591305283 96.6539948920001
83.12601597112 0 71.6251957531956 74.5416919591329 82.899757292918 89.7571837034398 90.1052437355394 87.0208613093645 88.2195629154254 91.7358111731527 90.3688739390761 92.007858453261 91.9933694524936 91.2379927096899 93.5078913052062 92.9463689655499 93.3290667527003 95.8415162187485
81.7014249377686 71.6251957531956 0 68.103370572082 80.2620099142472 88.6230543495502 89.0617671974988 85.8716543084952 87.4269372455433 90.9708555580453 90.0814756595712 91.4376186024585 91.4675299419261 91.1642175769015 93.0419256820823 92.8052696349375 93.0212959877811 95.586592891061
82.8787083248821 74.5416919591329 68.103370572082 0 78.9060984393284 88.2032697249812 88.5475619699661 84.7622021354109 86.4505113704269 90.4481197371813 89.371924760187 90.8539069440244 90.8740061395036 90.5776812968543 92.556896102494 92.3019752737327 92.513671632346 95.2125142745422
83.381156296672 82.899757292918 80.2620099142472 78.9060984393284 0 84.5595418124957 85.1433638084904 81.2614598490377 84.4570638781817 88.1200421657566 88.8842668519259 89.2511478917976 89.4350734667223 90.6009967775609 91.2634774773291 92.0335050401319 91.739697580987 94.5316097336162
88.300398669483 89.7571837034398 88.6230543495502 88.2032697249812 84.5595418124957 0 73.6150544197642 84.278085641438 86.3152293981705 83.4965222558809 90.3210228062334 87.7431060028322 88.4077236775536 92.1715153600668 89.6878404362801 92.7896837015968 91.5491824493427 93.8525827295616
89.3180828133843 90.1052437355394 89.0617671974988 88.5475619699661 85.1433638084904 73.6150544197642 0 83.0651852875259 84.9192614761152 80.2223936900121 89.3116400006228 85.8749872876861 86.7209437290631 91.3970482564335 88.2027062442301 91.9363443980687 90.4294226344984 92.9641315458079
88.404227566296 87.0208613093645 85.8716543084952 84.7622021354109 81.2614598490377 84.278085641438 83.0651852875259 0 74.9142800969925 84.5832154332189 85.0393559392899 84.9796890336395 85.1757958751021 87.9899889902793 88.0740403942904 89.4639072931278 88.693087106199 92.4066657253079
89.9435766516079 88.2195629154254 87.4269372455433 86.4505113704269 84.4570638781817 86.3152293981705 84.9192614761152 74.9142800969925 0 84.6476676430623 81.9124372658146 83.0875975086805 82.9350311061092 86.0175161765558 86.7111648069157 87.6726240401613 86.8249332995649 91.3307306167815
91.700631133143 91.7358111731527 90.9708555580453 90.4481197371813 88.1200421657566 83.4965222558809 80.2223936900121 84.5832154332189 84.6476676430623 0 88.0909038311418 81.0505757896518 82.7674836600796 90.4401640436861 84.0417671828947 90.4887157591712 88.0337733865369 90.8216339500018
92.4454494404771 90.3688739390761 90.0814756595712 89.371924760187 88.8842668519259 90.3210228062334 89.3116400006228 85.0393559392899 81.9124372658146 88.0909038311418 0 84.420441666154 83.2488272934305 78.0637812070102 86.5092090997592 81.6951556819209 83.1548703552811 89.5485139103515
92.7760355725621 92.007858453261 91.4376186024585 90.8539069440244 89.2511478917976 87.7431060028322 85.8749872876861 84.9796890336395 83.0875975086805 81.0505757896518 84.420441666154 0 68.1860958317419 87.5453491495408 77.6085169412828 87.0647924646734 82.8945477700913 88.0440990277416
92.9279834894532 91.9933694524936 91.4675299419261 90.8740061395036 89.4350734667223 88.4077236775536 86.7209437290631 85.1757958751021 82.9350311061092 82.7674836600796 83.2488272934305 68.1860958317419 0 86.6440941889501 77.8007545217567 86.0157144787928 81.3121393148745 87.5793623461572
93.470168755056 91.2379927096899 91.1642175769015 90.5776812968543 90.6009967775609 92.1715153600668 91.3970482564335 87.9899889902793 86.0175161765558 90.4401640436861 78.0637812070102 87.5453491495408 86.6440941889501 0 88.6289782308698 78.938876801428 84.6862723695872 89.9018951133402
94.1560065314819 93.5078913052062 93.0419256820823 92.556896102494 91.2634774773291 89.6878404362801 88.2027062442301 88.0740403942904 86.7111648069157 84.0417671828947 86.5092090997592 77.6085169412828 77.8007545217567 88.6289782308698 0 87.2874941616736 81.7876650677037 85.5023246380857
94.6483340030627 92.9463689655499 92.8052696349375 92.3019752737327 92.0335050401319 92.7896837015968 91.9363443980687 89.4639072931278 87.6726240401613 90.4887157591712 81.6951556819209 87.0647924646734 86.0157144787928 78.938876801428 87.2874941616736 0 80.9994315893368 87.2516823140145
94.5440591305283 93.3290667527003 93.0212959877811 92.513671632346 91.739697580987 91.5491824493427 90.4294226344984 88.693087106199 86.8249332995649 88.0337733865369 83.1548703552811 82.8945477700913 81.3121393148745 84.6862723695872 81.7876650677037 80.9994315893368 0 83.9296849669784
96.6539948920001 95.8415162187485 95.586592891061 95.2125142745422 94.5316097336162 93.8525827295616 92.9641315458079 92.4066657253079 91.3307306167815 90.8216339500018 89.5485139103515 88.0440990277416 87.5793623461572 89.9018951133402 85.5023246380857 87.2516823140145 83.9296849669784 0
