0 84.1427215355371 86.7696515306304 87.6019601377656 86.9487100793787 88.4011093146316 91.5313920024931 90.4547035050979 91.5766707252515 91.4498409443732 91.3513377482993 91.5552221823547 91.9871838486129 92.3728602091683 93.3680059980874 93.5945826673258 94.4321803854852 94.5701996564242
84.1427215355371 0 86.5111849588043 77.9330371790942 84.7544879428325 85.7863355292019 90.6192848624529 87.4522624267595 90.3450142760748 89.6426912422026 87.5519919157727 87.9710879147445 90.166438767878 88.8567341753854 91.2614598490377 91.9415242318863 93.4406838936557 92.1329159058546
86.7696515306304 86.5111849588043 0 87.9399803377578 75.4304003347848 78.9642297145514 84.0502702591676 84.323045832795 84.2979161426279 84.5832154332189 87.6085169412828 87.6532131658344 85.7749292329038 89.2511478917976 88.8756516062992 88.7737928568809 89.8315724923842 91.5925985824204
87.6019601377656 77.9330371790942 87.9399803377578 0 85.9195436335469 86.1677794707972 90.8222332357115 86.7472787518137 90.3985153565124 89.4239960897739 85.6562542463234 86.2478955715808 89.8296243895863 86.8817337465467 90.4761005024071 91.4494544410294 93.2583526775451 90.8628125093693
86.9487100793787 84.7544879428325 75.4304003347848 85.9195436335469 0 72.5570171580838 84.575695180571 81.5858124675971 84.2717598056775 83.6033008406848 85.3915891308315 85.5266933956535 84.8615063718665 87.4754622734875 87.8497272528937 88.1573208909491 89.8393489714007 90.5109675238625
88.4011093146316 85.7863355292019 78.9642297145514 86.1677794707972 72.5570171580838 0 83.3011458390096 77.8890015962202 82.5659932787142 81.1220143253691 83.6150544197642 83.6710330012516 82.6810253671005 86.082168991845 86.2196361444474 86.6882798185873 88.8678591406331 89.3818311904316
91.5313920024931 90.6192848624529 84.0502702591676 90.8222332357115 84.575695180571 83.3011458390096 0 83.566772405435 69.2684262627964 77.7647878994723 87.4142314228996 87.1143894407578 79.0119174309222 88.6665542029632 84.9383437488801 83.1679005025265 83.6231573644579 89.720789605498
90.4547035050979 87.4522624267595 84.323045832795 86.7472787518137 81.5858124675971 77.8890015962202 83.566772405435 0 82.0381947087782 78.3117918556782 78.9139648105603 78.4916587941141 79.3667062721148 82.4887955706902 82.5356529273614 84.0703071960853 87.7056993033671 86.696370469958
91.5766707252515 90.3450142760748 84.2979161426279 90.3985153565124 84.2717598056775 82.5659932787142 69.2684262627964 82.0381947087782 0 73.7989102258118 86.3653649600743 86.0016174742824 75.6120133392751 87.7157555952006 83.4694405414077 81.6951556819209 83.3950896607838 88.8726251125207
91.4498409443732 89.6426912422026 84.5832154332189 89.4239960897739 83.6033008406848 81.1220143253691 77.7647878994723 78.3117918556782 73.7989102258118 0 84.0735682389664 83.5725918290523 67.9330371790942 85.7620612388407 81.1303421223965 80.4857622301273 84.433141854142 87.4488514725185
91.3513377482993 87.5519919157727 87.6085169412828 85.6562542463234 85.3915891308315 83.6150544197642 87.4142314228996 78.9139648105603 86.3653649600743 84.0735682389664 0 62.9845369622933 84.09464030757 74.0608757462916 83.447537158823 85.9566689221897 89.481908041903 84.4567614939943
91.5552221823547 87.9710879147445 87.6532131658344 86.2478955715808 85.5266933956535 83.6710330012516 87.1143894407578 78.4916587941141 86.0016174742824 83.5725918290523 62.9845369622933 0 83.5008850021645 73.88799939735 82.5868656935784 85.3461292680899 89.0994740081974 83.9265846251512
91.9871838486129 90.166438767878 85.7749292329038 89.8296243895863 84.8615063718665 82.6810253671005 79.0119174309222 79.3667062721148 75.6120133392751 67.9330371790942 84.09464030757 83.5008850021645 0 85.5266933956535 79.2299361010872 78.1860958317419 83.5284451821451 86.7554483809941
92.3728602091683 88.8567341753854 89.2511478917976 86.8817337465467 87.4754622734875 86.082168991845 88.6665542029632 82.4887955706902 87.7157555952006 85.7620612388407 74.0608757462916 73.88799939735 85.5266933956535 0 83.6033008406848 86.3852582433843 89.8883301546692 82.1764556573295
93.3680059980874 91.2614598490377 88.8756516062992 90.4761005024071 87.8497272528937 86.2196361444474 84.9383437488801 82.5356529273614 83.4694405414077 81.1303421223965 83.447537158823 82.5868656935784 79.2299361010872 83.6033008406848 0 75.5372620133263 84.2854463857125 82.4350107658733
93.5945826673258 91.9415242318863 88.7737928568809 91.4494544410294 88.1573208909491 86.6882798185873 83.1679005025265 84.0703071960853 81.6951556819209 80.4857622301273 85.9566689221897 85.3461292680899 78.1860958317419 86.3852582433843 75.5372620133263 0 80.360264033813 85.3609233556429
94.4321803854852 93.4406838936557 89.8315724923842 93.2583526775451 89.8393489714007 88.8678591406331 83.6231573644579 87.7056993033671 83.3950896607838 84.433141854142 89.481908041903 89.0994740081974 83.5284451821451 89.8883301546692 84.2854463857125 80.360264033813 0 88.9628594842768
94.5701996564242 92.1329159058546 91.5925985824204 90.8628125093693 90.5109675238625 89.3818311904316 89.720789605498 86.696370469958 88.8726251125207 87.4488514725185 84.4567614939943 83.9265846251512 86.7554483809941 82.1764556573295 82.4350107658733 85.3609233556429 88.9628594842768 0
