0 79.9360690089101 84.2169264795973 85.1213743621328 86.0070343066891 88.8689981779797 88.8324686454872 91.2066265229575 92.0586505700391 93.6798304829701 92.7563468038651 93.8981284625142 93.1137432126635 95.0129946433235 95.3228464828451 95.950944243009 95.7423998057847 96.7544103184933
79.9360690089101 0 87.1530214921769 86.9747808619358 82.5868656935784 86.723798335557 86.8415780274004 89.6614007803213 90.9955713843154 93.9355763693999 92.2193597409086 94.0805333306849 92.7467474269039 95.1399212453398 95.1261812762836 95.7143401945896 95.2563313304275 96.0639075761074
84.2169264795973 87.1530214921769 0 74.598216984643 87.5652470443241 89.0711077363271 88.8221967197576 90.8776994407101 91.0856014296263 90.7628815804338 90.9893408350392 91.155643720531 91.1172749335436 92.6459542896836 93.5196704489431 94.3405708675362 94.5032130524979 96.0649760497897
85.1213743621328 86.9747808619358 74.598216984643 0 86.2093142267685 87.5675507224579 87.2318077992963 89.5323167080541 89.6922122441951 89.7314264593261 89.5795200452541 90.1241649821559 89.7669384355207 91.7955291461834 92.5894206135431 93.4888572225093 93.6014173125976 95.2987549634558
86.0070343066891 82.5868656935784 87.5652470443241 86.2093142267685 0 78.3089631696909 78.6168008425263 84.598216984643 86.8861574238521 92.1388651124052 89.037411314796 92.2211858993557 89.9085348798414 93.4323836413508 93.0746249204794 93.7570650881225 93.0234486246624 93.997065822147
88.8689981779797 86.723798335557 89.0711077363271 87.5675507224579 78.3089631696909 0 62.0827706588024 78.8422947878799 83.0477119904727 91.2789926379812 86.6917490863679 91.2722494156154 87.9693655491383 92.4942244421155 91.7282678173998 92.4447587542196 91.3868165767671 92.4392283896916
88.8324686454872 86.8415780274004 88.8221967197576 87.2318077992963 78.6168008425263 62.0827706588024 0 78.7859088291508 82.6795488455192 90.9803437267545 86.2937452682456 90.9782929165199 87.6019601377656 92.2485748265308 91.5047597563245 92.2547098735201 91.230332645291 92.3909673769953
91.2066265229575 89.6614007803213 90.8776994407101 89.5323167080541 84.598216984643 78.8422947878799 78.7859088291508 0 76.9747808619359 90.8097110918356 84.3338289036926 90.6695305263302 86.1744539249116 91.7532076048429 90.3438184071677 91.023447279973 89.3794018549791 90.4122790867573
92.0586505700391 90.9955713843154 91.0856014296263 89.6922122441951 86.8861574238521 83.0477119904727 82.6795488455192 76.9747808619359 0 89.2338005042658 79.7627426544618 88.9847314590875 82.7161598608739 90.1471795575176 88.2492210720842 89.1091766144372 87.2016042685911 89.178079427437
93.6798304829701 93.9355763693999 90.7628815804338 89.7314264593261 92.1388651124052 91.2789926379812 90.9803437267545 90.8097110918356 89.2338005042658 0 85.9402859820982 66.9639370490136 84.2316192335926 78.4944597996847 84.6718697463981 86.7081925557602 89.0058154076919 92.6488877209461
92.7563468038651 92.2193597409086 90.9893408350392 89.5795200452541 89.037411314796 86.6917490863679 86.2937452682456 84.3338289036926 79.7627426544618 85.9402859820982 0 85.4570488766822 71.9124372658146 87.0204487439099 84.598216984643 86.2080222604288 85.0824297254349 89.1404529209893
93.8981284625142 94.0805333306849 91.155643720531 90.1241649821559 92.2211858993557 91.2722494156154 90.9782929165199 90.6695305263302 88.9847314590875 66.9639370490136 85.4570488766822 0 83.5427142297612 76.6604254538209 83.4643866807036 85.7641948853973 88.3351034548413 92.2305599791183
93.1137432126635 92.7467474269039 91.1172749335436 89.7669384355207 89.9085348798414 87.9693655491383 87.6019601377656 86.1744539249116 82.7161598608739 84.2316192335926 71.9124372658146 83.5427142297612 0 85.3438183012652 82.7760355725621 84.9504435034663 84.7196446278691 89.4219576886852
95.0129946433235 95.1399212453398 92.6459542896836 91.7955291461834 93.4323836413508 92.4942244421155 92.2485748265308 91.7532076048429 90.1471795575176 78.4944597996847 87.0204487439099 76.6604254538209 85.3438183012652 0 81.8353680199594 84.0259592352623 87.8718063285063 91.9994607326019
95.3228464828451 95.1261812762836 93.5196704489431 92.5894206135431 93.0746249204794 91.7282678173998 91.5047597563245 90.3438184071677 88.2492210720842 84.6718697463981 84.598216984643 83.4643866807036 82.7760355725621 81.8353680199594 0 73.6150544197642 81.9098704750091 88.7839242650932
95.950944243009 95.7143401945896 94.3405708675362 93.4888572225093 93.7570650881225 92.4447587542196 92.2547098735201 91.023447279973 89.1091766144372 86.7081925557602 86.2080222604288 85.7641948853973 84.9504435034663 84.0259592352623 73.6150544197642 0 80.5662372499544 87.9674213002505
95.7423998057847 95.2563313304275 94.5032130524979 93.6014173125976 93.0234486246624 91.3868165767671 91.230332645291 89.3794018549791 87.2016042685911 89.0058154076919 85.0824297254349 88.3351034548413 84.7196446278691 87.8718063285063 81.9098704750091 80.5662372499544 0 83.555965823659
96.7544103184933 96.0639075761074 96.0649760497897 95.2987549634558 93.997065822147 92.4392283896916 92.3909673769953 90.4122790867573 89.178079427437 92.6488877209461 89.1404529209893 92.2305599791183 89.4219576886852 91.9994607326019 88.7839242650932 87.9674213002505 83.555965823659 0
