0 84.924474053039 85.26340400843 86.7956877693918 89.7799514872702 88.0105149591016 91.4145275229358 92.8723553968297 93.4213519108357 93.6337942323103 93.2014440772599 93.8804974839951 94.1911409765202 94.3161183735475 95.0003319469671 95.6751878769992 96.6633352997047 97.3922507252602
84.924474053039 0 57.9330371790942 87.2425274907694 90.6861507245123 86.9780287330724 92.0008226910039 91.6270513160605 92.7440221447462 93.0204884737897 90.8240962818103 93.2286239093058 91.7474266369583 92.6467451901291 92.784130252406 93.7969052425397 95.2585829776085 95.8312407193826
85.26340400843 57.9330371790942 0 87.2415090959192 90.6829239968011 86.9049079448957 91.9834256457265 91.5245592935632 92.6708255255615 92.9507480380853 90.6611653935367 93.1574795141574 91.5863183849285 92.5258929569878 92.6395556509623 93.6721573016415 95.1601988539792 95.7298677086874
86.7956877693918 87.2425274907694 87.2415090959192 0 80.9865508735604 74.6354957098355 84.6168963459942 87.2169957016613 87.9822666720595 88.3658738348 89.0510667163649 88.8179418809182 90.8965477998478 90.1952027670972 91.9784056452934 92.6652676325474 93.7164489274743 94.9659509602808
89.7799514872702 90.6861507245123 90.6829239968011 80.9865508735604 0 82.5868656935784 76.1020755728508 86.5184091547906 85.9415820941298 86.2196361444474 89.8954180060542 86.8316543916761 91.6624949052751 90.1192546219868 92.5159088918269 92.8829376957567 93.4740505003066 94.993041943204
88.0105149591016 86.9780287330724 86.9049079448957 74.6354957098355 82.5868656935784 0 85.1130688617644 85.5160989963473 86.9388930455938 87.4269372455433 87.2467666500549 87.8876340453048 89.452226370315 88.7914264246873 90.724431149862 91.5469472408037 92.8176982334711 94.1348142982838
91.4145275229358 92.0008226910039 91.9834256457265 84.6168963459942 76.1020755728508 85.1130688617644 0 85.7520263726057 84.0672266294399 84.2107909313872 89.9129830205426 84.9435334863856 91.6447343135061 89.6188844819439 92.3882185513534 92.5838534912366 92.9213786674681 94.6354957098355
92.8723553968297 91.6270513160605 91.5245592935632 87.2169957016613 86.5184091547906 85.5160989963473 85.7520263726057 0 77.2272264362371 78.6957997331364 82.4814963859947 79.0724707021626 85.8426428532945 80.7954735805959 87.0246177250736 87.3131506770717 88.3635146071354 90.8847482469952
93.4213519108357 92.7440221447462 92.6708255255615 87.9822666720595 85.9415820941298 86.9388930455938 84.0672266294399 77.2272264362371 0 63.2478263495168 86.1703356136923 68.1860958317419 88.3601768565337 83.9871291254127 89.0599170243356 88.9325215207216 89.0617671974988 91.6742857808915
93.6337942323103 93.0204884737897 92.9507480380853 88.3658738348 86.2196361444474 87.4269372455433 84.2107909313872 78.6957997331364 63.2478263495168 0 86.6617758857124 63.4960621867671 88.6928533876377 84.376798210967 89.3131812434191 89.1077913063199 89.0704658033877 91.7213751164949
93.2014440772599 90.8240962818103 90.6611653935367 89.0510667163649 89.8954180060542 87.2467666500549 89.9129830205426 82.4814963859947 86.1703356136923 86.6617758857124 0 86.6477857798797 76.9639370490137 79.2492238225855 81.1220143253691 83.5725918290523 87.2982212836809 89.0585310214316
93.8804974839951 93.2286239093058 93.1574795141574 88.8179418809182 86.8316543916761 87.8876340453048 84.9435334863856 79.0724707021626 68.1860958317419 63.4960621867671 86.6477857798797 0 88.595519465458 84.045346386813 89.1508920382998 88.8539802217993 88.6848557252811 91.463346936747
94.1911409765202 91.7474266369583 91.5863183849285 90.8965477998478 91.6624949052751 89.452226370315 91.6447343135061 85.8426428532945 88.3601768565337 88.6928533876377 76.9639370490137 88.595519465458 0 81.4238688668901 73.9968508302003 80.3485019850597 86.2387242228993 87.3222034737311
94.3161183735475 92.6467451901291 92.5258929569878 90.1952027670972 90.1192546219868 88.7914264246873 89.6188844819439 80.7954735805959 83.9871291254127 84.376798210967 79.2492238225855 84.045346386813 81.4238688668901 0 82.1259843966288 81.8246980227395 84.2058131011281 87.6668033718923
95.0003319469671 92.784130252406 92.6395556509623 91.9784056452934 92.5159088918269 90.724431149862 92.3882185513534 87.0246177250736 89.0599170243356 89.3131812434191 81.1220143253691 89.1508920382998 73.9968508302003 82.1259843966288 0 75.6854997764966 84.5099508737291 85.2544776076315
95.6751878769992 93.7969052425397 93.6721573016415 92.6652676325474 92.8829376957567 91.5469472408037 92.5838534912366 87.3131506770717 88.9325215207216 89.1077913063199 83.5725918290523 88.8539802217993 80.3485019850597 81.8246980227395 75.6854997764966 0 80.6652063313347 82.4695510949388
96.6633352997047 95.2585829776085 95.1601988539792 93.7164489274743 93.4740505003066 92.8176982334711 92.9213786674681 88.3635146071354 89.0617671974988 89.0704658033877 87.2982212836809 88.6848557252811 86.2387242228993 84.2058131011281 84.5099508737291 80.6652063313347 0 80.715999260007
97.3922507252602 95.8312407193826 95.7298677086874 94.9659509602808 94.993041943204 94.1348142982838 94.6354957098355 90.8847482469952 91.6742857808915 91.7213751164949 89.0585310214316 91.463346936747 87.3222034737311 87.6668033718923 85.2544776076315 82.4695510949388 80.715999260007 0
