0 90.9220607620381 90.706378301254 81.8246980227395 87.7157555952006 84.4202854482259 89.5098376463907 84.2626257187374 84.8787088471953 86.5269799110391 87.5956391181829 89.9504277426111 92.213877585091 91.2849814724713 92.0977779700964 93.0202192690898 94.3811636824293 94.6458766653444
90.9220607620381 0 68.590685693577 88.8212052754915 84.8161519810752 88.6914254388411 83.361291448686 89.4736232828639 90.8007445462348 92.0438442972106 92.2263603073775 93.1645164233162 90.2746653730014 91.8974717802185 94.0987509444905 93.3469843052997 94.1929397040025 95.7866820608251
90.706378301254 68.590685693577 0 88.302518301047 83.6033008406848 88.0495158129802 81.6612021488219 88.8843988126642 90.28217097492 91.5744844307483 91.7421315495748 92.6924519919984 89.5308017377584 91.2942230607075 93.6477962159136 92.8312162621087 93.7253838525757 95.4032689536105
81.8246980227395 88.8212052754915 88.302518301047 0 82.2819183877674 72.9939900509981 85.4337585621854 74.3864242579231 79.320875581757 83.3999691399545 84.522191346535 87.5327384398079 89.1202551432812 88.2040153771525 90.0708701724473 90.6639762958143 92.3559530419549 93.1342027074265
87.7157555952006 84.8161519810752 83.6033008406848 82.2819183877674 0 80.6520666007763 75.1090286101083 82.4038136567756 85.0105191808511 87.1772707923968 87.4235434942327 89.0027774388119 86.3724578464196 87.474204636604 90.6174127017087 90.0174507434799 91.5446471310445 93.2222041818708
84.4202854482259 88.6914254388411 88.0495158129802 72.9939900509981 80.6520666007763 0 84.1923321062572 68.1860958317419 77.5424991364325 82.3358293114501 83.2401555589108 86.3802934588265 87.6689334133668 86.6218316414651 89.0733424224212 89.512044669046 91.3991864048057 92.3978416919886
89.5098376463907 83.361291448686 81.6612021488219 85.4337585621854 75.1090286101083 84.1923321062572 0 85.3303424647414 87.1530214921769 88.765912872367 88.8461887760664 89.941542160005 85.5762932353541 87.8275353557611 91.1374621548501 90.0889761530184 91.4069314961238 93.4191420724229
84.2626257187374 89.4736232828639 88.8843988126642 74.3864242579231 82.4038136567756 68.1860958317419 85.3303424647414 0 73.9536370923738 80.4905850455247 81.7060996897762 85.4795778716485 87.8488417508376 86.3114457956494 88.5278486238941 89.2588086737197 91.2368931841621 92.0703197346328
84.8787088471953 90.8007445462348 90.28217097492 79.320875581757 85.0105191808511 77.5424991364325 87.1530214921769 73.9536370923738 0 75.042668369047 77.6085169412828 83.3836330260342 88.2089792973565 85.7634929002411 87.3154499075504 88.7250396010002 90.869142032442 91.3390993391863
86.5269799110391 92.0438442972106 91.5744844307483 83.3999691399545 87.1772707923968 82.3358293114501 88.765912872367 80.4905850455247 75.042668369047 0 69.0724707021626 80.2119042252309 88.5962964327146 85.2650098301599 85.6232139384149 88.0382504983133 90.3479832780526 90.320740083531
87.5956391181829 92.2263603073775 91.7421315495748 84.522191346535 87.4235434942327 83.2401555589108 88.8461887760664 81.7060996897762 77.6085169412828 69.0724707021626 0 77.4754622734875 88.0360367454923 84.0608757462916 84.2407659435911 87.0581707375393 89.6015335596324 89.5464574077941
89.9504277426111 93.1645164233162 92.6924519919984 87.5327384398079 89.0027774388119 86.3802934588265 89.941542160005 85.4795778716485 83.3836330260342 80.2119042252309 77.4754622734875 0 87.5803463896305 82.0827706588024 78.9826631758084 84.5939859779844 87.7213121785229 87.0707163011642
92.213877585091 90.2746653730014 89.5308017377584 89.1202551432812 86.3724578464196 87.6689334133668 85.5762932353541 87.8488417508376 88.2089792973565 88.5962964327146 88.0360367454923 87.5803463896305 0 81.3176021151403 87.4840134087181 83.6195436229235 85.4184235122117 89.7364403190164
91.2849814724713 91.8974717802185 91.2942230607075 88.2040153771525 87.474204636604 86.6218316414651 87.8275353557611 86.3114457956494 85.7634929002411 85.2650098301599 84.0608757462916 82.0827706588024 81.3176021151403 0 81.8735939003785 78.5769732166983 83.9628822408795 86.9658252134698
92.0977779700964 94.0987509444905 93.6477962159136 90.0708701724473 90.6174127017087 89.0733424224212 91.1374621548501 88.5278486238941 87.3154499075504 85.6232139384149 84.2407659435911 78.9826631758084 87.4840134087181 81.8735939003785 0 81.1676208475889 84.8314512704693 82.7531929436013
93.0202192690898 93.3469843052997 92.8312162621087 90.6639762958143 90.0174507434799 89.512044669046 90.0889761530184 89.2588086737197 88.7250396010002 88.0382504983133 87.0581707375393 84.5939859779844 83.6195436229235 78.5769732166983 81.1676208475889 0 77.7285209261352 83.8213544350363
94.3811636824293 94.1929397040025 93.7253838525757 92.3559530419549 91.5446471310445 91.3991864048057 91.4069314961238 91.2368931841621 90.869142032442 90.3479832780526 89.6015335596324 87.7213121785229 85.4184235122117 83.9628822408795 84.8314512704693 77.7285209261352 0 83.5081091981508
94.6458766653444 95.7866820608251 95.4032689536105 93.1342027074265 93.2222041818708 92.3978416919886 93.4191420724229 92.0703197346328 91.3390993391863 90.320740083531 89.5464574077941 87.0707163011642 89.7364403190164 86.9658252134698 82.7531929436013 83.8213544350363 83.5081091981508 0
