0 82.4570356382086 81.1676208475889 84.658166439132 87.5339378581434 89.1183297544116 88.2293095695683 88.6994416157976 90.922877176428 92.8310286428766 92.1900093127201 92.8908938225308 93.4242964466753 94.7854158108786 95.2107263521004 95.1757958751021 95.6450891022858 96.0853593427835
82.4570356382086 0 83.4181597425046 83.1117762350796 84.6354957098355 84.9435334863856 84.8667886893461 87.3062096567191 90.0174507434799 90.6252030069678 91.9145213791805 90.91895782643 92.2337877346136 93.7607602011365 94.0914860078412 94.3073340255949 95.0805247863448 95.2362266222019
81.1676208475889 83.4181597425046 0 77.2373686941943 83.447537158823 87.0071507868401 84.9227372224544 84.3199260459954 87.5859951372108 90.9779766737294 89.3255293548103 90.883183245864 91.1684456400743 92.879487797843 93.4594760311699 93.3220405505014 93.8412326918031 94.4484804960469
84.658166439132 83.1117762350796 77.2373686941943 0 77.618458894018 83.9452322044791 80.3753195017521 80.1987480377879 85.3557409941821 88.9792737834475 88.101035991338 88.8791458094156 89.4881211525264 91.5446471310445 92.1560842429136 92.1235123979202 92.879487797843 93.379917402121
87.5339378581434 84.6354957098355 83.447537158823 77.618458894018 0 79.5407227977055 69.9742370056534 77.0071507868401 83.5630990497122 86.2519257163018 87.4658005457673 86.1931565541773 87.6085169412828 90.090310096646 90.6861507245123 90.8737294538031 91.9817162959901 92.2495080880093
89.1183297544116 84.9435334863856 87.0071507868401 83.9452322044791 79.5407227977055 0 76.2581263061566 83.7944074314021 86.6766955363947 84.2923337019431 89.7434655194017 85.0873623223822 88.3279715303536 90.4624249234106 90.7356330659556 91.3608158529667 92.721875220957 92.5039438123374
88.2293095695683 84.8667886893461 84.9227372224544 80.3753195017521 69.9742370056534 76.2581263061566 0 79.2428040951504 84.1984937693655 85.1453493641179 88.0105149591016 85.2792002135433 87.4093346529378 89.9025520509319 90.4122790867573 90.7628815804338 92.011703009402 92.1044804287103
88.6994416157976 87.3062096567191 84.3199260459954 80.1987480377879 77.0071507868401 83.7944074314021 79.2428040951504 0 78.607465606858 86.5645161522109 84.4029525538654 85.9824633516517 85.9126336164662 88.8406091426207 89.7291295163562 89.5914134259955 90.6117913722832 91.2445519486389
90.922877176428 90.0174507434799 87.5859951372108 85.3557409941821 83.5630990497122 86.6766955363947 84.1984937693655 78.607465606858 0 86.3892161004969 79.2299361010872 85.2028474528366 82.3921913186054 86.2654524470085 87.6726240401613 87.042481236594 88.1407920610298 89.2439943391811
92.8310286428766 90.6252030069678 90.9779766737294 88.9792737834475 86.2519257163018 84.2923337019431 85.1453493641179 86.5645161522109 86.3892161004969 0 89.0693233941144 71.3176021151403 83.9251495723568 86.223500547626 86.007579016025 87.7869554453098 90.1994039901333 89.0355663526282
92.1900093127201 91.9145213791805 89.3255293548103 88.101035991338 87.4658005457673 89.7434655194017 88.0105149591016 84.4029525538654 79.2299361010872 89.0693233941144 0 88.0323514441636 84.1114246562642 86.4319457881217 88.0975203616846 86.5364172448041 86.4541757875918 88.8101076679384
92.8908938225308 90.91895782643 90.883183245864 88.8791458094156 86.1931565541773 85.0873623223822 85.2792002135433 85.9824633516517 85.2028474528366 71.3176021151403 88.0323514441636 0 81.6076769849334 84.6354957098355 84.6015262316159 86.4687785788331 89.1781312150733 88.0258460216478
93.4242964466753 92.2337877346136 91.1684456400743 89.4881211525264 87.6085169412828 88.3279715303536 87.4093346529378 85.9126336164662 82.3921913186054 83.9251495723568 84.1114246562642 81.6076769849334 0 78.0400406324658 80.8776994407101 80.8776994407101 84.8118924275813 84.5918192519822
94.7854158108786 93.7607602011365 92.879487797843 91.5446471310445 90.090310096646 90.4624249234106 89.9025520509319 88.8406091426207 86.2654524470085 86.223500547626 86.4319457881217 84.6354957098355 78.0400406324658 0 73.2209399389303 72.1544223912629 81.8468410377389 79.1123755294906
95.2107263521004 94.0914860078412 93.4594760311699 92.1560842429136 90.6861507245123 90.7356330659556 90.4122790867573 89.7291295163562 87.6726240401613 86.007579016025 88.0975203616846 84.6015262316159 80.8776994407101 73.2209399389303 0 76.8982993539898 83.7262992166468 78.4643090298346
95.1757958751021 94.3073340255949 93.3220405505014 92.1235123979202 90.8737294538031 91.3608158529667 90.7628815804338 89.5914134259955 87.042481236594 87.7869554453098 86.5364172448041 86.4687785788331 80.8776994407101 72.1544223912629 76.8982993539898 0 78.607465606858 76.3123943889489
95.6450891022858 95.0805247863448 93.8412326918031 92.879487797843 91.9817162959901 92.721875220957 92.011703009402 90.6117913722832 88.1407920610298 90.1994039901333 86.4541757875918 89.1781312150733 84.8118924275813 81.8468410377389 83.7262992166468 78.607465606858 0 80.4047850316274
96.0853593427835 95.2362266222019 94.4484804960469 93.379917402121 92.2495080880093 92.5039438123374 92.1044804287103 91.2445519486389 89.2439943391811 89.0355663526282 88.8101076679384 88.0258460216478 84.5918192519822 79.1123755294906 78.4643090298346 76.3123943889489 80.4047850316274 0
