0 76.8393159508758 85.3407938120829 80.6375064674285 89.6666483480365 90.0794094026452 91.447403312689 91.6581068127232 91.7464730944226 91.8342596941612 93.9560010517478 93.6606546903048 93.6358974099118 93.443255693934 93.6728689381911 93.6638428856201 93.7164489274743 93.9781056717729
76.8393159508758 0 88.1067100146295 76.706750637792 90.4221254611334 90.174222290158 91.7060996897762 91.8729667998839 91.8901442694456 92.1331044768561 94.4333911451647 93.3550650034345 93.9753551477756 93.3908075640954 93.8758574672123 93.7914577216563 93.9164045282623 93.8672491783949
85.3407938120829 88.1067100146295 0 88.7515488942688 89.2818281133036 91.2683159643051 91.8564887327063 92.1222917211053 92.3622226327926 92.0355694871813 93.1349893540374 94.8894297267695 93.3228433633191 94.1806008072875 93.7447939492762 93.935977719523 93.7892689374165 94.7674758007435
80.6375064674285 76.706750637792 88.7515488942688 0 89.0807494226472 88.3073021585004 90.2482427887967 90.4197456570802 90.4004842763326 90.7772817319672 93.5595339012134 91.9752146242434 92.9380318617218 92.0700573069053 92.7417264159659 92.6059287808922 92.7864426561122 92.6021333348528
89.6666483480365 90.4221254611334 89.2818281133036 89.0807494226472 0 81.1407286818647 80.4230376165361 81.4121890441111 82.4285278051818 80.7750878561122 85.8108849894714 89.3479555891961 85.1097422091168 87.201461235049 85.8433773514319 86.301340043983 85.9539297579115 88.5066548089446
90.0794094026452 90.174222290158 91.2683159643051 88.3073021585004 81.1407286818647 0 76.9747808619358 77.3612901259974 77.0178873678807 79.3878494886691 87.7056993033671 85.6149767954249 85.6908600514843 83.6663955797549 84.8172353991213 84.442566744159 84.9239271828667 85.3610958822045
91.447403312689 91.7060996897762 91.8564887327063 90.2482427887967 80.4230376165361 76.9747808619358 0 62.0556485408357 69.2684262627964 67.1293889656225 84.8314512704693 85.8076419242784 81.72890339177 81.8810549507213 80.788610269172 80.8241042809982 80.974839710735 84.1574759750549
91.6581068127232 91.8729667998839 92.1222917211053 90.4197456570802 81.4121890441111 77.3612901259974 62.0556485408357 0 65.017801601127 68.103370572082 84.9316118336748 85.2786274793603 81.5729154765791 80.9463114256491 80.1557697516975 79.9742370056535 80.3485019850597 83.447537158823
91.7464730944226 91.8901442694456 92.3622226327926 90.4004842763326 82.4285278051818 77.0178873678807 69.2684262627964 65.017801601127 0 72.4719503695872 85.5673171147236 84.4088227212188 82.2367214628645 79.7799514872702 80.3134982103822 79.6681239166188 80.4853487096604 82.5652259581605
91.8342596941612 92.1331044768561 92.0355694871813 90.7772817319672 80.7750878561122 79.3878494886691 67.1293889656225 68.103370572082 72.4719503695872 0 83.6425462381409 86.2043112182648 79.9742370056535 81.9515875166822 79.3115292554582 79.8195101390914 79.5407227977055 84.2066957450215
93.9560010517478 94.4333911451647 93.1349893540374 93.5595339012134 85.8108849894714 87.7056993033671 84.8314512704693 84.9316118336748 85.5673171147236 83.6425462381409 0 90.1450923558343 77.2422234620404 87.1185824845969 82.1654959184623 84.0078315959749 82.2126829393771 88.1136344226585
93.6606546903048 93.3550650034345 94.8894297267695 91.9752146242434 89.3479555891961 85.6149767954249 85.8076419242784 85.2786274793603 84.4088227212188 86.2043112182648 90.1450923558343 0 87.9216013532911 79.5407227977055 85.8005514005498 84.3547037311256 85.7946661245179 77.6890561717367
93.6358974099118 93.9753551477756 93.3228433633191 92.9380318617218 85.1097422091168 85.6908600514843 81.72890339177 81.5729154765791 82.2367214628645 79.9742370056535 77.2422234620404 87.9216013532911 0 83.7628503481849 74.9487959352491 78.6957997331364 75.0930706154422 85.1986793407167
93.443255693934 93.3908075640954 94.1806008072875 92.0700573069053 87.201461235049 83.6663955797549 81.8810549507213 80.9463114256491 79.7799514872702 81.9515875166822 87.1185824845969 79.5407227977055 83.7628503481849 0 80.0174507434799 76.9713689579873 80.0123207365385 71.4306725074227
93.6728689381911 93.8758574672123 93.7447939492762 92.7417264159659 85.8433773514319 84.8172353991213 80.788610269172 80.1557697516975 80.3134982103822 79.3115292554582 82.1654959184623 85.8005514005498 74.9487959352491 80.0174507434799 0 69.6443482825077 48.0133044102309 82.0199752853516
93.6638428856201 93.7914577216563 93.935977719523 92.6059287808922 86.301340043983 84.442566744159 80.8241042809982 79.9742370056535 79.6681239166188 79.8195101390914 84.0078315959749 84.3547037311256 78.6957997331364 76.9713689579873 69.6443482825077 0 69.5166621000467 79.6356543330438
93.7164489274743 93.9164045282623 93.7892689374165 92.7864426561122 85.9539297579115 84.9239271828667 80.974839710735 80.3485019850597 80.4853487096604 79.5407227977055 82.2126829393771 85.7946661245179 75.0930706154422 80.0123207365385 48.0133044102309 69.5166621000467 0 81.9745296711912
93.9781056717729 93.8672491783949 94.7674758007435 92.6021333348528 88.5066548089446 85.3610958822045 84.1574759750549 83.447537158823 82.5652259581605 84.2066957450215 88.1136344226585 77.6890561717367 85.1986793407167 71.4306725074227 82.0199752853516 79.6356543330438 81.9745296711912 0
