0 76.1677794707972 88.8161430880436 87.9822666720595 85.6518503809952 88.922933573106 88.5213784997277 89.1473223627738 88.4383813744954 89.687575441599 90.0415708322431 91.5976403219377 92.4542763635846 93.7283580806728 93.8427922975007 95.5423860769338 95.627496388968 95.6618752574342
76.1677794707972 0 89.4841653511339 88.4806993574841 83.5153213971275 89.1236155543266 88.2335604010905 87.2537141011014 87.8718063285063 88.0529683256868 88.3658738348 90.4103155081914 91.3769599159453 93.4922000746237 93.087801592918 94.8145647350099 95.2594685798527 95.199200994587
88.8161430880436 89.4841653511339 0 72.7190836193263 88.0309196062611 76.9832155664738 82.5570171580838 90.9836881102509 84.4190609098345 90.6896670955356 91.3878329929676 91.3340533595849 92.0211372195286 88.9412302406429 92.2561842351099 94.6486467767916 92.666154750284 93.2480818093456
87.9822666720595 88.4806993574841 72.7190836193263 0 86.4186229003318 72.6751998198568 79.5791189225578 89.8531331056309 81.9950314157273 89.5287091114304 90.3185160559075 90.3290346979446 91.124514341644 88.6015122888332 91.5355622610309 94.0914860078412 92.3369938811853 92.8352599176184
85.6518503809952 83.5153213971275 88.0309196062611 86.4186229003318 0 86.2899428940185 83.5675796259849 81.1963957883817 81.9950314157273 81.6326132525547 82.9953807752155 85.5447953106515 87.1861580940907 90.6560956231151 89.6032551369968 92.1939186474548 92.7432053623457 92.5948437094058
88.922933573106 89.1236155543266 76.9832155664738 72.6751998198568 86.2899428940185 0 76.5982218348086 89.468746993432 80.0867687069284 88.9922245819579 89.8559233047754 89.5706124189138 90.3708563400322 87.1185824845969 90.6188168979226 93.4323836413508 91.3836213131818 91.9458890251178
88.5213784997277 88.2335604010905 82.5570171580838 79.5791189225578 83.5675796259849 76.5982218348086 0 87.3114852037867 70.4933844471023 86.630692140301 87.753591717077 87.4047109492831 88.4659179436226 86.8119425515201 89.0961308889743 92.3171574473414 90.7953557193797 91.1506779898492
89.1473223627738 87.2537141011014 90.9836881102509 89.8531331056309 81.1963957883817 89.468746993432 87.3114852037867 0 85.9975504115668 71.1136705287218 69.9742370056535 81.2493343553935 83.5392759245935 91.2791828908882 87.9269527962851 90.2908458823698 92.4473787698746 91.9256955166641
88.4383813744954 87.8718063285063 84.4190609098345 81.9950314157273 81.9950314157273 80.0867687069284 70.4933844471023 85.9975504115668 0 85.1626652685191 86.4797404980476 86.1350517739506 87.3975598292249 87.0520671395345 88.3666599593055 91.7729850735115 90.6641728698773 90.8773097176032
89.687575441599 88.0529683256868 90.6896670955356 89.5287091114304 81.6326132525547 88.9922245819579 86.630692140301 71.1136705287218 85.1626652685191 0 69.5166621000467 78.3390605802349 81.5653952239311 90.4605968899799 86.6359054690201 89.5124377387419 91.6687096248335 91.1042680598893
90.0415708322431 88.3658738348 91.3878329929676 90.3185160559075 82.9953807752155 89.8559233047754 87.753591717077 69.9742370056535 86.4797404980476 69.5166621000467 0 79.1189908313318 81.7423818124012 91.1086565453067 87.0253872127773 89.4467356815688 92.0649890522355 91.4334127523122
91.5976403219377 90.4103155081914 91.3340533595849 90.3290346979446 85.5447953106515 89.5706124189138 87.4047109492831 81.2493343553935 86.1350517739506 78.3390605802349 79.1189908313318 0 71.9124372658146 89.2970716604341 82.5570171580838 86.8092101824516 89.9440303473778 89.0390972428611
92.4542763635846 91.3769599159453 92.0211372195286 91.124514341644 87.1861580940907 90.3708563400322 88.4659179436226 83.5392759245935 87.3975598292249 81.5653952239311 81.7423818124012 71.9124372658146 0 89.3756649167141 80.6047544631244 85.1014144120895 89.4559171021076 88.279871844352
93.7283580806728 93.4922000746237 88.9412302406429 88.6015122888332 90.6560956231151 87.1185824845969 86.8119425515201 91.2791828908882 87.0520671395345 90.4605968899799 91.1086565453067 89.2970716604341 89.3756649167141 0 87.2016042685911 90.7301627873035 83.7393122683527 85.922839046133
93.8427922975007 93.087801592918 92.2561842351099 91.5355622610309 89.6032551369968 90.6188168979226 89.0961308889743 87.9269527962851 88.3666599593055 86.6359054690201 87.0253872127773 82.5570171580838 80.6047544631244 87.2016042685911 0 82.3105428072981 85.7760351231163 83.6581900737836
95.5423860769338 94.8145647350099 94.6486467767916 94.0914860078412 92.1939186474548 93.4323836413508 92.3171574473414 90.2908458823698 91.7729850735115 89.5124377387419 89.4467356815688 86.8092101824516 85.1014144120895 90.7301627873035 82.3105428072981 0 88.2172435644898 85.7604000478692
95.627496388968 95.2594685798527 92.666154750284 92.3369938811853 92.7432053623457 91.3836213131818 90.7953557193797 92.4473787698746 90.6641728698773 91.6687096248335 92.0649890522355 89.9440303473778 89.4559171021076 83.7393122683527 85.7760351231163 88.2172435644898 0 76.3340981236618
95.6618752574342 95.199200994587 93.2480818093456 92.8352599176184 92.5948437094058 91.9458890251178 91.1506779898492 91.9256955166641 90.8773097176032 91.1042680598893 91.4334127523122 89.0390972428611 88.279871844352 85.922839046133 83.6581900737836 85.7604000478692 76.3340981236618 0
