0 76.6604254538209 84.6595564074942 86.1203436790266 87.8568047770822 89.9891011965263 89.9975031939819 90.3886573456538 90.1887143134889 92.0911144554496 92.31342187676 91.567276508266 92.9924014247597 93.6666275684742 94.4539527160579 94.5128402824327 95.5673171147236 96.2878081891425
76.6604254538209 0 85.6445006672441 84.2038028924515 88.4453344140258 90.5822491356869 89.1831205964605 89.3818913619656 89.4153607755433 92.5281682627265 92.6611419413252 90.869755834518 92.7417264159659 93.0433100965577 94.2077199036913 94.2428319234664 95.2942919963169 96.3129509822987
84.6595564074942 85.6445006672441 0 84.2877917201316 77.627196302634 83.3577073777016 86.3455124066716 87.5972706385311 86.5087742205692 87.3501386685107 87.6801965178138 88.4127912318851 89.3905934154663 91.3136159332918 91.5218992231529 91.6512878709375 93.116333725499 93.6907566203071
86.1203436790266 84.2038028924515 84.2877917201316 0 85.9945530839636 88.5962964327146 82.240236057727 82.4282879539798 82.7745043508179 90.6180250788701 90.5442378147832 85.5350060920868 89.1650458570104 89.1490631894612 91.1855380602796 91.1963957883817 92.593884924565 94.3616377049391
87.8568047770822 88.4453344140258 77.627196302634 85.9945530839636 0 77.5080816411944 85.6926899497381 87.3082160992677 85.7376505077114 84.0097315459766 84.4167349162315 87.4658005457673 87.4947214838478 90.4761005024071 90.0158379645473 90.20796372137 91.9100045354878 92.2470396000864
89.9891011965263 90.5822491356869 83.3577073777016 88.5962964327146 77.5080816411944 0 87.4298640870463 88.8470706786415 87.3759527518309 78.7386523658762 79.9579203496951 88.4423275408049 87.0856046604831 90.8685422915227 89.4663885389038 89.7314264593261 91.4576478630239 91.0314672262549
89.9975031939819 89.1831205964605 86.3455124066716 82.240236057727 85.6926899497381 87.4298640870463 0 72.4293077896318 58.4324359699698 88.880860502155 88.4944597996847 75.9354127839586 84.290265824888 84.46284196215 87.4080401084208 87.3975598292249 89.451491650621 92.1576223194136
90.3886573456538 89.3818913619656 87.5972706385311 82.4282879539798 87.3082160992677 88.8470706786415 72.4293077896318 0 73.0384872811603 90.0772365720516 89.7198780225955 76.2581263061566 85.4673355948484 83.7808709690593 87.9512393494775 87.8719797945038 89.67130753563 92.6754896444787
90.1887143134889 89.4153607755433 86.5087742205692 82.7745043508179 85.7376505077114 87.3759527518309 58.4324359699698 73.0384872811603 0 88.7608908822587 88.3483232095232 74.9227372224544 83.8481352690408 84.1323142820089 87.0933632809799 87.0828204033841 89.2073249576102 91.9860927695335
92.0911144554496 92.5281682627265 87.3501386685107 90.6180250788701 84.0097315459766 78.7386523658762 88.880860502155 90.0772365720516 88.7608908822587 0 68.3915335329388 89.2299361010872 86.5087742205692 90.9925666286993 88.47226868458 88.8284526996985 90.5456658670192 88.9967491281585
92.31342187676 92.6611419413252 87.6801965178138 90.5442378147832 84.4167349162315 79.9579203496951 88.4944597996847 89.7198780225955 88.3483232095232 68.3915335329388 0 88.7043631610806 85.4785108723541 90.4415830640144 87.5792076108386 87.9762509169206 89.8413248540724 88.2993261327158
91.567276508266 90.869755834518 88.4127912318851 85.5350060920868 87.4658005457673 88.4423275408049 75.9354127839586 76.2581263061566 74.9227372224544 89.2299361010872 88.7043631610806 0 82.1027689051246 80.4761005024071 85.3413992496673 85.2263862980246 87.6131943190306 91.3286833842038
92.9924014247597 92.7417264159659 89.3905934154663 89.1650458570104 87.4947214838478 87.0856046604831 84.290265824888 85.4673355948484 83.8481352690408 86.5087742205692 85.4785108723541 82.1027689051246 0 83.447537158823 78.3073021585004 78.8573543605005 83.9731365032165 87.7023900738265
93.6666275684742 93.0433100965577 91.3136159332918 89.1490631894612 90.4761005024071 90.8685422915227 84.46284196215 83.7808709690593 84.1323142820089 90.9925666286993 90.4415830640144 80.4761005024071 83.447537158823 0 83.778610784351 83.2636286672927 84.924474053039 90.8631225587833
94.4539527160579 94.2077199036913 91.5218992231529 91.1855380602796 90.0158379645473 89.4663885389038 87.4080401084208 87.9512393494775 87.0933632809799 88.47226868458 87.5792076108386 85.3413992496673 78.3073021585004 83.778610784351 0 61.7632287775186 77.7738075181225 85.8131295497008
94.5128402824327 94.2428319234664 91.6512878709375 91.1963957883817 90.20796372137 89.7314264593261 87.3975598292249 87.8719797945038 87.0828204033841 88.8284526996985 87.9762509169206 85.2263862980246 78.8573543605005 83.2636286672927 61.7632287775186 0 76.9439328306527 86.1782004591663
95.5673171147236 95.2942919963169 93.116333725499 92.593884924565 91.9100045354878 91.4576478630239 89.451491650621 89.67130753563 89.2073249576102 90.5456658670192 89.8413248540724 87.6131943190306 83.9731365032165 84.924474053039 77.7738075181225 76.9439328306527 0 85.9442730899971
96.2878081891425 96.3129509822987 93.6907566203071 94.3616377049391 92.2470396000864 91.0314672262549 92.1576223194136 92.6754896444787 91.9860927695335 88.9967491281585 88.2993261327158 91.3286833842038 87.7023900738265 90.8631225587833 85.8131295497008 86.1782004591663 85.9442730899971 0
