0 92.1375457701549 91.818666893075 94.2672107806741 94.3711158096065 94.982774120266 95.5818192762428 96.3873471046963 96.9029264233095 96.8739886192118 96.7690837883171 96.3642432512858 96.5549474896102 96.9102975110152 97.4955861434171 97.1694142893318 97.1788277049179 97.1617443530501
92.1375457701549 0 86.4967004156867 82.2745784726812 84.8615063718665 87.2425274907694 89.7617468189833 89.4473940916904 89.9355213142478 90.0832208351426 90.3485019850597 90.9268025096977 91.63335430619 91.4494544410294 91.5039964300515 91.7600500086433 92.045866309268 92.8815373958952
91.818666893075 86.4967004156867 0 86.7269644539863 84.924474053039 85.6282873808047 86.5662657802988 89.4430319963679 91.0450641686018 90.753446617053 90.1320245695439 88.6208308091898 89.0281477013935 89.9850808185757 91.7532076048429 90.5892330106331 90.521324885034 90.422083684711
94.2672107806741 82.2745784726812 86.7269644539863 0 77.140367036751 81.7826438599619 86.3362591716372 84.5016820945834 85.4038173453286 85.5628220877716 86.034483004211 87.6082882327977 88.7448452089368 88.0421214287049 87.8258659345795 88.4023185708688 88.9200438043289 90.4269583516336
94.3711158096065 84.8615063718665 84.924474053039 77.140367036751 0 74.9227372224544 82.8100758107315 82.7272262535433 85.289026176076 84.9386525455431 84.4786527265116 84.9796890336395 86.3902173587608 86.0016174742824 87.1017859644811 86.6440941889501 87.0764687502886 88.5550952672913
94.982774120266 87.2425274907694 85.6282873808047 81.7826438599619 74.9227372224544 0 78.5550952672913 80.4594688900679 84.6168963459942 83.8119177286253 82.3326765383033 81.7097415724374 83.6964506811521 83.361291448686 85.8415162187485 84.3398387118709 84.7544879428325 86.5304228410657
95.5818192762428 89.7617468189833 86.5662657802988 86.3362591716372 82.8100758107315 78.5550952672913 0 82.4878646915681 86.4198537193337 85.3905225837161 82.968220306335 75.0930706154422 77.6457956664753 80.4372372021832 86.2478955715808 82.2305599791183 81.8069354424815 82.5420156066597
96.3873471046963 89.4473940916904 89.4430319963679 84.5016820945834 82.7272262535433 80.4594688900679 82.4878646915681 0 77.6478839476467 74.598216984643 70.2231203361073 81.6367915387596 83.8237290747273 80.1578652093673 79.1878299857285 80.2778218132313 82.0330279811206 86.1394291804655
96.9029264233095 89.9355213142478 91.0450641686018 85.4038173453286 85.289026176076 84.6168963459942 86.4198537193337 77.6478839476467 0 68.8283194154851 78.1117143687293 85.7217818991216 87.0764687502886 84.2169264795973 77.2272264362371 83.7491208394148 85.1872526798368 88.5188156704265
96.8739886192118 90.0832208351426 90.753446617053 85.5628220877716 84.9386525455431 83.8119177286253 85.3905225837161 74.598216984643 68.8283194154851 0 74.4832698268273 84.4348485372903 85.9652622499922 82.598072735969 75.1711802680331 82.0530868856637 83.7637019505616 87.5686059667419
96.7690837883171 90.3485019850597 90.1320245695439 86.034483004211 84.4786527265116 82.3326765383033 82.968220306335 70.2231203361073 78.1117143687293 74.4832698268273 0 81.1881938127257 83.2834453116058 78.3311427205777 76.5304228410657 77.8007545217567 80.3185160559075 85.4164682239697
96.3642432512858 90.9268025096977 88.6208308091898 87.6082882327977 84.9796890336395 81.7097415724374 75.0930706154422 81.6367915387596 85.7217818991216 84.4348485372903 81.1881938127257 0 71.1136705287218 74.484421527208 84.6354957098355 77.8007545217567 76.5063621434069 79.3002428506583
96.5549474896102 91.63335430619 89.0281477013935 88.7448452089368 86.3902173587608 83.6964506811521 77.6457956664753 83.8237290747273 87.0764687502886 85.9652622499922 83.2834453116058 71.1136705287218 0 77.0711757029314 85.8457319881969 79.3756649167141 77.1342704420015 75.4304003347848
96.9102975110152 91.4494544410294 89.9850808185757 88.0421214287049 86.0016174742824 83.361291448686 80.4372372021832 80.1578652093673 84.2169264795973 82.598072735969 78.3311427205777 74.484421527208 77.0711757029314 0 81.9401435468265 67.8452979360192 68.5776170713634 80.3534795727897
97.4955861434171 91.5039964300515 91.7532076048429 87.8258659345795 87.1017859644811 85.8415162187485 86.2478955715808 79.1878299857285 77.2272264362371 75.1711802680331 76.5304228410657 84.6354957098355 85.8457319881969 81.9401435468265 0 80.6234942756704 82.6342007106042 86.9866778667631
97.1694142893318 91.7600500086433 90.5892330106331 88.4023185708688 86.6440941889501 84.3398387118709 82.2305599791183 80.2778218132313 83.7491208394148 82.0530868856637 77.8007545217567 77.8007545217567 79.3756649167141 67.8452979360192 80.6234942756704 0 69.0724707021626 81.3176021151403
97.1788277049179 92.045866309268 90.521324885034 88.9200438043289 87.0764687502886 84.7544879428325 81.8069354424815 82.0330279811206 85.1872526798368 83.7637019505616 80.3185160559075 76.5063621434069 77.1342704420015 68.5776170713634 82.6342007106042 69.0724707021626 0 78.9021373091748
97.1617443530501 92.8815373958952 90.422083684711 90.4269583516336 88.5550952672913 86.5304228410657 82.5420156066597 86.1394291804655 88.5188156704265 87.5686059667419 85.4164682239697 79.3002428506583 75.4304003347848 80.3534795727897 86.9866778667631 81.3176021151403 78.9021373091748 0
