0 88.3666599593055 78.7608908822587 91.2310824007349 86.1192544428531 89.7388831451238 91.6730502850887 91.1324215788973 91.0771873132309 90.559935217536 93.0025568692551 93.5681572087594 94.5980200042082 95.3619197488336 94.3410305734213 95.6889960424729 95.8816803654526 96.3202690794079
88.3666599593055 0 89.1189908313318 83.6895333266464 89.7697207526944 85.0274329204183 88.5397066068524 88.8644512266057 89.950284880258 92.0137358005171 90.8228952148444 91.5823948255977 92.0475184377253 93.0482196671326 93.584192277288 93.4468051401423 93.7550348698314 94.9870553303868
78.7608908822587 89.1189908313318 0 90.9589436621598 81.6251957531956 88.8228983685733 90.5803573543815 89.7617468189833 89.3955582000242 88.1063587225135 91.8547547347817 92.4514696519709 93.7571928638441 94.5656986551883 93.050534292544 94.9180443074193 95.1070790510882 95.4132109570373
91.2310824007349 83.6895333266464 90.9589436621598 0 90.0782967319053 80.0867687069284 83.5154380301874 85.1097422091168 87.2840773906087 91.0756900538584 86.9736327865609 88.0136854302751 88.1211752804995 89.5889237200776 91.2683159643051 90.1513509539906 90.607570595171 92.5344953540117
86.1192544428531 89.7697207526944 81.6251957531956 90.0782967319053 0 86.965022649524 88.1610475271737 86.7365991732866 85.5912123321934 82.6073906635679 89.3283090247084 90.0180894664793 91.882746077562 92.8107180732668 90.4201245351034 93.2245163771025 93.4206154648313 93.571880589896
89.7388831451238 85.0274329204183 88.8228983685733 80.0867687069284 86.965022649524 0 79.3214693875175 79.9579203496951 83.051870788883 88.2331638354501 84.7113829058826 86.2093463117136 87.6436327156494 89.2946026153528 89.5287091114304 89.9360690089101 90.3569604928516 91.8069354424815
91.6730502850887 88.5397066068524 90.5803573543815 83.5154380301874 88.1610475271737 79.3214693875175 0 72.9302647455238 79.6681360922651 87.6085169412828 78.103370572082 81.0165466649615 83.7491208394148 86.1924886111327 86.7364695635631 87.1030090123886 87.6466679540498 89.4523342209306
91.1324215788973 88.8644512266057 89.7617468189833 85.1097422091168 86.7365991732866 79.9579203496951 72.9302647455238 0 74.598216984643 85.8449025920086 78.7745407355613 81.4420331795987 85.0919455592981 87.1392435853079 86.0340175859056 87.9512393494775 88.3893958898764 89.6032551369968
91.0771873132309 89.950284880258 89.3955582000242 87.2840773906087 85.5912123321934 83.051870788883 79.6681360922651 74.598216984643 0 83.2349110170407 80.2804714122852 82.046620956402 86.2000927067591 87.8526558795142 84.7182209694953 88.5663707686117 88.8965747790272 89.4467356815688
90.559935217536 92.0137358005171 88.1063587225135 91.0756900538584 82.6073906635679 88.2331638354501 87.6085169412828 85.8449025920086 83.2349110170407 0 87.4947214838478 87.9408474526292 90.48383160337 91.3402537522243 86.8598625738462 91.7638481243497 91.904904121357 91.4677892566172
93.0025568692551 90.8228952148444 91.8547547347817 86.9736327865609 89.3283090247084 84.7113829058826 78.103370572082 78.7745407355613 80.2804714122852 87.4947214838478 0 70.237526392877 80.0814756595712 83.1990142701287 83.2190633775791 84.4128382062053 85.0016338714327 86.7719566732656
93.5681572087594 91.5823948255977 92.4514696519709 88.0136854302751 90.0180894664793 86.2093463117136 81.0165466649615 81.4420331795987 82.046620956402 87.9408474526292 70.237526392877 0 78.6148957965558 81.7060996897762 81.826666465685 83.0540927505137 83.6352168471604 85.3709683966885
94.5980200042082 92.0475184377253 93.7571928638441 88.1211752804995 91.882746077562 87.6436327156494 83.7491208394148 85.0919455592981 86.2000927067591 90.48383160337 80.0814756595712 78.6148957965558 0 74.0608757462916 85.3668808094044 77.2524598850938 78.9384908203511 84.780508697445
95.3619197488336 93.0482196671326 94.5656986551883 89.5889237200776 92.8107180732668 89.2946026153528 86.1924886111327 87.1392435853079 87.8526558795142 91.3402537522243 83.1990142701287 81.7060996897762 74.0608757462916 0 85.7615458911869 67.0623072788389 71.6508612217516 82.8826286076555
94.3410305734213 93.584192277288 93.050534292544 91.2683159643051 90.4201245351034 89.5287091114304 86.7364695635631 86.0340175859056 84.7182209694953 86.8598625738462 83.2190633775791 81.826666465685 85.3668808094044 85.7615458911869 0 86.2196361444474 86.1821018921153 83.8213544350363
95.6889960424729 93.4468051401423 94.9180443074193 90.1513509539906 93.2245163771025 89.9360690089101 87.1030090123886 87.9512393494775 88.5663707686117 91.7638481243497 84.4128382062053 83.0540927505137 77.2524598850938 67.0623072788389 86.2196361444474 0 64.9227372224544 82.3105428072981
95.8816803654526 93.7550348698314 95.1070790510882 90.607570595171 93.4206154648313 90.3569604928516 87.6466679540498 88.3893958898764 88.8965747790272 91.904904121357 85.0016338714327 83.6352168471604 78.9384908203511 71.6508612217516 86.1821018921153 64.9227372224544 0 81.3295387552311
96.3202690794079 94.9870553303868 95.4132109570373 92.5344953540117 93.571880589896 91.8069354424815 89.4523342209306 89.6032551369968 89.4467356815688 91.4677892566172 86.7719566732656 85.3709683966885 84.780508697445 82.8826286076555 83.8213544350363 82.3105428072981 81.3295387552311 0
