0 79.546717201444 78.5550952672913 78.5475619699661 86.213187821334 88.765912872367 90.0749630452726 90.6192848624529 90.3186231534338 90.5627659671479 90.8329378396374 91.8529234097624 91.7769297823422 91.7020900883324 91.570660767788 92.5659932787142 92.1031014302822 92.2482830209687
79.546717201444 0 70.0814756595712 83.4499763303665 81.6251957531956 88.9792737834475 90.8088629360596 91.3989138270995 88.5982399582402 89.0831478920987 90.6579511859799 92.1118269204265 90.3688739390761 90.3802604067942 90.9732005443019 91.2147937934774 91.1078203183244 91.2209091826396
78.5550952672913 70.0814756595712 0 81.7387672097631 81.5729154765791 87.9710879147445 89.972449615464 90.6188168979226 88.1010390568393 88.5369933522933 89.8920337031865 91.4203173387471 89.966086340479 89.9360690089101 90.3310353635652 90.8878285058744 90.607570595171 90.7451895052074
78.5475619699661 83.4499763303665 81.7387672097631 0 86.9519774988324 86.1560258917179 87.4989056804919 88.18363686509 89.6898120523169 89.7657356159223 88.9976660170554 89.9451058193259 91.1486072584796 90.9800961612219 90.2036731025225 92.0323684124072 91.1622558749251 91.3608158529667
86.213187821334 81.6251957531956 81.5729154765791 86.9519774988324 0 88.2543876478932 90.6960290233486 91.3493605368748 84.2857893106601 85.3429764949431 89.3305690360477 91.4287740566123 86.9345227862876 87.094417010166 88.9867763205327 88.0300950629994 88.4653586674992 88.5369933522933
88.765912872367 88.9792737834475 87.9710879147445 86.1560258917179 88.2543876478932 0 79.0024113348523 81.2614598490377 86.4285818001231 85.7520263726057 78.1860958317419 81.7342792560422 87.5944545064845 87.0520671395345 82.9436298012717 88.8030383870541 86.2325041385106 86.6790148661262
90.0749630452726 90.8088629360596 89.972449615464 87.4989056804919 90.6960290233486 79.0024113348523 0 68.5900767954716 89.4313841462521 88.888876553246 82.0405983841075 79.178079427437 90.1038018370041 89.6630248680772 85.9791100546997 90.9635547321172 88.7732685464883 89.1188763158113
90.6192848624529 91.3989138270995 90.6188168979226 88.18363686509 91.3493605368748 81.2614598490377 68.5900767954716 0 90.1334208187026 89.6132952668405 83.2222041818708 79.2577326777463 90.7008710260969 90.2812459771682 86.7468837467999 91.4852529036983 89.3843794427092 89.7066704265978
90.3186231534338 88.5982399582402 88.1010390568393 89.6898120523169 84.2857893106601 86.4285818001231 89.4313841462521 90.1334208187026 0 68.684584222328 85.7548074216708 89.0818146780226 75.6966194494181 75.9303732422333 83.4204532191934 79.7237395777697 80.4458579888456 80.4583039748328
90.5627659671479 89.0831478920987 88.5369933522933 89.7657356159223 85.3429764949431 85.7520263726057 88.888876553246 89.6132952668405 68.684584222328 0 84.6429132091945 88.3336038771971 74.5416919591329 73.4960621867671 81.6951556819209 79.3002428506583 78.1200421657566 78.2993261327158
90.8329378396374 90.6579511859799 89.8920337031865 88.9976660170554 89.3305690360477 78.1860958317419 82.0405983841075 83.2222041818708 85.7548074216708 84.6429132091945 0 79.1361335677113 86.1560258917179 85.3962648299937 77.2272264362371 87.3391980024683 83.5201228844259 84.1406420790363
91.8529234097624 92.1118269204265 91.4203173387471 89.9451058193259 91.4287740566123 81.7342792560422 79.178079427437 79.2577326777463 89.0818146780226 88.3336038771971 79.1361335677113 0 89.2712508777048 88.7356539894495 83.6631325964326 90.0371975316454 87.2895490562609 87.680905296936
91.7769297823422 90.3688739390761 89.966086340479 91.1486072584796 86.9345227862876 87.5944545064845 90.1038018370041 90.7008710260969 75.6966194494181 74.5416919591329 86.1560258917179 89.2712508777048 0 64.9227372224544 82.9463689655499 71.8069354424815 76.9312422033652 76.1677794707972
91.7020900883324 90.3802604067942 89.9360690089101 90.9800961612219 87.094417010166 87.0520671395345 89.6630248680772 90.2812459771682 75.9303732422333 73.4960621867671 85.3962648299937 88.7356539894495 64.9227372224544 0 81.7819451443998 74.0608757462916 74.6354957098355 73.8658978492988
91.570660767788 90.9732005443019 90.3310353635652 90.2036731025225 88.9867763205327 82.9436298012717 85.9791100546997 86.7468837467999 83.4204532191934 81.6951556819209 77.2272264362371 83.6631325964326 82.9463689655499 81.7819451443998 0 84.3596604935146 77.9762509169206 79.0924689484848
92.5659932787142 91.2147937934774 90.8878285058744 92.0323684124072 88.0300950629994 88.8030383870541 90.9635547321172 91.4852529036983 79.7237395777697 79.3002428506583 87.3391980024683 90.0371975316454 71.8069354424815 74.0608757462916 84.3596604935146 0 78.8179418809182 77.8007545217567
92.1031014302822 91.1078203183244 90.607570595171 91.1622558749251 88.4653586674992 86.2325041385106 88.7732685464883 89.3843794427092 80.4458579888456 78.1200421657566 83.5201228844259 87.2895490562609 76.9312422033652 74.6354957098355 77.9762509169206 78.8179418809182 0 60.943337135734
92.2482830209687 91.2209091826396 90.7451895052074 91.3608158529667 88.5369933522933 86.6790148661262 89.1188763158113 89.7066704265978 80.4583039748328 78.2993261327158 84.1406420790363 87.680905296936 76.1677794707972 73.8658978492988 79.0924689484848 77.8007545217567 60.943337135734 0
