0 87.2415090959192 70.0281873245205 86.3802934588265 88.9042214225407 88.1729652251589 91.2634774773291 89.291357676221 89.6405313658796 93.0194115548532 91.9831741294907 92.5039802591327 91.2741091674408 90.922877176428 92.8438513133261 92.0991094470192 91.8876990159136 92.9674028621278
87.2415090959192 0 86.3152293981705 82.7760355725621 83.051870788883 85.9785202629748 86.0393941818496 89.8620554401899 90.7137482270151 89.8042944601115 89.6602523993986 90.2211456292078 91.0003545783172 92.2624095634779 90.5098229277861 90.9315953261369 91.0603100168754 91.4063373322637
70.0281873245205 86.3152293981705 0 84.9504435034663 87.8718063285063 87.0382140342669 90.4905850455247 88.4691989231381 88.9236540989784 92.3809772818565 91.2719378508738 91.835674449388 90.5963481003611 90.3930962198545 92.2004263954606 91.4370681372493 91.2266091204097 92.3546980369414
86.3802934588265 82.7760355725621 84.9504435034663 0 77.3975598292249 76.5662657802988 84.1114246562642 84.7904545651168 86.2777600516783 87.6085169412828 86.0492631992634 87.0253872127773 86.892206513782 88.7320818557614 87.5944545064845 87.2169957016613 87.2272264362371 88.302518301047
88.9042214225407 83.051870788883 87.8718063285063 77.3975598292249 0 78.4638216139284 78.8108513571896 86.1455514945536 87.5617808984364 85.042668369047 84.1929166261217 85.239245157967 87.0980037184496 89.6916329145312 85.7849113793878 86.5662657802988 86.8982993539898 87.2272264362371
88.1729652251589 85.9785202629748 87.0382140342669 76.5662657802988 78.4638216139284 0 83.3513248469073 81.5879170280032 83.8406937568589 85.891837352535 83.0105373547921 84.3990346962979 83.856423587492 86.9476203930553 85.2279248708898 84.2169264795973 84.2169264795973 85.8246120982086
91.2634774773291 86.0393941818496 90.4905850455247 84.1114246562642 78.8108513571896 83.3513248469073 0 87.9269527962851 89.0903130374033 80.8821062851461 82.7552212698182 83.440211413787 87.8113347355072 90.7750878561122 83.6964506811521 86.3914562533118 87.0669366154118 86.2402066734632
89.291357676221 89.8620554401899 88.4691989231381 84.7904545651168 86.1455514945536 81.5879170280032 87.9269527962851 0 71.1861023557165 88.0908247429846 84.603265574273 85.5372620133263 77.7631601811963 80.2119042252309 86.301340043983 82.3578348697387 81.0505757896517 85.2003092693599
89.6405313658796 90.7137482270151 88.9236540989784 86.2777600516783 87.5617808984364 83.8406937568589 89.0903130374033 71.1861023557165 0 89.0639395018091 85.9415820941298 86.6669027555715 78.6665542029632 76.5849931891824 87.3162847960891 83.4533780116904 82.06576917677 86.0243904361872
93.0194115548532 89.8042944601115 92.3809772818565 87.6085169412828 85.042668369047 85.891837352535 80.8821062851461 88.0908247429846 89.0639395018091 0 78.7837549878227 77.7647878994723 86.7117182771152 90.3930962198545 76.706750637792 83.9536370923738 85.1757958751021 82.1883793840769
91.9831741294907 89.6602523993986 91.2719378508738 86.0492631992634 84.1929166261217 83.0105373547921 82.7552212698182 84.603265574273 85.9415820941298 78.7837549878227 0 67.8022528380096 82.2819183877674 87.7462632068342 72.4355771242659 77.6023819936779 79.784889154264 76.862877776897
92.5039802591327 90.2211456292078 91.835674449388 87.0253872127773 85.239245157967 84.3990346962979 83.440211413787 85.5372620133263 86.6669027555715 77.7647878994723 67.8022528380096 0 83.0240887444418 88.1934643891456 65.0930706154422 78.1117143687293 80.3930962198545 75.1757958751021
91.2741091674408 91.0003545783172 90.5963481003611 86.892206513782 87.0980037184496 83.856423587492 87.8113347355072 77.7631601811963 78.6665542029632 86.7117182771152 82.2819183877674 83.0240887444418 0 81.2357460791652 83.8860651874758 76.3773893928265 72.4659602105823 81.2973174577653
90.922877176428 92.2624095634779 90.3930962198545 88.7320818557614 89.6916329145312 86.9476203930553 90.7750878561122 80.2119042252309 76.5849931891824 90.3930962198545 87.7462632068342 88.1934643891456 81.2357460791652 0 88.6819326595009 85.1097422091168 83.8213544350363 87.1530214921769
92.8438513133261 90.5098229277861 92.2004263954606 87.5944545064845 85.7849113793878 85.2279248708898 83.6964506811521 86.301340043983 87.3162847960891 76.706750637792 72.4355771242659 65.0930706154422 83.8860651874758 88.6819326595009 0 79.3756649167141 81.4238688668901 75.6120133392751
92.0991094470192 90.9315953261369 91.4370681372493 87.2169957016613 86.5662657802988 84.2169264795973 86.3914562533118 82.3578348697387 83.4533780116904 83.9536370923738 77.6023819936779 78.1117143687293 76.3773893928265 85.1097422091168 79.3756649167141 0 67.9330371790942 74.2066957450215
91.8876990159136 91.0603100168754 91.2266091204097 87.2272264362371 86.8982993539898 84.2169264795973 87.0669366154118 81.0505757896517 82.06576917677 85.1757958751021 79.784889154264 80.3930962198545 72.4659602105823 83.8213544350363 81.4238688668901 67.9330371790942 0 77.3975598292249
92.9674028621278 91.4063373322637 92.3546980369414 88.302518301047 87.2272264362371 85.8246120982086 86.2402066734632 85.2003092693599 86.0243904361872 82.1883793840769 76.862877776897 75.1757958751021 81.2973174577653 87.1530214921769 75.6120133392751 74.2066957450215 77.3975598292249 0
