0 88.3351034548413 79.9360690089101 81.7728804809574 83.2222041818708 89.2434464950952 90.9947656762849 89.4589779583689 92.7517612822008 91.8982602822643 93.8926264666697 93.2765986392326 94.7701700400705 94.074413087684 94.8667886893461 94.8349979793794 94.6623240835214 95.7274146789046
88.3351034548413 0 85.1097422091168 87.6361647589945 86.3951708178881 80.4372372021832 84.3324514246854 85.6120133392751 88.8306757240111 89.3646997495443 90.9119548206408 93.7262992166468 92.7445958873746 94.0304749021241 93.3049294415307 93.6814491297281 94.8885543624831 94.3043305365849
79.9360690089101 85.1097422091168 0 77.6480049855169 76.7067506377919 85.6562542463234 88.1473200395812 86.0434222651364 90.5366135954557 89.6009066399718 92.0323684124072 92.1654959184623 93.2093361878076 92.9158669657079 93.4095537626939 93.4653116893828 93.7038170687027 94.4310572741802
81.7728804809574 87.6361647589945 77.6480049855169 0 71.8532472309029 86.9344014181009 88.7651958006542 85.8776332959522 90.4461275815895 88.940188044825 91.7397108407467 90.6896775093158 92.6891695446427 91.6928976393657 92.7465582351815 92.6674670926947 92.505391968549 93.8208558009545
83.2222041818708 86.3951708178881 76.7067506377919 71.8532472309029 0 85.2650098301599 87.4327495802452 84.0841170535262 89.4589779583689 87.9348599411097 90.9645655979856 90.5608692776019 92.1031014302822 91.4671980896278 92.2383025659006 92.2305599791183 92.3812891741917 93.3878402270883
89.2434464950952 80.4372372021832 85.6562542463234 86.9344014181009 85.2650098301599 0 76.848864861146 79.3443980803016 84.877334088665 85.5458188514411 87.9347740096789 91.9089615194754 90.3534795727897 92.1559801880298 91.0653800960415 91.5582389019822 93.2401555589108 92.3408689926875
90.9947656762849 84.3324514246854 88.1473200395812 88.7651958006542 87.4327495802452 76.848864861146 0 79.6324118931667 81.007524254443 83.6033008406848 85.4477705167999 91.5794132176163 88.7166314513828 91.6060264624249 89.7282645063746 90.4577544233301 92.7962957251117 91.1396604598808
89.4589779583689 85.6120133392751 86.0434222651364 85.8776332959522 84.0841170535262 79.3443980803016 79.6324118931667 0 82.7674836600796 80.853767697891 85.9866862537587 89.580133814493 88.4205617560891 89.9201577536982 89.0355663526282 89.4589779583689 91.2880173632844 90.6635131224742
92.7517612822008 88.8306757240111 90.5366135954557 90.4461275815895 89.4589779583689 84.877334088665 81.007524254443 82.7674836600796 0 78.9849275612083 77.4947214838478 90.1320245695439 84.2066957450215 89.7314264593261 86.0393941818496 87.3630331127546 91.1963957883817 88.0105149591016
91.8982602822643 89.3646997495443 89.6009066399718 88.940188044825 87.9348599411097 85.5458188514411 83.6033008406848 80.853767697891 78.9849275612083 0 80.8529418892155 87.4903455225936 83.8454562875601 87.2583944016654 84.7447863991712 85.540706059039 89.1568003794442 87.2725276893426
93.8926264666697 90.9119548206408 92.0323684124072 91.7397108407467 90.9645655979856 87.9347740096789 85.4477705167999 85.9866862537587 77.4947214838478 80.8529418892155 0 89.5765657369386 79.2428040951504 88.7429076482031 82.6839352129843 84.924474053039 90.3104847178461 85.1757958751021
93.2765986392326 93.7262992166468 92.1654959184623 90.6896775093158 90.5608692776019 91.9089615194754 91.5794132176163 89.580133814493 90.1320245695439 87.4903455225936 89.5765657369386 0 88.2993261327158 75.5523155632995 86.9257690522703 85.2457006698491 78.0360367454923 88.0309443726372
94.7701700400705 92.7445958873746 93.2093361878076 92.6891695446427 92.1031014302822 90.3534795727897 88.7166314513828 88.4205617560891 84.2066957450215 83.8454562875601 79.2428040951504 88.2993261327158 0 86.7696515306304 74.0608757462916 79.7342959307347 88.499036942022 79.0724707021626
94.074413087684 94.0304749021241 92.9158669657079 91.6928976393657 91.4671980896278 92.1559801880298 91.6060264624249 89.9201577536982 89.7314264593261 87.2583944016654 88.7429076482031 75.5523155632995 86.7696515306304 0 84.8385417941978 82.3546980369414 75.042668369047 85.891837352535
94.8667886893461 93.3049294415307 93.4095537626939 92.7465582351815 92.2383025659006 91.0653800960415 89.7282645063746 89.0355663526282 86.0393941818496 84.7447863991712 82.6839352129843 86.9257690522703 74.0608757462916 84.8385417941978 0 73.4960621867671 86.8193244329465 75.3681348263785
94.8349979793794 93.6814491297281 93.4653116893828 92.6674670926947 92.2305599791183 91.5582389019822 90.4577544233301 89.4589779583689 87.3630331127546 85.540706059039 84.924474053039 85.2457006698491 79.7342959307347 82.3546980369414 73.4960621867671 0 84.7544879428325 77.0605702158074
94.6623240835214 94.8885543624831 93.7038170687027 92.505391968549 92.3812891741917 93.2401555589108 92.7962957251117 91.2880173632844 91.1963957883817 89.1568003794442 90.3104847178461 78.0360367454923 88.499036942022 75.042668369047 86.8193244329465 84.7544879428325 0 87.2598037653182
95.7274146789046 94.3043305365849 94.4310572741802 93.8208558009545 93.3878402270883 92.3408689926875 91.1396604598808 90.6635131224742 88.0105149591016 87.2725276893426 85.1757958751021 88.0309443726372 79.0724707021626 85.891837352535 75.3681348263785 77.0605702158074 87.2598037653182 0
