0 83.201597050353 90.0551606388634 88.1019569114168 91.3734212345335 90.4103155081914 90.9001277408503 89.3650594295902 91.0161196090765 91.4125788780344 91.9817162959901 94.1439687316838 95.0480201474399 94.7056494682177 95.2995514394826 95.13049210439 96.8195489267471 96.850083941486
83.201597050353 0 85.4542277986724 81.0518581041434 87.2016042685911 85.435034457386 86.3152293981705 84.4786527265116 86.5364172448041 88.8707549940815 89.5556933220744 91.3675170171665 92.5906372095159 92.2582586883345 93.2222041818708 93.5366473849106 94.921694790601 95.0075465954802
90.0551606388634 85.4542277986724 0 83.3637795294295 77.6334787589466 80.8064765776293 82.8282017508075 86.4789317344199 83.5005923033864 90.7120793233744 91.0399651865087 89.3236704119886 90.6676799053077 90.9813878713843 92.6246587527931 94.0661241355181 93.5628612805844 93.8683181083884
88.1019569114168 81.0518581041434 83.3637795294295 0 83.5069491281038 78.7452236245687 79.8713576790514 77.3697337225719 80.1639548484426 86.3080144022083 87.0187786809485 88.2080783159927 89.9179585158647 89.5033716757062 90.9274343637847 91.8206659931335 92.961360599271 93.0856194092442
91.3734212345335 87.2016042685911 77.6334787589466 83.5069491281038 0 77.2169957016613 79.0724707021626 85.6238550502764 79.9742370056535 89.8920337031865 90.1246893973976 86.8506411936609 88.5293526373415 89.067972844759 91.1622558749251 93.1255401774895 92.0710623467877 92.4545830362408
90.4103155081914 85.435034457386 80.8064765776293 78.7452236245687 77.2169957016613 0 69.6356543330438 81.4741215705682 72.2787262194362 87.6772329176171 88.0377328770581 86.0016174742824 88.0784132442361 88.1063553983652 90.174222290158 91.9415242318863 91.8015924709415 92.0700573069053
90.9001277408503 86.3152293981705 82.8282017508075 79.8713576790514 79.0724707021626 69.6356543330438 0 80.802090708818 60.943337135734 86.9639370490137 87.2699342686732 84.6669329609772 87.0739854546403 87.017914541048 89.3173273791542 91.3168051714149 91.1490214837476 91.4168647432734
89.3650594295902 84.4786527265116 86.4789317344199 77.3697337225719 85.6238550502764 81.4741215705682 80.802090708818 0 80.4372372021832 82.5510227543453 83.5630990497122 86.9476203930553 88.8536146128247 87.9572300381973 89.2894513429609 90.0185255968003 92.0509172245329 92.0827706588024
91.0161196090765 86.5364172448041 83.5005923033864 80.1639548484426 79.9742370056535 72.2787262194362 60.943337135734 80.4372372021832 0 86.6136007973246 86.9049079448957 84.2250937501173 86.7584005843684 86.6259125705418 88.9922245819579 91.0531172574814 90.9420340568167 91.2004909747474
91.4125788780344 88.8707549940815 90.7120793233744 86.3080144022083 89.8920337031865 87.6772329176171 86.9639370490137 82.5510227543453 86.6136007973246 0 68.103370572082 87.8248646916497 89.1654517613279 87.4445030279652 87.4142314228996 86.0191975333641 91.5446471310445 91.2904236491447
91.9817162959901 89.5556933220744 91.0399651865087 87.0187786809485 90.1246893973976 88.0377328770581 87.2699342686732 83.5630990497122 86.9049079448957 68.103370572082 0 87.4454406823376 88.7336807757113 86.8087432196234 86.5364172448041 84.8913549073611 91.0721310074469 90.7678586495839
94.1439687316838 91.3675170171665 89.3236704119886 88.2080783159927 86.8506411936609 86.0016174742824 84.6669329609772 86.9476203930553 84.2250937501173 87.8248646916497 87.4454406823376 0 74.9621064332947 76.6679693956678 83.6710330012516 89.0758101447101 85.5673171147236 86.1192544428531
95.0480201474399 92.5906372095159 90.6676799053077 89.9179585158647 88.5293526373415 88.0784132442361 87.0739854546403 88.8536146128247 86.7584005843684 89.1654517613279 88.7336807757113 74.9621064332947 0 75.9539297579115 82.8601698177874 89.2234968561611 82.6700211994335 83.6713828298934
94.7056494682177 92.2582586883345 90.9813878713843 89.5033716757062 89.067972844759 88.1063553983652 87.017914541048 87.9572300381973 86.6259125705418 87.4445030279652 86.8087432196234 76.6679693956678 75.9539297579115 0 78.5940829037816 87.1419743950265 83.5858381165616 83.6791894867951
95.2995514394826 93.2222041818708 92.6246587527931 90.9274343637847 91.1622558749251 90.174222290158 89.3173273791542 89.2894513429609 88.9922245819579 87.4142314228996 86.5364172448041 83.6710330012516 82.8601698177874 78.5940829037816 0 83.947117784441 83.7445660987571 82.6135550936366
95.13049210439 93.5366473849106 94.0661241355181 91.8206659931335 93.1255401774895 91.9415242318863 91.3168051714149 90.0185255968003 91.0531172574814 86.0191975333641 84.8913549073611 89.0758101447101 89.2234968561611 87.1419743950265 83.947117784441 0 89.5771606201419 88.7320818557614
96.8195489267471 94.921694790601 93.5628612805844 92.961360599271 92.0710623467877 91.8015924709415 91.1490214837476 92.0509172245329 90.9420340568167 91.5446471310445 91.0721310074469 85.5673171147236 82.6700211994335 83.5858381165616 83.7445660987571 89.5771606201419 0 71.3176021151403
96.850083941486 95.0075465954802 93.8683181083884 93.0856194092442 92.4545830362408 92.0700573069053 91.4168647432734 92.0827706588024 91.2004909747474 91.2904236491447 90.7678586495839 86.1192544428531 83.6713828298934 83.6791894867951 82.6135550936366 88.7320818557614 71.3176021151403 0
