0 83.9209422467254 79.7571837034398 86.837422786594 83.8325331923513 75.3635669440651 90.6117913722832 81.3769599159453 91.3749943378086 87.0071507868401 87.1530214921769 90.4267679076648 90.0356871694171 92.3149785870276 92.7896837015968 90.7841074747623 91.6746527851439 93.6860705133182
83.9209422467254 0 75.5372620133263 75.9739714678747 69.6356543330438 85.0087698428884 85.4795778716485 82.9845369622933 87.0711757029314 85.604595839916 87.989131632697 88.6058891030814 89.3675571693105 90.2482427887967 91.0365710695442 90.8222332357115 90.6732294042875 91.8754520538706
79.7571837034398 75.5372620133263 0 81.7635471026959 75.9126336164662 81.7619355764506 87.7647878994723 80.6188168979226 88.9090804678383 85.4963548523048 87.2016042685911 89.0639678585084 89.3223765816634 90.9368178278012 91.6002544166667 90.56845107081 90.857813115772 92.5009472645133
86.837422786594 75.9739714678747 81.7635471026959 0 77.0348338668161 87.4802850888848 82.156852333141 85.4161729078328 84.6092416854048 86.2508969443341 88.9327560559032 88.3136724490728 89.576770976669 89.5458759362997 90.462883717776 91.1616432817976 90.5713728543176 91.189212804619
83.8325331923513 69.6356543330438 75.9126336164662 77.0348338668161 0 84.4149491827879 85.289026176076 81.4121890441111 86.7159566715922 84.1009420423914 86.9388930455938 87.6253297481309 88.4228902048013 89.5413226105397 90.3708563400322 90.0330101399179 89.8848356034133 91.3176021151403
75.3635669440651 85.0087698428884 81.7619355764506 87.4802850888848 84.4149491827879 0 90.7351398429215 78.3655705255393 91.3324974480536 85.4240541877268 84.8593413993173 89.4295383100754 88.6620746062908 91.6393328090212 92.0795171742365 89.3488319663259 90.6154110475304 93.1023644011447
90.6117913722832 85.4795778716485 87.7647878994723 82.156852333141 85.289026176076 90.7351398429215 0 88.8122703883472 73.8213544350363 87.679995898191 90.3410248902675 87.5989404087275 89.7360167039802 87.5186760113139 88.7168802665761 91.4498409443732 90.0029141266583 89.0724707021626
81.3769599159453 82.9845369622933 80.6188168979226 85.4161729078328 81.4121890441111 78.3655705255393 88.8122703883472 0 89.3818913619656 80.6047544631244 81.8246980227395 86.6954739846934 86.0981015495578 89.5413226105397 90.1325480366474 87.4995229711462 88.5150190578767 91.3706669319512
91.3749943378086 87.0711757029314 88.9090804678383 84.6092416854048 86.7159566715922 91.3324974480536 73.8213544350363 89.3818913619656 0 87.7056993033671 90.3569604928516 86.7881318965623 89.2970716604341 86.0393941818496 87.4181448674708 91.0906420857516 89.2716184311276 87.6253319777206
87.0071507868401 85.604595839916 85.4963548523048 86.2508969443341 84.1009420423914 85.4240541877268 87.679995898191 80.6047544631244 87.7056993033671 0 78.7966354858417 80.783022385592 80.3980229870522 85.8653516496594 86.6511008236815 83.9536370923738 84.2107909313872 88.4936964734117
87.1530214921769 87.989131632697 87.2016042685911 88.9327560559032 86.9388930455938 84.8593413993173 90.3410248902675 81.8246980227395 90.3569604928516 78.7966354858417 0 84.1398803232513 80.5050214404877 88.0360367454923 88.3279715303536 81.4741215705682 84.9296803811179 89.9834559717079
90.4267679076648 88.6058891030814 89.0639678585084 88.3136724490728 87.6253297481309 89.4295383100754 87.5989404087275 86.6954739846934 86.7881318965623 80.783022385592 84.1398803232513 0 77.9482903505078 79.2300000877141 80.4960144009178 83.1048134929571 77.9381374488549 83.9837094132368
90.0356871694171 89.3675571693105 89.3223765816634 89.576770976669 88.4228902048013 88.6620746062908 89.7360167039802 86.0981015495578 89.2970716604341 80.3980229870522 80.5050214404877 77.9482903505078 0 84.0735682389664 84.1323142820089 76.5304228410657 76.9639370490137 86.6917490863679
92.3149785870276 90.2482427887967 90.9368178278012 89.5458759362997 89.5413226105397 91.6393328090212 87.5186760113139 89.5413226105397 86.0393941818496 85.8653516496594 88.0360367454923 79.2300000877141 84.0735682389664 0 70.943337135734 86.5376151333289 81.3414426772175 76.9747808619358
92.7896837015968 91.0365710695442 91.6002544166667 90.462883717776 90.3708563400322 92.0795171742365 88.7168802665761 90.1325480366474 87.4181448674708 86.6511008236815 88.3279715303536 80.4960144009178 84.1323142820089 70.943337135734 0 86.2093142267685 80.4078597858648 74.8349979793794
90.7841074747623 90.8222332357115 90.56845107081 91.1616432817976 90.0330101399179 89.3488319663259 91.4498409443732 87.4995229711462 91.0906420857516 83.9536370923738 81.4741215705682 83.1048134929571 76.5304228410657 86.5376151333289 86.2093142267685 0 79.9850808185757 88.2097943381431
91.6746527851439 90.6732294042875 90.857813115772 90.5713728543176 89.8848356034133 90.6154110475304 90.0029141266583 88.5150190578767 89.2716184311276 84.2107909313872 84.9296803811179 77.9381374488549 76.9639370490137 81.3414426772175 80.4078597858648 79.9850808185757 0 83.947117784441
93.6860705133182 91.8754520538706 92.5009472645133 91.189212804619 91.3176021151403 93.1023644011447 89.0724707021626 91.3706669319512 87.6253319777206 88.4936964734117 89.9834559717079 83.9837094132368 86.6917490863679 76.9747808619358 74.8349979793794 88.2097943381431 83.947117784441 0
