0 77.1861580940907 71.4741215705682 88.7716451877599 85.4211172286802 88.6208308091898 85.26340400843 85.0646645252045 86.9834364598563 85.1626652685191 86.0056807318553 87.3161991618915 89.2837273173287 88.014632917085 88.1860958317419 90.521324885034 89.2428040951504 91.2103036955156
77.1861580940907 0 78.3311427205777 86.3340981236618 82.3578348697387 86.3152293981705 84.4555005891274 84.6565365314203 85.3287606235951 85.2585829776085 86.5840769255055 88.1401970346623 87.989131632697 87.4084952286775 88.1142143850042 89.2945330399795 88.4011093146316 90.0308673275794
71.4741215705682 78.3311427205777 0 88.499036942022 84.6521673035101 88.2000037388758 83.555965823659 83.1994705902115 85.9084823227115 83.2093361878076 84.2005457159281 85.8091913096347 88.447649622336 86.7605083024474 86.8506411936609 89.8335513566863 88.2390343987537 90.593000884045
88.7716451877599 86.3340981236618 88.499036942022 0 80.211904225231 70.237526392877 86.0393941818496 86.836085633951 82.9436298012717 87.817734881193 89.115684439989 90.4376655871314 83.6964506811521 86.8980126947757 88.6848557252811 84.1593214403875 86.2747000185204 84.7327641218684
85.4211172286802 82.3578348697387 84.6521673035101 80.211904225231 0 78.7966354858417 80.5622918724125 81.8816531671601 77.0711757029314 83.5008850021645 85.5673171147236 87.5254436081324 82.0827706588024 83.4790189045015 85.6445006672441 84.2434141444616 83.8924062417859 85.4550587108594
88.6208308091898 86.3152293981705 88.2000037388758 70.237526392877 78.7966354858417 0 84.877334088665 85.7989195458768 80.943337135734 86.8982993539898 88.3073021585004 89.7249732427595 81.6251957531956 85.6070145447418 87.6772329176171 82.3546980369414 84.7922451010396 83.2067580073703
85.26340400843 84.4555005891274 83.555965823659 86.0393941818496 80.5622918724125 84.877334088665 0 65.9252677689633 76.8982993539898 73.2478263495168 78.607465606858 82.436786322648 81.9332335297458 76.7783912933045 79.2428040951504 84.7054556385607 80.6560956231151 86.0621707455228
85.0646645252045 84.6565365314203 83.1994705902115 86.836085633951 81.8816531671601 85.7989195458768 65.9252677689633 0 79.0317466454333 68.408030136549 76.4033052273543 81.1220143253691 83.0113267045193 77.3382020284199 78.450507355292 85.488534198597 81.4372297573005 86.7327032798014
86.9834364598563 85.3287606235951 85.9084823227115 82.9436298012717 77.0711757029314 80.943337135734 76.8982993539898 79.0317466454333 0 81.1963957883817 83.6150544197642 85.8553432794984 76.625354376404 78.3604648928205 82.3859648733539 81.0463367021322 78.6223132959149 82.9953807752155
85.1626652685191 85.2585829776085 83.2093361878076 87.817734881193 83.5008850021645 86.8982993539898 73.2478263495168 68.408030136549 81.1963957883817 0 72.0827706588024 78.9139052850107 84.2107909313872 78.3906300801353 77.5519919157727 86.3740794860693 82.3859648733539 87.4947214838479
86.0056807318553 86.5840769255055 84.2005457159281 89.115684439989 85.5673171147236 88.3073021585004 78.607465606858 76.4033052273543 83.6150544197642 72.0827706588024 0 73.6495406124188 85.6562542463234 80.1827002908303 77.0071507868401 87.4502969333401 83.6291168545625 88.4205617560891
87.3161991618915 88.1401970346623 85.8091913096347 90.4376655871314 87.5254436081324 89.7249732427595 82.436786322648 81.1220143253691 85.8553432794984 78.9139052850107 73.6495406124188 0 87.1973026099005 82.6046768387851 78.965514235776 88.6362122060096 85.2041513982867 89.4507263559054
89.2837273173287 87.989131632697 88.447649622336 83.6964506811521 82.0827706588024 81.6251957531956 81.9332335297458 83.0113267045193 76.625354376404 84.2107909313872 85.6562542463234 87.1973026099005 0 79.5267793197348 83.3288160125473 73.447537158823 75.289026176076 77.627196302634
88.014632917085 87.4084952286775 86.7605083024474 86.8980126947757 83.4790189045015 85.6070145447418 76.7783912933045 77.3382020284199 78.3604648928205 78.3906300801353 80.1827002908303 82.6046768387851 79.5267793197348 0 74.5045437874791 82.633159164016 73.9584276754643 84.2156496043292
88.1860958317419 88.1142143850042 86.8506411936609 88.6848557252811 85.6445006672441 87.6772329176171 79.2428040951504 78.450507355292 82.3859648733539 77.5519919157727 77.0071507868401 78.965514235776 83.3288160125473 74.5045437874791 0 85.3176715737137 79.5407227977055 86.440724448383
90.521324885034 89.2945330399795 89.8335513566863 84.1593214403875 84.2434141444616 82.3546980369414 84.7054556385607 85.488534198597 81.0463367021322 86.3740794860693 87.4502969333401 88.6362122060096 73.447537158823 82.633159164016 85.3176715737137 0 79.0724707021626 69.2684262627964
89.2428040951504 88.4011093146316 88.2390343987537 86.2747000185204 83.8924062417859 84.7922451010396 80.6560956231151 81.4372297573005 78.6223132959149 82.3859648733539 83.6291168545625 85.2041513982867 75.289026176076 73.9584276754643 79.5407227977055 79.0724707021626 0 81.2209091826396
91.2103036955156 90.0308673275794 90.593000884045 84.7327641218684 85.4550587108594 83.2067580073703 86.0621707455228 86.7327032798014 82.9953807752155 87.4947214838479 88.4205617560891 89.4507263559054 77.627196302634 84.2156496043292 86.440724448383 69.2684262627964 81.2209091826396 0
