0 77.4269372455433 86.5364172448041 85.9195436335469 89.5114415227813 91.0195348809081 90.4458346308443 90.6967359817886 91.6492564508544 92.7984753779194 92.8255888627868 93.4419218599077 93.6159933333597 93.9244945329699 94.3630212175334 94.019681743052 96.0321342036791 96.5204399080276
77.4269372455433 0 87.3162326125158 83.091775616211 87.3679396726971 90.4547687368095 89.4266097171509 88.9949461517284 90.4372372021832 91.8452120114882 91.7819451443998 92.8145944167513 92.6344949380912 93.2255049782362 93.8213544350363 93.0931201114572 95.2190096129285 95.6728739173396
86.5364172448041 87.3162326125158 0 86.4505113704269 89.7088146798283 86.0191975333641 86.9920756328292 90.0287234574536 89.6462054256599 90.4401640436861 90.8378353124009 90.2211456292078 91.8257614708497 91.2227858578259 91.3454034114811 92.2308298541939 94.8152770727027 95.7100957089155
85.9195436335469 83.091775616211 86.4505113704269 0 80.762691098372 86.6766955363947 84.1934498369805 83.2707577629414 85.5673171147236 87.929561432755 87.8007545217567 89.6321315981049 89.115684439989 90.0910780660165 91.0531172574814 89.7937695525874 92.793939960948 93.4909422065558
89.5114415227813 87.3679396726971 89.7088146798283 80.762691098372 0 87.5851146481061 84.3616377049391 75.0004729781242 82.8275860344179 86.0944920758162 85.3727990641341 89.015347237417 86.7281834455357 89.0159806884951 90.4335100886162 87.5944545064845 90.8647614397721 91.4671980896278
91.0195348809081 90.4547687368095 86.0191975333641 86.6766955363947 87.5851146481061 0 77.6211362508608 86.5698338578532 83.4864004590469 83.447537158823 84.7490671664029 81.9124372658146 86.4050608189035 84.3238298925507 84.716399646416 86.9749815383254 91.1902457592883 92.7073171597354
90.4458346308443 89.4266097171509 86.9920756328292 84.1934498369805 84.3616377049391 77.6211362508608 0 82.7411553905227 78.4676284126902 80.9283870679461 81.9098741180961 83.0260040526589 84.4437562987706 84.2979161426279 85.8269420981322 85.4024912752453 90.3059533329166 91.7528471795289
90.6967359817886 88.9949461517284 90.0287234574536 83.2707577629414 75.0004729781242 86.5698338578532 82.7411553905227 0 78.9021373091748 83.4694405414077 82.3200425081016 87.4298640870463 84.1239704853616 87.2510804624914 89.0355663526282 85.2724469411926 89.4313841462521 90.2984345585959
91.6492564508544 90.4372372021832 89.6462054256599 85.5673171147236 82.8275860344179 83.4864004590469 78.4676284126902 78.9021373091748 0 76.1020755728508 74.9227372224544 83.3637795294295 79.7571837034398 83.1603533370283 85.8005514005498 81.581662263543 88.1407920610298 89.7553248801071
92.7984753779194 91.8452120114882 90.4401640436861 87.929561432755 86.0944920758162 83.447537158823 80.9283870679461 83.4694405414077 76.1020755728508 0 69.6356543330438 79.5765657369386 75.6120133392751 78.2119958402941 82.6810253671005 77.6587552845566 86.7696515306304 89.0495676048436
92.8255888627868 91.7819451443998 90.8378353124009 87.8007545217567 85.3727990641341 84.7490671664029 81.9098741180961 82.3200425081016 74.9227372224544 69.6356543330438 0 81.9193804244781 72.6751998198568 80.4268267970005 84.2107909313872 76.2337576745045 86.1821018921153 88.4007276111842
93.4419218599077 92.8145944167513 90.2211456292078 89.6321315981049 89.015347237417 81.9124372658146 83.0260040526589 87.4298640870463 83.3637795294295 79.5765657369386 81.9193804244781 0 82.7531929436013 73.4464847816586 74.6354957098355 82.8750989417948 88.3351034548413 90.6331130242633
93.6159933333597 92.6344949380912 91.8257614708497 89.115684439989 86.7281834455357 86.4050608189035 84.4437562987706 84.1239704853616 79.7571837034398 75.6120133392751 72.6751998198568 82.7531929436013 0 80.3061812747595 84.2005457159281 67.3553318123919 84.1323142820089 86.9749815383254
93.9244945329699 93.2255049782362 91.2227858578259 90.0910780660165 89.0159806884951 84.3238298925507 84.2979161426279 87.2510804624914 83.1603533370283 78.2119958402941 80.4268267970005 73.4464847816586 80.3061812747595 0 75.4033922170585 79.9796622965764 86.6201776787514 89.3756649167141
94.3630212175334 93.8213544350363 91.3454034114811 91.0531172574814 90.4335100886162 84.716399646416 85.8269420981322 89.0355663526282 85.8005514005498 82.6810253671005 84.2107909313872 74.6354957098355 84.2005457159281 75.4033922170585 0 83.8824544147878 88.0908247429846 90.5736082836559
94.019681743052 93.0931201114572 92.2308298541939 89.7937695525874 87.5944545064845 86.9749815383254 85.4024912752453 85.2724469411926 81.581662263543 77.6587552845566 76.2337576745045 82.8750989417948 67.3553318123919 79.9796622965764 83.8824544147878 0 83.0272688913602 86.4050608189035
96.0321342036791 95.2190096129285 94.8152770727027 92.793939960948 90.8647614397721 91.1902457592883 90.3059533329166 89.4313841462521 88.1407920610298 86.7696515306304 86.1821018921153 88.3351034548413 84.1323142820089 86.6201776787514 88.0908247429846 83.0272688913602 0 78.712045994595
96.5204399080276 95.6728739173396 95.7100957089155 93.4909422065558 91.4671980896278 92.7073171597354 91.7528471795289 90.2984345585959 89.7553248801071 89.0495676048436 88.4007276111842 90.6331130242633 86.9749815383254 89.3756649167141 90.5736082836559 86.4050608189035 78.712045994595 0
