0 78.0105149591016 84.5608898118342 81.1011246996244 85.6811254822013 86.7239959740949 90.3368188272134 93.8169546520888 93.3410734014524 91.6359469985815 92.8281220948734 93.436054666465 94.1494167318449 96.4230522172064 95.9155371628789 96.5111542868909 97.0025313465696 96.3401000894649
78.0105149591016 0 80.537523670719 72.0827706588024 82.6810253671005 83.7944074314021 87.9841719323808 92.3165622074112 91.7146889175308 89.9677176977207 91.1190958196448 91.828241837558 92.8266797297397 95.3152916605193 94.7904545651168 95.4208680175436 95.9746628000599 95.3938490482953
84.5608898118342 80.537523670719 0 81.0687700526026 85.7612392506878 85.9331781630744 84.9796890336395 90.4727138132438 90.0878265427196 90.2707894287396 90.1647388136512 90.5886846103728 92.6002308959102 94.451217665195 94.3038240174029 94.6475427212192 95.2279248708898 95.3527426511307
81.1011246996244 72.0827706588024 81.0687700526026 0 79.8531331056309 81.2209091826396 87.1714138039071 91.8110322173419 91.0607793783078 88.7838012938152 90.229855602271 91.0843403509302 92.0118345104599 94.8174133850159 94.1779208042287 94.9100204274231 95.4994299942235 94.7827483141544
85.6811254822013 82.6810253671005 85.7612392506878 79.8531331056309 0 69.2684262627964 87.5414100946766 91.7136120116592 90.6119006744577 85.6562542463234 88.9208584222411 90.2272956583012 90.2408513659889 94.1458388545984 93.0347324962994 94.1580840711585 94.8039248067578 93.356343673074
86.7239959740949 83.7944074314021 85.9331781630744 81.2209091826396 69.2684262627964 0 86.8174351984175 91.1565121034622 89.9238369629599 84.3596604935146 87.9822666720595 89.4510244050228 89.4565159070631 93.6424341232316 92.4570356382086 93.6511707812689 94.3342315065725 92.8580133491266
90.3368188272134 87.9841719323808 84.9796890336395 87.1714138039071 87.5414100946766 86.8174351984175 0 84.1984937693655 83.051870788883 87.7681999160246 84.4712491318348 84.461810922378 89.3794018549791 90.9260610442799 91.1178025174044 91.2614598490377 92.0857762726231 93.1383965104626
93.8169546520888 92.3165622074112 90.4727138132438 91.8110322173419 91.7136120116592 91.1565121034622 84.1984937693655 0 76.2196361444474 90.0482808007376 84.6668192477472 81.5730919792469 89.3217457522892 87.0542816193618 89.2898848802933 87.9016548640009 88.8679544492035 92.6002308959102
93.3410734014524 91.7146889175308 90.0878265427196 91.0607793783078 90.6119006744577 89.9238369629599 83.051870788883 76.2196361444474 0 88.1284864350841 80.5410691703037 75.1699476579765 87.2425274907694 86.487839079875 87.8099487374147 87.1394871931621 88.375297950221 91.3863823274932
91.6359469985815 89.9677176977207 90.2707894287396 88.7838012938152 85.6562542463234 84.3596604935146 87.7681999160246 90.0482808007376 88.1284864350841 0 83.7331583043885 86.5063621434069 82.7601623878316 91.0973538727635 88.5731220444114 90.9123714503429 91.8048908428137 88.7673877886962
92.8281220948734 91.1190958196448 90.1647388136512 90.229855602271 88.9208584222411 87.9822666720595 84.4712491318348 84.6668192477472 80.5410691703037 83.7331583043885 0 75.2408599357581 82.5233765406044 87.2516823140145 85.8862748223873 87.3425106621189 88.6984462236398 89.2108423325392
93.436054666465 91.828241837558 90.5886846103728 91.0843403509302 90.2272956583012 89.4510244050228 84.461810922378 81.5730919792469 75.1699476579765 86.5063621434069 75.2408599357581 0 84.7633639874137 85.7044043041359 85.8987805111985 86.1066232152967 87.6054661579947 89.9642047943602
94.1494167318449 92.8266797297397 92.6002308959102 92.0118345104599 90.2408513659889 89.4565159070631 89.3794018549791 89.3217457522892 87.2425274907694 82.7601623878316 82.5233765406044 84.7633639874137 0 87.8505730049599 82.5135369775341 87.3062096567191 88.5241253582302 84.1260579378503
96.4230522172064 95.3152916605193 94.451217665195 94.8174133850159 94.1458388545984 93.6424341232316 90.9260610442799 87.0542816193618 86.487839079875 91.0973538727635 87.2516823140145 85.7044043041359 87.8505730049599 0 83.1155436921792 69.9454440343671 74.3828687466032 89.3965357696886
95.9155371628789 94.7904545651168 94.3038240174029 94.1779208042287 93.0347324962994 92.4570356382086 91.1178025174044 89.2898848802933 87.8099487374147 88.5731220444114 85.8862748223873 85.8987805111985 82.5135369775341 83.1155436921792 0 81.4241470742374 83.1974040330372 83.7517978730905
96.5111542868909 95.4208680175436 94.6475427212192 94.9100204274231 94.1580840711585 93.6511707812689 91.2614598490377 87.9016548640009 87.1394871931621 90.9123714503429 87.3425106621189 86.1066232152967 87.3062096567191 69.9454440343671 81.4241470742374 0 71.9124372658146 88.5271565534808
97.0025313465696 95.9746628000599 95.2279248708898 95.4994299942235 94.8039248067578 94.3342315065725 92.0857762726231 88.8679544492035 88.375297950221 91.8048908428137 88.6984462236398 87.6054661579947 88.5241253582302 74.3828687466032 83.1974040330372 71.9124372658146 0 89.0924689484848
96.3401000894649 95.3938490482953 95.3527426511307 94.7827483141544 93.356343673074 92.8580133491266 93.1383965104626 92.6002308959102 91.3863823274932 88.7673877886962 89.2108423325392 89.9642047943602 84.1260579378503 89.3965357696886 83.7517978730905 88.5271565534808 89.0924689484848 0
