0 63.4960621867671 87.3630331127546 83.2222041818708 84.1201272997819 85.8076419242784 90.3175129505054 90.706378301254 93.3917962260584 93.6758969702515 93.2028878646942 92.9532093273657 93.3129901267638 93.6784425911386 94.0576968186256 93.8943878638321 94.4555005891274 95.1280073452
63.4960621867671 0 86.7923005771085 83.9968508302003 83.4079777679747 86.1033994395945 90.0474465348809 90.6787718210589 93.2623636303005 93.5519184554454 93.2917988349477 92.9235813910652 93.2917988349477 93.7349855663567 93.9755137714707 93.8358812162758 94.3770291380093 95.1862718514021
87.3630331127546 86.7923005771085 0 91.2066265229575 80.7183075095315 90.8280348378328 86.5268222233502 91.4114092712714 91.6863805757484 92.0161153643317 94.8172353991213 93.0838239298534 93.5023308030386 94.852864745652 93.1281670116705 93.4033961764943 93.5261172881643 96.1757277376371
83.2222041818708 83.9968508302003 91.2066265229575 0 88.5701952731941 81.7097415724374 91.9235409978307 90.1199673790078 93.8661194224638 94.1107964124433 91.398522764579 92.4247345007462 92.7103255969197 92.2614478484374 94.1015717132456 93.6952985535903 94.4805765116235 93.7799670363223
84.1201272997819 83.4079777679747 80.7183075095315 88.5701952731941 0 87.5970943750675 85.0656818491933 88.9409980405579 90.6174305369676 91.0106800747649 93.0315778029448 91.3410895580176 91.8383762243443 93.1665287431468 91.9295919403683 92.0273434561762 92.4205091783485 94.7569485909004
85.8076419242784 86.1033994395945 90.8280348378328 81.7097415724374 87.5970943750675 0 89.9069455904272 86.0434222651364 91.6841840260165 91.9772688354693 88.4638216139284 89.4412153781109 89.8352332562048 89.4516367342193 91.8069354424815 91.2135696816211 92.2867022452208 91.6121845670317
90.3175129505054 90.0474465348809 86.5268222233502 91.9235409978307 85.0656818491933 89.9069455904272 0 86.7468837467999 84.7109310897828 85.435034457386 92.2892514828428 88.47226868458 89.1551959618225 91.9504880014648 87.7348895485676 88.447649622336 88.43141718532 93.6375325108445
90.706378301254 90.6787718210589 91.4114092712714 90.1199673790078 88.9409980405579 86.0434222651364 86.7468837467999 0 86.1020755728508 86.5304228410657 85.7634929002411 80.1445703986413 81.5879170280032 85.2650098301599 85.5912123321934 84.2596343120333 86.5172059563291 88.7197799126989
93.3917962260584 93.2623636303005 91.6863805757484 93.8661194224638 90.6174305369676 91.6841840260165 84.7109310897828 86.1020755728508 0 63.9536370923738 91.1211806667008 84.716399646416 85.4024912752453 90.174222290158 78.5776170713634 81.9950314157273 79.9360690089101 91.7844506551408
93.6758969702515 93.5519184554454 92.0161153643317 94.1107964124433 91.0106800747649 91.9772688354693 85.435034457386 86.5304228410657 63.9536370923738 0 91.2233529292026 84.8667886893461 85.4703994008443 90.2380372975089 77.8275353557611 81.7711908388985 79.0119174309222 91.7729850735115
93.2028878646942 93.2917988349477 94.8172353991213 91.398522764579 93.0315778029448 88.4638216139284 92.2892514828428 85.7634929002411 91.1211806667008 91.2233529292026 0 85.5523155632995 85.1626652685191 75.042668369047 89.7342959307347 88.2382248275296 90.0415708322431 81.3769599159453
92.9532093273657 92.9235813910652 93.0838239298534 92.4247345007462 91.3410895580176 89.4412153781109 88.47226868458 80.1445703986413 84.716399646416 84.8667886893461 85.5523155632995 0 66.9639370490137 83.555965823659 81.5729154765791 77.627196302634 82.6017133826353 86.9388930455938
93.3129901267638 93.2917988349477 93.5023308030386 92.7103255969197 91.8383762243443 89.8352332562048 89.1551959618225 81.5879170280032 85.4024912752453 85.4703994008443 85.1626652685191 66.9639370490137 0 82.7760355725621 81.9745296711912 77.7738075181225 82.7531929436013 86.1924886111327
93.6784425911386 93.7349855663567 94.852864745652 92.2614478484374 93.1665287431468 89.4516367342193 91.9504880014648 85.2650098301599 90.174222290158 90.2380372975089 75.042668369047 83.555965823659 82.7760355725621 0 88.3572170605267 86.5268222233502 88.6385873374445 79.2299361010872
94.0576968186256 93.9755137714707 93.1281670116705 94.1015717132456 91.9295919403683 91.8069354424815 87.7348895485676 85.5912123321934 78.5776170713634 77.8275353557611 89.7342959307347 81.5729154765791 81.9745296711912 88.3572170605267 0 73.9968508302003 67.4754622734875 89.9985976200845
93.8943878638321 93.8358812162758 93.4033961764943 93.6952985535903 92.0273434561762 91.2135696816211 88.447649622336 84.2596343120333 81.9950314157273 81.7711908388985 88.2382248275296 77.627196302634 77.7738075181225 86.5268222233502 73.9968508302003 0 75.5523155632995 88.5210920458533
94.4555005891274 94.3770291380093 93.5261172881643 94.4805765116235 92.4205091783485 92.2867022452208 88.43141718532 86.5172059563291 79.9360690089101 79.0119174309222 90.0415708322431 82.6017133826353 82.7531929436013 88.6385873374445 67.4754622734875 75.5523155632995 0 90.0708701724473
95.1280073452 95.1862718514021 96.1757277376371 93.7799670363223 94.7569485909004 91.6121845670317 93.6375325108445 88.7197799126989 91.7844506551408 91.7729850735115 81.3769599159453 86.9388930455938 86.1924886111327 79.2299361010872 89.9985976200845 88.5210920458533 90.0708701724473 0
