0 88.7075105697759 80.2119042252309 90.7008710260969 80.788610269172 85.0612171811727 85.3962648299937 87.2165237201337 88.6200893760136 91.3863823274932 88.3584952170726 93.1553923124741 90.6861507245123 90.5098229277861 90.522282007863 92.3358293114501 92.5803165946597 92.593518064361
88.7075105697759 0 85.4272575044436 76.943632849991 87.7797835999523 88.326986419024 88.5071857004901 85.604595839916 84.8174914167939 84.9897325282919 90.4245313795394 88.2591868333414 89.3562650906298 90.3423542293924 90.9219779509832 92.8427218391382 92.4872908756396 92.9233061117054
80.2119042252309 85.4272575044436 0 88.1316743187726 76.625354376404 81.6177655634978 82.1654959184623 82.5910683648865 84.6168963459942 88.57836579041 86.4924630661193 90.9437714085026 88.2106092259997 88.3666599593055 88.6289782308698 91.0314672262549 91.0872822984694 91.273654299112
90.7008710260969 76.943632849991 88.1316743187726 0 89.8195101390914 90.0228223518567 90.1471795575176 87.434329147587 86.2937452682456 84.3774230737726 91.5769199901084 87.3072129938656 90.0367575193471 91.1257638103131 91.7282678173998 93.4213519108357 92.9728495861364 93.4564145835473
80.788610269172 87.7797835999523 76.625354376404 89.8195101390914 0 76.8982993539898 77.7647878994723 82.4357850788694 85.0325173442018 89.2792700757186 83.9169297891013 91.3307306167815 87.3975598292249 87.0764687502886 87.1269564468328 89.7657356159223 90.0222854898969 90.0904303949268
85.0612171811727 88.326986419024 81.6177655634978 90.0228223518567 76.8982993539898 0 57.9330371790942 79.660258909444 83.1600871064417 88.3192387985912 79.1603573776777 90.3410248902675 84.6168963459942 83.8946079882559 83.9296849669784 87.5680821732371 87.8568047770822 87.9685437212309
85.3962648299937 88.5071857004901 82.1654959184623 90.1471795575176 77.7647878994723 57.9330371790942 0 79.7864402927477 83.2093361878076 88.3390605802349 78.3723736494246 90.3175129505054 84.3616377049391 83.5201228844259 83.5153213971275 87.2820597623173 87.59539342008 87.6983577047784
87.2165237201337 85.604595839916 82.5910683648865 87.434329147587 82.4357850788694 79.660258909444 79.7864402927477 0 73.6754369449756 84.3444273326078 83.1574795141574 87.5094923088292 82.0907173386634 83.3014264969196 84.3246848848955 88.0777539024643 87.7326221248138 88.2905355522908
88.6200893760136 84.8174914167939 84.6168963459942 86.2937452682456 85.0325173442018 83.1600871064417 83.2093361878076 73.6754369449756 0 81.3454034114811 85.06739428455 85.5807743482046 81.6177655634978 83.8325331923513 85.1014144120895 88.47226868458 87.8568047770822 88.588409946283
91.3863823274932 84.9897325282919 88.57836579041 84.3774230737726 89.2792700757186 88.3192387985912 88.3390605802349 84.3444273326078 81.3454034114811 0 89.0920661593273 78.8108513571896 85.0813623034275 87.2537141011014 88.3073021585004 90.3930962198545 89.5166621000467 90.3490759701342
88.3584952170726 90.4245313795394 86.4924630661193 91.5769199901084 83.9169297891013 79.1603573776777 78.3723736494246 83.1574795141574 85.06739428455 89.0920661593273 0 90.4782679033641 82.6794661220624 79.7411448076201 78.3427707193746 83.6396381458637 84.5142775470816 84.3398387118709
93.1553923124741 88.2591868333414 90.9437714085026 87.3072129938656 91.3307306167815 90.3410248902675 90.3175129505054 87.5094923088292 85.5807743482046 78.8108513571896 90.4782679033641 0 86.3152293981705 88.2801236925049 89.2338005042658 90.6902958548309 89.6239007539644 90.5453045452723
90.6861507245123 89.3562650906298 88.2106092259997 90.0367575193471 87.3975598292249 84.6168963459942 84.3616377049391 82.0907173386634 81.6177655634978 85.0813623034275 82.6794661220624 86.3152293981705 0 74.4651623168477 78.4018890874713 83.6964506811521 82.1523653118793 83.724519982997
90.5098229277861 90.3423542293924 88.3666599593055 91.1257638103131 87.0764687502886 83.8946079882559 83.5201228844259 83.3014264969196 83.8325331923513 87.2537141011014 79.7411448076201 88.2801236925049 74.4651623168477 0 69.6356543330438 80.8110544783965 79.8195101390914 81.1550352910465
90.522282007863 90.9219779509832 88.6289782308698 91.7282678173998 87.1269564468328 83.9296849669784 83.5153213971275 84.3246848848955 85.1014144120895 88.3073021585004 78.3427707193746 89.2338005042658 78.4018890874713 69.6356543330438 0 79.0051368755729 79.0724707021626 79.7356001191513
92.3358293114501 92.8427218391382 91.0314672262549 93.4213519108357 89.7657356159223 87.5680821732371 87.2820597623173 88.0777539024643 88.47226868458 90.3930962198545 83.6396381458637 90.6902958548309 83.6964506811521 80.8110544783965 79.0051368755729 0 73.2478263495168 64.0097279376652
92.5803165946597 92.4872908756396 91.0872822984694 92.9728495861364 90.0222854898969 87.8568047770822 87.59539342008 87.7326221248138 87.8568047770822 89.5166621000467 84.5142775470816 89.6239007539644 82.1523653118793 79.8195101390914 79.0724707021626 73.2478263495168 0 70.9149408328643
92.593518064361 92.9233061117054 91.273654299112 93.4564145835473 90.0904303949268 87.9685437212309 87.6983577047784 88.2905355522908 88.588409946283 90.3490759701342 84.3398387118709 90.5453045452723 83.724519982997 81.1550352910465 79.7356001191513 64.0097279376652 70.9149408328643 0
