0 80.6607330446118 81.0335945566031 85.952559527637 82.8550516930196 83.9209422467254 85.4719304936925 89.2607554721904 87.4180051179114 88.3390605802349 88.3065052147751 91.1112477906317 91.7701139422151 92.4657892830644 92.7114819424818 93.3611700061194 93.6890717776987 94.2183568611349
80.6607330446118 0 80.6560956231151 89.250506630103 83.5630990497122 85.0325173442018 86.625354376404 87.0637545821867 87.587052822658 89.8380349754291 88.0529683256868 91.3265446038992 91.6251957531956 91.8036795402489 91.9504880014648 93.8369474159568 93.6814491297281 93.5768568196697
81.0335945566031 80.6560956231151 0 86.625354376404 72.6459542896836 77.0071507868401 80.5622918724125 85.27783507335 82.6441750148493 86.223500547626 83.785387812752 88.4628503734868 89.0831478920987 89.7930607467401 90.1036632376197 91.7090311826076 91.693328996376 92.0861101013499
85.952559527637 89.250506630103 86.625354376404 0 85.6562542463234 84.9435334863856 84.5832154332189 91.3749943378086 86.9865259293281 83.2910400873432 88.2089792973565 89.3231348092051 90.7077540295225 92.3353855719354 92.7440221447462 90.8278182114516 92.2930725357932 94.0672266294399
82.8550516930196 83.5630990497122 72.6459542896836 85.6562542463234 0 69.0051368755729 76.1020755728508 85.2970022018606 79.7686169601382 84.2495038086784 81.676854159603 87.0630636339914 87.9399803377578 89.038085019696 89.4448963599549 90.7039288866126 90.8115021815894 91.54351256105
83.9209422467254 85.0325173442018 77.0071507868401 84.9435334863856 69.0051368755729 0 71.1136705287218 85.7563298690626 77.9077386862315 82.6135550936366 80.6188168979226 86.1474370317085 87.2820597623173 88.7182061127298 89.1924018487551 90.0162416573373 90.2787161554511 91.3136159332918
85.4719304936925 86.625354376404 80.5622918724125 84.5832154332189 76.1020755728508 71.1136705287218 0 86.2491757321852 75.3395955788275 80.1497871498019 79.2684262627964 84.7100709997589 86.2581263061566 88.1933976891385 88.7608908822587 88.9968778669385 89.4589779583689 90.9163270598292
89.2607554721904 87.0637545821867 85.27783507335 91.3749943378086 85.2970022018606 85.7563298690626 86.2491757321852 0 84.5007752746432 89.2338005042658 83.2707577629414 87.7174620234265 86.9345227862877 85.4369778498818 85.3790959332366 91.5006290286066 90.0527811932338 88.3760823708534
87.4180051179114 87.587052822658 82.6441750148493 86.9865259293281 79.7686169601382 77.9077386862315 75.3395955788275 84.5007752746432 0 81.701829865277 70.6242530769222 82.240236057727 83.6848258630394 85.952559527637 86.6777912091103 88.0941738426833 87.9528453603643 89.3411678287063
88.3390605802349 89.8380349754291 86.223500547626 83.2910400873432 84.2495038086784 82.6135550936366 80.1497871498019 89.2338005042658 81.701829865277 0 83.4107842329724 83.3890062924909 86.0661777685526 88.9522677053331 89.6032551369968 86.5322023602643 88.4898778282883 91.2940305799451
88.3065052147751 88.0529683256868 83.785387812752 88.2089792973565 81.676854159603 80.6188168979226 79.2684262627964 83.2707577629414 70.6242530769222 83.4107842329724 0 81.4904596681745 82.2787262194362 84.4042231549736 85.2279248708898 87.9689961718603 87.2628453983262 88.3327274477688
91.1112477906317 91.3265446038992 88.4628503734868 89.3231348092051 87.0630636339914 86.1474370317085 84.7100709997589 87.7174620234265 82.240236057727 83.3890062924909 81.4904596681745 0 75.180774455115 83.4206154648313 84.6986702014736 82.5420156066597 82.0025242490741 87.0245282633073
91.7701139422151 91.6251957531956 89.0831478920987 90.7077540295225 87.9399803377578 87.2820597623173 86.2581263061566 86.9345227862877 83.6848258630394 86.0661777685526 82.2787262194362 75.180774455115 0 79.3550159989531 81.3176021151403 84.1502327467092 80.2119042252309 84.4805765116235
92.4657892830644 91.8036795402489 89.7930607467401 92.3353855719354 89.038085019696 88.7182061127298 88.1933976891385 85.4369778498818 85.952559527637 88.9522677053331 84.4042231549736 83.4206154648313 79.3550159989531 0 67.4442219088362 87.7629817256808 83.4538514837687 79.5562172036951
92.7114819424818 91.9504880014648 90.1036632376197 92.7440221447462 89.4448963599549 89.1924018487551 88.7608908822587 85.3790959332366 86.6777912091103 89.6032551369968 85.2279248708898 84.6986702014736 81.3176021151403 67.4442219088362 0 88.5017806371821 84.4088227212188 78.2993261327158
93.3611700061194 93.8369474159568 91.7090311826076 90.8278182114516 90.7039288866126 90.0162416573373 88.9968778669385 91.5006290286066 88.0941738426833 86.5322023602643 87.9689961718603 82.5420156066597 84.1502327467092 87.7629817256808 88.5017806371821 0 81.5635584896955 89.0788199996989
93.6890717776987 93.6814491297281 91.693328996376 92.2930725357932 90.8115021815894 90.2787161554511 89.4589779583689 90.0527811932338 87.9528453603643 88.4898778282883 87.2628453983262 82.0025242490741 80.2119042252309 83.4538514837687 84.4088227212188 81.5635584896955 0 84.4555005891274
94.2183568611349 93.5768568196697 92.0861101013499 94.0672266294399 91.54351256105 91.3136159332918 90.9163270598292 88.3760823708534 89.3411678287063 91.2940305799451 88.3327274477688 87.0245282633073 84.4805765116235 79.5562172036951 78.2993261327158 89.0788199996989 84.4555005891274 0
