0 84.8367604270189 88.3255916171591 88.303315976652 90.3569604928516 90.7228583477486 92.4250432665079 92.4432217006488 92.7837179220029 93.6904562774137 95.5993505971402 95.5451822912435 95.7264042049597 95.7326076915633 96.1391621071008 96.1438775561122 96.5011716365918 96.6003989138621
84.8367604270189 0 79.0146336134523 83.5335798184631 86.305231682838 86.9060948043873 90.0028611921183 91.1323458105187 90.4409675978557 92.5767707540897 93.752988616705 94.0432564235458 94.8060341119027 94.5359612465111 94.1855441645041 94.3368576261899 95.0165063697464 95.5771292818346
88.3255916171591 79.0146336134523 0 84.984829627831 86.393932982674 86.9049079448957 90.1199673790078 91.7726262858853 90.4905850455247 93.0462547382712 93.4565798155849 93.9996400345934 95.0603757697937 94.6462469552213 93.6940772381913 93.9708962383407 94.8385417941978 95.6745557686413
88.303315976652 83.5335798184631 84.984829627831 0 76.8316543916761 78.4407002914246 84.5321991797927 86.5828917856921 85.3681348263785 88.8567341753854 90.8125393108759 91.0289954360128 92.0455293726281 91.6658361118692 91.6333236590352 91.6951029160017 92.449059612424 93.081435582149
90.3569604928516 86.305231682838 86.393932982674 76.8316543916761 0 63.4960621867671 81.0335945566031 85.4211172286802 82.1292907879716 87.7239661854775 88.9947953964373 89.4855804451026 91.0670688079589 90.4284448241106 89.9104610277483 90.0321086544975 91.0480328336979 92.046876962374
90.7228583477486 86.9060948043873 86.9049079448957 78.4407002914246 63.4960621867671 0 79.9360690089101 85.042668369047 81.1303421223965 87.3590696675158 88.5209239105765 89.0568446916775 90.7683108277111 90.0708701724473 89.4945162435545 89.6140720851413 90.6792333700066 91.7499626996758
92.4250432665079 90.0028611921183 90.1199673790078 84.5321991797927 81.0335945566031 79.9360690089101 0 80.6047544631244 64.9227372224544 83.2222041818708 85.3502271007652 85.4650028939586 87.8770886459859 86.8327735631342 87.3194370901583 87.0681454622547 88.0198903710459 89.1767750439405
92.4432217006488 91.1323458105187 91.7726262858853 86.5828917856921 85.4211172286802 85.042668369047 80.6047544631244 0 80.8821062851461 76.4210841896122 87.3744253063041 85.8462855350239 85.7620612388407 85.7863355292019 89.4480337365946 88.8328340849424 88.7016252803801 88.2097943381431
92.7837179220029 90.4409675978557 90.4905850455247 85.3681348263785 82.1292907879716 81.1303421223965 64.9227372224544 80.8821062851461 0 82.9436298012717 84.4870108069442 84.6599704530269 87.4687013216643 86.2478955715808 86.6812728786239 86.3739382140624 87.3955942510882 88.7284672531233
93.6904562774137 92.5767707540897 93.0462547382712 88.8567341753854 87.7239661854775 87.3590696675158 83.2222041818708 76.4210841896122 82.9436298012717 0 86.4159167518264 83.6934057679461 82.1556516872302 82.6722841132558 88.8675360810323 87.9506692434753 87.1933731458827 85.7777836167194
95.5993505971402 93.752988616705 93.4565798155849 90.8125393108759 88.9947953964373 88.5209239105765 85.3502271007652 87.3744253063041 84.4870108069442 86.4159167518264 0 78.0529683256868 86.2464211852881 83.1535708658454 76.8316543916761 72.6459542896836 78.4971137727028 85.4784998286128
95.5451822912435 94.0432564235458 93.9996400345934 91.0289954360128 89.4855804451026 89.0568446916775 85.4650028939586 85.8462855350239 84.6599704530269 83.6934057679461 78.0529683256868 0 81.9632987300441 76.1465829381741 83.2834453116058 80.738820882775 77.6940078763133 81.3854847019922
95.7264042049597 94.8060341119027 95.0603757697937 92.0455293726281 91.0670688079589 90.7683108277111 87.8770886459859 85.7620612388407 87.4687013216643 82.1556516872302 86.2464211852881 81.9632987300441 0 75.9539297579115 88.6352258104435 87.2834593227924 84.7904545651168 77.8452979360192
95.7326076915633 94.5359612465111 94.6462469552213 91.6658361118692 90.4284448241106 90.0708701724473 86.8327735631342 85.7863355292019 86.2478955715808 82.6722841132558 83.1535708658454 76.1465829381741 75.9539297579115 0 86.3467601728663 84.5341768374093 81.1220143253691 76.6604254538209
96.1391621071008 94.1855441645041 93.6940772381913 91.6333236590352 89.9104610277483 89.4945162435545 87.3194370901583 89.4480337365946 86.6812728786239 88.8675360810323 76.8316543916761 83.2834453116058 88.6352258104435 86.3467601728663 0 72.2787262194362 81.4197773068677 87.6494085987835
96.1438775561122 94.3368576261899 93.9708962383407 91.6951029160017 90.0321086544975 89.6140720851413 87.0681454622547 88.8328340849424 86.3739382140624 87.9506692434753 72.6459542896836 80.738820882775 87.2834593227924 84.5341768374093 72.2787262194362 0 77.7907713891175 86.0270627840694
96.5011716365918 95.0165063697464 94.8385417941978 92.449059612424 91.0480328336979 90.6792333700066 88.0198903710459 88.7016252803801 87.3955942510882 87.1933731458827 78.4971137727028 77.6940078763133 84.7904545651168 81.1220143253691 81.4197773068677 77.7907713891175 0 82.099442252477
96.6003989138621 95.5771292818346 95.6745557686413 93.081435582149 92.046876962374 91.7499626996758 89.1767750439405 88.2097943381431 88.7284672531233 85.7777836167194 85.4784998286128 81.3854847019922 77.8452979360192 76.6604254538209 87.6494085987835 86.0270627840694 82.099442252477 0
