0 81.0335945566031 80.3692481704219 86.5698338578532 88.1729652251589 87.6886927647121 88.1441028634154 88.5301856345584 92.111074405493 91.7398519064725 93.8650183139868 93.8625728945729 94.8273689712604 94.4266960228442 95.2346226746266 96.3612506106765 96.3522602958887 96.5063621434069
81.0335945566031 0 79.8186688984037 82.8967977192182 84.3774230737726 85.2732389585664 88.5626155199393 87.4947214838478 92.3603427057079 90.9641333996652 92.7941401803169 93.0072777800428 94.9203044921277 94.2306526140862 94.263491748136 96.2716450129528 96.0385881166722 96.2546761269301
80.3692481704219 79.8186688984037 0 81.3881486216651 84.5121287431031 82.8884805545587 84.7939005175851 84.3357456305387 90.1780225600074 89.0896271777057 91.8015924709415 91.8153580698352 93.4056810414706 92.7402909689791 93.5049801885302 95.0853294160163 94.9629765659792 95.1688463882518
86.5698338578532 82.8967977192182 81.3881486216651 0 74.8349979793794 73.73385196974 85.6854997764966 81.5879170280032 90.0527811932338 86.9639370490137 89.4447160519268 89.7992106976306 93.0218342470393 91.8821984997492 91.5333143826723 94.4786527265116 94.0268466216013 94.3320836287478
88.1729652251589 84.3774230737726 84.5121287431031 74.8349979793794 0 78.0760947506429 87.5944545064845 83.8146333429251 90.9680216370173 87.4995229711462 89.0900207751885 89.7153222884519 93.5146007159599 92.2722971443218 91.1235492617074 94.7463542387859 94.1491615304695 94.4867269036148
87.6886927647121 85.2732389585664 82.8884805545587 73.73385196974 78.0760947506429 0 84.1431472719381 77.5918303672019 88.7856669921029 84.831466234378 88.1316743187726 88.4174267046331 92.0605153985382 90.738820882775 90.5708176693204 93.6445277045683 93.150429251308 93.4834757414791
88.1441028634154 88.5626155199393 84.7939005175851 85.6854997764966 87.5944545064845 84.1431472719381 0 79.8195101390914 83.5008850021645 84.484421527208 89.5936542267137 88.9724420299244 89.4448963599549 88.7481970942297 91.6937469470015 92.099442252477 92.2324969202724 92.4222635840625
88.5301856345584 87.4947214838478 84.3357456305387 81.5879170280032 83.8146333429251 77.5918303672019 79.8195101390914 0 85.9866862537587 81.5879170280032 87.3558925765424 87.1217246129041 90.3255313138615 88.8877703138835 90.0597914527199 92.3603427057079 91.9950314157273 92.3197261859616
92.111074405493 92.3603427057079 90.1780225600074 90.0527811932338 90.9680216370173 88.7856669921029 83.5008850021645 85.9866862537587 0 84.09464030757 88.9092115583975 87.4889526831515 83.4181597425046 83.3978496153017 90.726764272427 88.3311427205777 89.1453517305904 89.2202600224785
91.7398519064725 90.9641333996652 89.0896271777057 86.9639370490137 87.4995229711462 84.831466234378 84.484421527208 81.5879170280032 84.09464030757 0 82.7030452565941 81.1303421223965 87.7357985898726 84.8014479003722 86.7331054152769 89.8026005337483 88.9642297145514 89.4809274664817
93.8650183139868 92.7941401803169 91.8015924709415 89.4447160519268 89.0900207751885 88.1316743187726 89.5936542267137 87.3558925765424 88.9092115583975 82.7030452565941 0 74.2381075034911 89.726904914222 86.706750637792 78.607465606858 90.1286479367958 88.0753588133081 88.9184255557164
93.8625728945729 93.0072777800428 91.8153580698352 89.7992106976306 89.7153222884519 88.4174267046331 88.9724420299244 87.1217246129041 87.4889526831515 81.1303421223965 74.2381075034911 0 88.1316743187726 84.345995265995 80.7063890254539 88.7147042607757 86.5256213537673 87.4648331897505
94.8273689712604 94.9203044921277 93.4056810414706 93.0218342470393 93.5146007159599 92.0605153985382 89.4448963599549 90.3255313138615 83.4181597425046 87.7357985898726 89.726904914222 88.1316743187726 0 79.1695295343248 90.6087394175174 81.676854159603 85.1362843532686 84.6595564074942
94.4266960228442 94.2306526140862 92.7402909689791 91.8821984997492 92.2722971443218 90.738820882775 88.7481970942297 88.8877703138835 83.3978496153017 84.8014479003722 86.706750637792 84.345995265995 79.1695295343248 0 87.9347740096789 82.7305591453339 82.8693750497868 83.2042991496083
95.2346226746266 94.263491748136 93.5049801885302 91.5333143826723 91.1235492617074 90.5708176693204 91.6937469470015 90.0597914527199 90.726764272427 86.7331054152769 78.607465606858 80.7063890254539 90.6087394175174 87.9347740096789 0 90.1648366417866 87.498497468798 88.47675285403
96.3612506106765 96.2716450129528 95.0853294160163 94.4786527265116 94.7463542387859 93.6445277045683 92.099442252477 92.3603427057079 88.3311427205777 89.8026005337483 90.1286479367958 88.7147042607757 81.676854159603 82.7305591453339 90.1648366417866 0 79.7170505944318 77.2272264362371
96.3522602958887 96.0385881166722 94.9629765659792 94.0268466216013 94.1491615304695 93.150429251308 92.2324969202724 91.9950314157273 89.1453517305904 88.9642297145514 88.0753588133081 86.5256213537673 85.1362843532686 82.8693750497868 87.498497468798 79.7170505944318 0 69.0724707021626
96.5063621434069 96.2546761269301 95.1688463882518 94.3320836287478 94.4867269036148 93.4834757414791 92.4222635840625 92.3197261859616 89.2202600224785 89.4809274664817 88.9184255557164 87.4648331897505 84.6595564074942 83.2042991496083 88.47675285403 77.2272264362371 69.0724707021626 0
