0 80.4905850455247 87.1941369824615 83.8681130724119 85.2970022018606 85.4963548523048 87.989131632697 88.2293095695683 88.2106092259997 87.9710879147445 91.1187801196341 91.2201060018677 93.1323360723068 93.5069059996893 93.3488894050707 93.873203801575 97.3370065579846 96.7325930303217
80.4905850455247 0 81.9315929632952 83.0970686635682 83.201597050353 83.2222041818708 83.7262992166468 84.2066957450215 87.3352127350916 86.4394995309249 88.1017224114609 88.2510086211099 91.1625314444992 91.6599483701519 91.5796813713127 91.9950314157273 96.1027375566672 95.6951077433441
87.1941369824615 81.9315929632952 0 87.2295179656282 86.3742033421518 86.208889072105 80.6862647423038 81.5160163654273 89.1949274654593 88.0567329124964 83.051870788883 83.4181597425046 89.3255293548103 89.9833530184996 90.1990362311678 90.0091239696208 94.7599314246835 94.9443159958489
83.8681130724119 83.0970686635682 87.2295179656282 0 72.6459542896836 73.9536370923738 85.0257367888525 85.042668369047 80.1288824412368 79.7571837034398 89.8423709421058 89.8690300003171 90.6590570943267 91.0632682823266 90.6397048515081 91.7962429180347 95.9529706421146 94.7411044351099
85.2970022018606 83.201597050353 86.3742033421518 72.6459542896836 0 56.9639370490136 83.0384872811603 82.968220306335 78.9298435901867 76.6604254538209 88.7598864462378 88.7712059081253 89.4938266259519 89.9590100360185 89.4952550318172 90.7814035555182 95.3399792389965 94.1114246562642
85.4963548523048 83.2222041818708 86.208889072105 73.9536370923738 56.9639370490136 0 82.6459542896836 82.5570171580838 79.0119174309222 76.3715914053258 88.5552248914849 88.564086365407 89.2912386246542 89.7697207526944 89.3028850152985 90.6047544631244 95.2377913444342 94.0157294977504
87.989131632697 83.7262992166468 80.6862647423038 85.0257367888525 83.0384872811603 82.6459542896836 0 60.943337135734 86.1192544428531 84.2413823573747 82.4386875230996 82.487003828189 86.3798792170039 87.2415090959192 87.2323557753909 87.7647878994723 93.7283580806728 93.3288160125473
88.2293095695683 84.2066957450215 81.5160163654273 85.042668369047 82.968220306335 82.5570171580838 60.943337135734 0 85.8862748223873 83.9296849669784 82.5253173705452 82.5307014770194 85.9881751099425 86.8784130290517 86.8355156880328 87.4754622734875 93.5917513890255 93.1281670116705
88.2106092259997 87.3352127350916 89.1949274654593 80.1288824412368 78.9298435901867 79.0119174309222 86.1192544428531 85.8862748223873 0 72.0827706588024 90.2834651074889 90.2427215296299 89.5178856310004 89.8335513566863 89.0980418970722 90.9001277408503 95.2237126660871 93.3550650034345
87.9710879147445 86.4394995309249 88.0567329124964 79.7571837034398 76.6604254538209 76.3715914053258 84.2413823573747 83.9296849669784 72.0827706588024 0 89.1433530936762 89.0969521760532 88.514714537098 88.9208584222411 88.1917913614521 90.0330101399179 94.7814907955383 93.0782490740374
91.1187801196341 88.1017224114609 83.051870788883 89.8423709421058 88.7598864462378 88.5552248914849 82.4386875230996 82.5253173705452 90.2834651074889 89.1433530936762 0 57.9330371790942 85.3287606235951 86.3105767173761 87.1342704420015 85.6606892696 92.2281907945633 93.0994557924605
91.2201060018677 88.2510086211099 83.4181597425046 89.8690300003171 88.7712059081253 88.564086365407 82.487003828189 82.5307014770194 90.2427215296299 89.0969521760532 57.9330371790942 0 84.9607879581046 85.9800143333306 86.8461811729156 85.2966993046603 92.0748962270218 92.9476868453737
93.1323360723068 91.1625314444992 89.3255293548103 90.6590570943267 89.4938266259519 89.2912386246542 86.3798792170039 85.9881751099425 89.5178856310004 88.514714537098 85.3287606235951 84.9607879581046 0 67.2731377503996 73.6150544197641 74.3411237437708 89.1468659655126 88.6005204428033
93.5069059996893 91.6599483701519 89.9833530184996 91.0632682823266 89.9590100360185 89.7697207526944 87.2415090959192 86.8784130290517 89.8335513566863 88.9208584222411 86.3105767173761 85.9800143333306 67.2731377503996 0 71.3298462063692 73.9968508302003 88.6378489297544 87.8275353557611
93.3488894050707 91.5796813713127 90.1990362311678 90.6397048515081 89.4952550318172 89.3028850152985 87.2323557753909 86.8355156880328 89.0980418970722 88.1917913614521 87.1342704420015 86.8461811729156 73.6150544197641 71.3298462063692 0 78.7753725646737 89.3082626918322 87.4337871560744
93.873203801575 91.9950314157273 90.0091239696208 91.7962429180347 90.7814035555182 90.6047544631244 87.7647878994723 87.4754622734875 90.9001277408503 90.0330101399179 85.6606892696 85.2966993046603 74.3411237437708 73.9968508302003 78.7753725646737 0 87.6836771400466 88.4391544843896
97.3370065579846 96.1027375566672 94.7599314246835 95.9529706421146 95.3399792389965 95.2377913444342 93.7283580806728 93.5917513890255 95.2237126660871 94.7814907955383 92.2281907945633 92.0748962270218 89.1468659655126 88.6378489297544 89.3082626918322 87.6836771400466 0 87.4879904709355
96.7325930303217 95.6951077433441 94.9443159958489 94.7411044351099 94.1114246562642 94.0157294977504 93.3288160125473 93.1281670116705 93.3550650034345 93.0782490740374 93.0994557924605 92.9476868453737 88.6005204428033 87.8275353557611 87.4337871560744 88.4391544843896 87.4879904709355 0
