0 82.6488877209461 85.1080779267362 80.0814756595712 81.1510920176696 83.6127062473257 84.5245899885005 86.5256213537673 84.9824232686622 87.9512393494775 87.4991836745593 88.6614159257251 88.1387761497399 89.5317156500199 90.1010277955709 90.229855602271 89.7438230413193 91.663039509785
82.6488877209461 0 72.9845369622933 85.3790959332366 86.000262209856 75.9948369189331 87.0520671395345 81.0505757896518 86.1924480497079 89.9590100360185 88.1523853479304 89.8687351823204 88.1407419064312 90.3134982103822 87.59539342008 87.9347740096789 89.7611755600143 90.7943540040001
85.1080779267362 72.9845369622933 0 86.9476203930553 87.4444687801697 77.1342704420015 88.0916622600674 79.6648998632169 87.097667097474 90.6727672167897 88.6980851230818 90.4196346095776 88.5028906642673 90.7342661421173 86.8784130290517 87.3082160992677 89.9964999700159 90.6481486391029
80.0814756595712 85.3790959332366 86.9476203930553 0 63.2478263495168 84.2737774339689 76.8428331489911 86.3740794860693 79.3219609800349 83.4694405414077 83.3550285651599 84.7036289530158 84.7389389858024 86.1297923790371 89.0058154076919 89.0220684557673 86.8366474850916 89.8241411108033
81.1510920176696 86.000262209856 87.4444687801697 63.2478263495168 0 84.8667886893461 75.5673171147236 86.7514468623435 79.0213755557531 82.6459542896836 82.9639918147414 84.1323142820089 84.5119448924789 85.6942351696241 89.1189908313318 89.1136993962343 86.5810266608502 89.7332630069259
83.6127062473257 75.9948369189331 77.1342704420015 84.2737774339689 84.8667886893461 0 85.3429764949431 75.7863355292019 83.8054537680029 88.6694876342257 86.0420281633637 88.2993261327158 85.8469690196114 88.7088962427666 85.2408599357581 85.6238550502764 87.8638173292633 89.0528581127306
84.5245899885005 87.0520671395345 88.0916622600674 76.8428331489911 75.5673171147236 85.3429764949431 0 86.5268222233502 73.2063157749279 79.0724707021626 78.3661420496375 80.237526392877 81.1151467105085 82.4784370287424 88.0664662225477 87.9710879147445 83.8043347222931 88.0666221499863
86.5256213537673 81.0505757896518 79.6648998632169 86.3740794860693 86.7514468623435 75.7863355292019 86.5268222233502 0 84.7436492799032 89.2408763249838 86.140379094924 88.5119793763395 85.4688310713483 88.6555361552294 82.0861101013499 82.7531929436013 87.3252681372084 87.7943092957581
84.9824232686622 86.1924480497079 87.097667097474 79.3219609800349 79.0213755557531 83.8054537680029 73.2063157749279 84.7436492799032 0 81.4283889009162 75.5523155632995 80.6387340986046 78.103370572082 82.13686936203 86.3378779305189 86.2311976773752 82.2787262194362 86.7514468623435
87.9512393494775 89.9590100360185 90.6727672167897 83.4694405414077 82.6459542896836 88.6694876342257 79.0724707021626 89.2408763249838 81.4283889009162 0 80.1456894805043 75.0930706154422 82.6169059357571 79.2299361010872 89.580133814493 89.3905934154663 83.3041539347563 88.1498621296212
87.4991836745593 88.1523853479304 88.6980851230818 83.3550285651599 82.9639918147414 86.0420281633637 78.3661420496375 86.140379094924 75.5523155632995 80.1456894805043 0 76.1326456396874 70.9865508735604 77.1794087673359 86.0044133025018 85.718940542321 77.2272264362371 84.7054556385607
88.6614159257251 89.8687351823204 90.4196346095776 84.7036289530158 84.1323142820089 88.2993261327158 80.237526392877 88.5119793763395 80.6387340986046 75.0930706154422 76.1326456396874 0 79.0873873642999 71.1963957883817 88.2106092259997 87.9347740096789 79.1143279113927 85.9922140044071
88.1387761497399 88.1407419064312 88.5028906642673 84.7389389858024 84.5119448924789 85.8469690196114 81.1151467105085 85.4688310713483 78.103370572082 82.6169059357571 70.9865508735604 79.0873873642999 0 78.5193141418517 84.4901507574925 84.0966454086931 74.598216984643 82.8884805545587
89.5317156500199 90.3134982103822 90.7342661421173 86.1297923790371 85.6942351696241 88.7088962427666 82.4784370287424 88.6555361552294 82.13686936203 79.2299361010872 77.1794087673359 71.1963957883817 78.5193141418517 0 87.7593671230427 87.4132525105052 76.1063669587292 84.583398092434
90.1010277955709 87.59539342008 86.8784130290517 89.0058154076919 89.1189908313318 85.2408599357581 88.0664662225477 82.0861101013499 86.3378779305189 89.580133814493 86.0044133025018 88.2106092259997 84.4901507574925 87.7593671230427 0 62.9845369622933 85.3572119307814 83.1097850955265
90.229855602271 87.9347740096789 87.3082160992677 89.0220684557673 89.1136993962343 85.6238550502764 87.9710879147445 82.7531929436013 86.2311976773752 89.3905934154663 85.718940542321 87.9347740096789 84.0966454086931 87.4132525105052 62.9845369622933 0 84.8438744994852 82.2104475827116
89.7438230413193 89.7611755600143 89.9964999700159 86.8366474850916 86.5810266608502 87.8638173292633 83.8043347222931 87.3252681372084 82.2787262194362 83.3041539347563 77.2272264362371 79.1143279113927 74.598216984643 76.1063669587292 85.3572119307814 84.8438744994852 0 80.7705710124195
91.663039509785 90.7943540040001 90.6481486391029 89.8241411108033 89.7332630069259 89.0528581127306 88.0666221499863 87.7943092957581 86.7514468623435 88.1498621296212 84.7054556385607 85.9922140044071 82.8884805545587 84.583398092434 83.1097850955265 82.2104475827116 80.7705710124195 0
