0 87.8990294060959 91.3608158529667 87.3827962632147 86.0621707455228 91.4675751201177 91.0054295411106 90.9123922426907 92.3019752737327 93.1736214054565 93.9013707171619 94.348769710876 93.8811599390343 94.2978973143584 95.6148952384747 95.015546065008 95.4177084452444 96.7348827073586
87.8990294060959 0 83.447537158823 82.6751998198568 86.3603773685769 85.138814310335 85.7849113793878 90.9934253424577 92.9106243619669 93.1247518173108 92.646335083579 93.1767387245178 93.9938398249062 94.6963981297854 94.3774230979352 95.3864400408566 94.906202596418 95.6167538989697
91.3608158529667 83.447537158823 0 84.0608757462916 87.7457855061601 74.6005644163492 79.9360690089101 90.2923597189572 92.3326765383033 92.1084183731075 90.6920876120119 91.2840039217096 93.0646802704142 93.9499553402272 92.4572181023391 94.6341963439491 93.5547758127407 93.8658978492988
87.3827962632147 82.6751998198568 84.0608757462916 0 78.7608908822587 83.3215958761993 81.6658361118692 86.7889107409908 89.7170505944318 90.0607709142933 89.7451199861877 90.4905850455247 91.2663005831288 92.1968644819109 92.2336563672775 93.1089544862133 92.635671648745 93.8361043261276
86.0621707455228 86.3603773685769 87.7457855061601 78.7608908822587 0 86.9461009556645 85.3429764949431 84.5016820945834 87.8744482903554 88.7838012938151 89.4383749441586 90.1887143134889 90.0862396923935 90.9867799231393 92.129315891824 92.045866309268 92.0586505700391 93.7593515739906
91.4675751201177 85.138814310335 74.6005644163492 83.3215958761993 86.9461009556645 0 74.0552333913947 89.0095429941444 91.2904845052879 90.9465847597428 89.2125036075832 89.9081849788485 92.0209772531821 93.0237176292658 91.2848069067945 93.7679745818887 92.5172570021256 92.8989262501309
91.0054295411106 85.7849113793878 79.9360690089101 81.6658361118692 85.3429764949431 74.0552333913947 0 87.2991797988463 90.0093808529838 89.6543941455899 87.8722479707775 88.7197799126989 90.9001277408502 92.022102373507 90.4514644669466 92.8667810861953 91.6065963893544 92.2841515103591
90.9123922426907 90.9934253424577 90.2923597189572 86.7889107409908 84.5016820945834 89.0095429941444 87.2991797988463 0 78.9642297145514 80.6047544631244 84.199035414909 85.289026176076 83.6150544197642 85.5454320994911 88.5058679745268 87.4181448674708 87.5605177126806 90.7732816823207
92.3019752737327 92.9106243619669 92.3326765383033 89.7170505944318 87.8744482903554 91.2904845052879 90.0093808529838 78.9642297145514 0 76.1677794707972 84.964091808946 85.4795778716485 78.607465606858 80.6610966039921 88.2982256492547 83.7331583043885 85.891837352535 90.3255313138615
93.1736214054565 93.1247518173108 92.1084183731075 90.0607709142933 88.7838012938151 90.9465847597428 89.6543941455899 80.6047544631244 76.1677794707972 0 81.5625652044021 82.0323684124072 73.6150544197642 79.5789886817116 85.834411324101 82.7273505510716 82.8129004903881 88.447649622336
93.9013707171619 92.646335083579 90.6920876120119 89.7451199861877 89.4383749441586 89.2125036075832 87.8722479707775 84.199035414909 84.964091808946 81.5625652044021 0 68.7977592766305 83.339102723069 85.823200447028 80.6792333700066 86.973457568489 82.5258284900421 85.6289582997844
94.348769710876 93.1767387245178 91.2840039217096 90.4905850455247 90.1887143134889 89.9081849788485 88.7197799126989 85.289026176076 85.4795778716485 82.0323684124072 68.7977592766305 0 83.2222041818708 85.6063399621212 78.3762249085635 86.5840769255055 80.9302887188506 84.3517426338573
93.8811599390343 93.9938398249062 93.0646802704142 91.2663005831288 90.0862396923935 92.0209772531821 90.9001277408502 83.6150544197642 78.607465606858 73.6150544197642 83.339102723069 83.2222041818708 0 74.066515971315 85.9605140780969 79.0119174309222 81.3136159332918 88.1581456834345
94.2978973143584 94.6963981297854 93.9499553402272 92.1968644819109 90.9867799231393 93.0237176292658 92.022102373507 85.5454320994911 80.6610966039921 79.5789886817116 85.823200447028 85.6063399621212 74.066515971315 0 87.3867381239972 73.2462285467799 82.6833048618786 88.949555047031
95.6148952384747 94.3774230979352 92.4572181023391 92.2336563672775 92.129315891824 91.2848069067945 90.4514644669466 88.5058679745268 88.2982256492547 85.834411324101 80.6792333700066 78.3762249085635 85.9605140780969 87.3867381239972 0 87.6785968775622 80.7855784940032 78.4419115211017
95.015546065008 95.3864400408566 94.6341963439491 93.1089544862133 92.045866309268 93.7679745818887 92.8667810861953 87.4181448674708 83.7331583043885 82.7273505510716 86.973457568489 86.5840769255055 79.0119174309222 73.2462285467799 87.6785968775622 0 82.6046768387851 88.7887968762792
95.4177084452444 94.906202596418 93.5547758127407 92.635671648745 92.0586505700391 92.5172570021256 91.6065963893544 87.5605177126806 85.891837352535 82.8129004903881 82.5258284900421 80.9302887188506 81.3136159332918 82.6833048618786 80.7855784940032 82.6046768387851 0 83.1679005025265
96.7348827073586 95.6167538989697 93.8658978492988 93.8361043261276 93.7593515739906 92.8989262501309 92.2841515103591 90.7732816823207 90.3255313138615 88.447649622336 85.6289582997844 84.3517426338573 88.1581456834345 88.949555047031 78.4419115211017 88.7887968762792 83.1679005025265 0
