0 68.7966354858417 82.2819183877674 79.9764236664198 83.1679005025265 83.4304244917432 82.3578348697387 80.6607330446118 81.6841840260165 89.9573754039865 87.4570200942089 87.6910302758883 90.6327612340787 91.5279769917565 91.2066265229575 91.3828513183668 91.1655581808111 91.7050065291834
68.7966354858417 0 80.237526392877 77.4366413432639 81.4510002480644 82.0827706588024 81.1220143253691 80.4857622301273 82.3326765383033 89.259475688825 87.3027202020423 87.7285209261352 90.2280313730158 91.1568842665482 90.9198216846961 91.1153405709724 91.1535753560499 91.4548623602078
82.2819183877674 80.237526392877 0 71.9896097213958 69.6356543330438 77.0711757029314 78.8108513571896 82.9023336598264 85.5024395395615 85.907097675858 87.2126603873877 88.2511598923979 88.5796250574878 89.6085733910625 89.8059877260316 90.0782967319053 91.1742148056885 90.4761005024071
79.9764236664198 77.4366413432639 71.9896097213958 0 72.9519333168469 75.4235050744731 75.614688375579 80.1095008456601 83.4570535222288 86.6894190970831 86.0981015495578 87.1069734857909 88.4081222350343 89.5088818565289 89.4793250161275 89.7416350597965 90.5057406560663 90.1512484559348
83.1679005025265 81.4510002480644 69.6356543330438 72.9519333168469 0 72.9845369622933 76.5304228410657 82.2531040517902 85.1675938994461 84.7922451010396 86.2496004600112 87.5119820512232 87.5389288185267 88.6928840265354 88.9187822793513 89.2221969636326 90.5451899017801 89.6602337925892
83.4304244917432 82.0827706588024 77.0711757029314 75.4235050744731 72.9845369622933 0 69.6356543330438 80.0174507434799 83.6964506811521 84.5869706818913 84.1304022981208 85.7634929002411 86.2067240187961 87.5972706385311 87.6253319777206 87.9607434601061 89.3116400006228 88.4638216139284
82.3578348697387 81.1220143253691 78.8108513571896 75.614688375579 76.5304228410657 69.6356543330438 0 76.8982993539898 81.7819451443998 85.823200447028 83.0962990219635 84.6871541162429 86.4829216005662 87.8718063285063 87.627196302634 87.9347740096789 88.8179418809182 88.43141718532
80.6607330446118 80.4857622301273 82.9023336598264 80.1095008456601 82.2531040517902 80.0174507434799 76.8982993539898 0 74.4651623168477 88.3390605802349 82.1485404822516 82.79025144391 87.8139422520006 89.0294974900039 88.3327274477688 88.5475619699662 88.1465843099084 88.9738092406453
81.6841840260165 82.3326765383033 85.5024395395615 83.4570535222288 85.1675938994461 83.6964506811521 81.7819451443998 74.4651623168477 0 89.8559233047754 82.768719488211 82.21762491425 88.8933354157258 89.9508307163448 89.0597573502655 89.2073249576102 87.8990294060959 89.56524744625
89.9573754039865 89.259475688825 85.907097675858 86.6894190970831 84.7922451010396 84.5869706818913 85.823200447028 88.3390605802349 89.8559233047754 0 87.8907167384293 89.3619352334846 83.7908607635135 84.5869706818913 86.5828917856922 87.0178873678807 90.6346994717011 87.4754622734875
87.4570200942089 87.3027202020423 87.2126603873877 86.0981015495578 86.2496004600112 84.1304022981208 83.0962990219635 82.1485404822516 82.768719488211 87.8907167384293 0 73.2596492246949 83.964480905296 85.5817319444321 83.4933931645177 83.6972151613347 82.5028452727035 84.3145975659679
87.6910302758883 87.7285209261352 88.2511598923979 87.1069734857909 87.5119820512232 85.7634929002411 84.6871541162429 82.79025144391 82.21762491425 89.3619352334846 73.2596492246949 0 85.969487341393 87.1861580940907 85.16595164387 85.2279248708898 81.5653952239311 85.6445006672441
90.6327612340787 90.2280313730158 88.5796250574878 88.4081222350343 87.5389288185267 86.2067240187961 86.4829216005662 87.8139422520006 88.8933354157258 83.7908607635135 83.964480905296 85.969487341393 0 71.3790900864716 75.3807665647052 76.8567057663259 86.0231613639557 78.2692411987193
91.5279769917565 91.1568842665482 89.6085733910625 89.5088818565289 88.6928840265354 87.5972706385311 87.8718063285063 89.0294974900039 89.9508307163448 84.5869706818913 85.5817319444321 87.1861580940907 71.3790900864716 0 75.8005514005498 76.8316543916761 86.573399006352 77.627196302634
91.2066265229575 90.9198216846961 89.8059877260316 89.4793250161275 88.9187822793513 87.6253319777206 87.627196302634 88.3327274477688 89.0597573502655 86.5828917856922 83.4933931645177 85.16595164387 75.3807665647052 75.8005514005498 0 60.943337135734 83.6150544197642 68.103370572082
91.3828513183668 91.1153405709724 90.0782967319053 89.7416350597965 89.2221969636326 87.9607434601061 87.9347740096789 88.5475619699662 89.2073249576102 87.0178873678807 83.6972151613347 85.2279248708898 76.8567057663259 76.8316543916761 60.943337135734 0 83.2478263495168 63.4960621867671
91.1655581808111 91.1535753560499 91.1742148056885 90.5057406560663 90.5451899017801 89.3116400006228 88.8179418809182 88.1465843099084 87.8990294060959 90.6346994717011 82.5028452727035 81.5653952239311 86.0231613639557 86.573399006352 83.6150544197642 83.2478263495168 0 83.201597050353
91.7050065291834 91.4548623602078 90.4761005024071 90.1512484559348 89.6602337925892 88.4638216139284 88.43141718532 88.9738092406453 89.56524744625 87.4754622734875 84.3145975659679 85.6445006672441 78.2692411987193 77.627196302634 68.103370572082 63.4960621867671 83.201597050353 0
