0 89.7428929869615 90.5556491061807 89.7184321579286 90.3494979591081 87.9719488414633 90.9450739663187 86.7889107409908 89.4327166975878 91.7887424563489 91.0450641686018 89.7314264593261 89.6497167678421 91.6759085522397 92.3859648733539 92.1239993528741 91.7930300204839 91.8512064152267
89.7428929869615 0 69.5765657369386 69.0006769297619 74.3872598725851 81.9332335297458 77.3082160992677 85.8358888194266 83.5528756150233 82.6046768387851 83.6009463029101 86.6511008236815 87.0679967752654 85.9387751531253 87.1143894407578 87.8779684079293 89.941542160005 90.715999260007
90.5556491061807 69.5765657369386 0 72.557140562004 73.9536370923738 83.2299067168234 75.8005514005498 86.7594207960546 84.1959720350379 81.8246980227395 83.555965823659 87.1185824845969 87.5424991364325 85.8681855893859 86.9399849236182 87.8718063285063 90.1430041505679 90.9437714085026
89.7184321579286 69.0006769297619 72.557140562004 0 69.3728748063576 80.2255287595551 74.6230369533183 84.8765650169054 81.8246980227395 80.9910660668331 81.8526543495235 85.4905510786773 85.9782403319317 84.6354957098355 86.0146496489117 86.8385514299247 89.1343542122565 89.990154996228
90.3494979591081 74.3872598725851 73.9536370923738 69.3728748063576 0 80.6234942756704 67.9330371790942 85.1329754427702 81.1940303503071 78.4018890874713 80.1288824412368 85.0612171811727 85.6120133392751 83.4001378996911 84.877334088665 85.9539297579115 88.6848557252811 89.6338933227531
87.9719488414633 81.9332335297458 83.2299067168234 80.2255287595551 80.6234942756704 0 81.7819451443998 77.3082160992677 74.5116742222854 82.9899622532162 80.5622918724125 80.237526392877 80.8600272095335 82.8931356754767 84.7904545651168 84.7832850301513 86.3740794860693 87.3082160992677
90.9450739663187 77.3082160992677 75.8005514005498 74.6230369533183 67.9330371790942 81.7819451443998 0 85.7749292329038 81.5619965275873 75.8987805111985 79.3002428506583 85.1872526798368 85.7548958440144 82.7168347133441 84.1406420790363 85.4887369853822 88.5663707686117 89.5700166380199
86.7889107409908 85.8358888194266 86.7594207960546 84.8765650169054 85.1329754427702 77.3082160992677 85.7749292329038 0 79.1606303146285 86.0981015495578 83.8056556760196 78.9298435901867 78.7966354858417 84.6365817858138 86.0728479354589 85.3681348263785 85.2003092693599 85.8246120982086
89.4327166975878 83.5528756150233 84.1959720350379 81.8246980227395 81.1940303503071 74.5116742222854 81.5619965275873 79.1606303146285 0 81.0328211105053 76.1635852965464 76.2447891930971 77.6417301287335 78.9021373091748 81.7148332237218 81.6100779589558 84.3538233319414 85.7133094556203
91.7887424563489 82.6046768387851 81.8246980227395 80.9910660668331 78.4018890874713 82.9899622532162 75.8987805111985 86.0981015495578 81.0328211105053 0 74.9227372224544 84.1239704853616 84.7832850301513 78.8255437434576 80.3733330693944 82.764629276264 87.1696213970273 88.4127912318851
91.0450641686018 83.6009463029101 83.555965823659 81.8526543495235 80.1288824412368 80.5622918724125 79.3002428506583 83.8056556760196 76.1635852965464 74.9227372224544 0 80.4372372021832 81.4238688668901 73.3968425452781 77.7647878994723 79.7342959307347 84.984829627831 86.5087742205692
89.7314264593261 86.6511008236815 87.1185824845969 85.4905510786773 85.0612171811727 80.237526392877 85.1872526798368 78.9298435901867 76.2447891930971 84.1239704853616 80.4372372021832 0 62.0827706588024 79.8207094267794 81.7532076048429 79.9360690089101 80.4761005024071 82.2787262194362
89.6497167678421 87.0679967752654 87.5424991364325 85.9782403319317 85.6120133392751 80.8600272095335 85.7548958440144 78.7966354858417 77.6417301287335 84.7832850301513 81.4238688668901 62.0827706588024 0 80.7425424107223 82.3921913186054 80.4857622301273 79.9796622965764 81.6951556819209
91.6759085522397 85.9387751531253 85.8681855893859 84.6354957098355 83.4001378996911 82.8931356754767 82.7168347133441 84.6365817858138 78.9021373091748 78.8255437434576 73.3968425452781 79.8207094267794 80.7425424107223 0 70.6586577544336 74.2310065868671 83.0500161092888 84.9991895553164
92.3859648733539 87.1143894407578 86.9399849236182 86.0146496489117 84.877334088665 84.7904545651168 84.1406420790363 86.0728479354589 81.7148332237218 80.3733330693944 77.7647878994723 81.7532076048429 82.3921913186054 70.6586577544336 0 72.2787262194362 82.9763862971189 84.9659509602808
92.1239993528741 87.8779684079293 87.8718063285063 86.8385514299247 85.9539297579115 84.7832850301513 85.4887369853822 85.3681348263785 81.6100779589558 82.764629276264 79.7342959307347 79.9360690089101 80.4857622301273 74.2310065868671 72.2787262194362 0 79.9796622965764 82.6722841132558
91.7930300204839 89.941542160005 90.1430041505679 89.1343542122565 88.6848557252811 86.3740794860693 88.5663707686117 85.2003092693599 84.3538233319414 87.1696213970273 84.984829627831 80.4761005024071 79.9796622965764 83.0500161092888 82.9763862971189 79.9796622965764 0 71.1963957883817
91.8512064152267 90.715999260007 90.9437714085026 89.990154996228 89.6338933227531 87.3082160992677 89.5700166380199 85.8246120982086 85.7133094556203 88.4127912318851 86.5087742205692 82.2787262194362 81.6951556819209 84.9991895553164 84.9659509602808 82.6722841132558 71.1963957883817 0
