0 80.2250650720573 87.3827962632147 86.0715147213828 90.0543803137744 91.4741215705682 89.4954990830677 90.8128450143192 92.0844407010529 93.3808933628002 93.8287356424386 93.928593088954 94.6168963459942 94.1577464857893 94.3780033423984 96.137022406134 96.231733133126 96.8473357498869
80.2250650720573 0 82.402959160758 81.2420668091218 87.8894291811716 89.2915467561651 87.7707799442294 88.8848584125946 91.6043988660586 93.361291448686 93.4326190655901 94.0843936356049 93.7926789432897 93.8811599390343 94.2735757133149 95.3698387677605 96.2751943600799 96.8353465635015
87.3827962632147 82.402959160758 0 78.1860958317419 85.3681348263785 85.8246120982086 86.5662657802988 86.5268222233502 91.4725839728113 93.6129034645131 93.1741411140456 94.4805765116235 92.7973419676385 93.7482780322405 94.3376224273742 94.3426192135192 96.4059251233893 96.8733442532
86.0715147213828 81.2420668091218 78.1860958317419 0 82.6459542896836 84.9383437488801 83.2478263495168 84.3774230737726 89.5753757260203 92.0836325062215 91.7250042174156 93.0795770698949 91.693328996376 92.3616079974807 92.9906637083137 93.5811176259602 95.3500670186716 95.9021082239687
90.0543803137744 87.8894291811716 85.3681348263785 82.6459542896836 0 77.7647878994723 75.0930706154422 69.5765657369386 86.3715914053258 90.1453114566228 88.9090804678383 91.5495601788336 88.0232945999633 89.9002569074974 90.9578302710652 90.6875328742569 93.8599110967558 94.3972375777014
91.4741215705682 89.2915467561651 85.8246120982086 84.9383437488801 77.7647878994723 0 82.4570356382086 76.8316543916761 88.4599765983439 91.5795494682149 90.1430041505679 92.8222089198295 88.2608359710067 91.0578276337333 92.0993355560578 90.4103155081914 94.6462469552213 95.0563488779965
89.4954990830677 87.7707799442294 86.5662657802988 83.2478263495168 75.0930706154422 82.4570356382086 0 76.706750637792 84.2596343120333 88.7306473474989 87.7047839392961 90.3134982103822 87.7783103125321 88.7562030969355 89.828514544896 90.7406414423569 93.0750602262022 93.7220474164459
90.8128450143192 88.8848584125946 86.5268222233502 84.3774230737726 69.5765657369386 76.8316543916761 76.706750637792 0 85.9415820941298 89.9011841947788 88.3666599593055 91.3734212345335 87.0200315026164 89.4485835245536 90.6237583213163 89.9069455904272 93.6033008406848 94.1176957158503
92.0844407010529 91.6043988660586 91.4725839728113 89.5753757260203 86.3715914053258 88.4599765983439 84.2596343120333 85.9415820941298 0 81.1778403367626 79.0724707021626 84.752681769041 84.924474053039 81.183835207348 83.33254647592 88.9298435901867 89.1656719381225 90.1876254707624
93.3808933628002 93.361291448686 93.6129034645131 92.0836325062215 90.1453114566228 91.5795494682149 88.7306473474989 89.9011841947788 81.1778403367626 0 79.8101375183641 75.4563915971831 87.5838327725355 78.0105149591016 75.5523155632995 90.2181927218897 85.3763727439624 87.2302909628742
93.8287356424386 93.4326190655901 93.1741411140456 91.7250042174156 88.9090804678383 90.1430041505679 87.7047839392961 88.3666599593055 79.0724707021626 79.8101375183641 0 83.5008850021645 83.0625479788191 71.1879345192205 78.7705232722635 87.1509420356761 86.7923005771085 87.8201852625205
93.928593088954 94.0843936356049 94.4805765116235 93.0795770698949 91.5495601788336 92.8222089198295 90.3134982103822 91.3734212345335 84.752681769041 75.4563915971831 83.5008850021645 0 89.2970716604341 81.7501239407128 77.8691130869709 91.3358915737989 83.6408008670417 86.1312380194497
94.6168963459942 93.7926789432897 92.7973419676385 91.693328996376 88.0232945999633 88.2608359710067 87.7783103125321 87.0200315026164 84.924474053039 87.5838327725355 83.0625479788191 89.2970716604341 0 84.6709114873723 86.9440332543926 80.5289759679537 90.3693696241556 90.6268189303918
94.1577464857893 93.8811599390343 93.7482780322405 92.3616079974807 89.9002569074974 91.0578276337333 88.7562030969355 89.4485835245536 81.183835207348 78.0105149591016 71.1879345192205 81.7501239407128 84.6709114873723 0 74.3279020717801 87.8609594394685 85.2355567285615 86.5304228410657
94.3780033423984 94.2735757133149 94.3376224273742 92.9906637083137 90.9578302710652 92.0993355560578 89.828514544896 90.6237583213163 83.33254647592 75.5523155632995 78.7705232722635 77.8691130869709 86.9440332543926 74.3279020717801 0 89.3206427867181 82.9553054697402 85.015546065008
96.137022406134 95.3698387677605 94.3426192135192 93.5811176259602 90.6875328742569 90.4103155081914 90.7406414423569 89.9069455904272 88.9298435901867 90.2181927218897 87.1509420356761 91.3358915737989 80.5289759679537 87.8609594394685 89.3206427867181 0 91.3084284210613 91.1748969300532
96.231733133126 96.2751943600799 96.4059251233893 95.3500670186716 93.8599110967558 94.6462469552213 93.0750602262022 93.6033008406848 89.1656719381225 85.3763727439624 86.7923005771085 83.6408008670417 90.3693696241556 85.2355567285615 82.9553054697402 91.3084284210613 0 74.5354576769614
96.8473357498869 96.8353465635015 96.8733442532 95.9021082239687 94.3972375777014 95.0563488779965 93.7220474164459 94.1176957158503 90.1876254707624 87.2302909628742 87.8201852625205 86.1312380194497 90.6268189303918 86.5304228410657 85.015546065008 91.1748969300532 74.5354576769614 0
