0 76.0621707455228 76.1677794707972 77.7738075181225 80.6047544631244 83.051870788883 91.1568842665482 85.2585829776085 91.710833541974 88.8798443128057 91.6418673468703 91.1157579812105 91.3168051714149 91.5218992231529 93.1504468894054 92.3273115656395 93.316354454329 94.3310172522551
76.0621707455228 0 56.9639370490137 70.9865508735604 77.1342704420015 80.4078597858648 89.6127053130504 82.2595237792253 90.2119042252309 86.6685681142304 90.0814756595712 89.4289228569717 89.6829336831675 89.9360690089101 91.8446564258435 90.9994315893368 92.0592347257448 93.201857342215
76.1677794707972 56.9639370490137 0 69.0724707021626 76.2581263061566 79.8419543483159 89.687575441599 81.9401435468265 90.2609660205458 86.5982734344227 90.1047169668058 89.4313841462521 89.6479614516232 89.8964573804919 91.8473805680437 90.9198216846961 92.0213570921156 93.188338814439
77.7738075181225 70.9865508735604 69.0724707021626 0 71.3176021151403 77.0178873678807 89.9316855164168 80.4905850455247 90.4044194401031 86.2581263061566 90.1450923558343 89.3874875404723 89.4510244050228 89.6806109422008 91.8084207829423 90.539950838469 91.8174194355402 93.0872067215711
80.6047544631244 77.1342704420015 76.2581263061566 71.3176021151403 0 70.943337135734 90.174222290158 78.3784347830183 90.521324885034 85.7735013371753 90.1320245695439 89.2684262627964 89.1236155543266 89.3255293548103 91.688648905062 89.9491930022336 91.4754714086237 92.8864770164408
83.051870788883 80.4078597858648 79.8419543483159 77.0178873678807 70.943337135734 0 90.1762955422891 75.6854997764966 90.4088422414326 85.0002150024618 89.8887129856915 88.9090804678383 88.5543425253154 88.7320818557614 91.3666980462937 89.140092335677 90.93778957756 92.5083754134038
91.1568842665482 89.6127053130504 89.687575441599 89.9316855164168 90.174222290158 90.1762955422891 0 88.6848557252811 72.5570171580838 85.1757958751021 78.2753097867997 80.8422827729217 84.4341688235299 85.0070354904267 83.6404987326697 88.8426679450515 87.479498369871 87.4029145658853
85.2585829776085 82.2595237792253 81.9401435468265 80.4905850455247 78.3784347830183 75.6854997764966 88.6848557252811 0 88.8306757240111 81.3769599159453 88.0983565886669 86.8249332995649 86.3152293981705 86.5495758812333 89.8176554670313 87.3062096567191 89.3280608304393 91.1590694182242
91.710833541974 90.2119042252309 90.2609660205458 90.4044194401031 90.521324885034 90.4088422414326 72.5570171580838 88.8306757240111 0 84.7832850301513 73.2478263495168 78.3784347830183 82.8100758107315 83.4181597425046 80.8021341403749 87.8452979360192 85.9255093817049 85.6688426270022
88.8798443128057 86.6685681142304 86.5982734344227 86.2581263061566 85.7735013371753 85.0002150024618 85.1757958751021 81.3769599159453 84.7832850301513 0 83.0838239298534 80.3930962198545 79.2428040951504 79.9360690089101 85.6904647248025 83.6408008670417 85.3598521506396 87.8399690802484
91.6418673468703 90.0814756595712 90.1047169668058 90.1450923558343 90.1320245695439 89.8887129856915 78.2753097867997 88.0983565886669 73.2478263495168 83.0838239298534 0 72.2787262194362 79.4005173154006 80.237526392877 78.106208871341 86.0621707455228 83.7846054150189 84.1550167922355
91.1157579812105 89.4289228569717 89.4313841462521 89.3874875404723 89.2684262627964 88.9090804678383 80.8422827729217 86.8249332995649 78.3784347830183 80.3930962198545 72.2787262194362 0 75.042668369047 76.625354376404 79.5533831465422 84.4341688235299 82.7544155304674 84.400398939409
91.3168051714149 89.6829336831675 89.6479614516232 89.4510244050228 89.1236155543266 88.5543425253154 84.4341688235299 86.3152293981705 82.8100758107315 79.2428040951504 79.4005173154006 75.042668369047 0 62.0827706588024 80.7616431732968 80.8422827729217 79.9324526905649 83.8070238568976
91.5218992231529 89.9360690089101 89.8964573804919 89.6806109422008 89.3255293548103 88.7320818557614 85.0070354904267 86.5495758812333 83.4181597425046 79.9360690089101 80.237526392877 76.625354376404 62.0827706588024 0 80.8105500721773 79.9085993106296 78.9174032360929 83.4535592207145
93.1504468894054 91.8446564258435 91.8473805680437 91.8084207829423 91.688648905062 91.3666980462937 83.6404987326697 89.8176554670313 80.8021341403749 85.6904647248025 78.106208871341 79.5533831465422 80.7616431732968 80.8105500721773 0 85.3810810114971 80.4905850455247 78.3390605802349
92.3273115656395 90.9994315893368 90.9198216846961 90.539950838469 89.9491930022336 89.140092335677 88.8426679450515 87.3062096567191 87.8452979360192 83.6408008670417 86.0621707455228 84.4341688235299 80.8422827729217 79.9085993106296 85.3810810114971 0 79.7490898809505 85.2228246213628
93.316354454329 92.0592347257448 92.0213570921156 91.8174194355402 91.4754714086237 90.93778957756 87.479498369871 89.3280608304393 85.9255093817049 85.3598521506396 83.7846054150189 82.7544155304674 79.9324526905649 78.9174032360929 80.4905850455247 79.7490898809505 0 78.6223132959149
94.3310172522551 93.201857342215 93.188338814439 93.0872067215711 92.8864770164408 92.5083754134038 87.4029145658853 91.1590694182242 85.6688426270022 87.8399690802484 84.1550167922355 84.400398939409 83.8070238568976 83.4535592207145 78.3390605802349 85.2228246213628 78.6223132959149 0
