0 69.5166621000467 84.8320117331507 86.3579792656337 86.0174014906509 87.4454406823376 89.9887986295963 90.9001277408503 89.8779603994325 90.2640140577412 91.2401724455007 90.9058262814253 91.5879170280032 91.2485945248562 91.0738170968863 91.3846468271318 92.3361444629193 91.758841400446
69.5166621000467 0 83.6948743507397 85.3320476443083 84.6589462814708 86.2899428940185 89.3612279294811 90.3210228062334 89.1154219782159 89.5070003723265 90.544898475398 90.1497871498019 90.9398613893948 90.5376495002045 90.3310353635652 90.6697967480837 91.7499626996758 91.0622718919637
84.8320117331507 83.6948743507397 0 71.1963957883817 79.2492238225855 85.3603769432115 83.0088975767243 84.9328906408636 83.3836330260342 89.4043738705321 86.5268222233502 86.7055741366934 86.8393476995029 86.8428331489911 87.0143144516236 87.4454406823376 87.996554013542 89.2492238225855
86.3579792656337 85.3320476443083 71.1963957883817 0 78.2753097867997 85.0288211448189 80.788610269172 83.1303042307272 80.943337135734 89.1222881804907 84.9590655924985 85.3457215685645 85.2852592053489 85.3962648299937 85.7079316401629 86.1821018921153 86.6422545505001 88.4806993574841
86.0174014906509 84.6589462814708 79.2492238225855 78.2753097867997 0 79.6905310148231 84.3872598725851 85.6448024489092 82.099442252477 86.2332508516553 84.4651623168477 83.5993736263965 85.3763313889501 84.3774230737726 83.9947497514626 84.676136068509 86.8872818042021 86.2389238659457
87.4454406823376 86.2899428940185 85.3603769432115 85.0288211448189 79.6905310148231 0 87.9100534489945 88.5369933522933 85.6435349294725 80.8422827729217 85.9541053153226 84.0075874112409 87.0382140342669 85.3507166438286 84.2066957450215 84.8320117331507 88.2511598923979 83.8311533537082
89.9887986295963 89.3612279294811 83.0088975767243 80.788610269172 84.3872598725851 87.9100534489945 0 71.130516783235 77.2272264362371 90.6555296396806 82.5868656935784 84.7045998065459 81.8262289492616 83.8146333429251 85.0311994258016 85.2698237358651 83.0013777111842 88.7716451877599
90.9001277408503 90.3210228062334 84.9328906408636 83.1303042307272 85.6448024489092 88.5369933522933 71.130516783235 0 77.8642144265438 90.9437714085026 81.8526982510032 84.5245899885005 80.4905850455247 83.3180404594116 84.8065428746745 84.9281386374994 81.2856097434395 88.7170089318501
89.8779603994325 89.1154219782159 83.3836330260342 80.943337135734 82.099442252477 85.6435349294725 77.2272264362371 77.8642144265438 0 88.7655651085373 77.0178873678807 80.0027316903391 77.2084513693426 78.8108513571896 80.5857296419015 81.0843403509302 80.3082289907452 86.1020755728508
90.2640140577412 89.5070003723265 89.4043738705321 89.1222881804907 86.2332508516553 80.8422827729217 90.6555296396806 90.9437714085026 88.7655651085373 0 88.1294329903336 86.2093142267685 89.0537222217762 87.4015707935926 86.1821018921153 86.4984982800734 89.8648399147477 82.6505105134189
91.2401724455007 90.544898475398 86.5268222233502 84.9590655924985 84.4651623168477 85.9541053153226 82.5868656935784 81.8526982510032 77.0178873678807 88.1294329903336 0 74.2485032284897 69.1355606600792 67.4754622734875 74.7407654979747 74.598216984643 75.5783200713858 83.6964506811521
90.9058262814253 90.1497871498019 86.7055741366934 85.3457215685645 83.5993736263965 84.0075874112409 84.7045998065459 84.5245899885005 80.0027316903391 86.2093142267685 74.2485032284897 0 78.0529683256868 69.5667494366055 57.9330371790942 66.0270815415722 80.6047544631244 80.3797890398321
91.5879170280032 90.9398613893948 86.8393476995029 85.2852592053489 85.3763313889501 87.0382140342669 81.8262289492616 80.4905850455247 77.2084513693426 89.0537222217762 69.1355606600792 78.0529683256868 0 74.0974909498021 78.3073021585004 78.0031619045289 70.9865508735604 85.0666069871175
91.2485945248562 90.5376495002045 86.8428331489911 85.3962648299937 84.3774230737726 85.3507166438286 83.8146333429251 83.3180404594116 78.8108513571896 87.4015707935926 67.4754622734875 69.5667494366055 74.0974909498021 0 70.0026873889328 69.5765657369386 77.7514058431493 82.240236057727
91.0738170968863 90.3310353635652 87.0143144516236 85.7079316401629 83.9947497514626 84.2066957450215 85.0311994258016 84.8065428746745 80.5857296419015 86.1821018921153 74.7407654979747 57.9330371790942 78.3073021585004 70.0026873889328 0 62.382561996271 80.6374962592738 79.9415163281453
91.3846468271318 90.6697967480837 87.4454406823376 86.1821018921153 84.676136068509 84.8320117331507 85.2698237358651 84.9281386374994 81.0843403509302 86.4984982800734 74.598216984643 66.0270815415722 78.0031619045289 69.5765657369386 62.382561996271 0 80.1074736098354 79.9796622965764
92.3361444629193 91.7499626996758 87.996554013542 86.6422545505001 86.8872818042021 88.2511598923979 83.0013777111842 81.2856097434395 80.3082289907452 89.8648399147477 75.5783200713858 80.6047544631244 70.9865508735604 77.7514058431493 80.6374962592738 80.1074736098354 0 85.930562575763
91.758841400446 91.0622718919637 89.2492238225855 88.4806993574841 86.2389238659457 83.8311533537082 88.7716451877599 88.7170089318501 86.1020755728508 82.6505105134189 83.6964506811521 80.3797890398321 85.0666069871175 82.240236057727 79.9415163281453 79.9796622965764 85.930562575763 0
