0 75.5523155632995 71.9124372658146 75.6120133392751 86.9639370490137 84.8390541104318 83.440211413787 84.2169264795973 78.6148957965558 78.8461887760664 85.891837352535 82.7531929436013 84.622565281853 85.0274329204183 85.3569771051075 87.0350945594918 86.9388306194478 87.0764687502886
75.5523155632995 0 78.1860958317419 66.9639370490137 88.8679544492035 87.088618533729 79.0051368755729 86.573399006352 73.9968508302003 79.5765657369386 87.5652470443241 82.6751998198568 84.551645243072 85.0257367888525 85.6754373918373 87.757820299705 86.9456078484487 86.2325041385106
71.9124372658146 78.1860958317419 0 76.8982993539898 85.891837352535 83.2296563040394 84.1613919743094 82.4108172720404 78.3311427205777 75.0930706154422 84.1239704853616 80.4857622301273 82.7493450005622 83.201597050353 83.4609494902937 85.3723525875467 85.4574492108365 86.0299807662634
75.6120133392751 66.9639370490137 76.8982993539898 0 88.5210920458533 86.6001043188937 79.2684262627964 86.0380506567595 69.6356543330438 77.3975598292249 86.9399849236182 81.1220143253691 83.3220520524134 83.8658978492988 84.6115879197347 86.964305686442 86.0289090752493 85.3208427639379
86.9639370490137 88.8679544492035 85.891837352535 88.5210920458533 0 74.9122198469877 91.0501520670485 76.8428331489911 88.725573403395 86.7331655627619 79.3002428506583 87.3511319091826 87.6403630500272 87.6019601377656 86.9465289028413 85.6784759903245 88.1812165961815 90.0692771132551
84.8390541104318 87.088618533729 83.2296563040394 86.6001043188937 74.9122198469877 0 89.6239584212643 62.8623030051245 86.7861125031081 84.1651722374683 75.1857196472206 85.0254432458028 85.5039593802835 85.4962062564851 84.7490671664029 83.7056567149524 86.4210841896122 88.5245616787866
83.440211413787 79.0051368755729 84.1613919743094 79.2684262627964 91.0501520670485 89.6239584212643 0 89.2221969636326 78.6223132959149 83.3836330260342 89.6602337925892 84.3557033681209 85.5715862430087 85.9948369189331 86.8547640724671 89.0172578468188 87.5012037368365 85.5673171147236
84.2169264795973 86.573399006352 82.4108172720404 86.0380506567595 76.8428331489911 62.8623030051245 89.2221969636326 0 86.2196361444474 83.3836330260342 74.9227372224544 84.3557033681209 84.9198005158333 84.9296803811179 84.1741231798246 83.3020164335279 85.9869711308259 88.1200421657566
78.6148957965558 73.9968508302003 78.3311427205777 69.6356543330438 88.725573403395 86.7861125031081 78.6223132959149 86.2196361444474 0 75.9948369189331 86.8092101824516 79.2684262627964 81.8008062954972 82.4600994442045 83.4770288898351 86.2979422703445 84.9056426142562 83.7989102258118
78.8461887760664 79.5765657369386 75.0930706154422 77.3975598292249 86.7331655627619 84.1651722374683 83.3836330260342 83.3836330260342 75.9948369189331 0 83.8924062417859 73.9536370923738 78.3515500395652 79.178079427437 79.9982211566623 83.466079591174 82.6179299515622 83.1391823978766
85.891837352535 87.5652470443241 84.1239704853616 86.9399849236182 79.3002428506583 75.1857196472206 89.6602337925892 74.9227372224544 86.8092101824516 83.8924062417859 0 83.8924062417859 83.9019984415414 83.7445660987571 82.545649291654 80.024943937572 84.3680767618551 87.3082160992677
82.7531929436013 82.6751998198568 80.4857622301273 81.1220143253691 87.3511319091826 85.0254432458028 84.3557033681209 84.3557033681209 79.2684262627964 73.9536370923738 83.8924062417859 0 70.5137125079728 72.5868656935784 75.1664487515197 81.3872295427868 78.800055384063 79.8531331056309
84.622565281853 84.551645243072 82.7493450005622 83.3220520524134 87.6403630500272 85.5039593802835 85.5715862430087 84.9198005158333 81.8008062954972 78.3515500395652 83.9019984415414 70.5137125079728 0 59.783640266914 69.9742370056535 79.6648998632169 74.598216984643 77.9010399236047
85.0274329204183 85.0257367888525 83.201597050353 83.8658978492988 87.6019601377656 85.4962062564851 85.9948369189331 84.9296803811179 82.4600994442045 79.178079427437 83.7445660987571 72.5868656935784 59.783640266914 0 67.5239929694608 78.9138749192206 72.9724672239399 77.9330371790942
85.3569771051075 85.6754373918373 83.4609494902937 84.6115879197347 86.9465289028413 84.7490671664029 86.8547640724671 84.1741231798246 83.4770288898351 79.9982211566623 82.545649291654 75.1664487515197 69.9742370056535 67.5239929694608 0 76.2196361444474 72.2787262194362 79.8317504079025
87.0350945594918 87.757820299705 85.3723525875467 86.964305686442 85.6784759903245 83.7056567149524 89.0172578468188 83.3020164335279 86.2979422703445 83.466079591174 80.024943937572 81.3872295427868 79.6648998632169 78.9138749192206 76.2196361444474 0 77.5803463896305 83.6834477403698
86.9388306194478 86.9456078484487 85.4574492108365 86.0289090752493 88.1812165961815 86.4210841896122 87.5012037368365 85.9869711308259 84.9056426142562 82.6179299515622 84.3680767618551 78.800055384063 74.598216984643 72.9724672239399 72.2787262194362 77.5803463896305 0 77.9001600209706
87.0764687502886 86.2325041385106 86.0299807662634 85.3208427639379 90.0692771132551 88.5245616787866 85.5673171147236 88.1200421657566 83.7989102258118 83.1391823978766 87.3082160992677 79.8531331056309 77.9010399236047 77.9330371790942 79.8317504079025 83.6834477403698 77.9001600209706 0
