0 86.2325041385106 71.3176021151402 88.0138584747755 83.8414555269102 85.6562542463234 86.9388930455938 88.1901910181076 88.6030013835912 90.8043333862853 90.922877176428 92.3912579207112 93.3838806213035 93.1772613721283 92.3332435607094 93.4972683928071 94.6900559446506 93.7593515739906
86.2325041385106 0 87.4879904709355 79.3684228564941 84.5700464329907 90.4294226344984 86.0016174742824 85.9744315024477 90.1871639077538 91.609205100441 92.0482241341007 90.7935579568294 91.6801541304969 91.7438019912506 93.669576567987 92.7460299124228 93.4887565434748 94.4776905142957
71.3176021151402 87.4879904709355 0 88.798115693604 84.1984937693655 84.2169264795973 87.1049402642099 88.4453344140258 88.1142143850042 90.4430889140306 90.4905850455247 92.4447587542196 93.4533888706704 93.2057706780513 91.8543615098854 93.4181597425046 94.6904516730025 93.4166856423086
88.0138584747755 79.3684228564941 88.798115693604 0 83.4673311315048 90.2385754662951 83.2650451569698 82.1301163249359 88.8731040977815 90.1333068432493 90.7587270491602 88.2212353773085 89.3132543967503 89.4516367342193 92.6708255255615 90.8550159146528 91.6315014349562 93.3502376981377
83.8414555269102 84.5700464329907 84.1984937693655 83.4673311315048 0 84.9105599207718 76.5063621434069 80.1964580507305 83.9384101227389 87.0028487113828 87.5652470443241 88.3327274477688 89.8620554401899 89.5635912341963 90.0346214098179 90.1799213536671 91.7769436482888 91.4486813311353
85.6562542463234 90.4294226344984 84.2169264795973 90.2385754662951 84.9105599207718 0 86.1560258917179 87.7711035988784 82.7674836600796 86.3152293981705 85.9195436335469 90.9628365465767 92.1664791154221 91.6849698173088 87.4984971300181 91.3812810589918 93.2170514984741 90.1262622632876
86.9388930455938 86.0016174742824 87.1049402642099 83.2650451569698 76.5063621434069 86.1560258917179 0 72.5868656935784 82.420100378145 85.16595164387 86.125843648819 85.7634929002411 87.7738075181225 87.3786989420594 89.1405075929125 88.2382248275296 90.1355101462209 90.3693696241556
88.1901910181076 85.9744315024477 88.4453344140258 82.1301163249359 80.1964580507305 87.7711035988784 72.5868656935784 0 84.0672266294399 85.7520263726057 86.8092101824516 84.2959097000793 86.5184091547906 86.2252286147615 89.6661399544349 87.5803463896305 89.3394732041933 90.5622918724125
88.6030013835912 90.1871639077538 88.1142143850042 88.8731040977815 83.9384101227389 82.7674836600796 82.420100378145 84.0672266294399 0 77.8718063285063 78.4944597996847 86.9257690522703 88.7284672531233 87.9316904771085 84.0909284883273 87.3590696675158 90.1216808091912 86.8861574238521
90.8043333862853 91.609205100441 90.4430889140306 90.1333068432493 87.0028487113828 86.3152293981705 85.16595164387 85.7520263726057 77.8718063285063 0 69.6356543330438 85.5762932353541 87.4093346529378 86.28936259409 81.0222122095949 84.6871541162429 88.4239431844595 83.5201228844259
90.922877176428 92.0482241341007 90.4905850455247 90.7587270491602 87.5652470443241 85.9195436335469 86.125843648819 86.8092101824516 78.4944597996847 69.6356543330438 0 86.8316543916761 88.4018890874713 87.3896135843601 78.6201291151553 85.7634929002411 89.1635362196166 82.7273505510716
92.3912579207112 90.7935579568294 92.4447587542196 88.2212353773085 88.3327274477688 90.9628365465767 85.7634929002411 84.2959097000793 86.9257690522703 85.5762932353541 86.8316543916761 0 74.484421527208 72.2514912320315 89.1943090226183 79.8531331056309 82.2304457194169 88.7623263292455
93.3838806213035 91.6801541304969 93.4533888706704 89.3132543967503 89.8620554401899 92.1664791154221 87.7738075181225 86.5184091547906 88.7284672531233 87.4093346529378 88.4018890874713 74.484421527208 0 69.7882376735627 90.2305881320318 80.2272956583012 79.0755491758643 89.4839672543982
93.1772613721283 91.7438019912506 93.2057706780513 89.4516367342193 89.5635912341963 91.6849698173088 87.3786989420594 86.2252286147615 87.9316904771085 86.28936259409 87.3896135843601 72.2514912320315 69.7882376735627 0 89.371924760187 77.4247840584523 78.922933573106 88.5458538433156
92.3332435607094 93.669576567987 91.8543615098854 92.6708255255615 90.0346214098179 87.4984971300181 89.1405075929125 89.6661399544349 84.0909284883273 81.0222122095949 78.6201291151553 89.1943090226183 90.2305881320318 89.371924760187 0 87.5392332169343 90.3405259592751 79.0289587933119
93.4972683928071 92.7460299124228 93.4181597425046 90.8550159146528 90.1799213536671 91.3812810589918 88.2382248275296 87.5803463896305 87.3590696675158 84.6871541162429 85.7634929002411 79.8531331056309 80.2272956583012 77.4247840584523 87.5392332169343 0 79.385587153677 85.9539297579115
94.6900559446506 93.4887565434748 94.6904516730025 91.6315014349562 91.7769436482888 93.2170514984741 90.1355101462209 89.3394732041933 90.1216808091912 88.4239431844595 89.1635362196166 82.2304457194169 79.0755491758643 78.922933573106 90.3405259592751 79.385587153677 0 88.9004343948092
93.7593515739906 94.4776905142957 93.4166856423086 93.3502376981377 91.4486813311353 90.1262622632876 90.3693696241556 90.5622918724125 86.8861574238521 83.5201228844259 82.7273505510716 88.7623263292455 89.4839672543982 88.5458538433156 79.0289587933119 85.9539297579115 88.9004343948092 0
