0 78.7966354858417 79.0924689484848 89.575752579634 90.2359933182647 87.7674957525076 91.604732064441 87.852566361347 88.939499180549 90.0607709142933 90.2584243544002 93.4856749622355 90.5366135954557 90.8635674133725 92.6567981026058 91.2066265229575 92.9422595709972 92.0161153643317
78.7966354858417 0 50.943337135734 89.3313427785472 89.8648399147477 85.604595839916 90.9697486257344 84.5659056592346 85.7749292329038 87.9199887622108 87.8744482903554 92.7402909689791 88.1762516005099 88.4407002914246 91.4591067204594 89.0220684557673 91.7282678173998 89.950284880258
79.0924689484848 50.943337135734 0 89.3910923427836 89.9152079015356 85.6149767954249 91.0002889469191 84.4889884773669 85.6635841127368 87.8876340453048 87.8168428313143 92.7531929436013 88.1142143850042 88.3603669753114 91.4556343706656 88.9628594842768 91.7213751164949 89.8848356034133
89.575752579634 89.3313427785472 89.3910923427836 0 69.0536006060341 84.2988874701114 80.0395521758017 88.1441028634154 90.1358073262028 87.372016761587 89.0628182661954 86.2811591724877 89.5845552213238 90.9702148478687 87.1303094453845 90.1524016452992 87.880040887536 91.5562715756861
90.2359933182647 89.8648399147477 89.9152079015356 69.0536006060341 0 84.4613002047043 77.2169957016613 88.2578487455326 90.1990362311678 87.1342704420015 88.922933573106 85.015546065008 89.4467356815688 90.8966172265081 86.2581263061566 89.9753226061638 87.0859800093211 91.4063373322637
87.7674957525076 85.604595839916 85.6149767954249 84.2988874701114 84.4613002047043 0 85.1329754427702 79.2495994452474 83.9296849669784 79.2684262627964 82.2787262194362 87.8007545217567 83.361291448686 85.7505909256189 85.3649979935812 84.7054556385607 85.9866862537587 87.0849242308258
91.604732064441 90.9697486257344 91.0002889469191 80.0395521758017 77.2169957016613 85.1329754427702 0 88.483528940223 90.2380372975089 86.4967004156867 88.4622840161715 80.4761005024071 88.9731256890866 90.5665568630299 83.3588019416995 89.3756649167141 84.4651623168477 90.8595844810741
87.852566361347 84.5659056592346 84.4889884773669 88.1441028634154 88.2578487455326 79.2495994452474 88.483528940223 0 76.4186641238738 78.8225750721997 77.9429600395442 89.8995811724548 79.0658916242974 81.3321382159459 87.154873319272 81.3753503223006 87.4102466684259 84.0806525445436
88.939499180549 85.7749292329038 85.6635841127368 90.1358073262028 90.1990362311678 83.9296849669784 90.2380372975089 76.4186641238738 0 81.8810549507213 78.4638216139284 91.1324215788973 78.1860958317419 76.8982993539898 88.4599765983439 80.0228223518567 88.5332126044102 81.6251957531956
90.0607709142933 87.9199887622108 87.8876340453048 87.372016761587 87.1342704420015 79.2684262627964 86.4967004156867 78.8225750721997 81.8810549507213 0 74.598216984643 87.4658005457673 76.9312422033652 82.0323684124072 83.091775616211 78.9090804678383 83.4033961764943 83.2093361878076
90.2584243544002 87.8744482903554 87.8168428313143 89.0628182661954 88.922933573106 82.2787262194362 88.4622840161715 77.9429600395442 78.4638216139284 74.598216984643 0 89.0764777251924 64.9227372224544 77.2272264362371 85.289026176076 72.5868656935784 85.3176715737137 79.6648998632169
93.4856749622355 92.7402909689791 92.7531929436013 86.2811591724877 85.015546065008 87.8007545217567 80.4761005024071 89.8995811724548 91.1324215788973 87.4658005457673 89.0764777251924 0 89.444283079601 90.9281101660991 80.738820882775 89.5598758378731 81.6177655634978 90.8329378396374
90.5366135954557 88.1762516005099 88.1142143850042 89.5845552213238 89.4467356815688 83.361291448686 88.9731256890866 79.0658916242974 78.1860958317419 76.9312422033652 64.9227372224544 89.444283079601 0 75.0930706154422 85.7505909256189 68.7966354858417 85.7044043041359 77.9330371790942
90.8635674133725 88.4407002914246 88.3603669753114 90.9702148478687 90.8966172265081 85.7505909256189 90.5665568630299 81.3321382159459 76.8982993539898 82.0323684124072 77.2272264362371 90.9281101660991 75.0930706154422 0 87.8568047770822 74.6168963459942 87.7457855061601 74.1239704853616
92.6567981026058 91.4591067204594 91.4556343706656 87.1303094453845 86.2581263061566 85.3649979935812 83.3588019416995 87.154873319272 88.4599765983439 83.091775616211 85.289026176076 80.738820882775 85.7505909256189 87.8568047770822 0 85.7749292329038 66.2581263061566 87.5944545064845
91.2066265229575 89.0220684557673 88.9628594842768 90.1524016452992 89.9753226061638 84.7054556385607 89.3756649167141 81.3753503223006 80.0228223518567 78.9090804678383 72.5868656935784 89.5598758378731 68.7966354858417 74.6168963459942 85.7749292329038 0 85.5971656502182 75.042668369047
92.9422595709972 91.7282678173998 91.7213751164949 87.880040887536 87.0859800093211 85.9866862537587 84.4651623168477 87.4102466684259 88.5332126044102 83.4033961764943 85.3176715737137 81.6177655634978 85.7044043041359 87.7457855061601 66.2581263061566 85.5971656502182 0 87.3272312123874
92.0161153643317 89.950284880258 89.8848356034133 91.5562715756861 91.4063373322637 87.0849242308258 90.8595844810741 84.0806525445436 81.6251957531956 83.2093361878076 79.6648998632169 90.8329378396374 77.9330371790942 74.1239704853616 87.5944545064845 75.042668369047 87.3272312123874 0
