0 72.1791429616842 88.9976660170554 91.8512064152267 90.316509613359 90.1638411574058 94.2524883143376 93.3369807016173 93.2501249471988 94.2462222590388 93.7548075559783 94.4736468933868 95.8136955625119 95.9584484529743 95.9862783186814 95.4804946527417 95.4286999167806 96.2006507042411
72.1791429616842 0 88.1389807395239 91.9217037092008 89.9494353501287 89.7009288615675 94.1516518701865 93.0355373663839 92.6612213061511 94.0270601337971 93.3707367817732 93.9969584569474 95.6668053389396 95.8020499741565 95.8011395350222 95.0178813728157 95.022140990045 95.8255637876405
88.9976660170554 88.1389807395239 0 88.9173976324978 81.6065963893544 79.5166621000467 90.1092524970182 86.73257921427 85.1757958751021 88.948943977347 86.7159566715922 87.8814856746282 91.8093016221984 91.9332335297458 91.7532076048429 89.9985976200845 89.8014708823389 91.2209091826396
91.8512064152267 91.9217037092008 88.9173976324978 0 84.3139343989393 85.6562542463234 83.9198494857884 86.4729068991808 91.4207573175404 86.5467214985497 88.8965747790272 91.8144045767249 88.7612751284722 89.22735792065 89.7342959307347 93.4448524869001 92.3921913186054 93.2874975114044
90.316509613359 89.9494353501287 81.6065963893544 84.3139343989393 0 68.7966354858417 86.3369151371134 82.7563949763513 86.9476203930553 85.4999389495626 84.8615063718665 88.2993261327158 89.3608598203043 89.619779474765 89.6127053130504 90.6346994717011 89.687575441599 91.0771873132309
90.1638411574058 89.7009288615675 79.5166621000467 85.6562542463234 68.7966354858417 0 87.1611875629985 83.1069419339473 86.0621707455228 86.0097046892716 84.5869706818913 87.753034320393 89.7582667452975 89.9742370056535 89.8920337031865 90.1887143134889 89.3443980803016 90.8110544783965
94.2524883143376 94.1516518701865 90.1092524970182 83.9198494857884 86.3369151371134 87.1611875629985 0 82.5868656935784 90.3544346418094 79.0051368755729 85.9727866152399 89.9548142038032 81.3769599159453 82.4427967552661 83.6569788742262 91.7422150057478 90.0435021834439 90.9165650763906
93.3369807016173 93.0355373663839 86.73257921427 86.4729068991808 82.7563949763513 83.1069419339473 82.5868656935784 0 85.7888891588521 76.2581263061566 76.9603284561436 85.4460986815317 84.7761036398105 85.0125448591382 84.6499837195293 88.4556755303193 86.2842177647065 88.0006220352995
93.2501249471988 92.6612213061511 85.1757958751021 91.4207573175404 86.9476203930553 86.0621707455228 90.3544346418094 85.7888891588521 0 87.9650829300019 82.7273505510716 77.7647878994723 90.6634921630553 90.6047544631244 90.0174507434799 82.6017133826353 83.1391823978766 85.7863355292019
94.2462222590388 94.0270601337971 88.948943977347 86.5467214985497 85.4999389495626 86.0097046892716 79.0051368755729 76.2581263061566 87.9650829300019 0 81.1836939850927 87.1315679966022 80.7705710124195 81.2673980114153 81.1678510652808 89.4709717322376 87.1858738949248 88.4280511113931
93.7548075559783 93.3707367817732 86.7159566715922 88.8965747790272 84.8615063718665 84.5869706818913 85.9727866152399 76.9603284561436 82.7273505510716 81.1836939850927 0 81.3769599159453 86.2732092064017 86.2402066734632 85.4211172286802 85.7677850549167 82.8354320315571 85.4550587108594
94.4736468933868 93.9969584569474 87.8814856746282 91.8144045767249 88.2993261327158 87.753034320393 89.9548142038032 85.4460986815317 77.7647878994723 87.1315679966022 81.3769599159453 0 89.5505112555699 89.3874875404723 88.5603608111481 78.1860958317419 76.4210841896122 81.4702765549837
95.8136955625119 95.6668053389396 91.8093016221984 88.7612751284722 89.3608598203043 89.7582667452975 81.3769599159453 84.7761036398105 90.6634921630553 80.7705710124195 86.2732092064017 89.5505112555699 0 64.4451384131705 73.5910452816515 91.01294656645 88.9053664073424 89.4120126712093
95.9584484529743 95.8020499741565 91.9332335297458 89.22735792065 89.619779474765 89.9742370056535 82.4427967552661 85.0125448591382 90.6047544631244 81.2673980114153 86.2402066734632 89.3874875404723 64.4451384131705 0 70.4857622301273 90.8043333862853 88.6252767520647 89.0724707021626
95.9862783186814 95.8011395350222 91.7532076048429 89.7342959307347 89.6127053130504 89.8920337031865 83.6569788742262 84.6499837195293 90.0174507434799 81.1678510652808 85.4211172286802 88.5603608111481 73.5910452816515 70.4857622301273 0 90.0093808529838 87.5803463896305 88.0105149591016
95.4804946527417 95.0178813728157 89.9985976200845 93.4448524869001 90.6346994717011 90.1887143134889 91.7422150057478 88.4556755303193 82.6017133826353 89.4709717322376 85.7677850549167 78.1860958317419 91.01294656645 90.8043333862853 90.0093808529838 0 77.7647878994723 79.3002428506583
95.4286999167806 95.022140990045 89.8014708823389 92.3921913186054 89.687575441599 89.3443980803016 90.0435021834439 86.2842177647065 83.1391823978766 87.1858738949248 82.8354320315571 76.4210841896122 88.9053664073424 88.6252767520647 87.5803463896305 77.7647878994723 0 74.8172353991213
96.2006507042411 95.8255637876405 91.2209091826396 93.2874975114044 91.0771873132309 90.8110544783965 90.9165650763906 88.0006220352995 85.7863355292019 88.4280511113931 85.4550587108594 81.4702765549837 89.4120126712093 89.0724707021626 88.0105149591016 79.3002428506583 74.8172353991213 0
