0 79.1453517305904 83.1990142701287 82.0323684124072 86.8704243261802 86.9476203930553 84.9796890336395 86.3902173587608 88.725573403395 89.8508162595424 88.4394054982026 88.6052340688356 89.2234877779738 91.0973538727635 90.8966172265081 90.729120064279 89.9179585158647 92.3769652496477
79.1453517305904 0 83.6150544197642 72.0154368322127 87.1148899924411 87.0605702158074 83.323798167022 85.2279248708898 87.9330371790942 89.2380060535536 86.3152417277024 85.5613227109851 86.7787253282775 90.4235524671451 90.1288824412368 89.6854869063622 87.4132525105052 91.9220949385188
83.1990142701287 83.6150544197642 0 83.5392759245935 77.8532046382101 77.9330371790942 76.5063621434069 78.0360367454923 82.5570171580838 84.5642985256655 84.356545303037 86.6790148661262 86.4736672977584 86.7889107409908 86.5304228410657 86.5481602265836 87.9208598774116 88.7083466504183
82.0323684124072 72.0154368322127 83.5392759245935 0 86.8198601724459 86.706750637792 82.1292907879716 84.2434141444616 87.1426142386487 88.5600117860005 84.7545056040431 83.5153213971275 85.0947406576927 89.7468991299264 89.4005173154006 88.8146812404098 85.8005514005498 91.3855304190411
86.8704243261802 87.1148899924411 77.8532046382101 86.8198601724459 0 58.4558644670901 80.0868204426712 78.1274645798498 79.0098714828989 80.8821062851461 84.5681618832458 87.7443690738981 86.9767003899532 84.0872836493491 83.9656974893109 84.6429132091945 88.5039282822309 86.2402066734632
86.9476203930553 87.0605702158074 77.9330371790942 86.706750637792 58.4558644670901 0 79.6356543330438 77.3382020284199 78.1860958317419 80.3320258419608 84.151386580132 87.4889526831515 86.6685681142304 83.7262992166468 83.5725918290523 84.2343892774062 88.2495451146068 86.0272744006996
84.9796890336395 83.323798167022 76.5063621434069 82.1292907879716 80.0868204426712 79.6356543330438 0 71.1136705287218 80.2375263928769 83.1130889864993 79.9554253378105 83.6150544197642 83.1574795141574 85.4304003347848 84.9504435034663 84.4398646861375 85.2279248708898 87.901095269527
86.3902173587608 85.2279248708898 78.0360367454923 84.2434141444616 78.1274645798498 77.3382020284199 71.1136705287218 0 76.5304228410657 80.6092187802644 79.3345045866708 84.2596343120333 83.2093361878076 83.6337942323103 83.0811701290871 82.6775746121743 85.4304003347848 86.5558344096284
88.725573403395 87.9330371790942 82.5570171580838 87.1426142386487 79.0098714828989 78.1860958317419 80.2375263928769 76.5304228410657 0 72.1410588984064 80.5061290119887 85.7376505077114 84.0672266294399 78.6665542029632 77.8452979360192 78.3042744086451 86.1494823545164 83.2657963507863
89.8508162595424 89.2380060535536 84.5642985256655 88.5600117860005 80.8821062851461 80.3320258419608 83.1130889864993 80.6092187802644 72.1410588984064 0 82.6046768387851 86.996922925235 85.3474388918814 73.9874180581652 73.5109997806274 76.8092101824516 87.1148899924411 80.4857622301273
88.4394054982026 86.3152417277024 84.356545303037 84.7545056040431 84.5681618832458 84.151386580132 79.9554253378105 79.3345045866708 80.5061290119887 82.6046768387851 0 78.9708748138446 74.8048517370443 83.8259093909082 82.976642497424 80.943337135734 79.8751344171482 86.8159556326594
88.6052340688356 85.5613227109851 86.6790148661262 83.5153213971275 87.7443690738981 87.4889526831515 83.6150544197642 84.2596343120333 85.7376505077114 86.996922925235 78.9708748138446 0 73.6150544197642 87.6457956664753 87.094417010166 85.7078280082056 73.091775616211 89.6390504706619
89.2234877779738 86.7787253282775 86.4736672977584 85.0947406576927 86.9767003899532 86.6685681142304 83.1574795141574 83.2093361878076 84.0672266294399 85.3474388918814 74.8048517370443 73.6150544197642 0 85.891837352535 85.2068228736091 83.3580419636489 72.79025144391 88.228598320542
91.0973538727635 90.4235524671451 86.7889107409908 89.7468991299264 84.0872836493491 83.7262992166468 85.4304003347848 83.6337942323103 78.6665542029632 73.9874180581652 83.8259093909082 87.6457956664753 85.891837352535 0 63.4960621867671 74.4151804686789 87.4132525105052 76.2177534389097
90.8966172265081 90.1288824412368 86.5304228410657 89.4005173154006 83.9656974893109 83.5725918290523 84.9504435034663 83.0811701290871 77.8452979360192 73.5109997806274 82.976642497424 87.094417010166 85.2068228736091 63.4960621867671 0 71.6431175941861 86.8428331489911 77.8973866339186
90.729120064279 89.6854869063622 86.5481602265836 88.8146812404098 84.6429132091945 84.2343892774062 84.4398646861375 82.6775746121743 78.3042744086451 76.8092101824516 80.943337135734 85.7078280082056 83.3580419636489 74.4151804686789 71.6431175941861 0 85.2607385478795 80.8821062851461
89.9179585158647 87.4132525105052 87.9208598774116 85.8005514005498 88.5039282822309 88.2495451146068 85.2279248708898 85.4304003347848 86.1494823545164 87.1148899924411 79.8751344171482 73.091775616211 72.79025144391 87.4132525105052 86.8428331489911 85.2607385478795 0 89.3423701708787
92.3769652496477 91.9220949385188 88.7083466504183 91.3855304190411 86.2402066734632 86.0272744006996 87.901095269527 86.5558344096284 83.2657963507863 80.4857622301273 86.8159556326594 89.6390504706619 88.228598320542 76.2177534389097 77.8973866339186 80.8821062851461 89.3423701708787 0
