0 84.598216984643 84.9227372224544 84.7109310897828 89.5413226105397 86.9622854303079 88.7320818557614 90.5602357240553 90.7315310030624 91.8736996651857 91.8694910451496 92.4655556457559 92.2895700323584 92.4555029242986 93.4716833542858 94.050694976279 94.3905993151326 94.8854015893363
84.598216984643 0 70.943337135734 81.5766707252515 90.2359933182647 84.1113339012397 87.0178873678807 89.3488779339759 87.5519919157727 90.1762955422891 89.8781805979189 91.4391234636077 88.4453344140258 89.3173273791542 92.0930208742271 91.9841091972851 91.6285351957431 92.2460313737877
84.9227372224544 70.943337135734 0 78.9847314590875 89.3800243655255 82.0045749480257 85.5523155632995 88.2430701578103 86.2581263061566 89.1787314723026 88.8567341753854 90.5775079861241 87.669856364134 88.4228902048013 91.3070566194764 91.264687604533 91.0755025319784 91.7560899310274
84.7109310897828 81.5766707252515 78.9847314590875 0 86.2581263061566 74.5561511645032 81.1510920176696 85.3001070781644 84.7182209694953 87.1509420356761 87.0028487113828 88.5408543716145 88.0706757264335 87.9710879147445 89.7915885207696 90.4299114571472 91.1136705287218 91.8483865499745
89.5413226105397 90.2359933182647 89.3800243655255 86.2581263061566 0 85.1139529097349 82.8438513133261 82.1151115295053 87.6131943190306 85.7376505077114 86.5495758812333 84.7343585615415 91.2375807763142 90.1047169668058 87.7132838331378 90.4396763737266 92.6810253671005 93.2928102922609
86.9622854303079 84.1113339012397 82.0045749480257 74.5561511645032 85.1139529097349 0 76.1343672660539 82.5390090680702 81.9398324548417 84.831467803734 84.6450680499096 86.6917490863679 86.9517796251129 86.3634983722351 88.1441028634154 88.9951672720653 90.1236944531272 90.956827346836
88.7320818557614 87.0178873678807 85.5523155632995 81.1510920176696 82.8438513133261 76.1343672660539 0 76.9162631590091 80.7750878561122 81.5313920024931 81.7387672097631 83.7028851568813 87.2169957016613 85.8019704317074 85.95284742306 87.7285209261352 89.8155704493593 90.6801563207739
90.5602357240553 89.3488779339759 88.2430701578103 85.3001070781644 82.1151115295053 82.5390090680702 76.9162631590091 0 81.9023327343861 76.8001378134372 78.6248952026306 78.4638216139284 87.9034072866684 85.8466977348951 82.7760355725621 86.3672466258938 89.655146750168 90.5013186667837
90.7315310030624 87.5519919157727 86.2581263061566 84.7182209694953 87.6131943190306 81.9398324548417 80.7750878561122 81.9023327343861 0 80.3534795727897 78.4638216139284 84.6005691197266 81.9401435468265 78.7320818557614 84.7647184779526 84.2066957450215 86.0715147213828 87.3719376615789
91.8736996651857 90.1762955422891 89.1787314723026 87.1509420356761 85.7376505077114 84.831467803734 81.5313920024931 76.8001378134372 80.3534795727897 0 68.103370572082 76.5226931901413 86.5364172448041 83.447537158823 78.176017428031 82.8884805545587 87.8275353557611 88.8143980660997
91.8694910451496 89.8781805979189 88.8567341753854 87.0028487113828 86.5495758812333 84.6450680499096 81.7387672097631 78.6248952026306 78.4638216139284 68.103370572082 0 79.2332228116519 85.4412056055918 81.8211513138294 79.2036020993827 81.9089615194754 86.9508886321302 88.0538131744044
92.4655556457559 91.4391234636077 90.5775079861241 88.5408543716145 84.7343585615415 86.6917490863679 83.7028851568813 78.4638216139284 84.6005691197266 76.5226931901413 79.2332228116519 0 88.8966897288031 86.5648965687012 77.0711757029314 84.9239045517894 89.5940508926211 90.3527122076656
92.2895700323584 88.4453344140258 87.669856364134 88.0706757264335 91.2375807763142 86.9517796251129 87.2169957016613 87.9034072866684 81.9401435468265 86.5364172448041 85.4412056055918 88.8966897288031 0 77.0178873678807 88.1528481395326 85.1757958751021 81.3769599159453 83.2478263495168
92.4555029242986 89.3173273791542 88.4228902048013 87.9710879147445 90.1047169668058 86.3634983722351 85.8019704317074 85.8466977348951 78.7320818557614 83.447537158823 81.8211513138294 86.5648965687012 77.0178873678807 0 85.3465462797109 81.3295387552311 81.1963957883817 83.361291448686
93.4716833542858 92.0930208742271 91.3070566194764 89.7915885207696 87.7132838331378 88.1441028634154 85.95284742306 82.7760355725621 84.7647184779526 78.176017428031 79.2036020993827 77.0711757029314 88.1528481395326 85.3465462797109 0 81.2375291035193 88.0503186811922 88.8432827616935
94.050694976279 91.9841091972851 91.264687604533 90.4299114571472 90.4396763737266 88.9951672720653 87.7285209261352 86.3672466258938 84.2066957450215 82.8884805545587 81.9089615194754 84.9239045517894 85.1757958751021 81.3295387552311 81.2375291035193 0 83.0625479788191 84.2596343120333
94.3905993151326 91.6285351957431 91.0755025319784 91.1136705287218 92.6810253671005 90.1236944531272 89.8155704493593 89.655146750168 86.0715147213828 87.8275353557611 86.9508886321302 89.5940508926211 81.3769599159453 81.1963957883817 88.0503186811922 83.0625479788191 0 70.237526392877
94.8854015893363 92.2460313737877 91.7560899310274 91.8483865499745 93.2928102922609 90.956827346836 90.6801563207739 90.5013186667837 87.3719376615789 88.8143980660997 88.0538131744044 90.3527122076656 83.2478263495168 83.361291448686 88.8432827616935 84.2596343120333 70.237526392877 0
