0 82.5111160858683 86.2928497766266 85.5523155632995 88.2905355522908 90.5150984397825 92.7010637317494 93.6713100721936 93.8117176363241 93.622091328923 93.7747657687664 94.5333394094809 94.7904676703614 94.8312045454771 95.5628220877716 95.6266770345832 95.7589099215079 96.1236879163701
82.5111160858683 0 86.9257690522703 78.9311865872697 87.3560207023865 87.8849563633626 90.1269011101107 92.0072861670383 91.0794875349357 91.1202754835912 91.632459286234 92.0750149575218 92.9092436769071 92.7184135576832 93.526035436086 93.6452325627758 93.9909473454728 94.2959097000793
86.2928497766266 86.9257690522703 0 85.0455947109551 78.0568798290551 86.7245558218283 90.5512576733444 90.416203582512 93.4277295678041 92.1088722021089 91.5261250310923 93.9652049264471 92.702512200835 93.3333271218884 94.4858041598048 94.4228788346742 94.0687278876284 94.8570995274305
85.5523155632995 78.9311865872697 85.0455947109551 0 84.2413823573747 84.0756800526813 87.7056993033671 89.8462250462835 90.0029141266583 89.2684262627964 89.5771606201419 90.9925666286993 91.1727782695909 91.1762932751432 92.3105428072981 92.3795847100213 92.5636014599458 93.080658459936
88.2905355522908 87.3560207023865 78.0568798290551 84.2413823573747 0 83.1548703552811 88.4391544843896 88.0227547990979 92.2952999318 90.4396763737266 89.5407227977055 92.8143121415688 90.9603468371614 91.8224920357998 93.2255436244183 93.1214041134435 92.6132594440351 93.5893441765743
90.5150984397825 87.8849563633626 86.7245558218283 84.0756800526813 83.1548703552811 0 81.6251957531956 83.5711462990427 88.9090804678383 85.5266933956535 84.2066957450215 89.5027665980572 86.8565079428981 87.8654626142986 89.9573754039865 89.8191116220354 89.2894513429609 90.5346235248288
92.7010637317494 90.1269011101107 90.5512576733444 87.7056993033671 88.4391544843896 81.6251957531956 0 82.6361391106894 85.4304003347848 76.9747808619358 75.9126336164662 85.7159970899826 81.6971148610637 82.1162909065481 85.7677850549167 85.5411210505643 85.2068228736091 86.7447110616053
93.6713100721936 92.0072861670383 90.416203582512 89.8462250462835 88.0227547990979 83.5711462990427 82.6361391106894 0 90.0243809178913 85.3935675118186 80.5338686105484 89.9279808820445 82.0727368965748 86.0016174742824 88.787440445411 88.2745069501547 85.9717040116646 88.5716226676249
93.8117176363241 91.0794875349357 93.4277295678041 90.0029141266583 92.2952999318 88.9090804678383 85.4304003347848 90.0243809178913 0 82.4936594236437 86.6813329578914 73.6150544197642 87.6157940433205 84.4231078662761 83.6964506811521 84.7032728539806 87.7783103125321 86.5487896165659
93.622091328923 91.1202754835912 92.1088722021089 89.2684262627964 90.4396763737266 85.5266933956535 76.9747808619358 85.3935675118186 82.4936594236437 0 78.3390605802349 82.1556516872302 81.1846890236338 77.2341968501003 82.0827706588024 82.0227941520428 83.3637795294295 84.0919213198692
93.7747657687664 91.632459286234 91.5261250310923 89.5771606201419 89.5407227977055 84.2066957450215 75.9126336164662 80.5338686105484 86.6813329578914 78.3390605802349 0 86.3653649600743 75.6694712445564 79.8722842766956 84.8118924275813 84.177768063266 82.21762491425 85.113837970977
94.5333394094809 92.0750149575218 93.9652049264471 90.9925666286993 92.8143121415688 89.5027665980572 85.7159970899826 89.9279808820445 73.6150544197642 82.1556516872302 86.3653649600743 0 86.8719001463163 82.8764171660105 80.8110544783965 82.3331386587967 86.5304228410657 84.6163058281346
94.7904676703614 92.9092436769071 92.702512200835 91.1727782695909 90.9603468371614 86.8565079428981 81.6971148610637 82.0727368965748 87.6157940433205 81.1846890236338 75.6694712445564 86.8719001463163 0 78.5776170713634 83.8078481328481 82.6810253671005 77.4935483855447 83.0088975767243
94.8312045454771 92.7184135576832 93.3333271218884 91.1762932751432 91.8224920357998 87.8654626142986 82.1162909065481 86.0016174742824 84.4231078662761 77.2341968501003 79.8722842766956 82.8764171660105 78.5776170713634 0 77.594569321129 76.1020755728508 78.1730808253927 79.0924689484848
95.5628220877716 93.526035436086 94.4858041598048 92.3105428072981 93.2255436244183 89.9573754039865 85.7677850549167 88.787440445411 83.6964506811521 82.0827706588024 84.8118924275813 80.8110544783965 83.8078481328481 77.594569321129 0 67.6642993649136 81.3176021151403 75.6199582503286
95.6266770345832 93.6452325627758 94.4228788346742 92.3795847100213 93.1214041134435 89.8191116220354 85.5411210505643 88.2745069501547 84.7032728539806 82.0227941520428 84.177768063266 82.3331386587967 82.6810253671005 76.1020755728508 67.6642993649136 0 79.3249094536226 72.3105428072981
95.7589099215079 93.9909473454728 94.0687278876284 92.5636014599458 92.6132594440351 89.2894513429609 85.2068228736091 85.9717040116646 87.7783103125321 83.3637795294295 82.21762491425 86.5304228410657 77.4935483855447 78.1730808253927 81.3176021151403 79.3249094536226 0 77.8756660257282
96.1236879163701 94.2959097000793 94.8570995274305 93.080658459936 93.5893441765743 90.5346235248288 86.7447110616053 88.5716226676249 86.5487896165659 84.0919213198692 85.113837970977 84.6163058281346 83.0088975767243 79.0924689484848 75.6199582503286 72.3105428072981 77.8756660257282 0
