0 86.4198537193337 74.4651623168476 88.3635146071354 87.6787411376278 87.6457956664753 88.2000037388758 87.9443141818646 90.174222290158 90.2133983973064 90.2807401307034 92.5835923786124 91.8452120114882 91.8663319014765 92.1617845929641 92.2027321477031 92.8255888627868 93.6647539253835
86.4198537193337 0 87.7593671230427 75.5673171147236 75.2697050406067 88.6994416157976 87.6457956664753 88.7320818557614 91.8529679016913 91.151946000052 91.0131290414768 90.4790012783041 90.9732005443019 91.8101380730803 91.6731247769037 91.7442777707654 92.8281220948734 92.5366265079734
74.4651623168476 87.7593671230427 0 89.2849999751602 88.5584544676116 86.560312462274 87.5822301219606 86.9399849236182 88.9518820507696 89.198724512216 89.3255293548103 92.3778571259503 91.3465909277313 91.1770965171296 91.586984403022 91.6225671927503 92.1654959184623 93.2965386262137
88.3635146071354 75.5673171147236 89.2849999751602 0 69.5286945699723 88.8707549940815 87.4658005457673 88.8306757240111 91.9950314157273 91.1334484968532 90.9450739663187 89.4313841462521 90.4044194401031 91.4913821379436 91.2189712321761 91.2986974133598 92.513671632346 91.8534917988227
87.6787411376278 75.2697050406067 88.5584544676116 69.5286945699723 0 87.8881391164942 86.3429258763495 87.8495590189724 91.3225198636686 90.4063856856688 90.2087534922042 88.921853673765 89.755223954952 90.8608539024789 90.607570595171 90.6916766862194 91.9665797413955 91.4032131923437
87.6457956664753 88.6994416157976 86.560312462274 88.8707549940815 87.8881391164942 0 75.1757958751021 60.4857622301273 81.6065963893544 79.2801987922685 79.0924689484848 87.0849242308258 84.0311148723812 83.5725918290523 84.4450804415543 84.524649915574 85.891837352535 88.0477800490935
88.2000037388758 87.6457956664753 87.5822301219606 87.4658005457673 86.3429258763495 75.1757958751021 0 73.9968508302003 84.4651623168477 81.8926247847913 81.3176021151403 85.0964100579897 82.6017133826353 83.622091328923 83.7810622843681 83.9220276910929 86.051467240859 87.0502877800279
87.9443141818646 88.7320818557614 86.9399849236182 88.8306757240111 87.8495590189724 60.4857622301273 73.9968508302003 0 81.7060996897762 78.9510598236354 78.607465606858 86.6766955363947 83.4499763303665 83.0838239298534 83.9359132312006 84.0252791242181 85.54930902471 87.6865258603695
90.174222290158 91.8529679016913 88.9518820507696 91.9950314157273 91.3225198636686 81.6065963893544 84.4651623168477 81.7060996897762 0 75.0867180269113 76.9639370490137 89.0537222217762 85.3915891308315 82.5057990397075 84.5367471752269 84.4859694298508 83.8481352690408 88.4373276859481
90.2133983973064 91.151946000052 89.198724512216 91.1334484968532 90.4063856856688 79.2801987922685 81.8926247847913 78.9510598236354 75.0867180269113 0 62.7452309349251 87.1151329082559 82.3163625558696 78.6455064971652 81.3769599159453 81.3493605368748 81.6031666073766 86.5828917856921
90.2807401307034 91.0131290414768 89.3255293548103 90.9450739663187 90.2087534922042 79.0924689484848 81.3176021151403 78.607465606858 76.9639370490137 62.7452309349251 0 86.573399006352 81.3769599159453 77.5424991364325 80.441706605518 80.429070137014 81.1136705287218 86.074393434593
92.5835923786124 90.4790012783041 92.3778571259503 89.4313841462521 88.921853673765 87.0849242308258 85.0964100579897 86.6766955363947 89.0537222217762 87.1151329082559 86.573399006352 0 80.2119042252309 84.5321991797927 82.543467409989 82.7356789372617 85.6913253237403 80.1950463930924
91.8452120114882 90.9732005443019 91.3465909277313 90.4044194401031 89.755223954952 84.0311148723812 82.6017133826353 83.4499763303665 85.3915891308315 82.3163625558696 81.3769599159453 80.2119042252309 0 76.4578371154628 71.180439668026 71.9821531313553 79.9360690089101 79.4181660068558
91.8663319014765 91.8101380730803 91.1770965171296 91.4913821379436 90.8608539024789 83.5725918290523 83.622091328923 83.0838239298534 82.5057990397075 78.6455064971652 77.5424991364325 84.5321991797927 76.4578371154628 0 71.3931239528951 70.9573658724642 73.7989102258118 82.333166196571
92.1617845929641 91.6731247769037 91.586984403022 91.2189712321761 90.607570595171 84.4450804415543 83.7810622843681 83.9359132312006 84.5367471752269 81.3769599159453 80.441706605518 82.543467409989 71.180439668026 71.3931239528951 0 50.943337135734 75.9928616892705 79.6648998632169
92.2027321477031 91.7442777707654 91.6225671927503 91.2986974133598 90.6916766862194 84.524649915574 83.9220276910929 84.0252791242181 84.4859694298508 81.3493605368748 80.429070137014 82.7356789372617 71.9821531313553 70.9573658724642 50.943337135734 0 75.4958372855414 79.7170505944318
92.8255888627868 92.8281220948734 92.1654959184623 92.513671632346 91.9665797413955 85.891837352535 86.051467240859 85.54930902471 83.8481352690408 81.6031666073766 81.1136705287218 85.6913253237403 79.9360690089101 73.7989102258118 75.9928616892705 75.4958372855414 0 82.0964384868645
93.6647539253835 92.5366265079734 93.2965386262137 91.8534917988227 91.4032131923437 88.0477800490935 87.0502877800279 87.6865258603695 88.4373276859481 86.5828917856921 86.074393434593 80.1950463930924 79.4181660068558 82.333166196571 79.6648998632169 79.7170505944318 82.0964384868645 0
