0 79.9360690089101 78.2106092259997 84.2687567095818 86.5364172448041 88.2293095695683 89.4098004215052 90.4862447527453 90.7192015157725 92.5429171625192 92.3378895516076 94.074624274186 94.9435440568213 94.9413062614298 94.8632678583312 95.015546065008 96.1852205169773 96.6732037478395
79.9360690089101 0 82.2531040517902 85.095773604755 81.3096260893556 84.9227372224544 86.4602762870063 88.4407002914246 89.5943768821453 90.8776994407101 91.1790076391514 92.8455332128446 93.651794221988 93.6946594752647 93.9729203233803 94.0864343581825 95.6745557686413 96.0727167772986
78.2106092259997 82.2531040517902 0 78.4771049865687 86.6112462595499 87.3501386685107 88.6914254388411 89.3116400006228 88.9298435901867 91.63335430619 90.9791301172768 93.1548703552811 94.2697976650413 94.2229185005019 93.8474677569634 94.0534546255469 95.167429701831 95.7703766265516
84.2687567095818 85.095773604755 78.4771049865687 0 86.9778098606756 86.4857365072191 87.8667538750563 87.7605908103362 86.3385210593026 90.3698371587018 89.0724707021626 91.8709255435152 93.3031641705524 93.201597050353 92.4581749119907 92.7339053357444 93.8420860259066 94.5826518657524
86.5364172448041 81.3096260893556 86.6112462595499 86.9778098606756 0 78.3311427205777 80.4372372021832 84.9504435034663 87.9693655491383 88.0173354470665 89.2994971599451 90.7841074747623 91.5170866161011 91.6286858385027 92.4616305370527 92.5163934390137 94.7216793804395 95.0022955583031
88.2293095695683 84.9227372224544 87.3501386685107 86.4857365072191 78.3311427205777 0 71.8069354424815 79.5166621000467 84.8349979793794 84.8349979793794 86.4321053299376 88.5142593369233 89.6930764735183 89.7649106383203 90.5665568630299 90.64727085653 93.3049294415307 93.624514239981
89.4098004215052 86.4602762870063 88.6914254388411 87.8667538750563 80.4372372021832 71.8069354424815 0 78.1860958317419 85.1395907446115 83.3288160125473 86.0759049198084 87.669856364134 88.7102158006104 88.8397620342506 90.1010277955709 90.1241649821559 93.1057881127923 93.3317400716186
90.4862447527453 88.4407002914246 89.3116400006228 87.7605908103362 84.9504435034663 79.5166621000467 78.1860958317419 0 80.8821062851461 79.0724707021626 81.5930804545302 84.8385417941978 87.0594046807666 87.0135553246986 87.7130152786816 87.8248646916497 91.398522764579 91.730352035319
90.7192015157725 89.5943768821453 88.9298435901867 86.3385210593026 87.9693655491383 84.8349979793794 85.1395907446115 80.8821062851461 0 83.8658978492988 77.7516915476316 85.6120133392751 88.6688088914887 88.3596851469032 86.5698338578532 87.0764687502886 89.7153222884519 90.5920229192119
92.5429171625192 90.8776994407101 91.63335430619 90.3698371587018 88.0173354470665 84.8349979793794 83.3288160125473 79.0724707021626 83.8658978492988 0 81.0249489720034 79.6707254104607 82.6415269915633 82.597417841403 85.303372492433 85.1280073452 90.3310353635652 90.3236987668711
92.3378895516076 91.1790076391514 90.9791301172768 89.0724707021626 89.2994971599451 86.4321053299376 86.0759049198084 81.5930804545302 77.7516915476316 81.0249489720034 0 81.3458588609792 86.125843648819 85.5971656502182 82.901625043148 83.5411950346806 88.0604445137075 88.765912872367
94.074624274186 92.8455332128446 93.1548703552811 91.8709255435152 90.7841074747623 88.5142593369233 87.669856364134 84.8385417941978 85.6120133392751 79.6707254104607 81.3458588609792 0 79.0900578788481 77.5109986943634 79.7799514872702 78.9021373091748 87.8568047770822 87.4817176363525
94.9435440568213 93.651794221988 94.2697976650413 93.3031641705524 91.5170866161011 89.6930764735183 88.7102158006104 87.0594046807666 88.6688088914887 82.6415269915633 86.125843648819 79.0900578788481 0 66.2581263061566 84.342353905813 83.3095310577031 89.7482594788117 88.8791458094156
94.9413062614298 93.6946594752647 94.2229185005019 93.201597050353 91.6286858385027 89.7649106383203 88.8397620342506 87.0135553246986 88.3596851469032 82.597417841403 85.5971656502182 77.5109986943634 66.2581263061566 0 83.2024388637101 81.9997527243423 89.1476100747751 88.2390343987537
94.8632678583312 93.9729203233803 93.8474677569634 92.4581749119907 92.4616305370527 90.5665568630299 90.1010277955709 87.7130152786816 86.5698338578532 85.303372492433 82.901625043148 79.7799514872702 84.342353905813 83.2024388637101 0 66.9639370490137 83.5008850021645 83.2096327084257
95.015546065008 94.0864343581825 94.0534546255469 92.7339053357444 92.5163934390137 90.64727085653 90.1241649821559 87.8248646916497 87.0764687502886 85.1280073452 83.5411950346806 78.9021373091748 83.3095310577031 81.9997527243423 66.9639370490137 0 84.2434141444616 83.4430814865187
96.1852205169773 95.6745557686413 95.167429701831 93.8420860259066 94.7216793804395 93.3049294415307 93.1057881127923 91.398522764579 89.7153222884519 90.3310353635652 88.0604445137075 87.8568047770822 89.7482594788117 89.1476100747751 83.5008850021645 84.2434141444616 0 76.9446452640051
96.6732037478395 96.0727167772986 95.7703766265516 94.5826518657524 95.0022955583031 93.624514239981 93.3317400716186 91.730352035319 90.5920229192119 90.3236987668711 88.765912872367 87.4817176363525 88.8791458094156 88.2390343987537 83.2096327084257 83.4430814865187 76.9446452640051 0
