0 74.7818296166537 82.6017133826353 86.0301854724588 87.881456213917 88.47226868458 88.7195087785799 90.4127833985543 89.895904667183 90.5174259307575 92.4444061845828 92.7142633871848 92.9106243619669 94.7990424129887 94.816546955857 95.9959816648916 96.6971529067955 96.5716167979339
74.7818296166537 0 78.9607231863429 84.0161576060675 85.823200447028 86.645777143489 86.8982993539898 89.1663258483577 88.359795707266 89.0724707021626 91.2274227868887 91.561630208681 91.7696629211875 93.888603267825 93.9104276974901 95.2060092071301 95.9944297487699 95.8378271786413
82.6017133826353 78.9607231863429 0 85.0790528631863 81.3904430141083 85.9566689221897 85.9238158347891 85.9614542763317 87.5935153898588 86.124956985924 89.5337122675002 90.4645241937164 90.5227604901881 92.6049730732124 92.5944746009829 94.1679914920307 94.8446031543717 95.0002150024618
86.0301854724588 84.0161576060675 85.0790528631863 0 85.9195436335469 78.8078234737473 80.2119042252309 90.0735239732136 82.2608307214976 88.6848557252811 89.2099150544927 88.4228902048013 89.0576640811991 92.368756123396 92.483618631766 93.7130075172049 95.1679222760535 94.1679914920307
87.881456213917 85.823200447028 81.3904430141083 85.9195436335469 0 84.1745950647363 83.5725918290523 81.6841840260165 85.300541967397 79.0051368755729 85.4024912752453 87.5119820512232 87.320926798532 89.8406596693481 89.8116271825038 91.9432494711809 92.7916704750676 93.0808302620848
88.47226868458 86.645777143489 85.9566689221897 78.8078234737473 84.1745950647363 0 64.7539941489391 88.8836485036477 73.4960621867671 86.6080405261391 86.2379927532793 84.9780552195889 85.8695443561659 90.3509914920462 90.509608809621 91.9922547641846 93.7976044308748 92.5636014599458
88.7195087785799 86.8982993539898 85.9238158347891 80.2119042252309 83.5725918290523 64.7539941489391 0 88.4638216139284 72.4930919044679 85.9621420732846 85.4887369853822 84.3239158899316 85.2025099358752 89.91374737942 90.0740545388265 91.6566330043375 93.4934073536516 92.2909647307238
90.4127833985543 89.1663258483577 85.9614542763317 90.0735239732136 81.6841840260165 88.8836485036477 88.4638216139284 0 89.2902667768066 78.5626155199393 86.6790148661262 89.5765657369386 89.0374207328852 89.6955408177655 89.5070003723265 91.8497967114672 91.7542887013474 93.3000810189534
89.895904667183 88.359795707266 87.5935153898588 82.2608307214976 85.300541967397 73.4960621867671 72.4930919044679 89.2902667768066 0 86.7731843747882 85.0781929701824 82.5954281013086 83.964480905296 89.4221471101878 89.6382287512944 91.1097815919486 93.263390110051 91.6303893326534
90.5174259307575 89.0724707021626 86.124956985924 88.6848557252811 79.0051368755729 86.6080405261391 85.9621420732846 78.5626155199393 86.7731843747882 0 82.5510227543453 86.706750637792 85.9779510765679 87.5884198071511 87.4502969333401 90.2746653730014 90.8913461286801 91.8450746049355
92.4444061845828 91.2274227868887 89.5337122675002 89.2099150544927 85.4024912752453 86.2379927532793 85.4887369853822 86.6790148661262 85.0781929701824 82.5510227543453 0 79.9850808185757 77.1610994242015 82.3596327112643 82.5570171580838 86.5268222233502 89.0891422958372 88.4550547976041
92.7142633871848 91.561630208681 90.4645241937164 88.4228902048013 87.5119820512232 84.9780552195889 84.3239158899316 89.5765657369386 82.5954281013086 86.706750637792 79.9850808185757 0 70.5977417252809 84.7659331398855 85.2698237358651 87.1017859644811 90.6787718210589 87.8686154634044
92.9106243619669 91.7696629211875 90.5227604901881 89.0576640811991 87.320926798532 85.8695443561659 85.2025099358752 89.0374207328852 83.964480905296 85.9779510765679 77.1610994242015 70.5977417252809 0 83.0277507001197 83.595896966438 86.0916835185112 89.8287832343108 87.3152313572216
94.7990424129887 93.888603267825 92.6049730732124 92.368756123396 89.8406596693481 90.3509914920462 89.91374737942 89.6955408177655 89.4221471101878 87.5884198071511 82.3596327112643 84.7659331398855 83.0277507001197 0 63.2100945657943 78.7763431502121 84.5521045316057 84.0417671828947
94.816546955857 93.9104276974901 92.5944746009829 92.483618631766 89.8116271825038 90.509608809621 90.0740545388265 89.5070003723265 89.6382287512944 87.4502969333401 82.5570171580838 85.2698237358651 83.595896966438 63.2100945657943 0 79.3255293548103 84.0161576060675 84.552839764679
95.9959816648916 95.2060092071301 94.1679914920307 93.7130075172049 91.9432494711809 91.9922547641846 91.6566330043375 91.8497967114672 91.1097815919486 90.2746653730014 86.5268222233502 87.1017859644811 86.0916835185112 78.7763431502121 79.3255293548103 0 83.7262992166468 78.5187336258406
96.6971529067955 95.9944297487699 94.8446031543717 95.1679222760535 92.7916704750676 93.7976044308748 93.4934073536516 91.7542887013474 93.263390110051 90.8913461286801 89.0891422958372 90.6787718210589 89.8287832343108 84.5521045316057 84.0161576060675 83.7262992166468 0 87.00126642244
96.5716167979339 95.8378271786413 95.0002150024618 94.1679914920307 93.0808302620848 92.5636014599458 92.2909647307238 93.3000810189534 91.6303893326534 91.8450746049355 88.4550547976041 87.8686154634044 87.3152313572216 84.0417671828947 84.552839764679 78.5187336258406 87.00126642244 0
