0 69.0724707021626 83.7331583043885 82.987250454927 80.0708701724473 83.2016381968824 85.2970022018606 87.5165088153735 86.9455760042203 86.6545999065771 86.7945361166525 88.4784017056437 89.1759938261978 89.8715153788298 89.313072419953 90.2119042252309 90.8110544783965 90.6356319343604
69.0724707021626 0 85.1097422091168 81.3493605368748 80.1288824412368 82.9160868262193 85.2440876912534 86.7385394918227 86.3065074579171 86.2196361444474 86.7112911058353 88.0428173008416 88.8558677807843 90.0131486680226 89.1801848009913 89.8559233047754 90.4004842763326 90.3350339319858
83.7331583043885 85.1097422091168 0 88.4653586674992 83.9384101227389 85.7865146539533 86.125843648819 90.4298344248687 89.4798535570302 88.5596089813499 87.2609087275869 90.1288824412368 90.2978617609156 88.4944597996847 89.5648749233437 91.4234800451146 92.2405582226928 91.5867937073557
82.987250454927 81.3493605368748 88.4653586674992 0 81.3769599159453 81.0646855728897 83.7989102258118 80.4811859311663 80.9496044771753 82.3921913186054 84.9457792914002 84.2596343120333 85.8304261598145 89.3556800907944 87.1785024273793 86.7696515306304 87.1561388112382 87.5944545064845
80.0708701724473 80.1288824412368 83.9384101227389 81.3769599159453 0 73.4705273551043 78.4018890874713 84.8732268535436 83.1913948804546 81.8529679016913 81.4273999909099 84.9728254291781 85.7458955560875 86.6685681142304 85.6638689401325 87.3975598292249 88.4391544843896 87.8718063285063
83.2016381968824 82.9160868262193 85.7865146539533 81.0646855728897 73.4705273551043 0 73.2746222774443 82.968220306335 80.273145354966 77.7529785346609 77.7647878994723 82.347902667471 83.323798167022 85.4400771284571 83.4107842329724 85.4607852760135 86.7990072246181 86.0362464996739
85.2970022018606 85.2440876912534 86.125843648819 83.7989102258118 78.4018890874713 73.2746222774443 0 83.9487892816252 80.9872420596871 77.0711757029314 70.8563040473922 81.6326132525547 81.9326756125914 82.9953807752155 80.8347275206469 84.6150320210808 86.3653649600743 85.0002150024618
87.5165088153735 86.7385394918227 90.4298344248687 80.4811859311663 84.8732268535436 82.968220306335 83.9487892816252 0 73.6150544197642 79.3344106571503 83.9731365032165 78.5214923019595 81.5729154765791 88.4982627728493 84.7904545651168 81.9278547670192 81.918196992108 83.4752003798607
86.9455760042203 86.3065074579171 89.4798535570302 80.9496044771753 83.1913948804546 80.273145354966 80.9872420596871 73.6150544197642 0 73.0062638345674 80.8378353124009 74.3068290838716 78.6738840693766 86.8085088826833 82.3358293114501 80.6039910194402 81.9195569548952 82.1614501733735
86.6545999065771 86.2196361444474 88.5596089813499 82.3921913186054 81.8529679016913 77.7529785346609 77.0711757029314 79.3344106571503 73.0062638345674 0 76.3172161498535 74.6354957098355 77.2219130988017 84.9192614761152 79.7397056132645 80.8776994407101 83.051870788883 81.9504880014648
86.7945361166525 86.7112911058353 87.2609087275869 84.9457792914002 81.4273999909099 77.7647878994723 70.8563040473922 83.9731365032165 80.8378353124009 76.3172161498535 0 80.272131486416 79.8920337031866 81.3857230970278 77.5519919157727 83.2291180639482 85.408562908391 83.4854849304454
88.4784017056437 88.0428173008416 90.1288824412368 84.2596343120333 84.9728254291781 82.347902667471 81.6326132525547 78.5214923019595 74.3068290838716 74.6354957098355 80.272131486416 0 71.0557705425544 85.6562542463234 79.2817275229065 75.3681348263785 78.9298435901867 77.7647878994723
89.1759938261978 88.8558677807843 90.2978617609156 85.8304261598145 85.7458955560875 83.323798167022 81.9326756125914 81.5729154765791 78.6738840693766 77.2219130988017 79.8920337031866 71.0557705425544 0 84.4323306319584 75.9539297579115 73.3116136001874 79.0438386636484 74.6251670965517
89.8715153788298 90.0131486680226 88.4944597996847 89.3556800907944 86.6685681142304 85.4400771284571 82.9953807752155 88.4982627728493 86.8085088826833 84.9192614761152 81.3857230970278 85.6562542463234 84.4323306319584 0 80.3709445826002 86.1821018921153 87.9443141818646 85.7044043041359
89.313072419953 89.1801848009913 89.5648749233437 87.1785024273793 85.6638689401325 83.4107842329724 80.8347275206469 84.7904545651168 82.3358293114501 79.7397056132645 77.5519919157727 79.2817275229065 75.9539297579115 80.3709445826002 0 80.017335083769 83.296580862213 79.3626060066522
90.2119042252309 89.8559233047754 91.4234800451146 86.7696515306304 87.3975598292249 85.4607852760135 84.6150320210808 81.9278547670192 80.6039910194402 80.8776994407101 83.2291180639482 75.3681348263785 73.3116136001874 86.1821018921153 80.017335083769 0 73.2478263495168 67.9330371790942
90.8110544783965 90.4004842763326 92.2405582226928 87.1561388112382 88.4391544843896 86.7990072246181 86.3653649600743 81.918196992108 81.9195569548952 83.051870788883 85.408562908391 78.9298435901867 79.0438386636484 87.9443141818646 83.296580862213 73.2478263495168 0 75.6562542463234
90.6356319343604 90.3350339319858 91.5867937073557 87.5944545064845 87.8718063285063 86.0362464996739 85.0002150024618 83.4752003798607 82.1614501733735 81.9504880014648 83.4854849304454 77.7647878994723 74.6251670965517 85.7044043041359 79.3626060066522 67.9330371790942 75.6562542463234 0
