0 87.2169957016613 88.2745069501547 88.0908247429846 89.4784941033033 90.3752426634239 92.962575560921 92.6248645661556 89.7314264593261 91.8101063201736 92.0509172245329 93.4331180946606 92.6986801320634 94.4392827644811 94.5509747952756 95.6925932718617 96.3943452409263 96.9701213401191
87.2169957016613 0 82.4570356382086 84.7904545651168 88.5119793763395 88.36663074028 89.3080982105172 89.5163061593062 91.443652759418 89.9481098854375 91.7441879861927 92.4136042879563 93.4969985795606 93.4175277312368 94.7852578324404 95.9872055055652 95.9548114054197 96.6292260873577
88.2745069501547 82.4570356382086 0 73.8658978492988 82.9899622532162 82.2578866440505 85.4871021261307 85.1295592970295 88.6341550069162 85.1995651246131 88.2106092259997 89.0924689484848 90.9573891238154 90.540405528193 92.4711112837065 94.0063746277038 93.8921778189741 94.7385677740396
88.0908247429846 84.7904545651168 73.8658978492988 0 79.4313841462521 79.3404103398718 85.7503085215107 84.8097747658634 86.9027061984258 83.5783216022561 86.5662657802988 87.9486437055199 89.6743819011439 89.6613012188592 91.486402794218 93.1918315216232 93.2296086341798 94.1293957762846
89.4784941033033 88.5119793763395 82.9899622532162 79.4313841462521 0 73.9242411012448 86.3065085989609 84.5056957526479 83.323798167022 79.7153485187501 81.676854159603 84.7814907955383 86.5394944926038 87.2649887693165 89.0119174309222 91.2133685069255 91.4964031840981 92.5570171580838
90.3752426634239 88.36663074028 82.2578866440505 79.3404103398718 73.9242411012448 0 83.9296849669784 81.4741215705682 85.6828052185521 75.5971656502182 82.3931052595372 83.9256057486129 87.6019601377656 86.5063621434069 89.3660795998312 91.4725839728113 91.2844054328105 92.4020100494373
92.962575560921 89.3080982105172 85.4871021261307 85.7503085215107 86.3065085989609 83.9296849669784 0 73.6150544197642 90.8072874945776 82.9436298012717 87.9293286515329 86.5574174795728 91.3176021151403 87.5529400534949 91.7395163609712 93.2245163771025 91.9745296711912 93.0091770743543
92.6248645661556 89.5163061593062 85.1295592970295 84.8097747658634 84.5056957526479 81.4741215705682 73.6150544197642 0 89.6418701201825 79.3818913619656 86.0765000509179 84.4759190151762 90.1073501717728 85.9539297579115 90.6258687203619 92.3225722561382 91.1190958196448 92.2672291035567
89.7314264593261 91.443652759418 88.6341550069162 86.9027061984258 83.323798167022 85.6828052185521 90.8072874945776 89.6418701201825 0 86.6220728803378 82.9899622532162 87.1696213970273 81.9507299774827 88.8858580434829 87.2699342686732 89.629198422644 91.4400226871662 92.3200425081016
91.8101063201736 89.9481098854375 85.1995651246131 83.5783216022561 79.7153485187501 75.5971656502182 82.9436298012717 79.3818913619656 86.6220728803378 0 80.8349309996899 80.3394599312065 87.1809971370733 83.785387812752 88.3261368815687 90.5981763781854 89.9333298446319 91.239873533109
92.0509172245329 91.7441879861927 88.2106092259997 86.5662657802988 81.676854159603 82.3931052595372 87.9293286515329 86.0765000509179 82.9899622532162 80.8349309996899 0 78.8108513571896 81.5017530864136 82.8431735159608 84.2434141444616 87.7549803998249 88.3150781888033 89.7537582176681
93.4331180946606 92.4136042879563 89.0924689484848 87.9486437055199 84.7814907955383 83.9256057486129 86.5574174795728 84.4759190151762 87.1696213970273 80.3394599312065 78.8108513571896 0 85.2377126196628 75.2181514756379 84.8349979793794 87.8114767431264 86.4512515893478 88.3311427205777
92.6986801320634 93.4969985795606 90.9573891238154 89.6743819011439 86.5394944926038 87.6019601377656 91.3176021151403 90.1073501717728 81.9507299774827 87.1809971370733 81.5017530864136 85.2377126196628 0 86.5364172448041 80.718525053133 85.0002150024618 88.3784347830183 89.4439860569248
94.4392827644811 93.4175277312368 90.540405528193 89.6613012188592 87.2649887693165 86.5063621434069 87.5529400534949 85.9539297579115 88.8858580434829 83.785387812752 82.8431735159608 75.2181514756379 86.5364172448041 0 84.7074603292456 87.2169957016613 84.2250937501173 86.6018879942483
94.5509747952756 94.7852578324404 92.4711112837065 91.486402794218 89.0119174309222 89.3660795998312 91.7395163609712 90.6258687203619 87.2699342686732 88.3261368815687 84.2434141444616 84.8349979793794 80.718525053133 84.7074603292456 0 78.2145974158923 84.0990663696973 85.5523155632995
95.6925932718617 95.9872055055652 94.0063746277038 93.1918315216232 91.2133685069255 91.4725839728113 93.2245163771025 92.3225722561382 89.629198422644 90.5981763781854 87.7549803998249 87.8114767431264 85.0002150024618 87.2169957016613 78.2145974158923 0 83.4984742639294 83.853590189914
96.3943452409263 95.9548114054197 93.8921778189741 93.2296086341798 91.4964031840981 91.2844054328105 91.9745296711912 91.1190958196448 91.4400226871662 89.9333298446319 88.3150781888033 86.4512515893478 88.3784347830183 84.2250937501173 84.0990663696973 83.4984742639294 0 74.1876076103506
96.9701213401191 96.6292260873577 94.7385677740396 94.1293957762846 92.5570171580838 92.4020100494373 93.0091770743543 92.2672291035567 92.3200425081016 91.239873533109 89.7537582176681 88.3311427205777 89.4439860569248 86.6018879942483 85.5523155632995 83.853590189914 74.1876076103506 0
