0 80.2528274474092 82.3546980369414 73.2222041818708 82.764629276264 81.7060996897762 83.4107842329724 87.5110249283942 85.4673355948484 84.4166372889035 85.6635841127368 88.2050852116592 88.0908247429846 87.6910302758883 88.9090804678383 88.5119793763395 89.1163641037766 89.8903970143792
80.2528274474092 0 87.3072129938656 79.0724707021626 87.3382020284199 79.3756649167141 87.0541944698827 90.3185160559075 88.2390343987537 86.8316543916761 88.2993261327158 89.9443169801429 87.2598037653182 87.7647878994723 90.4063856856688 87.59539342008 88.387735788835 88.606641617136
82.3546980369414 87.3072129938656 0 83.4499763303665 70.237526392877 86.6394168112023 79.2234877779738 81.5766707252515 81.9401435468265 83.2910400873432 82.4570356382086 85.997220357026 89.6385877643063 88.5028475457753 87.0200315026164 90.0330101399179 90.358729395182 91.45624186539
73.2222041818708 79.0724707021626 83.4499763303665 0 83.2222041818708 77.8007545217567 82.6751998198568 87.5424991364325 84.6595564074942 82.8354320315571 84.7922451010396 87.3514750420537 86.3691018983393 85.9948369189331 88.0538131744044 86.8761978059386 87.6086556550257 88.5166618086378
82.764629276264 87.3382020284199 70.237526392877 83.2222041818708 0 86.1297923790371 75.5971656502182 80.0814756595712 79.3255293548103 81.3096260893556 80.0174507434799 84.4625191714233 88.9021373091748 87.5424991364325 85.6694391116945 89.3305690360477 89.6447027189685 90.8902245083891
81.7060996897762 79.3756649167141 86.6394168112023 77.8007545217567 86.1297923790371 0 84.7182209694953 88.9976660170554 85.7863355292019 83.3313227628732 85.7620612388407 87.4790390554328 83.0625479788191 83.6033008406848 87.9710879147445 83.6964506811521 84.8500575269313 85.6964526785916
83.4107842329724 87.0541944698827 79.2234877779738 82.6751998198568 75.5971656502182 84.7182209694953 0 80.802090708818 72.3105428072981 75.0930706154422 73.4960621867671 81.3389650876365 87.0178873678807 85.1097422091168 82.9763862971189 87.5424991364325 87.861379217875 89.4542028692008
87.5110249283942 90.3185160559075 81.5766707252515 87.5424991364325 80.0814756595712 88.9976660170554 80.802090708818 0 79.9579203496951 83.6009463029101 80.4078597858647 82.6952704728927 90.0740545388265 88.4944597996847 83.9384101227389 90.4284448241106 90.5355186893436 91.8560379667955
85.4673355948484 88.2390343987537 81.9401435468265 84.6595564074942 79.3255293548103 85.7863355292019 72.3105428072981 79.9579203496951 0 74.4651623168477 57.9330371790942 77.638869401207 86.8327735631342 84.5093314929837 80.0708701724473 87.3471575828297 87.5349441093879 89.3186354327425
84.4166372889035 86.8316543916761 83.2910400873432 82.8354320315571 81.3096260893556 83.3313227628732 75.0930706154422 83.6009463029101 74.4651623168477 0 73.9536370923738 79.5504077307574 84.6168963459942 81.828241837558 81.1510920176696 85.2922183444072 85.6392291950112 87.7152384785624
85.6635841127368 88.2993261327158 82.4570356382086 84.7922451010396 80.0174507434799 85.7620612388407 73.4960621867671 80.4078597858647 57.9330371790942 73.9536370923738 0 76.8330936056572 86.6136007973246 84.1779208042287 79.4497994875647 87.1363578944901 87.3091500669867 89.1505693182469
88.2050852116592 89.9443169801429 85.997220357026 87.3514750420537 84.4625191714233 87.4790390554328 81.3389650876365 82.6952704728927 77.638869401207 79.5504077307574 76.8330936056572 0 86.5571310212767 83.7156359020989 67.9337223775958 87.0005112947256 86.8982993539898 88.9628594842768
88.0908247429846 87.2598037653182 89.6385877643063 86.3691018983393 88.9021373091748 83.0625479788191 87.0178873678807 90.0740545388265 86.8327735631342 84.6168963459942 86.6136007973246 86.5571310212767 0 75.5372620133263 86.5220167514142 62.9845369622933 70.2443421145962 77.2592784021143
87.6910302758883 87.7647878994723 88.5028475457753 85.9948369189331 87.5424991364325 83.6033008406848 85.1097422091168 88.4944597996847 84.5093314929837 81.828241837558 84.1779208042287 83.7156359020989 75.5372620133263 0 83.6408008670417 76.9639370490137 76.9655458561074 82.1463214439061
88.9090804678383 90.4063856856688 87.0200315026164 88.0538131744044 85.6694391116945 87.9710879147445 82.9763862971189 83.9384101227389 80.0708701724473 81.1510920176696 79.4497994875647 67.9337223775958 86.5220167514142 83.6408008670417 0 86.9257690522703 86.7191863226735 88.8404309280999
88.5119793763395 87.59539342008 90.0330101399179 86.8761978059386 89.3305690360477 83.6964506811521 87.5424991364325 90.4284448241106 87.3471575828297 85.2922183444072 87.1363578944901 87.0005112947256 62.9845369622933 76.9639370490137 86.9257690522703 0 67.4397083230298 75.4710999993159
89.1163641037766 88.387735788835 90.358729395182 87.6086556550257 89.6447027189685 84.8500575269313 87.861379217875 90.5355186893436 87.5349441093879 85.6392291950112 87.3091500669867 86.8982993539898 70.2443421145962 76.9655458561074 86.7191863226735 67.4397083230298 0 75.5673171147236
89.8903970143792 88.606641617136 91.45624186539 88.5166618086378 90.8902245083891 85.6964526785916 89.4542028692008 91.8560379667955 89.3186354327425 87.7152384785624 89.1505693182469 88.9628594842768 77.2592784021143 82.1463214439061 88.8404309280999 75.4710999993159 75.5673171147236 0
