0 76.2196361444474 76.0627090263926 77.0711757029314 85.4288545277498 83.5351383668654 79.5803167679069 83.9209422467254 85.303372492433 89.636827943325 83.2707577629414 84.3517426338573 84.5245899885005 88.2130529725628 86.1821018921153 86.4474532721279 86.6718345726996 88.98207166233
76.2196361444474 0 81.7185623827781 62.0827706588024 87.8025450576794 86.302167126149 81.5010029691214 86.1782004591663 87.1363578944901 90.9972874546011 83.8924062417859 85.4288545277498 85.5912123321934 89.3443980803016 85.4703994008443 86.3489886511079 86.0570858659483 89.9143742242604
76.0627090263926 81.7185623827781 0 81.9029799749259 81.8761366304643 78.7608908822587 77.2272264362371 79.7538404226123 81.9857558943406 87.6037831969728 81.7744915111727 82.1130282568452 82.2954061979487 86.114380173116 85.9940901262224 85.6518503809952 86.3951708178881 87.1696213970273
77.0711757029314 62.0827706588024 81.9029799749259 0 87.8568047770822 86.339754641221 81.1256448289334 86.0981015495578 87.0253872127773 90.9641333996652 83.4304244917432 85.1097422091168 85.27783507335 89.1969490952604 84.9105599207718 85.9011927020214 85.537341055458 89.7516676847098
85.4288545277498 87.8025450576794 81.8761366304643 87.8568047770822 0 72.2410059655633 83.9300908040037 77.3975598292249 78.5626155199393 82.0727368965748 85.0930706154422 83.8146333429251 83.8123906654578 83.2067580073703 88.4065647866336 87.409386997124 88.5433126001621 84.8361589744036
83.5351383668654 86.302167126149 78.7608908822587 86.339754641221 72.2410059655633 0 81.3414426772175 73.0289037640277 76.56043700814 83.7857799760611 83.1080271803406 81.7938060899325 81.836954132508 83.0184278748961 87.1370656343194 86.125843648819 87.3342158465714 84.6669329609772
79.5803167679069 81.5010029691214 77.2272264362371 81.1256448289334 83.9300908040037 81.3414426772175 0 79.564680084929 81.0922053049782 87.7976513145227 74.3776289537866 76.9929302804161 77.4056476525056 84.8365871972858 82.0728717843217 81.6251957531956 82.6810253671005 85.7735013371753
83.9209422467254 86.1782004591663 79.7538404226123 86.0981015495578 77.3975598292249 73.0289037640277 79.564680084929 0 69.2684262627964 83.622091328923 80.5906463462703 78.1778938560859 78.1860958317419 80.5906463462703 85.5523155632995 84.1216155316744 85.727827282536 82.6090414531685
85.303372492433 87.1363578944901 81.9857558943406 87.0253872127773 78.5626155199393 76.56043700814 81.0922053049782 69.2684262627964 0 82.4570356382086 81.0208149157414 77.9762509169206 77.8452979360192 77.8452979360192 85.5523155632995 83.8252478449132 85.6386906212031 80.5353810161578
89.636827943325 90.9972874546011 87.6037831969728 90.9641333996652 82.0727368965748 83.7857799760611 87.7976513145227 83.622091328923 82.4570356382086 0 87.679995898191 86.2504555155506 86.1560258917179 81.0505757896518 89.8313078103008 88.6010678899781 89.7945265116332 82.2144009594176
83.2707577629414 83.8924062417859 81.7744915111727 83.4304244917432 85.0930706154422 83.1080271803406 74.3776289537866 80.5906463462703 81.0208149157414 87.679995898191 0 71.6251957531956 72.2787262194362 83.6009463029101 78.5475619699661 76.7796089583214 79.1760668697248 84.3318440369739
84.3517426338573 85.4288545277498 82.1130282568452 85.1097422091168 83.8146333429251 81.7938060899325 76.9929302804161 78.1778938560859 77.9762509169206 86.2504555155506 71.6251957531956 0 50.943337135734 81.1011246996244 80.8600272095335 78.0321912916999 81.0626780454019 82.1692586435269
84.5245899885005 85.5912123321934 82.2954061979487 85.27783507335 83.8123906654578 81.836954132508 77.4056476525056 78.1860958317419 77.8452979360192 86.1560258917179 72.2787262194362 50.943337135734 0 80.855597892659 80.943337135734 78.0164105467971 81.1136909379876 81.9342467668702
88.2130529725628 89.3443980803016 86.114380173116 89.1969490952604 83.2067580073703 83.0184278748961 84.8365871972858 80.5906463462703 77.8452979360192 81.0505757896518 83.6009463029101 81.1011246996244 80.855597892659 0 86.2325041385106 84.1609039081828 86.091573193734 69.5386745811732
86.1821018921153 85.4703994008443 85.9940901262224 84.9105599207718 88.4065647866336 87.1370656343194 82.0728717843217 85.5523155632995 85.5523155632995 89.8313078103008 78.5475619699661 80.8600272095335 80.943337135734 86.2325041385106 0 73.0893340482922 62.4727216996104 86.322169350022
86.4474532721279 86.3489886511079 85.6518503809952 85.9011927020214 87.409386997124 86.125843648819 81.6251957531956 84.1216155316744 83.8252478449132 88.6010678899781 76.7796089583214 78.0321912916999 78.0164105467971 84.1609039081828 73.0893340482922 0 72.0827706588024 84.2005457159281
86.6718345726996 86.0570858659483 86.3951708178881 85.537341055458 88.5433126001621 87.3342158465714 82.6810253671005 85.727827282536 85.6386906212031 89.7945265116332 79.1760668697248 81.0626780454019 81.1136909379876 86.091573193734 62.4727216996104 72.0827706588024 0 86.1033994395945
88.98207166233 89.9143742242604 87.1696213970273 89.7516676847098 84.8361589744036 84.6669329609772 85.7735013371753 82.6090414531685 80.5353810161578 82.2144009594176 84.3318440369739 82.1692586435269 81.9342467668702 69.5386745811732 86.322169350022 84.2005457159281 86.1033994395945 0
