0 76.9448821724016 83.201597050353 89.3800243655255 90.3569604928516 91.6700572175757 91.8807049813574 92.2531040517902 93.3099691227681 93.1907373949199 93.661985437928 93.9384101227389 94.4187838321841 94.4659343273055 95.2140553154254 95.1812007059631 95.7102045651905 95.4703994008443
76.9448821724016 0 79.1070072095285 87.0161981695665 88.8062531571113 89.9333298446319 90.2177823839486 90.7609965743689 91.8942074285125 91.8890964722265 92.2976550555998 92.6236106792202 93.1907373949199 93.3097108272872 94.0841170535261 94.1559321678388 94.6463800216032 94.4938564226897
83.201597050353 79.1070072095285 0 85.604595839916 89.5317156500199 89.0378736994354 89.5556933220744 90.5556491061807 90.4533104756221 91.7542650828838 91.3969581622675 91.798383529999 92.5163934390137 92.9959222557746 93.1285413415262 93.9763779101233 93.791703512158 94.3568908843711
89.3800243655255 87.0161981695665 85.604595839916 0 84.9227372224544 79.3422667570073 80.855597892659 83.8681130724119 85.2698237358651 86.2404245627464 85.4703994008443 86.1821018921153 87.3975598292249 88.2000037388758 89.0875851767058 89.8920337031865 90.0244325396595 90.5150984397825
90.3569604928516 88.8062531571113 89.5317156500199 84.9227372224544 0 85.0202353395742 84.1239704853616 81.8810549507213 90.0644944265226 83.6646983472631 88.4065647866336 88.57836579041 88.8108513571896 87.3749017919311 91.4694146602165 88.4018890874713 91.9308124239822 88.8819391491607
91.6700572175757 89.9333298446319 89.0378736994354 79.3422667570073 85.0202353395742 0 69.0510517720146 79.3448536980889 82.9596996461511 82.4600994442045 80.1997616869974 81.2666546774407 83.0950291955121 84.5363972051058 86.4394995309249 87.0995520095682 87.5253159607677 87.978302804255
91.8807049813574 90.2177823839486 89.5556933220744 80.855597892659 84.1239704853616 69.0510517720146 0 76.2196361444474 84.2066957450215 80.4038766903743 80.5050214404877 81.2493343553935 82.6459542896836 83.3313227628732 86.7362338311161 86.1468621765672 87.6689334133668 87.1059911885511
92.2531040517902 90.7609965743689 90.5556491061807 83.8681130724119 81.8810549507213 79.3448536980889 76.2196361444474 0 86.9345227862877 73.9662567872252 83.2910400873432 83.4033961764943 83.622091328923 81.5879170280032 88.12758423948 84.3616377049391 88.7088962427666 85.4024912752453
93.3099691227681 91.8942074285125 90.4533104756221 85.2698237358651 90.0644944265226 82.9596996461511 84.2066957450215 86.9345227862877 0 87.8145093549092 80.2272956583012 81.4548623602078 83.8481352690408 87.5110249283942 81.9258836432758 89.3955582000242 84.2169264795973 90.0735239732136
93.1907373949199 91.8890964722265 91.7542650828838 86.2404245627464 83.6646983472631 82.4600994442045 80.4038766903743 73.9662567872252 87.8145093549092 0 83.805993004189 83.5578625822234 82.9946726658289 78.2001607419047 88.1008643039626 81.4097948676313 88.4687870950668 82.7643320605127
93.661985437928 92.2976550555998 91.3969581622675 85.4703994008443 88.4065647866336 80.1997616869974 80.5050214404877 83.2910400873432 80.2272956583012 83.805993004189 0 65.5673171147236 75.289026176076 82.6017133826353 80.9504589803076 85.6825840698956 82.6839352129843 86.7055985102301
93.9384101227389 92.6236106792202 91.798383529999 86.1821018921153 88.57836579041 81.2666546774407 81.2493343553935 83.4033961764943 81.4548623602078 83.5578625822234 65.5673171147236 0 71.9124372658146 81.6841840260165 80.582576127837 84.9728254291781 82.0827706588024 86.0621707455228
94.4187838321841 93.1907373949199 92.5163934390137 87.3975598292249 88.8108513571896 83.0950291955121 82.6459542896836 83.622091328923 83.8481352690408 82.9946726658289 75.289026176076 71.9124372658146 0 79.3255293548103 81.2462148774668 83.1391823978766 81.8670341320252 84.4166372889035
94.4659343273055 93.3097108272872 92.9959222557746 88.2000037388758 87.3749017919311 84.5363972051058 83.3313227628732 81.5879170280032 87.5110249283942 78.2001607419047 82.6017133826353 81.6841840260165 79.3255293548103 0 86.2635009313141 75.5523155632995 86.3114457956494 78.5475619699661
95.2140553154254 94.0841170535261 93.1285413415262 89.0875851767058 91.4694146602165 86.4394995309249 86.7362338311161 88.12758423948 81.9258836432758 88.1008643039626 80.9504589803076 80.582576127837 81.2462148774668 86.2635009313141 0 87.9085409898022 71.5486026864254 88.5666612709121
95.1812007059631 94.1559321678388 93.9763779101233 89.8920337031865 88.4018890874713 87.0995520095682 86.1468621765672 84.3616377049391 89.3955582000242 81.4097948676313 85.6825840698956 84.9728254291781 83.1391823978766 75.5523155632995 87.9085409898022 0 87.679995898191 67.8452979360192
95.7102045651905 94.6463800216032 93.791703512158 90.0244325396595 91.9308124239822 87.5253159607677 87.6689334133668 88.7088962427666 84.2169264795973 88.4687870950668 82.6839352129843 82.0827706588024 81.8670341320252 86.3114457956494 71.5486026864254 87.679995898191 0 88.2753097867997
95.4703994008443 94.4938564226897 94.3568908843711 90.5150984397825 88.8819391491607 87.978302804255 87.1059911885511 85.4024912752453 90.0735239732136 82.7643320605127 86.7055985102301 86.0621707455228 84.4166372889035 78.5475619699661 88.5666612709121 67.8452979360192 88.2753097867997 0
