0 87.5424991364325 81.0463367021322 87.3511319091826 88.7722750942504 90.9472440282331 90.4455248021527 91.3734212345335 90.943337135734 91.8015924709415 92.3285745085256 92.5931079068429 93.4895428788343 94.6284373316887 94.2597731227675 94.327206151873 95.2749526940272 95.5029068949166
87.5424991364325 0 89.8116271825038 71.3176021151402 85.3970562636755 85.0612171811727 85.6985962861268 87.3072129938656 90.5289759679537 92.8826490474835 92.8748615042548 92.602602631825 93.0516035225166 92.7583430204116 93.1300873512204 93.4672880514322 95.3350845341687 95.1704996678352
81.0463367021322 89.8116271825038 0 89.3122722994984 88.7265552321612 91.4452006324876 90.6584149528466 91.398522764579 89.5070003723265 89.5890412042683 90.4649628778786 91.0314672262549 92.2237738739986 94.0841170535261 93.3720205669516 93.3280597181791 93.9692436187996 94.3891365118831
87.3511319091826 71.3176021151402 89.3122722994984 0 83.4854632837272 83.6009463029101 84.056636658772 86.0056807318553 89.5244964576347 92.1576223194136 92.1292907879716 91.8211513138294 92.3105428072981 92.0710623467877 92.4183748080978 92.7743948411285 94.7701700400705 94.5979937280982
88.7722750942504 85.3970562636755 88.7265552321612 83.4854632837272 0 80.8349158240624 76.8273146331836 79.9061341690634 83.6514795405493 88.6158918997012 88.3320406914187 87.6872310224835 88.407075773147 88.7166316805709 88.7429076482031 89.2021401250958 92.0093857188907 91.7769297823422
90.9472440282331 85.0612171811727 91.4452006324876 83.6009463029101 80.8349158240624 0 73.4960621867671 76.2581263061566 87.3471575828297 91.1742148056885 90.7260555518404 89.941542160005 90.0303314592563 88.3666599593055 89.4779770209507 90.1445554662296 93.1645164233162 92.670107438564
90.4455248021527 85.6985962861268 90.6584149528466 84.056636658772 76.8273146331836 73.4960621867671 0 72.2787262194362 85.4102617994493 89.9622774554722 89.4705762436461 88.607465606858 88.8306757240111 87.6726240401613 88.4718226770024 89.1415654469139 92.3525009051247 91.893916827849
91.3734212345335 87.3072129938656 91.398522764579 86.0056807318553 79.9061341690634 76.2581263061566 72.2787262194362 0 85.0947406576928 89.8520165238484 89.1885004158061 88.1233688184042 88.0933368098544 86.1350517739506 87.34652038472 88.182964602465 91.8512064152267 91.2480178181733
90.943337135734 90.5289759679537 89.5070003723265 89.5244964576347 83.6514795405493 87.3471575828297 85.4102617994493 85.0947406576928 0 82.3578348697387 80.9302887188506 79.1453517305904 81.7819451443998 86.6511008236815 84.4851665741888 84.5154581856367 87.9607434601061 87.9441205312595
91.8015924709415 92.8826490474835 89.5890412042683 92.1576223194136 88.6158918997012 91.1742148056885 89.9622774554722 89.8520165238484 82.3578348697387 0 73.2478263495168 79.2299361010872 83.2631274040491 89.687575441599 87.1406841801118 86.4062574560028 85.9689738268077 87.3247707785672
92.3285745085256 92.8748615042548 90.4649628778786 92.1292907879716 88.3320406914187 90.7260555518404 89.4705762436461 89.1885004158061 80.9302887188506 73.2478263495168 0 73.4960621867671 79.9742370056535 88.3572170605267 85.2083511378425 84.2510461175964 84.4632316900903 85.6859779231767
92.5931079068429 92.602602631825 91.0314672262549 91.8211513138294 87.6872310224835 89.941542160005 88.607465606858 88.1233688184042 79.1453517305904 79.2299361010872 73.4960621867671 0 75.0930706154422 86.6265279866851 82.6858866681187 81.578517516617 84.1260579378503 84.5983288270551
93.4895428788343 93.0516035225166 92.2237738739986 92.3105428072981 88.407075773147 90.0303314592563 88.8306757240111 88.0933368098544 81.7819451443998 83.2631274040491 79.9742370056535 75.0930706154422 0 84.5700464329907 78.4673736024985 76.0659558932259 82.8100758107315 82.0822729341255
94.6284373316887 92.7583430204116 94.0841170535261 92.0710623467877 88.7166316805709 88.3666599593055 87.6726240401613 86.1350517739506 86.6511008236815 89.687575441599 88.3572170605267 86.6265279866851 84.5700464329907 0 79.0688838783941 81.6225389935919 88.5127394962013 86.6532613990147
94.2597731227675 93.1300873512204 93.3720205669516 92.4183748080978 88.7429076482031 89.4779770209507 88.4718226770024 87.34652038472 84.4851665741888 87.1406841801118 85.2083511378425 82.6858866681187 78.4673736024985 79.0688838783941 0 69.9742370056535 85.141216734446 82.7760355725621
94.327206151873 93.4672880514322 93.3280597181791 92.7743948411285 89.2021401250958 90.1445554662296 89.1415654469139 88.182964602465 84.5154581856367 86.4062574560028 84.2510461175964 81.578517516617 76.0659558932259 81.6225389935919 69.9742370056535 0 83.4883470806797 80.788610269172
95.2749526940272 95.3350845341687 93.9692436187996 94.7701700400705 92.0093857188907 93.1645164233162 92.3525009051247 91.8512064152267 87.9607434601061 85.9689738268077 84.4632316900903 84.1260579378503 82.8100758107315 88.5127394962013 85.141216734446 83.4883470806797 0 76.224438241833
95.5029068949166 95.1704996678352 94.3891365118831 94.5979937280982 91.7769297823422 92.670107438564 91.893916827849 91.2480178181733 87.9441205312595 87.3247707785672 85.6859779231767 84.5983288270551 82.0822729341255 86.6532613990147 82.7760355725621 80.788610269172 76.224438241833 0
