0 69.5765657369386 72.5570171580838 78.2106092259997 79.7799514872702 89.0301722270237 88.7773699469597 88.0991945794143 90.8972777692653 90.8913461286801 91.2791828908882 91.4234240063163 93.6952985535903 93.0981264993594 92.4921395829216 93.9547226928842 92.9279834894532 94.3314865099102
69.5765657369386 0 73.0384872811603 75.6562542463234 79.8195101390914 89.1136993962343 88.3406424213812 87.3083978077612 90.4740125164542 90.1445703986413 90.7228583477486 90.7096035829605 93.3925375748586 92.7010637317494 91.906874735667 93.6742762524541 92.4342960464137 94.048358518002
72.5570171580838 73.0384872811603 0 80.4372372021832 74.9227372224544 87.7047839392961 87.3719376615789 86.8512398756312 89.8570610455028 90.3733330693944 90.4338200588907 90.9965971718395 92.9480116352356 92.3537565451245 91.9504880014648 93.2222041818708 92.2819183877674 93.6396338793096
78.2106092259997 75.6562542463234 80.4372372021832 0 83.8213544350363 90.6607330446118 89.4900404546874 87.9943072742525 91.2080741611195 89.8195101390914 91.0755025319784 90.2806861629658 93.8976885592655 93.0941582858658 91.8055112926675 94.1873964737695 92.5868656935784 94.5083760546741
79.7799514872702 79.8195101390914 74.9227372224544 83.8213544350363 0 85.4673355948484 85.4519840595317 85.6808654689711 88.5673648140784 90.1964580507305 89.5961539856901 90.9096249600366 92.0276342199687 91.5188571462793 91.5879170280032 92.3073716170739 91.6841840260165 92.7916704750676
89.0301722270237 89.1136993962343 87.7047839392961 90.6607330446118 85.4673355948484 0 83.6337942323103 87.450535786815 86.6624608768359 91.9283899677472 89.4833594670039 92.6118103659955 89.8116271825038 90.2359933182647 92.3326765383033 89.941542160005 91.5313920024931 90.6676799053077
88.7773699469597 88.3406424213812 87.3719376615789 89.4900404546874 85.4519840595317 83.6337942323103 0 79.5387849227848 78.4032884923616 87.8876340453048 83.4206154648313 88.9543067420916 86.5304228410657 85.891837352535 88.3564292247297 87.0520671395345 87.2537141011014 87.9165025530579
88.0991945794143 87.3083978077612 86.8512398756312 87.9943072742525 85.6808654689711 87.450535786815 79.5387849227848 0 81.6251957531956 84.0454968732238 81.0192912188339 85.6445006672441 87.843933425438 86.0602590194725 85.7176026022409 88.4547222821002 85.6692830596661 89.0059580856794
90.8972777692653 90.4740125164542 89.8570610455028 91.2080741611195 88.5673648140784 86.6624608768359 78.4032884923616 81.6251957531956 0 87.266144218659 79.4751179697769 88.3390605802349 82.5026557189076 81.1966915377634 86.7086073590269 83.4662276969019 84.3007152114403 84.6144964168084
90.8913461286801 90.1445703986413 90.3733330693944 89.8195101390914 90.1964580507305 91.9283899677472 87.8876340453048 84.0454968732238 87.266144218659 0 83.361291448686 70.2174067496608 89.7468991299264 87.3590696675158 78.8108513571896 90.3094797554861 83.9536370923738 90.4396763737266
91.2791828908882 90.7228583477486 90.4338200588907 91.0755025319784 89.5961539856901 89.4833594670039 83.4206154648313 81.0192912188339 79.4751179697769 83.361291448686 0 84.8447303011666 84.3139343989393 79.9085993106296 81.7532076048429 85.3287606235951 78.4944597996847 85.7634929002411
91.4234240063163 90.7096035829605 90.9965971718395 90.2806861629658 90.9096249600366 92.6118103659955 88.9543067420916 85.6445006672441 88.3390605802349 70.2174067496608 84.8447303011666 0 90.3863445178467 88.1353430083967 79.293664514781 90.9084661598186 84.7504173904192 90.9844278478326
93.6952985535903 93.3925375748586 92.9480116352356 93.8976885592655 92.0276342199687 89.8116271825038 86.5304228410657 87.843933425438 82.5026557189076 89.7468991299264 84.3139343989393 90.3863445178467 0 77.7647878994723 88.1067100146295 66.2581263061566 84.6429132091945 71.3176021151403
93.0981264993594 92.7010637317494 92.3537565451245 93.0941582858658 91.5188571462793 90.2359933182647 85.891837352535 86.0602590194725 81.1966915377634 87.3590696675158 79.9085993106296 88.1353430083967 77.7647878994723 0 84.9590655924985 79.7571837034398 79.4497994875647 79.941542160005
92.4921395829216 91.906874735667 91.9504880014648 91.8055112926675 91.5879170280032 92.3326765383033 88.3564292247297 85.7176026022409 86.7086073590269 78.8108513571896 81.7532076048429 79.293664514781 88.1067100146295 84.9590655924985 0 88.7608908822587 78.6957997331364 88.725573403395
93.9547226928842 93.6742762524541 93.2222041818708 94.1873964737695 92.3073716170739 89.941542160005 87.0520671395345 88.4547222821002 83.4662276969019 90.3094797554861 85.3287606235951 90.9084661598186 66.2581263061566 79.7571837034398 88.7608908822587 0 85.5762932353541 68.7966354858417
92.9279834894532 92.4342960464137 92.2819183877674 92.5868656935784 91.6841840260165 91.5313920024931 87.2537141011014 85.6692830596661 84.3007152114403 83.9536370923738 78.4944597996847 84.7504173904192 84.6429132091945 79.4497994875647 78.6957997331364 85.5762932353541 0 85.4535216572886
94.3314865099102 94.048358518002 93.6396338793096 94.5083760546741 92.7916704750676 90.6676799053077 87.9165025530579 89.0059580856794 84.6144964168084 90.4396763737266 85.7634929002411 90.9844278478326 71.3176021151403 79.941542160005 88.725573403395 68.7966354858417 85.4535216572886 0
