0 82.0323684124072 91.5374565101206 93.4242964466753 90.5513733848517 94.2354847937913 93.470168755056 93.7736342336726 93.8879993973499 94.802437083595 93.7393222347797 95.2917396687098 94.5307298873359 95.0462156297486 94.8921614609588 95.2995514394826 95.5162385850566 95.5224473383916
82.0323684124072 0 88.1308444831307 91.0818170944523 87.1861580940907 92.0323684124072 90.7750878561122 91.1902457592883 91.3844210101952 92.5510227543453 91.4702765549837 93.1902213103069 92.2666280130989 92.8884805545587 92.7937998914028 93.1884087830048 93.4550496673064 93.472309215707
91.5374565101206 88.1308444831307 0 82.4324470668276 87.1561388112382 83.8146333429251 80.6047544631244 81.6251957531956 85.9866862537587 85.0274329204183 89.0864791378086 86.3152293981705 87.8069912617707 87.9822666720595 89.2127035345192 87.9016548640009 88.045882309427 88.3867550817728
93.4242964466753 91.0818170944523 82.4324470668276 0 91.1078203183244 74.9227372224544 84.2717598056775 84.2005457159281 89.1551959618225 85.3461292680899 91.9283899677472 85.6854997764966 90.3160587933431 89.9360690089101 91.4639019606878 89.4147433098681 89.1753084080759 89.7186373898555
90.5513733848517 87.1861580940907 87.1561388112382 91.1078203183244 0 91.3887347396581 87.7647878994723 88.3192387985912 85.6282873808047 89.8920337031865 83.4960621867671 90.8351646482895 86.6639703568194 88.2511598923979 87.0979819516503 89.1551959618225 89.8001693071597 89.5519254557894
94.2354847937913 92.0323684124072 83.8146333429251 74.9227372224544 91.3887347396581 0 83.323798167022 82.8884805545587 88.5962964327146 83.2222041818708 91.7060996897762 83.2222041818708 89.7012736774676 89.0724707021626 90.9211304597417 88.3287645450219 87.9272215923757 88.6151277993795
93.470168755056 90.7750878561122 80.6047544631244 84.2717598056775 87.7647878994723 83.323798167022 0 64.9227372224544 81.8670341320252 77.9330371790942 87.5424991364325 81.0632682823266 84.3216404958858 83.7989102258118 86.4763385051478 83.2299067168234 83.3024316491232 83.9979538184295
93.7736342336726 91.1902457592883 81.6251957531956 84.2005457159281 88.3192387985912 82.8884805545587 64.9227372224544 0 82.2531040517902 75.7863355292019 87.8673994840703 79.5943768821453 84.4580254554322 83.6501254971811 86.5836558733827 82.8129004903881 82.7070167114976 83.5677518395189
93.8879993973499 91.3844210101952 85.9866862537587 89.1551959618225 85.6282873808047 88.5962964327146 81.8670341320252 82.2531040517902 0 83.6408008670417 81.7387672097631 85.2650098301599 73.3890851277987 77.0178873678807 79.0988454482639 79.6239007539644 81.4597652354967 80.7808366085262
94.802437083595 92.5510227543453 85.0274329204183 85.3461292680899 89.8920337031865 83.2222041818708 77.9330371790942 75.7863355292019 83.6408008670417 0 88.7608908822587 71.1136705287218 84.9242416035236 83.2222041818708 86.8352406243237 81.3769599159453 80.3560486083645 81.9350313613084
93.7393222347797 91.4702765549837 89.0864791378086 91.9283899677472 83.4960621867671 91.7060996897762 87.5424991364325 87.8673994840703 81.7387672097631 88.7608908822587 0 89.6788680708702 80.8246701087121 83.9968508302003 79.4275991295019 85.8358888194266 86.9265316142716 86.2050489434423
95.2917396687098 93.1902213103069 86.3152293981705 85.6854997764966 90.8351646482895 83.2222041818708 81.0632682823266 79.5943768821453 85.2650098301599 71.1136705287218 89.6788680708702 0 86.1331294774918 84.3872598725851 87.7356864068394 82.4692779150087 81.1311235971685 82.7365317412743
94.5307298873359 92.2666280130989 87.8069912617707 90.3160587933431 86.6639703568194 89.7012736774676 84.3216404958858 84.4580254554322 73.3890851277987 84.9242416035236 80.8246701087121 86.1331294774918 0 73.7904369115202 73.323798167022 78.673612695242 80.9865508735604 79.546717201444
95.0462156297486 92.8884805545587 87.9822666720595 89.9360690089101 88.2511598923979 89.0724707021626 83.7989102258118 83.6501254971811 77.0178873678807 83.2222041818708 83.9968508302003 84.3872598725851 73.7904369115202 0 78.0101987986073 71.6251957531956 76.1713546260053 73.2549154381869
94.8921614609588 92.7937998914028 89.2127035345192 91.4639019606878 87.0979819516503 90.9211304597417 86.4763385051478 86.5836558733827 79.0988454482639 86.8352406243237 79.4275991295019 87.7356864068394 73.323798167022 78.0101987986073 0 81.3624017294107 83.0838239298534 81.676854159603
95.2995514394826 93.1884087830048 87.9016548640009 89.4147433098681 89.1551959618225 88.3287645450219 83.2299067168234 82.8129004903881 79.6239007539644 81.3769599159453 85.8358888194266 82.4692779150087 78.673612695242 71.6251957531956 81.3624017294107 0 68.3951296289524 63.6424001639973
95.5162385850566 93.4550496673064 88.045882309427 89.1753084080759 89.8001693071597 87.9272215923757 83.3024316491232 82.7070167114976 81.4597652354967 80.3560486083645 86.9265316142716 81.1311235971685 80.9865508735604 76.1713546260053 83.0838239298534 68.3951296289524 0 67.4754622734875
95.5224473383916 93.472309215707 88.3867550817728 89.7186373898555 89.5519254557894 88.6151277993795 83.9979538184295 83.5677518395189 80.7808366085262 81.9350313613084 86.2050489434423 82.7365317412743 79.546717201444 73.2549154381869 81.676854159603 63.6424001639973 67.4754622734875 0
