0 78.9090804678383 85.0898010544649 89.0112398515747 88.4944597996847 89.7451826639983 91.3738145637752 90.7633342770328 90.8873886026257 91.5597464763509 91.6658361118692 92.197417442378 94.1070086560971 94.7194954413318 95.5112472211531 95.8538708900427 95.9345317080797 95.8444626315733
78.9090804678383 0 87.3599602263323 89.4221471101878 86.3340981236618 88.002829084837 91.1220143253691 88.6957997331364 89.2849999751602 89.6945287903597 89.7992106976306 91.4104749554923 93.6790849974841 93.6442999499373 94.4337800017544 95.3461292680899 95.3760578919581 94.8447045306769
85.0898010544649 87.3599602263323 0 83.3139660032315 89.0385040641573 89.7430716399792 88.364408807088 91.6369301305264 90.8473300507004 92.2596793023356 92.4056455069419 90.6875328742569 92.240236057727 94.5074755799905 95.5307025244631 94.582049847463 94.7943927701606 95.7505909256189
89.0112398515747 89.4221471101878 83.3139660032315 0 87.2016042685911 87.3062096567191 81.4238688668901 90.1241649821559 88.4135689102503 90.6579511859799 90.8542682162229 86.5826469595196 88.4399014184836 92.4600994442045 93.8358812162758 91.8722972449526 92.198400300437 94.0073747607293
88.4944597996847 86.3340981236618 89.0385040641573 87.2016042685911 0 72.9023336598264 86.7594207960546 79.9085993106296 78.5626155199393 82.099442252477 82.5510227543453 85.1512533044018 89.5659867649178 88.8986615628356 90.4440634332356 91.7423818124012 91.7155779965718 90.9961213567053
89.7451826639983 88.002829084837 89.7430716399792 87.3062096567191 72.9023336598264 0 85.9195436335469 79.0924689484848 72.9023336598264 80.7841074747623 81.3769599159453 83.0997594633225 88.417603231219 87.5519919157727 89.4467356815688 90.7246856097169 90.6755369627542 90.0111212911838
91.3738145637752 91.1220143253691 88.364408807088 81.4238688668901 86.7594207960546 85.9195436335469 0 89.0724707021626 86.4797404980476 89.3675571693105 89.593191742332 80.9944663660745 83.3663043979868 90.2319024715531 92.0323684124072 88.7737928568809 89.2343278128706 92.1342646597564
90.7633342770328 88.6957997331364 91.6369301305264 90.1241649821559 79.9085993106296 79.0924689484848 89.0724707021626 0 77.7738075181225 70.4372372021831 71.5879170280032 86.4252173528455 90.2581873664803 86.6917490863679 88.1316743187726 91.611812245473 91.4154382935203 88.9946578300183
90.8873886026257 89.2849999751602 90.8473300507004 88.4135689102503 78.5626155199393 72.9023336598264 86.4797404980476 77.7738075181225 0 78.4018890874713 79.178079427437 82.4388126426271 87.966125291347 85.7849113793878 88.0529683256868 89.9969778234029 89.8631935824535 88.7061941475651
91.5597464763509 89.6945287903597 92.2596793023356 90.6579511859799 82.099442252477 80.7841074747623 89.3675571693105 70.4372372021831 78.4018890874713 0 57.9330371790942 86.3966440281856 90.1033277711086 85.4024912752453 86.9345227862877 91.2262022299968 90.9698207724577 87.9359942035086
91.6658361118692 89.7992106976306 92.4056455069419 90.8542682162229 82.5510227543453 81.3769599159453 89.593191742332 71.5879170280032 79.178079427437 57.9330371790942 0 86.6825146600286 90.2702015007516 85.3915891308315 86.8249332995649 91.3239724057126 91.0581942870142 87.8596634751544
92.197417442378 91.4104749554923 90.6875328742569 86.5826469595196 85.1512533044018 83.0997594633225 80.9944663660745 86.4252173528455 82.4388126426271 86.3966440281856 86.6825146600286 0 81.6326132525547 86.5567297311535 89.171710051001 86.6059455122276 86.8092101824516 89.3305690360477
94.1070086560971 93.6790849974841 92.240236057727 88.4399014184836 89.5659867649178 88.417603231219 83.3663043979868 90.2581873664803 87.966125291347 90.1033277711086 90.2702015007516 81.6326132525547 0 88.3098252252169 90.4379263775025 82.2359626750682 83.4181597425046 90.2528274474093
94.7194954413318 93.6442999499373 94.5074755799905 92.4600994442045 88.8986615628356 87.5519919157727 90.2319024715531 86.6917490863679 85.7849113793878 85.4024912752453 85.3915891308315 86.5567297311535 88.3098252252169 0 77.5424991364325 87.3827962632147 86.5555092124397 78.2930092523017
95.5112472211531 94.4337800017544 95.5307025244631 93.8358812162758 90.4440634332356 89.4467356815688 92.0323684124072 88.1316743187726 88.0529683256868 86.9345227862877 86.8249332995649 89.171710051001 90.4379263775025 77.5424991364325 0 89.2338005042658 88.4539840480317 70.4593648678269
95.8538708900427 95.3461292680899 94.582049847463 91.8722972449526 91.7423818124012 90.7246856097169 88.7737928568809 91.611812245473 89.9969778234029 91.2262022299968 91.3239724057126 86.6059455122276 82.2359626750682 87.3827962632147 89.2338005042658 0 69.1701167826213 88.6420682895268
95.9345317080797 95.3760578919581 94.7943927701606 92.198400300437 91.7155779965718 90.6755369627542 89.2343278128706 91.4154382935203 89.8631935824535 90.9698207724577 91.0581942870142 86.8092101824516 83.4181597425046 86.5555092124397 88.4539840480317 69.1701167826213 0 87.7575586929441
95.8444626315733 94.8447045306769 95.7505909256189 94.0073747607293 90.9961213567053 90.0111212911838 92.1342646597564 88.9946578300183 88.7061941475651 87.9359942035086 87.8596634751544 89.3305690360477 90.2528274474093 78.2930092523017 70.4593648678269 88.6420682895268 87.7575586929441 0
