0 82.9119877404783 90.0310210202508 85.7400939650968 89.9960328396747 89.4221471101878 91.2438932044847 89.5887739775398 91.403058257312 93.4937583187999 92.6576089437802 92.4909233272758 94.3207243080727 94.0075874112409 94.7759589334422 94.5594824059825 94.3225198614608 94.8086391194617
82.9119877404783 0 88.1407920610298 74.8349979793794 87.2016042685911 85.1838544264518 88.3453844908085 84.2005457159281 87.6457956664753 90.971043416746 89.3450256281416 89.0009334977961 92.0179421793922 91.2030124047671 92.4784370287424 92.0883893359631 91.6389886254032 92.3578348697387
90.0310210202508 88.1407920610298 0 87.4034512316464 75.5673171147236 82.6363031670133 81.1011246996244 89.1123755294906 86.5650757693805 87.1561388112382 88.9642297145514 91.0095383306776 88.6835253217231 91.0062663227525 90.0543803137744 90.4091480128386 91.2956368438359 91.1902457592883
85.7400939650968 74.8349979793794 87.4034512316464 0 85.9126336164662 82.7706932963288 86.8327735631342 81.0208149157414 85.4535216572886 89.6338933227531 87.5348899451403 87.2739921369812 90.8180287640043 89.7801588203823 91.2956326992361 90.8177799741726 90.2900488253394 91.1190958196448
89.9960328396747 87.2016042685911 75.5673171147236 85.9126336164662 0 77.9475895264979 75.8987805111985 87.3001847612063 83.6964506811521 85.239245157967 86.9049079448957 89.4132394809316 87.2109919402742 89.4515866418997 88.6848557252811 88.9323188809116 89.8161187550945 89.7997758540917
89.4221471101878 85.1838544264518 82.6363031670133 82.7706932963288 77.9475895264979 0 78.2992701901674 83.6940940866015 79.4805095767228 84.9571386313474 84.3422186450957 86.9399849236182 87.0125223952169 87.7348895485676 88.1255485193295 87.9199887622108 88.2688829342483 88.6835253217231
91.2438932044847 88.3453844908085 81.1011246996244 86.8327735631342 75.8987805111985 78.2992701901674 0 86.9345227862877 80.9865508735604 81.6251957531956 84.7544879428325 88.3334244578189 84.4814561334094 87.7405524752578 86.4210841896122 86.7955758439553 88.1252710382753 87.9330371790942
89.5887739775398 84.2005457159281 89.1123755294906 81.0208149157414 87.3001847612063 83.6940940866015 86.9345227862877 0 82.6488877209461 88.2969304657511 83.8213544350363 81.5611191400672 89.413163320285 86.5078305403995 89.553301503306 88.6148106193299 87.2539914274171 88.725573403395
91.403058257312 87.6457956664753 86.5650757693805 85.4535216572886 83.6964506811521 79.4805095767228 80.9865508735604 82.6488877209461 0 81.9332335297458 77.0178873678807 83.4692419327446 84.3009154107865 83.4943035851847 85.0930706154422 84.2392258547933 84.3444591714865 85.1626652685191
93.4937583187999 90.971043416746 87.1561388112382 89.6338933227531 85.239245157967 84.9571386313474 81.6251957531956 88.2969304657511 81.9332335297458 0 82.4324470668276 87.6185844336171 73.5996760254228 84.6301503394973 79.1123755294906 80.916281266972 84.792562512939 83.323798167022
92.6576089437802 89.3450256281416 88.9642297145514 87.5348899451403 86.9049079448957 84.3422186450957 84.7544879428325 83.8213544350363 77.0178873678807 82.4324470668276 0 80.6750090777729 83.7163632600981 77.9368419599384 83.361291448686 81.1680583981824 79.5616306292047 81.7097415724374
92.4909233272758 89.0009334977961 91.0095383306776 87.2739921369812 89.4132394809316 86.9399849236182 88.3334244578189 81.5611191400672 83.4692419327446 87.6185844336171 80.6750090777729 0 88.2584189716943 81.3769599159453 87.7025033437532 86.0070343066891 82.5510227543453 85.5161990144813
94.3207243080727 92.0179421793922 88.6835253217231 90.8180287640043 87.2109919402742 87.0125223952169 84.4814561334094 89.413163320285 84.3009154107865 73.5996760254228 83.7163632600981 88.2584189716943 0 84.5719301653208 74.349502146661 79.0724707021626 84.4632316900903 82.0074340234878
94.0075874112409 91.2030124047671 91.0062663227525 89.7801588203823 89.4515866418997 87.7348895485676 87.7405524752578 86.5078305403995 83.4943035851847 84.6301503394973 77.9368419599384 81.3769599159453 84.5719301653208 0 82.7955350781069 79.1123755294906 65.5673171147236 77.1594519847128
94.7759589334422 92.4784370287424 90.0543803137744 91.2956326992361 88.6848557252811 88.1255485193295 86.4210841896122 89.553301503306 85.0930706154422 79.1123755294906 83.361291448686 87.7025033437532 74.349502146661 82.7955350781069 0 73.6971509035411 82.3450166345553 78.1200421657566
94.5594824059825 92.0883893359631 90.4091480128386 90.8177799741726 88.9323188809116 87.9199887622108 86.7955758439553 88.6148106193299 84.2392258547933 80.916281266972 81.1680583981824 86.0070343066891 79.0724707021626 79.1123755294906 73.6971509035411 0 78.3390605802349 71.2407024592923
94.3225198614608 91.6389886254032 91.2956368438359 90.2900488253394 89.8161187550945 88.2688829342483 88.1252710382753 87.2539914274171 84.3444591714865 84.792562512939 79.5616306292047 82.5510227543453 84.4632316900903 65.5673171147236 82.3450166345553 78.3390605802349 0 75.3125093105359
94.8086391194617 92.3578348697387 91.1902457592883 91.1190958196448 89.7997758540917 88.6835253217231 87.9330371790942 88.725573403395 85.1626652685191 83.323798167022 81.7097415724374 85.5161990144813 82.0074340234878 77.1594519847128 78.1200421657566 71.2407024592923 75.3125093105359 0
