0 71.6251957531956 80.8732088904949 87.8858782559868 84.8825972015924 84.5245899885005 80.0814756595712 81.8529679016913 84.5700464329907 83.964480905296 89.3743074491917 90.9628365465767 86.6541860925968 88.7852291895436 90.4597924359249 91.7050065291834 90.5700333766448 91.7932389097554
71.6251957531956 0 77.2102019360587 86.4394995309249 82.8129004903881 82.3921913186054 81.0843403509302 82.79025144391 82.8354320315571 84.5416919591329 88.3336597383592 90.0527811932338 86.2093145889388 88.1573208909491 89.7922520570254 91.0054295411106 89.9172423637486 91.1115570622323
80.8732088904949 77.2102019360587 0 82.7567852228747 76.6314681776675 76.0545005741436 83.9267374274148 85.1337777093243 79.1790076437309 86.1657410862278 85.9744315024477 87.9915317608315 85.8987805111985 87.1143649001265 88.4784017056437 89.5223410495108 88.634894042878 89.6736352563445
87.8858782559868 86.4394995309249 82.7567852228747 0 77.7647878994723 78.8461887760664 88.8122703883472 89.4098004215052 82.1654959184623 89.7657356159223 81.5882726840881 82.8884805545587 87.9528983164705 87.3242343555791 87.1867934537401 86.9476203930553 87.3666129127418 87.2270815343172
84.8825972015924 82.8129004903881 76.6314681776675 77.7647878994723 0 60.943337135734 85.9689738268077 86.8092101824516 76.1020755728508 87.3620425904971 82.6116653260795 85.2698237358651 85.6167306096753 85.8246120982086 86.7376080028966 87.5652470443241 86.9343936671262 87.7775218750647
84.5245899885005 82.3921913186054 76.0545005741436 78.8461887760664 60.943337135734 0 85.4963548523048 86.3715914053258 74.6354957098355 86.9399849236182 82.6818001772283 85.4673355948484 85.1380859069995 85.4841598430449 86.5695808137615 87.5519919157727 86.76940986557 87.7557761175332
80.0814756595712 81.0843403509302 83.9267374274148 88.8122703883472 85.9689738268077 85.4963548523048 0 67.8452979360192 84.0075874112409 75.1097422091168 88.9115011728927 90.7683108277111 82.7740802834126 86.5256213537673 89.0146342595054 90.8595844810741 89.1176759672517 90.9107531805943
81.8529679016913 82.79025144391 85.1337777093243 89.4098004215052 86.8092101824516 86.3715914053258 67.8452979360192 0 84.8385417941978 70.943337135734 89.2699105697421 91.0767661791875 82.5484660451519 86.5172059563291 89.0850439628052 91.0028600046079 89.1773264664938 91.0404322502408
84.5700464329907 82.8354320315571 79.1790076437309 82.1654959184623 76.1020755728508 74.6354957098355 84.0075874112409 84.8385417941978 0 85.1986793407167 82.0424352366926 85.5673171147236 82.0854604260465 82.8100758107315 84.8606306551263 86.706750637792 85.0939107344385 86.8803451661563
83.964480905296 84.5416919591329 86.1657410862278 89.7657356159223 87.3620425904971 86.9399849236182 75.1097422091168 70.943337135734 85.1986793407167 0 89.2185012437914 91.0480328336979 81.1927086523545 85.7677850549167 88.6035954335124 90.7233152353214 88.6861690454567 90.7433891804958
89.3743074491917 88.3336597383592 85.9744315024477 81.5882726840881 82.6116653260795 82.6818001772283 88.9115011728927 89.2699105697421 82.0424352366926 89.2185012437914 0 76.6211224640266 85.7505909256189 83.0939367266319 81.1220143253691 80.4918417544013 81.4510002480644 81.0208149157414
90.9628365465767 90.0527811932338 87.9915317608315 82.8884805545587 85.2698237358651 85.4673355948484 90.7683108277111 91.0767661791875 85.5673171147236 91.0480328336979 76.6211224640266 0 88.3012919719814 86.0981015495578 83.6991238008782 80.237526392877 83.8706826240547 80.8794752187723
86.6541860925968 86.2093145889388 85.8987805111985 87.9528983164705 85.6167306096753 85.1380859069995 82.7740802834126 82.5484660451519 82.0854604260465 81.1927086523545 85.7505909256189 88.3012919719814 0 78.0159690964609 83.8056556760196 87.3022784593613 83.9384101227389 87.3072129938656
88.7852291895436 88.1573208909491 87.1143649001265 87.3242343555791 85.8246120982086 85.4841598430449 86.5256213537673 86.5172059563291 82.8100758107315 85.7677850549167 83.0939367266319 86.0981015495578 78.0159690964609 0 77.602309263907 83.8325331923513 77.839419868618 83.7912064660546
90.4597924359249 89.7922520570254 88.4784017056437 87.1867934537401 86.7376080028966 86.5695808137615 89.0146342595054 89.0850439628052 84.8606306551263 88.6035954335124 81.1220143253691 83.6991238008782 83.8056556760196 77.602309263907 0 78.3135269437538 53.9536370923738 78.103370572082
91.7050065291834 91.0054295411106 89.5223410495108 86.9476203930553 87.5652470443241 87.5519919157727 90.8595844810741 91.0028600046079 86.706750637792 90.7233152353214 80.4918417544013 80.237526392877 87.3022784593613 83.8325331923513 78.3135269437538 0 78.3135269437538 57.953799013091
90.5700333766448 89.9172423637486 88.634894042878 87.3666129127418 86.9343936671262 86.76940986557 89.1176759672517 89.1773264664938 85.0939107344385 88.6861690454567 81.4510002480644 83.8706826240547 83.9384101227389 77.839419868618 53.9536370923738 78.3135269437538 0 78.0529683256868
91.7932389097554 91.1115570622323 89.6736352563445 87.2270815343172 87.7775218750647 87.7557761175332 90.9107531805943 91.0404322502408 86.8803451661563 90.7433891804958 81.0208149157414 80.8794752187723 87.3072129938656 83.7912064660546 78.103370572082 57.953799013091 78.0529683256868 0
