0 86.728583188484 78.4018890874713 75.5523155632995 69.0724707021626 85.7849113793878 76.1677794707972 78.5550952672913 78.9090804678383 83.0196808096236 83.9384101227389 83.4107842329724 82.3452739215203 87.4802850888848 84.8968874461583 85.0223863446528 85.4550587108594 85.5266933956535
86.728583188484 0 82.5868656935784 84.0735682389664 87.4132525105052 70.943337135734 88.2382248275296 84.2107909313872 89.1420653552395 80.4372372021832 80.5050214404877 83.6337942323103 89.1885004158061 83.7944074314021 86.3959850705549 86.6842518682138 90.7429160691407 88.3311427205777
78.4018890874713 82.5868656935784 0 68.103370572082 80.0174507434799 80.943337135734 82.0154368322127 73.8213544350363 83.778610784351 76.5304228410657 78.5776170713634 79.7170505944318 84.598216984643 84.752681769041 83.3647389648133 83.6739235476876 87.2180198603311 85.2440876912534
75.5523155632995 84.0735682389664 68.103370572082 0 77.4947214838478 82.6342007106042 80.0814756595712 72.0827706588024 82.2305599791183 78.3784347830183 79.9742370056535 80.0281873245205 83.408322943692 85.289026176076 83.1078362291834 83.3760449001139 86.3603773685769 84.716399646416
69.0724707021626 87.4132525105052 80.0174507434799 77.4947214838478 0 86.4284596991444 71.1136705287218 78.7966354858417 75.6120133392751 83.5201228844259 84.2959097000793 83.323798167022 80.3485019850597 87.4754622734875 84.3301867041834 84.4107953447063 84.0502702591676 84.6354957098355
85.7849113793878 70.943337135734 80.943337135734 82.6342007106042 86.4284596991444 0 87.2415090959192 82.4108172720404 88.2390343987537 77.0711757029314 77.0071507868401 81.3493605368748 88.1498907012513 81.9745296711912 84.7910782813474 85.1366320177647 89.8581541741292 87.0711757029314
76.1677794707972 88.2382248275296 82.0154368322127 80.0814756595712 71.1136705287218 87.2415090959192 0 79.9850808185757 69.0724707021626 84.3398387118709 84.9227372224544 83.5201228844259 76.9639370490137 87.5519919157727 83.7711423949287 83.7730939452709 81.8529679016913 83.4864004590469
78.5550952672913 84.2107909313872 73.8213544350363 72.0827706588024 78.7966354858417 82.4108172720404 79.9850808185757 0 82.0861101013499 76.2581263061566 77.7738075181225 76.1020755728508 82.1027689051246 83.6337942323103 80.2423164880153 80.6178806604905 85.3915891308315 82.5570171580838
78.9090804678383 89.1420653552395 83.778610784351 82.2305599791183 75.6120133392751 88.2390343987537 69.0724707021626 82.0861101013499 0 85.6635841127368 86.1350517739506 84.7904545651168 76.2196361444474 88.3192387985912 84.6428367614197 84.5922613324549 80.6374962592738 83.9209422467254
83.0196808096236 80.4372372021832 76.5304228410657 78.3784347830183 83.5201228844259 77.0711757029314 84.3398387118709 76.2581263061566 85.6635841127368 0 65.0930706154422 74.2066957450215 85.3176715737137 80.5906463462703 80.9003170679934 81.4161056610175 87.5944545064845 84.0608757462916
83.9384101227389 80.5050214404877 78.5776170713634 79.9742370056535 84.2959097000793 77.0071507868401 84.9227372224544 77.7738075181225 86.1350517739506 65.0930706154422 0 73.2478263495168 85.5673171147236 79.0051368755729 80.3278690340502 80.8941096969605 87.7130152786816 83.8123906654578
83.4107842329724 83.6337942323103 79.7170505944318 80.0281873245205 83.323798167022 81.3493605368748 83.5201228844259 76.1020755728508 84.7904545651168 74.2066957450215 73.2478263495168 0 83.5392759245935 79.0724707021626 75.5044683789312 76.4418930794565 86.0340175859056 80.7750878561122
82.3452739215203 89.1885004158061 84.598216984643 83.408322943692 80.3485019850597 88.1498907012513 76.9639370490137 82.1027689051246 76.2196361444474 85.3176715737137 85.5673171147236 83.5392759245935 0 87.1217246129041 82.0558799348781 81.8382814791368 75.5523155632995 79.9085993106296
87.4802850888848 83.7944074314021 84.752681769041 85.289026176076 87.4754622734875 81.9745296711912 87.5519919157727 83.6337942323103 88.3192387985912 80.5906463462703 79.0051368755729 79.0724707021626 87.1217246129041 0 80.2820678240182 80.7096996086942 88.5241253582302 83.6663955797549
84.8968874461583 86.3959850705549 83.3647389648133 83.1078362291834 84.3301867041834 84.7910782813474 83.7711423949287 80.2423164880153 84.6428367614197 80.9003170679934 80.3278690340502 75.5044683789312 82.0558799348781 80.2820678240182 0 56.9639370490137 84.2710515453237 74.615115964808
85.0223863446528 86.6842518682138 83.6739235476876 83.3760449001139 84.4107953447063 85.1366320177647 83.7730939452709 80.6178806604905 84.5922613324549 81.4161056610175 80.8941096969605 76.4418930794565 81.8382814791368 80.7096996086942 56.9639370490137 0 83.9979493426696 73.4418347607904
85.4550587108594 90.7429160691407 87.2180198603311 86.3603773685769 84.0502702591676 89.8581541741292 81.8529679016913 85.3915891308315 80.6374962592738 87.5944545064845 87.7130152786816 86.0340175859056 75.5523155632995 88.5241253582302 84.2710515453237 83.9979493426696 0 81.5313920024931
85.5266933956535 88.3311427205777 85.2440876912534 84.716399646416 84.6354957098355 87.0711757029314 83.4864004590469 82.5570171580838 83.9209422467254 84.0608757462916 83.8123906654578 80.7750878561122 79.9085993106296 83.6663955797549 74.615115964808 73.4418347607904 81.5313920024931 0
