0 76.4210841896122 77.3975598292249 85.3422450282159 85.0612171811727 83.6878194393567 90.1430041505679 90.8913461286801 92.4991264505033 93.1194924223973 93.7082559450628 93.4653116893828 94.2169264795973 94.3837211911734 94.8570995274305 95.1026905101114 95.0973775675073 96.0001377361398
76.4210841896122 0 81.3454034114811 87.6142002924369 82.3358293114501 82.0283017528285 90.9093293627357 90.7242288662954 92.7114819424818 93.0625479788191 93.8676366341297 93.1574795141574 93.8545826018562 94.2297829851731 94.8204380297201 95.0683114222835 94.8407263875424 96.0495406977708
77.3975598292249 81.3454034114811 0 81.9577292559336 85.0002150024618 82.2813616579086 87.8673994840703 89.2970716604341 90.9268025096977 91.818666893075 92.3618708520057 92.4222635840625 93.3288160125473 93.3358312705013 93.7847105856041 94.0594399140503 94.2245562878988 95.0122544187842
85.3422450282159 87.6142002924369 81.9577292559336 0 89.266906976826 87.3749017919311 85.3739329860448 89.8775604424497 90.2119168439816 91.7824645493059 91.6951556819209 92.9132266484067 93.8706168967948 93.4321114573305 93.5812000727786 93.8412326918031 94.5093314929837 94.5655221389946
85.0612171811727 82.3358293114501 85.0002150024618 89.266906976826 0 75.6170918941271 90.3185160559075 88.0377328770581 91.2262022299968 91.0818170944523 92.4623635376418 90.7242288662954 91.4929130958581 92.2854270650549 93.1902213103069 93.4829510546678 92.8443791356316 94.7658796931321
83.6878194393567 82.0283017528285 82.2813616579086 87.3749017919311 75.6170918941271 0 88.6529037580751 86.8691058696304 90.1224579910606 90.3040348730588 91.5852954943804 90.3321100732316 91.2948438087964 91.8050161464826 92.6295108948542 92.9463689655499 92.5847829604358 94.2322275341296
90.1430041505679 90.9093293627357 87.8673994840703 85.3739329860448 90.3185160559075 88.6529037580751 0 85.6120133392751 83.341335320205 87.1426142386487 86.1330452617024 89.6543941455899 91.0569266728001 89.7929891177413 89.6426912422026 90.0141277087556 91.5608624029323 90.917745407119
90.8913461286801 90.7242288662954 89.2970716604341 89.8775604424497 88.0377328770581 86.8691058696304 85.6120133392751 0 82.1259843966288 80.5906463462703 84.7412048915582 82.3358293114501 85.2003092693599 84.7832850301513 86.341622719513 86.9834385862125 87.0094547516378 89.4113013177409
92.4991264505033 92.7114819424818 90.9268025096977 90.2119168439816 91.2262022299968 90.1224579910606 83.341335320205 82.1259843966288 0 79.3002428506583 76.0191612438065 85.2970022018606 87.3719376615789 84.4805765116235 83.8946079882559 84.6097027599761 87.6143962186359 86.577637806055
93.1194924223973 93.0625479788191 91.818666893075 91.7824645493059 91.0818170944523 90.3040348730588 87.1426142386487 80.5906463462703 79.3002428506583 0 79.3520702919439 79.5166621000467 83.0411672842192 78.2753097867997 80.0814756595712 81.3555662351634 83.5861114627223 85.5417780176344
93.7082559450628 93.8676366341297 92.3618708520057 91.6951556819209 92.4623635376418 91.5852954943804 86.1330452617024 84.7412048915582 76.0191612438065 79.3520702919439 0 85.322745915454 87.0807849101376 83.0187682527897 80.7393727477852 81.5313920024931 86.625354376404 83.5725918290523
93.4653116893828 93.1574795141574 92.4222635840625 92.9132266484067 90.7242288662954 90.3321100732316 89.6543941455899 82.3358293114501 85.2970022018606 79.5166621000467 85.322745915454 0 74.5416919591329 77.8718063285063 82.9518421166448 83.6746177766213 79.7838631256842 87.4744717144773
94.2169264795973 93.8545826018562 93.3288160125473 93.8706168967948 91.4929130958581 91.2948438087964 91.0569266728001 85.2003092693599 87.3719376615789 83.0411672842192 87.0807849101376 74.5416919591329 0 79.5407227977055 84.0075874112409 84.444708598879 76.6670578732354 87.8901387398529
94.3837211911734 94.2297829851731 93.3358312705013 93.4321114573305 92.2854270650549 91.8050161464826 89.7929891177413 84.7832850301513 84.4805765116235 78.2753097867997 83.0187682527897 77.8718063285063 79.5407227977055 0 76.2196361444474 77.5235237718625 77.3496366491682 84.0192256175562
94.8570995274305 94.8204380297201 93.7847105856041 93.5812000727786 93.1902213103069 92.6295108948542 89.6426912422026 86.341622719513 83.8946079882559 80.0814756595712 80.7393727477852 82.9518421166448 84.0075874112409 76.2196361444474 0 64.0540364479595 81.6570368536903 79.7049032872976
95.1026905101114 95.0683114222835 94.0594399140503 93.8412326918031 93.4829510546678 92.9463689655499 90.0141277087556 86.9834385862125 84.6097027599761 81.3555662351634 81.5313920024931 83.6746177766213 84.444708598879 77.5235237718625 64.0540364479595 0 81.8246980227395 78.4638216139284
95.0973775675073 94.8407263875424 94.2245562878988 94.5093314929837 92.8443791356316 92.5847829604358 91.5608624029323 87.0094547516378 87.6143962186359 83.5861114627223 86.625354376404 79.7838631256842 76.6670578732354 77.3496366491682 81.6570368536903 81.8246980227395 0 85.8457319881969
96.0001377361398 96.0495406977708 95.0122544187842 94.5655221389946 94.7658796931321 94.2322275341296 90.917745407119 89.4113013177409 86.577637806055 85.5417780176344 83.5725918290523 87.4744717144773 87.8901387398529 84.0192256175562 79.7049032872976 78.4638216139284 85.8457319881969 0
