0 79.9579203496951 79.1453517305904 79.5943768821453 82.8884805545587 84.4651623168477 85.2003092693599 87.4454406823376 87.9408474526292 89.7536260918754 87.7285209261352 88.9679734061428 88.4228902048013 89.4906473078734 91.6492564508544 90.7078491362327 91.0328202875315 91.1490214837476
79.9579203496951 0 65.0930706154422 70.0814756595712 84.8314512704693 81.1011246996244 84.752681769041 88.2106092259997 88.5626155199393 87.0043097357867 87.7494114256519 86.7901052472965 87.3162326125158 89.6648998632169 89.726256628232 89.547793373798 89.6025273467221 89.9448227429275
79.1453517305904 65.0930706154422 0 63.9536370923738 83.8879993973499 80.1912970937131 83.8879993973499 87.5935153898588 87.9762509169206 86.9685917682366 87.1394871931621 86.4894258543641 86.8092101824516 89.1754702685607 89.636827943325 89.2278274037052 89.3486013525577 89.6614007803213
79.5943768821453 70.0814756595712 63.9536370923738 0 83.2222041818708 78.8179418809182 82.9899622532162 87.0711757029314 87.4658005457673 86.5922849413966 86.5364172448041 85.9148904622442 86.1651703119209 88.7045351262639 89.3103751266313 88.7625932971835 88.9162511636513 89.22735792065
82.8884805545587 84.8314512704693 83.8879993973499 83.2222041818708 0 82.5420156066597 77.7917907521781 79.6707254104607 80.855597892659 88.874723491947 81.0505757896518 86.7507301721852 84.1779208042287 84.1613919743094 90.3185160559075 87.7277117730935 88.6112445812462 88.4391544843896
84.4651623168477 81.1011246996244 80.1912970937131 78.8179418809182 82.5420156066597 0 78.4638216139284 85.1080779267362 85.3978222783945 83.5419300029706 83.4960621867671 81.1170526990126 81.5766707252515 86.3802934588265 86.7239959740949 85.4420536499482 85.6906304544236 86.108690874692
85.2003092693599 84.752681769041 83.8879993973499 82.9899622532162 77.7917907521781 78.4638216139284 0 79.6707254104607 80.2272956583012 86.3673466558862 77.0605702158074 83.0177672660602 78.7966354858417 82.3859648733539 88.015631329007 84.5776316512308 85.6985989199403 85.5523155632995
87.4454406823376 88.2106092259997 87.5935153898588 87.0711757029314 79.6707254104607 85.1080779267362 79.6707254104607 0 63.4960621867671 89.2990883870163 74.3872598725851 86.6369336696059 82.4416841028919 76.9639370490137 90.0185255968003 85.979362212269 87.443098588967 86.8628826862014
87.9408474526292 88.5626155199393 87.9762509169206 87.4658005457673 80.855597892659 85.3978222783945 80.2272956583012 63.4960621867671 0 89.2838414519192 73.6150544197641 86.5518186992194 82.1556516872302 74.9227372224544 89.8909270794529 85.5951098571882 87.1660894561478 86.5087742205692
89.7536260918754 87.0043097357867 86.9685917682366 86.5922849413966 88.874723491947 83.5419300029706 86.3673466558862 89.2990883870163 89.2838414519192 0 87.7435749735344 78.2993261327158 84.5475364637243 89.1288235018861 78.8500592942665 84.4555005891274 82.79025144391 84.3688382788447
87.7285209261352 87.7494114256519 87.1394871931621 86.5364172448041 81.0505757896518 83.4960621867671 77.0605702158074 74.3872598725851 73.6150544197641 87.7435749735344 0 84.3363842897806 78.1117143687293 75.6120133392751 88.4599765983439 83.4107886932936 85.2745911158097 84.5850934634402
88.9679734061428 86.7901052472965 86.4894258543641 85.9148904622442 86.7507301721852 81.1170526990126 83.0177672660602 86.6369336696059 86.5518186992194 78.2993261327158 84.3363842897806 0 78.802204493298 86.1945507627985 80.8699722888415 79.7799514872702 78.6223132959149 80.3402490755992
88.4228902048013 87.3162326125158 86.8092101824516 86.1651703119209 84.1779208042287 81.5766707252515 78.7966354858417 82.4416841028919 82.1556516872302 84.5475364637243 78.1117143687293 78.802204493298 0 81.3887347396581 85.3176715737137 78.311464604694 80.7456216473629 80.2272956583012
89.4906473078734 89.6648998632169 89.1754702685607 88.7045351262639 84.1613919743094 86.3802934588265 82.3859648733539 76.9639370490137 74.9227372224544 89.1288235018861 75.6120133392751 86.1945507627985 81.3887347396581 0 89.2849999751602 83.9304064696805 85.9557144319697 84.9504435034663
91.6492564508544 89.726256628232 89.636827943325 89.3103751266313 90.3185160559075 86.7239959740949 88.015631329007 90.0185255968003 89.8909270794529 78.8500592942665 88.4599765983439 80.8699722888415 85.3176715737137 89.2849999751602 0 82.9736357797483 79.9303770849673 82.1556516872302
90.7078491362327 89.547793373798 89.2278274037052 88.7625932971835 87.7277117730935 85.4420536499482 84.5776316512308 85.979362212269 85.5951098571882 84.4555005891274 83.4107886932936 79.7799514872702 78.311464604694 83.9304064696805 82.9736357797483 0 72.5570171580838 66.6352493969931
91.0328202875315 89.6025273467221 89.3486013525577 88.9162511636513 88.6112445812462 85.6906304544236 85.6985989199403 87.443098588967 87.1660894561478 82.79025144391 85.2745911158097 78.6223132959149 80.7456216473629 85.9557144319697 79.9303770849673 72.5570171580838 0 69.4593978164141
91.1490214837476 89.9448227429275 89.6614007803213 89.22735792065 88.4391544843896 86.108690874692 85.5523155632995 86.8628826862014 86.5087742205692 84.3688382788447 84.5850934634402 80.3402490755992 80.2272956583012 84.9504435034663 82.1556516872302 66.6352493969931 69.4593978164141 0
