0 73.1068297077022 90.0348446043891 89.6982583593969 87.4181336454681 85.9195436335469 90.8966172265081 91.1190958196448 88.4655928414056 89.2990956592635 89.7468991299264 93.0261379211871 90.8043333862853 92.1559801880298 91.8427413207204 91.6841840260165 92.2637114126304 92.3862764077193
73.1068297077022 0 88.7630438748595 88.3390605802349 85.6149767954249 83.8980533334204 89.7054474422999 90.041861507769 87.7864035964503 88.8115609307259 88.9646701670792 92.1468392385717 90.300217057488 91.3329701927159 91.1451669128691 91.2876706036228 91.6251957531956 91.7362829626776
90.0348446043891 88.7630438748595 0 69.0724707021626 83.760486836007 86.076075751344 82.3160507085872 86.6340319868646 91.0670688079589 91.9504880014648 90.6914463623237 87.8656870637866 92.3179683952991 89.9429071329903 91.2966556232284 93.1655559150868 91.818666893075 91.7376780914199
89.6982583593969 88.3390605802349 69.0724707021626 0 82.1027689051246 84.9148097448945 80.6036133251558 85.4924237615224 90.3822376182188 91.3307306167815 89.9456522942769 87.1176151395566 91.7048107341491 89.1620830281709 90.6022057394626 92.609417284842 91.1676208475889 91.0835023356637
87.4181336454681 85.6149767954249 83.760486836007 82.1027689051246 0 74.5033068280111 81.5287404553426 82.4354139529245 86.1677794707972 87.6689334133668 85.7044943863518 86.6413129367859 88.3815747679081 86.3429487798944 87.4367998941477 89.7041031036411 88.2608359710067 88.2443342316763
85.9195436335469 83.8980533334204 86.076075751344 84.9148097448945 74.5033068280111 0 84.5719301653208 84.1984937693655 84.1744160477585 86.0409886538986 84.3139343989393 88.0232945999633 87.2353937067571 86.6882798185873 87.0264575627073 88.7429076482031 87.8656870637866 87.9347740096789
90.8966172265081 89.7054474422999 82.3160507085872 80.6036133251558 81.5287404553426 84.5719301653208 0 79.0724707021626 89.1451003358083 90.1286222897004 88.0639385603448 81.6951556819209 90.1445703986413 85.5673171147236 88.0933368098544 91.1307580933578 88.7883508623856 88.607465606858
91.1190958196448 90.041861507769 86.6340319868646 85.4924237615224 82.4354139529245 84.1984937693655 79.0724707021626 0 87.0873301140256 88.1409288232506 85.1478457267947 79.3255293548103 87.7647878994723 80.0281873245205 84.4029525538654 88.9374319318853 85.4056578036962 85.1097422091168
88.4655928414056 87.7864035964503 91.0670688079589 90.3822376182188 86.1677794707972 84.1744160477585 89.1451003358083 87.0873301140256 0 71.7711908388985 75.6027888654574 89.8536562660865 78.3098765339316 86.0706808559035 83.3822301137698 81.7527424399087 84.1114246562642 84.5923487697585
89.2990956592635 88.8115609307259 91.9504880014648 91.3307306167815 87.6689334133668 86.0409886538986 90.1286222897004 88.1409288232506 71.7711908388985 0 77.7218180145851 90.5274579616534 75.5554581295148 86.7323190369806 83.6134567037814 79.2987018269858 84.0417671828947 84.6071059736168
89.7468991299264 88.9646701670792 90.6914463623237 89.9456522942769 85.7044943863518 84.3139343989393 88.0639385603448 85.1478457267947 75.6027888654574 77.7218180145851 0 88.2753097867997 76.9747808619358 83.051870788883 79.0119174309222 81.0632682823266 80.4330173209723 81.0505757896517
93.0261379211871 92.1468392385717 87.8656870637866 87.1176151395566 86.6413129367859 88.0232945999633 81.6951556819209 79.3255293548103 89.8536562660865 90.5274579616534 88.2753097867997 0 89.9508307163448 82.6488877209461 86.7514468623435 90.715999260007 87.2998778371156 86.9257690522703
90.8043333862853 90.300217057488 92.3179683952991 91.7048107341491 88.3815747679081 87.2353937067571 90.1445703986413 87.7647878994723 78.3098765339316 75.5554581295148 76.9747808619358 89.9508307163448 0 85.3208427639379 80.6374962592738 72.79025144391 80.7300737078434 81.6177655634978
92.1559801880298 91.3329701927159 89.9429071329903 89.1620830281709 86.3429487798944 86.6882798185873 85.5673171147236 80.0281873245205 86.0706808559035 86.7323190369806 83.051870788883 82.6488877209461 85.3208427639379 0 78.2993261327158 86.4198537193337 79.6773106067375 78.8108513571896
91.8427413207204 91.1451669128691 91.2966556232284 90.6022057394626 87.4367998941477 87.0264575627073 88.0933368098544 84.4029525538654 83.3822301137698 83.6134567037814 79.0119174309222 86.7514468623435 80.6374962592738 78.2993261327158 0 82.1259843966288 67.3966565092866 68.103370572082
91.6841840260165 91.2876706036228 93.1655559150868 92.609417284842 89.7041031036411 88.7429076482031 91.1307580933578 88.9374319318853 81.7527424399087 79.2987018269858 81.0632682823266 90.715999260007 72.79025144391 86.4198537193337 82.1259843966288 0 81.6386427069593 82.4570356382086
92.2637114126304 91.6251957531956 91.818666893075 91.1676208475889 88.2608359710067 87.8656870637866 88.7883508623856 85.4056578036962 84.1114246562642 84.0417671828947 80.4330173209723 87.2998778371156 80.7300737078434 79.6773106067375 67.3966565092866 81.6386427069593 0 61.5971296475583
92.3862764077193 91.7362829626776 91.7376780914199 91.0835023356637 88.2443342316763 87.9347740096789 88.607465606858 85.1097422091168 84.5923487697585 84.6071059736168 81.0505757896517 86.9257690522703 81.6177655634978 78.8108513571896 68.103370572082 82.4570356382086 61.5971296475583 0
