0 88.2390343987537 76.8092101824516 86.9515182514118 87.5186760113139 82.099442252477 81.3454034114811 85.3862802621289 85.0930706154422 85.8358888194266 91.3738145637752 93.2151081142415 91.6114880625732 94.1389777966557 93.4217803668175 93.9137538427537 94.2066957450215 94.8273689712604
88.2390343987537 0 87.0125223952169 74.8680626060181 78.103370572082 85.4795778716485 87.5972706385311 86.7887885032308 87.7056993033671 87.627196302634 89.7291295163562 90.2674168638942 91.8836520894943 92.9652222583945 94.0176641692994 94.1380342465475 94.2549772152476 93.7349855663567
76.8092101824516 87.0125223952169 0 85.0496793040936 85.3790959332366 75.6120133392751 74.3872598725851 81.3460828337478 81.0208149157414 82.1259843966288 89.5765657369386 91.8161750469518 89.9995170352118 92.8818153354696 92.2384055684111 92.7505427384827 93.0646802704142 93.6758969702515
86.9515182514118 74.8680626060181 85.0496793040936 0 70.8903732785372 82.6722915765205 85.4855287442616 84.2495038086784 85.4622832670157 85.3555446705477 88.4306106420731 89.5407227977055 90.6916766862194 92.1821803588984 93.0930994829547 93.2674529199425 93.4200571902286 93.0394969612661
87.5186760113139 78.103370572082 85.3790959332366 70.8903732785372 0 82.5809123755536 85.3461292680899 83.3233144598983 84.7544879428325 84.484421527208 87.2302909628742 88.482704058104 89.8960920605732 91.4063373322637 92.503057017092 92.6563242653352 92.8052696349375 92.3377198773157
82.099442252477 85.4795778716485 75.6120133392751 82.6722915765205 82.5809123755536 0 74.3279020717801 76.5784092445484 77.5803463896305 78.6223132959149 87.8461841608603 90.3846256239673 88.8458746359689 91.8087149732661 91.5295595972711 91.9867043418254 92.2867022452208 92.7123489996475
81.3454034114811 87.5972706385311 74.3872598725851 85.4855287442616 85.3461292680899 74.3279020717801 0 77.541704101596 76.0621707455228 78.103370572082 88.2293095695683 90.9838530310649 88.4533922202331 91.9016533851174 91.0480600876234 91.6379794449762 91.9994607326019 92.7760355725621
85.3862802621289 86.7887885032308 81.3460828337478 84.2495038086784 83.3233144598983 76.5784092445484 77.541704101596 0 68.7048599061845 67.071269316403 85.3239769135115 88.9069986855092 86.440724448383 90.2201302126721 89.8831728078525 90.3930962198545 90.7409807104142 91.2875304067863
85.0930706154422 87.7056993033671 81.0208149157414 85.4622832670157 84.7544879428325 77.5803463896305 76.0621707455228 68.7048599061845 0 64.9227372224544 85.8203757673713 89.4304834361635 86.2238303662284 90.372342547137 89.6055442053907 90.2146265448938 90.607570595171 91.4063373322637
85.8358888194266 87.627196302634 82.1259843966288 85.3555446705477 84.484421527208 78.6223132959149 78.103370572082 67.071269316403 64.9227372224544 0 85.0070354904267 88.9020069163575 85.6628994185409 89.9267487930091 89.3066725083901 89.8901383565684 90.2787161554511 91.0165466649615
91.3738145637752 89.7291295163562 89.5765657369386 88.4306106420731 87.2302909628742 87.8461841608603 88.2293095695683 85.3239769135115 85.8203757673713 85.0070354904267 0 81.3839876097887 81.4952459104386 83.2834453116058 86.7538702231195 86.5370785726282 86.6323912855628 85.5266933956535
93.2151081142415 90.2674168638942 91.8161750469518 89.5407227977055 88.482704058104 90.3846256239673 90.9838530310649 88.9069986855092 89.4304834361635 88.9020069163575 81.3839876097887 0 86.965022649524 83.5364843904689 89.5556933220744 88.9566880924795 88.7332068788458 85.1784134098657
91.6114880625732 91.8836520894943 89.9995170352118 90.6916766862194 89.8960920605732 88.8458746359689 88.4533922202331 86.440724448383 86.2238303662284 85.6628994185409 81.4952459104386 86.965022649524 0 84.0301592422395 80.7841074747623 81.676854159603 82.5817382945138 85.6917879658761
94.1389777966557 92.9652222583945 92.8818153354696 92.1821803588984 91.4063373322637 91.8087149732661 91.9016533851174 90.2201302126721 90.372342547137 89.9267487930091 83.2834453116058 83.5364843904689 84.0301592422395 0 85.2298162487291 83.5095389150499 82.6459542896836 72.6751998198568
93.4217803668175 94.0176641692994 92.2384055684111 93.0930994829547 92.503057017092 91.5295595972711 91.0480600876234 89.8831728078525 89.6055442053907 89.3066725083901 86.7538702231195 89.5556933220744 80.7841074747623 85.2298162487291 0 72.6459542896836 76.432063468461 85.7890886978869
93.9137538427537 94.1380342465475 92.7505427384827 93.2674529199425 92.6563242653352 91.9867043418254 91.6379794449762 90.3930962198545 90.2146265448938 89.8901383565684 86.5370785726282 88.9566880924795 81.676854159603 83.5095389150499 72.6459542896836 0 67.4092924582916 83.8711243231809
94.2066957450215 94.2549772152476 93.0646802704142 93.4200571902286 92.8052696349375 92.2867022452208 91.9994607326019 90.7409807104142 90.607570595171 90.2787161554511 86.6323912855628 88.7332068788458 82.5817382945138 82.6459542896836 76.432063468461 67.4092924582916 0 82.7417264159659
94.8273689712604 93.7349855663567 93.6758969702515 93.0394969612661 92.3377198773157 92.7123489996475 92.7760355725621 91.2875304067863 91.4063373322637 91.0165466649615 85.5266933956535 85.1784134098657 85.6917879658761 72.6751998198568 85.7890886978869 83.8711243231809 82.7417264159659 0
