0 89.1473223627738 82.1259843966288 89.3874875404723 90.1330714406636 85.4658028809384 90.6861507245123 90.4372372021832 90.00991931245 91.2687189283341 91.5747935068004 90.9437714085026 93.3866032380404 93.3473474879104 93.8643033545058 95.1754680933125 95.0923733121529 94.5076857316869
89.1473223627738 0 84.0735682389664 72.0827706588024 83.3513248469073 91.8246980227395 89.5753757260203 90.5722370096519 91.9858176056385 91.0956768982011 91.54351256105 92.7640581743079 93.4972683928071 94.4121562804198 93.7871474107853 93.910208373458 94.1011136198955 94.3707962075664
82.1259843966288 84.0735682389664 0 84.4651623168477 86.3802934588265 87.9899889902793 88.9628594842768 89.299608797833 89.9377116785958 90.1659193700637 90.6122600944054 90.9641333996652 92.793939960948 93.2657117325289 93.2373132135245 94.1649096180648 94.1849096125351 93.9230158704857
89.3874875404723 72.0827706588024 84.4651623168477 0 80.6234942756704 91.5653952239311 88.4898778282883 89.6922122441951 91.3734212345335 90.2216584643998 90.7150838959359 92.1838123268343 92.8176982334711 93.8657499695428 93.1134560011991 93.1832259614349 93.3982406240271 93.7319376869222
90.1330714406636 83.3513248469073 86.3802934588265 80.6234942756704 0 90.8204465670371 84.5093314929837 86.6511008236815 89.3818913619656 87.1716919309492 87.8497272528937 90.2807401307034 90.5442378147832 92.0666771414978 90.8735784549966 90.855597892659 91.131040249541 91.6352955165991
85.4658028809384 91.8246980227395 87.9899889902793 91.5653952239311 90.8204465670371 0 88.7016252803801 87.3985422847928 84.6595564074942 88.4228902048013 88.5865931919939 85.8541512699659 90.4396763737266 89.616589519999 91.1462573626025 93.4914755460828 93.2199805723709 91.9528677519922
90.6861507245123 89.5753757260203 88.9628594842768 88.4898778282883 84.5093314929837 88.7016252803801 0 74.8349979793794 83.4984742639294 75.6120133392751 77.9330371790942 84.7200415290772 84.7036289530158 87.367479945412 85.5194838299007 87.3511319091826 87.2994361952838 87.0144732433957
90.4372372021832 90.5722370096519 89.299608797833 89.6922122441951 86.6511008236815 87.3985422847928 74.8349979793794 0 79.5765657369386 70.4857622301273 73.6150544197642 81.3769599159453 83.2067580073703 85.4972254544457 84.4773332476325 87.7935849867912 87.4825354092155 86.249044157104
90.00991931245 91.9858176056385 89.9377116785958 91.3734212345335 89.3818913619656 84.6595564074942 83.4984742639294 79.5765657369386 0 80.943337135734 80.7342661421173 71.9124372658146 84.1779208042287 83.5015785263991 85.5718526494896 89.7170505944318 89.2222296900154 87.0644049783666
91.2687189283341 91.0956768982011 90.1659193700637 90.2216584643998 87.1716919309492 88.4228902048013 75.6120133392751 70.4857622301273 80.943337135734 0 65.5673171147236 81.8246980227395 81.3176021151403 84.7750367768434 82.7421533019143 86.5495758812333 86.1627805672802 84.8380662989001
91.5747935068004 91.54351256105 90.6122600944054 90.7150838959359 87.8497272528937 88.5865931919939 77.9330371790942 73.6150544197642 80.7342661421173 65.5673171147236 0 81.1881938127257 79.8251320749173 83.8280408971425 81.5643848372161 86.213187821334 85.7011412532544 83.9456264861245
90.9437714085026 92.7640581743079 90.9641333996652 92.1838123268343 90.2807401307034 85.8541512699659 84.7200415290772 81.3769599159453 71.9124372658146 81.8246980227395 81.1881938127257 0 82.987250454927 81.0148061284962 84.5555802284506 89.4221471101878 88.8054231245407 86.0993176180241
93.3866032380404 93.4972683928071 92.793939960948 92.8176982334711 90.5442378147832 90.4396763737266 84.7036289530158 83.2067580073703 84.1779208042287 81.3176021151403 79.8251320749173 82.987250454927 0 79.6666125943455 69.0075970034796 84.2107909313872 82.7932501042643 76.2147245609115
93.3473474879104 94.4121562804198 93.2657117325289 93.8657499695428 92.0666771414978 89.616589519999 87.367479945412 85.4972254544457 83.5015785263991 84.7750367768434 83.8280408971425 81.0148061284962 79.6666125943455 0 81.0165466649615 88.0291737537244 87.0006960745015 82.1292907879716
93.8643033545058 93.7871474107853 93.2373132135245 93.1134560011991 90.8735784549966 91.1462573626025 85.5194838299007 84.4773332476325 85.5718526494896 82.7421533019143 81.5643848372161 84.5555802284506 69.0075970034796 81.0165466649615 0 82.9317158513511 81.1011246996244 71.6251957531956
95.1754680933125 93.910208373458 94.1649096180648 93.1832259614349 90.855597892659 93.4914755460828 87.3511319091826 87.7935849867912 89.7170505944318 86.5495758812333 86.213187821334 89.4221471101878 84.2107909313872 88.0291737537244 82.9317158513511 0 70.0644073288395 82.3017868304727
95.0923733121529 94.1011136198955 94.1849096125351 93.3982406240271 91.131040249541 93.2199805723709 87.2994361952838 87.4825354092155 89.2222296900154 86.1627805672802 85.7011412532544 88.8054231245407 82.7932501042643 87.0006960745015 81.1011246996244 70.0644073288395 0 79.9742370056535
94.5076857316869 94.3707962075664 93.9230158704857 93.7319376869222 91.6352955165991 91.9528677519922 87.0144732433957 86.249044157104 87.0644049783666 84.8380662989001 83.9456264861245 86.0993176180241 76.2147245609115 82.1292907879716 71.6251957531956 82.3017868304727 79.9742370056535 0
