0 72.5570171580838 74.3872598725851 87.0168149034182 83.0373941328712 89.9985976200845 84.6224845236715 90.1600971185223 85.2457006698491 89.2426299067881 91.693328996376 89.6032551369968 90.3504919448554 92.1113616441989 91.7412977474576 91.8040129320016 93.0835586227384 92.7512507438961
72.5570171580838 0 63.9536370923738 85.6238550502764 80.3007928328698 89.0281477013935 82.4108172720404 89.0150866898301 83.1600871064417 87.868818719292 90.6829239968011 88.3390605802349 89.5208084167507 91.1505729426928 91.0208149157414 91.1072657340557 92.3048329966193 92.0721000432078
74.3872598725851 63.9536370923738 0 85.7863355292019 80.3717313145694 89.1189908313318 81.4741215705682 88.9483653849128 82.3358293114501 87.5641249496329 90.521324885034 87.9486437055199 89.0598114841122 90.9219824802076 90.6374962592738 90.7255429245708 92.0242494915462 91.7403224689692
87.0168149034182 85.6238550502764 85.7863355292019 0 79.3238946993767 79.2684262627964 85.8005514005498 81.7889104258975 85.6854997764966 84.9346679140713 86.7594207960546 87.2537141011014 91.0136183076352 88.7702227652367 92.0025245385978 92.16645991492 91.6724502942748 92.5845942150338
83.0373941328712 80.3007928328698 80.3717313145694 79.3238946993767 0 85.2004363684256 81.5331201125923 85.1280073452 81.7244554419576 84.6224845236715 87.9799463518276 86.2147362266114 89.4098004215052 89.0724707021626 90.7669077974229 90.9193850103386 91.2218053619815 91.6359469985815
89.9985976200845 89.0281477013935 89.1189908313318 79.2684262627964 85.2004363684256 0 88.5626155199393 79.2893513591502 88.3658738348 86.0046173120216 85.6562542463234 88.3406424213812 92.1751485380807 88.4863243649409 92.8818153354696 93.0516780080575 91.9235409978307 93.2326514418015
84.6224845236715 82.4108172720404 81.4741215705682 85.8005514005498 81.5331201125923 88.5626155199393 0 87.0282358742598 62.9845369622933 83.0373941328712 87.873567814971 82.6459542896836 85.0592983201945 87.7915474623648 87.3162326125158 87.5039897254732 88.9669688788295 88.7516070094418
90.1600971185223 89.0150866898301 88.9483653849128 81.7889104258975 85.1280073452 79.2893513591502 87.0282358742598 0 86.638545100071 81.5047597563245 80.1887410569513 85.1137442339095 90.4401640436861 84.7904545651168 91.1428470035436 91.3619991629469 89.6429292563516 91.4510002480644
85.2457006698491 83.1600871064417 82.3358293114501 85.6854997764966 81.7244554419576 88.3658738348 62.9845369622933 86.638545100071 0 82.1726528210165 87.3975598292249 81.7060996897762 84.8019957644395 87.2773367693817 87.0605702158074 87.2711983398838 88.5776170713634 88.4812152551155
89.2426299067881 87.868818719292 87.5641249496329 84.9346679140713 84.6224845236715 86.0046173120216 83.0373941328712 81.5047597563245 82.1726528210165 0 80.5262780474765 75.8335870203637 86.6112462595499 81.2004909747474 87.69197985225 88.0105149591016 86.3143929201535 88.2753097867997
91.693328996376 90.6829239968011 90.521324885034 86.7594207960546 87.9799463518276 85.6562542463234 87.873567814971 80.1887410569513 87.3975598292249 80.5262780474765 0 83.2067580073703 89.4120891090325 78.0746463770612 89.7799514872702 90.0551794371828 86.8092101824516 89.7753642699971
89.6032551369968 88.3390605802349 87.9486437055199 87.2537141011014 86.2147362266114 88.3406424213812 82.6459542896836 85.1137442339095 81.7060996897762 75.8335870203637 83.2067580073703 0 83.8227066428045 81.165447272787 85.1362843532686 85.5649213092637 84.056636658772 85.9482062254415
90.3504919448554 89.5208084167507 89.0598114841122 91.0136183076352 89.4098004215052 92.1751485380807 85.0592983201945 90.4401640436861 84.8019957644395 86.6112462595499 89.4120891090325 83.8227066428045 0 87.6689334133668 75.1970763827091 75.5673171147236 84.9514861809543 80.738820882775
92.1113616441989 91.1505729426928 90.9219824802076 88.7702227652367 89.0724707021626 88.4863243649409 87.7915474623648 84.7904545651168 87.2773367693817 81.2004909747474 78.0746463770612 81.165447272787 87.6689334133668 0 87.7232102614768 88.0740403942904 82.8870181987264 87.4298640870463
91.7412977474576 91.0208149157414 90.6374962592738 92.0025245385978 90.7669077974229 92.8818153354696 87.3162326125158 91.1428470035436 87.0605702158074 87.69197985225 89.7799514872702 85.1362843532686 75.1970763827091 87.7232102614768 0 60.0272258085126 83.323798167022 74.589271005373
91.8040129320016 91.1072657340557 90.7255429245708 92.16645991492 90.9193850103386 93.0516780080575 87.5039897254732 91.3619991629469 87.2711983398838 88.0105149591016 90.0551794371828 85.5649213092637 75.5673171147236 88.0740403942904 60.0272258085126 0 83.8177725873539 75.0930706154422
93.0835586227384 92.3048329966193 92.0242494915462 91.6724502942748 91.2218053619815 91.9235409978307 88.9669688788295 89.6429292563516 88.5776170713634 86.3143929201535 86.8092101824516 84.056636658772 84.9514861809543 82.8870181987264 83.323798167022 83.8177725873539 0 81.1710222470333
92.7512507438961 92.0721000432078 91.7403224689692 92.5845942150338 91.6359469985815 93.2326514418015 88.7516070094418 91.4510002480644 88.4812152551155 88.2753097867997 89.7753642699971 85.9482062254415 80.738820882775 87.4298640870463 74.589271005373 75.0930706154422 81.1710222470333 0
