0 77.4373510896221 75.48350311048 82.4284256184798 80.5602344258814 80.7983625961264 83.5040149208872 81.7097415724374 83.8337609519373 81.704636948219 86.4451097251008 87.4800424472787 88.5910743048444 90.624673049637 91.026357377854 92.2026765744622 92.1259843966288 93.1505621462479
77.4373510896221 0 66.625354376404 77.0605702158074 84.5549470876843 84.5245899885005 79.546717201444 80.8681544022566 86.4930717190664 83.8146333429251 87.4995229711462 88.7966354858417 88.3121093254333 89.7657356159223 90.1512240050794 92.79025144391 91.8023800622476 93.7118597741768
75.48350311048 66.625354376404 0 77.4754622734875 83.4181597425046 83.3637795294295 79.5765657369386 79.5719595636413 85.5673171147236 82.5510227543453 86.7365991732866 88.110880710061 87.8492177063801 89.5753757260203 89.9900301822329 92.3912579207112 91.5456296529058 93.3508259159149
82.4284256184798 77.0605702158074 77.4754622734875 0 85.9975504115668 85.8005514005498 68.103370572082 78.6257587994545 87.2272264362371 84.0438945132429 86.9834364598563 88.6378489297544 86.5539494334243 87.6974540728827 88.1419378793926 92.3386648517134 90.4386216090875 93.3192771437265
80.5602344258814 84.5549470876843 83.4181597425046 85.9975504115668 0 60.943337135734 86.2504555155506 82.7741423075121 74.2066957450215 76.9639370490137 82.7273505510716 83.2093361878076 87.5096211309345 90.4982904275753 90.9538578642394 90.0692771132551 91.3472667813932 91.1963957883817
80.7983625961264 84.5245899885005 83.3637795294295 85.8005514005498 60.943337135734 0 86.0056807318553 82.2721384058195 73.2478263495168 75.5673171147236 82.022217387562 82.6722841132558 87.0956147452151 90.2211456292078 90.6920712851132 89.8313078103008 91.0811065360336 90.9994315893368
83.5040149208872 79.546717201444 79.5765657369386 68.103370572082 86.2504555155506 86.0056807318553 0 77.8812073451863 87.2598037653182 83.9405886754904 86.5662657802988 88.3666599593055 85.6198128316491 86.7365991732866 87.2312989625777 92.0103444593576 89.7779304192527 93.0261379211871
81.7097415724374 80.8681544022566 79.5719595636413 78.6257587994545 82.7741423075121 82.2721384058195 77.8812073451863 0 83.8086183742384 78.1064410733008 82.8138930850277 85.3485198997064 83.6408008670417 86.7948875492833 87.4269372455433 90.4180133181628 89.0918038217787 91.6223256619275
83.8337609519373 86.4930717190664 85.5673171147236 87.2272264362371 74.2066957450215 73.2478263495168 87.2598037653182 83.8086183742384 0 77.4947214838478 80.2272956583012 79.7571837034398 86.8064161790166 90.2405909195141 90.7179382878898 88.6289782308698 90.7300220844161 89.9152079015356
81.704636948219 83.8146333429251 82.5510227543453 84.0438945132429 76.9639370490137 75.5673171147236 83.9405886754904 78.1064410733008 77.4947214838478 0 78.922933573106 81.6065963893544 84.5446611251332 88.4453344140258 89.0188813411194 89.14994848217 89.6184481735395 90.4857622301273
86.4451097251008 87.4995229711462 86.7365991732866 86.9834364598563 82.7273505510716 82.022217387562 86.5662657802988 82.8138930850277 80.2272956583012 78.922933573106 0 74.4651623168477 81.8969485638254 87.4735316467302 88.1186029799154 86.0016174742824 87.6797417609795 87.8876340453048
87.4800424472787 88.7966354858417 88.110880710061 88.6378489297544 83.2093361878076 82.6722841132558 88.3666599593055 85.3485198997064 79.7571837034398 81.6065963893544 74.4651623168477 0 84.5657406810899 89.0112398515747 89.5451812628854 84.8172353991213 88.6913451449273 86.8148321182775
88.5910743048444 88.3121093254333 87.8492177063801 86.5539494334243 87.5096211309345 87.0956147452151 85.6198128316491 83.6408008670417 86.8064161790166 84.5446611251332 81.8969485638254 84.5657406810899 0 81.0653354230345 82.3452739215203 87.251570458212 82.6459542896836 88.8696831840732
90.624673049637 89.7657356159223 89.5753757260203 87.6974540728827 90.4982904275753 90.2211456292078 86.7365991732866 86.7948875492833 90.2405909195141 88.4453344140258 87.4735316467302 89.0112398515747 81.0653354230345 0 65.2906138161526 89.9985976200845 81.1289419602526 91.0742385169846
91.026357377854 90.1512240050794 89.9900301822329 88.1419378793926 90.9538578642394 90.6920712851132 87.2312989625777 87.4269372455433 90.7179382878898 89.0188813411194 88.1186029799154 89.5451812628854 82.3452739215203 65.2906138161526 0 90.3438230532718 81.3136159332918 91.3541791487781
92.2026765744622 92.79025144391 92.3912579207112 92.3386648517134 90.0692771132551 89.8313078103008 92.0103444593576 90.4180133181628 88.6289782308698 89.14994848217 86.0016174742824 84.8172353991213 87.251570458212 89.9985976200845 90.3438230532718 0 87.6132541289849 73.88799939735
92.1259843966288 91.8023800622476 91.5456296529058 90.4386216090875 91.3472667813932 91.0811065360336 89.7779304192527 89.0918038217787 90.7300220844161 89.6184481735395 87.6797417609795 88.6913451449273 82.6459542896836 81.1289419602526 81.3136159332918 87.6132541289849 0 88.7267622022879
93.1505621462479 93.7118597741768 93.3508259159149 93.3192771437265 91.1963957883817 90.9994315893368 93.0261379211871 91.6223256619275 89.9152079015356 90.4857622301273 87.8876340453048 86.8148321182775 88.8696831840732 91.0742385169846 91.3541791487781 73.88799939735 88.7267622022879 0
