0 62.0827706588024 78.6665542029632 87.4802850888848 80.0867687069284 80.0708701724473 84.4341688235299 82.5809149121538 89.1236155543266 85.7749292329038 89.8581989264069 86.8982993539898 91.8495631549677 89.250506630103 91.715198676593 89.5766455721024 89.8058950504383 91.1951664790885
62.0827706588024 0 77.7285209261352 87.8718063285063 79.6356543330438 80.0867687069284 84.7544879428325 82.4564057729971 89.3556800907944 85.6811254822013 90.0792898224381 86.6917490863679 92.0117475177293 89.3097425514618 91.8585998620449 89.5759278414063 89.7541176936389 91.1136705287218
78.6665542029632 77.7285209261352 0 88.6906959612515 70.9865508735604 77.0711757029314 84.3872598725851 78.2444988160306 89.2125036075832 82.5570171580838 89.980884696455 83.2067580073703 91.7781884758932 87.9710879147445 91.4668131279807 87.9150277486959 87.8408733127363 89.3122722994984
87.4802850888848 87.8718063285063 88.6906959612515 0 87.9486437055199 86.3453801341546 82.0323684124072 87.1599532598764 80.8378353124009 87.9095217280563 81.6242796866602 89.7314264593261 85.9607886400103 87.2425274907694 86.5063621434069 88.734109897043 89.8400000013917 91.5404855911982
80.0867687069284 79.6356543330438 70.9865508735604 87.9486437055199 0 72.5570171580838 82.6722841132558 73.3124084618408 88.2106092259997 80.0867687069284 89.0695474512013 81.6065963893544 91.0006676099956 86.6499338359494 90.6346994717011 86.6378724421932 86.6538791059361 88.4407002914246
80.0708701724473 80.0867687069284 77.0711757029314 86.3453801341546 72.5570171580838 0 79.5166621000467 71.5972095065864 86.7468837467999 79.6356543330438 87.7533311542067 82.5570171580838 90.0285009867422 85.6591876775859 89.6806109422008 86.0385636788188 86.4211867831382 88.4967489738495
84.4341688235299 84.7544879428325 84.3872598725851 82.0323684124072 82.6722841132558 79.5166621000467 0 80.4163711015047 81.8670341320252 81.8069354424815 83.5507596799415 85.1362843532686 87.1155122393398 83.2222041818708 86.801327225864 84.8630345165704 86.1489179538111 88.6052340688356
82.5809149121538 82.4564057729971 78.2444988160306 87.1599532598764 73.3124084618408 71.5972095065864 80.4163711015047 0 86.8322238025319 75.5372748548495 87.8248646916497 79.7118228162304 89.9179585158647 84.5446666861937 89.4492904672989 84.6224845236715 84.8491559212384 87.2010536304836
89.1236155543266 89.3556800907944 89.2125036075832 80.8378353124009 88.2106092259997 86.7468837467999 81.8670341320252 86.8322238025319 0 86.5220167514142 68.5466690134387 88.5513302520412 80.4994705976647 83.1155436921792 80.6188168979226 85.6159277699659 87.3663434520158 89.4644757442316
85.7749292329038 85.6811254822013 82.5570171580838 87.9095217280563 80.0867687069284 79.6356543330438 81.8069354424815 75.5372748548495 86.5220167514142 0 87.4880677087345 75.3208427639379 89.3067918987095 81.8564887327063 88.6230543495502 81.1969455668387 81.2202400656597 84.6150320210808
89.8581989264069 90.0792898224381 89.980884696455 81.6242796866602 89.0695474512013 87.7533311542067 83.5507596799415 87.8248646916497 68.5466690134387 87.4880677087345 0 89.3016199082415 78.3784347830183 84.0452735267046 79.1796993678356 86.3340981236618 87.989131632697 89.9061426262156
86.8982993539898 86.6917490863679 83.2067580073703 89.7314264593261 81.6065963893544 82.5570171580838 85.1362843532686 79.7118228162304 88.5513302520412 75.3208427639379 89.3016199082415 0 90.6613955544335 84.1406420790363 89.9985976200845 82.6083080760991 81.1920008338128 83.4499763303665
91.8495631549677 92.0117475177293 91.7781884758932 85.9607886400103 91.0006676099956 90.0285009867422 87.1155122393398 89.9179585158647 80.4994705976647 89.3067918987095 78.3784347830183 90.6613955544335 0 85.4302545113646 71.0929764186946 87.2598037653182 88.7630438748595 90.2786153939599
89.250506630103 89.3097425514618 87.9710879147445 87.2425274907694 86.6499338359494 85.6591876775859 83.2222041818708 84.5446666861937 83.1155436921792 81.8564887327063 84.0452735267046 84.1406420790363 85.4302545113646 0 83.9731365032165 73.6315130171405 79.2518147653263 83.760486836007
91.715198676593 91.8585998620449 91.4668131279807 86.5063621434069 90.6346994717011 89.6806109422008 86.801327225864 89.4492904672989 80.6188168979226 88.6230543495502 79.1796993678356 89.9985976200845 71.0929764186946 83.9731365032165 0 86.0020272229118 87.6947058314798 89.3255293548103
89.5766455721024 89.5759278414063 87.9150277486959 88.734109897043 86.6378724421932 86.0385636788188 84.8630345165704 84.6224845236715 85.6159277699659 81.1969455668387 86.3340981236618 82.6083080760991 87.2598037653182 73.6315130171405 86.0020272229118 0 72.9023336598264 80.5556381539358
89.8058950504383 89.7541176936389 87.8408733127363 89.8400000013917 86.6538791059361 86.4211867831382 86.1489179538111 84.8491559212384 87.3663434520158 81.2202400656597 87.989131632697 81.1920008338128 88.7630438748595 79.2518147653263 87.6947058314798 72.9023336598264 0 76.55792017597
91.1951664790885 91.1136705287218 89.3122722994984 91.5404855911982 88.4407002914246 88.4967489738495 88.6052340688356 87.2010536304836 89.4644757442316 84.6150320210808 89.9061426262156 83.4499763303665 90.2786153939599 83.760486836007 89.3255293548103 80.5556381539358 76.55792017597 0
