0 83.237595614941 82.0323684124072 81.1676208475889 86.0810297819301 89.4704726832842 89.3097425514618 89.6205755871228 89.9727842902114 92.8712411069405 93.9049412711066 93.5137960172793 93.673978264433 94.2525454416864 94.3328796595101 95.96590049791 95.9448474391809 96.4804687116958
83.237595614941 0 67.4754622734875 84.9796890336395 85.7804440646282 91.8892892027815 87.9477781460115 90.0793954825574 88.6334499109106 92.022217387562 94.4846136886567 92.6621725931982 92.9732400957078 93.1821886544929 94.6534613045724 95.9568358089318 95.4764436614737 96.7550939059161
82.0323684124072 67.4754622734875 0 83.7445660987571 84.9171797221646 91.3535074357316 87.5196314496235 89.550914896374 88.2656528056085 91.7916013027084 94.160977946489 92.4638680472675 92.7615937171742 93.051870788883 94.3616377049391 95.7442918210372 95.3180577722545 96.5295829639
81.1676208475889 84.9796890336395 83.7445660987571 0 80.0766070074589 86.6752658873116 85.8737330189105 85.5059180880046 86.8095049986684 90.5246738924964 91.6797875908655 91.365384977022 91.5099662011714 92.4157707311677 92.1883793840769 94.22273394325 94.2755346804814 94.8620348928276
86.0810297819301 85.7804440646282 84.9171797221646 80.0766070074589 0 87.8461841608603 79.6240495254852 81.9124372658146 81.4510002480644 87.5636885235227 90.5184382719691 88.7168802665761 88.9847314590875 90.0407897793214 90.790746753241 92.8692904114261 92.5966708617039 93.8839325870681
89.4704726832842 91.8892892027815 91.3535074357316 86.6752658873116 87.8461841608603 0 89.7249412143997 85.9140164997191 90.0607709142933 91.4541049406101 88.3593098650841 92.1027689051246 91.9280437922403 93.3556196094805 89.7915370129074 92.7800207093342 93.9226921993305 92.6959170857217
89.3097425514618 87.9477781460115 87.5196314496235 85.8737330189105 79.6240495254852 89.7249412143997 0 81.9409488876075 67.2987844798864 83.6408008670417 89.9742370056535 85.3264381747396 85.9079214169387 87.0028487113828 89.8329905787374 91.6420074557051 90.7794454432141 93.1321042862616
89.6205755871228 90.0793954825574 89.550914896374 85.5059180880046 81.9124372658146 85.9140164997191 81.9409488876075 0 82.2595237792253 85.1635852115797 86.492077935117 86.5650757693805 86.4578371154628 88.71306930358 86.9801455174539 90.2584243544002 90.5779097369011 91.4011692677949
89.9727842902114 88.6334499109106 88.2656528056085 86.8095049986684 81.4510002480644 90.0607709142933 67.2987844798864 82.2595237792253 0 82.270839384068 89.7726512510766 84.1923321062572 84.8913549073611 86.0551089699194 89.5166194000334 91.2489295886456 90.2196067601836 92.8731190752071
92.8712411069405 92.022217387562 91.7916013027084 90.5246738924964 87.5636885235227 91.4541049406101 83.6408008670417 85.1635852115797 82.270839384068 0 88.2390343987537 70.6680901478559 73.3218213389907 79.2492238225855 87.1227714840238 88.1364057609839 85.7976887652013 90.8101589335291
93.9049412711066 94.4846136886567 94.160977946489 91.6797875908655 90.5184382719691 88.3593098650841 89.9742370056535 86.492077935117 89.7726512510766 88.2390343987537 0 88.5486762135208 87.8083953232025 90.2619822706543 75.0257367888525 85.0986201025083 88.8445011122838 84.8190149299059
93.5137960172793 92.6621725931982 92.4638680472675 91.365384977022 88.7168802665761 92.1027689051246 85.3264381747396 86.5650757693805 84.1923321062572 70.6680901478559 88.5486762135208 0 68.1860958317419 76.1159043917855 87.2458413328871 87.627196302634 84.3872598725851 90.6024384182181
93.673978264433 92.9732400957078 92.7615937171742 91.5099662011714 88.9847314590875 91.9280437922403 85.9079214169387 86.4578371154628 84.8913549073611 73.3218213389907 87.8083953232025 68.1860958317419 0 78.1540902305646 86.2954147448156 86.6685681142304 83.4499763303665 89.9185803518264
94.2525454416864 93.1821886544929 93.051870788883 92.4157707311677 90.0407897793214 93.3556196094805 87.0028487113828 88.71306930358 86.0551089699194 79.2492238225855 90.2619822706543 76.1159043917855 78.1540902305646 0 89.0724707021626 88.6686756618325 84.3262500340324 91.5325297429229
94.3328796595101 94.6534613045724 94.3616377049391 92.1883793840769 90.790746753241 89.7915370129074 89.8329905787374 86.9801455174539 89.5166194000334 87.1227714840238 75.0257367888525 87.2458413328871 86.2954147448156 89.0724707021626 0 82.0897873861946 86.8965137729038 83.4206154648313
95.96590049791 95.9568358089318 95.7442918210372 94.22273394325 92.8692904114261 92.7800207093342 91.6420074557051 90.2584243544002 91.2489295886456 88.1364057609839 85.0986201025083 87.627196302634 86.6685681142304 88.6686756618325 82.0897873861946 0 82.9023336598264 80.9211962218816
95.9448474391809 95.4764436614737 95.3180577722545 94.2755346804814 92.5966708617039 93.9226921993305 90.7794454432141 90.5779097369011 90.2196067601836 85.7976887652013 88.8445011122838 84.3872598725851 83.4499763303665 84.3262500340324 86.8965137729038 82.9023336598264 0 87.9652232225263
96.4804687116958 96.7550939059161 96.5295829639 94.8620348928276 93.8839325870681 92.6959170857217 93.1321042862616 91.4011692677949 92.8731190752071 90.8101589335291 84.8190149299059 90.6024384182181 89.9185803518264 91.5325297429229 83.4206154648313 80.9211962218816 87.9652232225263 0
