0 64.9227372224544 78.5550952672913 87.3031982537424 88.9413060814717 82.8100758107315 88.4853291131239 83.7989102258118 83.8525827295616 85.8358888194266 91.2788921384959 89.2945330399795 92.4663578686463 92.0154572163129 92.4555029242986 93.8092489701073 93.7429708103214 94.9516004041437
64.9227372224544 0 79.7170505944318 87.8858782559868 89.4271972138598 83.5630990497122 88.9865196424415 83.1574795141574 83.6408008670417 85.4673355948484 91.5464808245837 89.5033716757062 92.5770450289665 91.9685775490842 92.3659800474342 93.873203801575 93.6895333266464 95.0432220534231
78.5550952672913 79.7170505944318 0 84.0735682389664 86.329437955213 74.6354957098355 85.6175174087116 84.2898848045664 82.099442252477 85.2698237358651 88.9962672837933 86.5304228410657 90.7169669589368 90.8136173969276 91.5222793329793 92.41855457111 92.8100758107315 93.6390197028864
87.3031982537424 87.8858782559868 84.0735682389664 0 73.6495197164266 81.3176021151403 70.9390112384342 89.9069455904272 88.2000037388758 89.9850808185757 85.3917877186133 85.9785202629748 90.0315636072439 92.0276040107322 92.9436298012717 92.0670407909923 93.7111709827367 92.7171302545242
88.9413060814717 89.4271972138598 86.329437955213 73.6495197164266 0 84.1542003235203 65.5673171147236 91.0432980021924 89.4790114660206 91.0197784996639 84.4555005891274 86.4628053548524 89.9769504982872 92.4120561665914 93.345919367006 92.0191023856282 93.9728130130932 92.4447587542196
82.8100758107315 83.5630990497122 74.6354957098355 81.3176021151403 84.1542003235203 0 83.1495301836082 85.8695443561659 83.1574795141574 86.1468621765672 87.1791191732642 84.5719301653208 89.6028733079278 90.3643930769318 91.2614598490377 91.5957721475987 92.4515153347507 92.7994976114227
88.4853291131239 88.9865196424415 85.6175174087116 70.9390112384342 65.5673171147236 83.1495301836082 0 90.586058004637 88.9141258386922 90.5466163811563 84.1239704853616 85.7799251013544 89.6426912422026 92.0536086459958 93.0147697909681 91.7612137767617 93.6876706945436 92.2828755809136
83.7989102258118 83.1574795141574 84.2898848045664 89.9069455904272 91.0432980021924 85.8695443561659 90.586058004637 0 76.8316543916761 74.6168963459942 91.4662321869248 88.3666599593055 91.1868239111801 89.0039657799144 89.2021401250958 92.3358293114501 91.1705069362443 93.9867164133394
83.8525827295616 83.6408008670417 82.099442252477 88.2000037388758 89.4790114660206 83.1574795141574 88.9141258386922 76.8316543916761 0 75.4304003347848 89.6872875792451 85.7217818991216 89.5369275454003 87.7839654973614 88.4228902048013 91.0632682823266 90.4103155081914 92.8561505956945
85.8358888194266 85.4673355948484 85.2698237358651 89.9850808185757 91.0197784996639 86.1468621765672 90.5466163811563 74.6168963459942 75.4304003347848 0 90.8610117915675 87.2415090959192 90.063109888422 87.170664680349 87.4269372455433 91.2408263214024 89.7754074692579 93.1443266343614
91.2788921384959 91.5464808245837 88.9962672837933 85.3917877186133 84.4555005891274 87.1791191732642 84.1239704853616 91.4662321869248 89.6872875792451 90.8610117915675 0 81.8590510203048 84.3279020717801 89.8648399147477 91.2440683698988 87.738943715606 91.5613126643503 88.0402758330119
89.2945330399795 89.5033716757062 86.5304228410657 85.9785202629748 86.4628053548524 84.5719301653208 85.7799251013544 88.3666599593055 85.7217818991216 87.2415090959192 81.8590510203048 0 82.4659160799072 86.38589285905 88.2495451146069 86.5364172448041 89.2234877779738 88.5852141068545
92.4663578686463 92.5770450289665 90.7169669589368 90.0315636072439 89.9769504982872 89.6028733079278 89.6426912422026 91.1868239111801 89.5369275454003 90.063109888422 84.3279020717801 82.4659160799072 0 85.0002150024618 87.2761725505028 78.4763605544927 87.022527196263 82.9436298012717
92.0154572163129 91.9685775490842 90.8136173969276 92.0276040107322 92.4120561665914 90.3643930769318 92.0536086459958 89.0039657799144 87.7839654973614 87.170664680349 89.8648399147477 86.38589285905 85.0002150024618 0 74.7051034208331 84.7603434569859 79.0720721431162 88.7262970466224
92.4555029242986 92.3659800474342 91.5222793329793 92.9436298012717 93.345919367006 91.2614598490377 93.0147697909681 89.2021401250958 88.4228902048013 87.4269372455433 91.2440683698988 88.2495451146069 87.2761725505028 74.7051034208331 0 86.7331655627619 77.6085169412828 90.0101474950707
93.8092489701073 93.873203801575 92.41855457111 92.0670407909923 92.0191023856282 91.5957721475987 91.7612137767617 92.3358293114501 91.0632682823266 91.2408263214024 87.738943715606 86.5364172448041 78.4763605544927 84.7603434569859 86.7331655627619 0 85.2650098301599 80.0114691479161
93.7429708103214 93.6895333266464 92.8100758107315 93.7111709827367 93.9728130130932 92.4515153347507 93.6876706945436 91.1705069362443 90.4103155081914 89.7754074692579 91.5613126643503 89.2234877779738 87.022527196263 79.0720721431162 77.6085169412828 85.2650098301599 0 88.8211879171355
94.9516004041437 95.0432220534231 93.6390197028864 92.7171302545242 92.4447587542196 92.7994976114227 92.2828755809136 93.9867164133394 92.8561505956945 93.1443266343614 88.0402758330119 88.5852141068545 82.9436298012717 88.7262970466224 90.0101474950707 80.0114691479161 88.8211879171355 0
