0 63.2478263495168 79.8026005337483 72.0660335954937 76.4571596226541 87.2928849503685 85.7735616599142 85.5372620133263 87.3431796161499 87.8556519737216 93.447537158823 94.1483310997927 94.4072581189073 94.403407467877 95.5800614300972 96.6173142467676 96.6354718543508 96.7925851484289
63.2478263495168 0 80.6374962592738 70.4780256178637 74.4124254254348 87.5738236355193 85.9640315687525 85.0274329204183 87.0264575627073 87.5784956785635 93.2917988349477 94.0858024886182 94.3503555230508 94.2980491931212 95.5534522383381 96.5883294845042 96.6056652460713 96.7073103887496
79.8026005337483 80.6374962592738 0 79.7204191792241 82.9051807267696 82.6805205897392 81.0553497228126 86.5075683494469 87.2353937067571 87.5413406915924 93.1749205603375 93.2707577629414 93.5261172881643 93.8701962402021 94.6503754385735 95.8201850438889 95.8453642677126 96.4000697542353
72.0660335954937 70.4780256178637 79.7204191792241 0 72.6751998198568 86.8148321182775 84.752681769041 83.5343311595986 85.7013730462738 86.3202690794079 92.6733886638959 93.4935912165928 93.777123336061 93.7262992166468 95.0639086026356 96.1527553555146 96.1706477362198 96.2801682015252
76.4571596226541 74.4124254254348 82.9051807267696 72.6751998198568 0 88.2171228302489 86.2899428940185 82.4612501273875 85.3921445576687 86.125843648819 92.4919060861951 93.6291650815569 93.919600048076 93.6971418110084 95.255205068914 96.301340043983 96.3161117646597 96.231733133126
87.2928849503685 87.5738236355193 82.6805205897392 86.8148321182775 88.2171228302489 0 76.4210841896122 88.6556632295984 88.125158524722 88.0664662225477 92.6912097369446 91.6977128945826 91.9300039167083 92.9092436769071 92.9158669657079 94.3267066013447 94.3646018352913 95.6007337277726
85.7735616599142 85.9640315687525 81.0553497228126 84.752681769041 86.2899428940185 76.4210841896122 0 86.2369649623784 85.5529977152642 85.5266933956535 91.5839203405909 91.0400993675379 91.341032147671 92.0720671541386 92.6559198824918 94.1082825279571 94.1410580499977 95.0576821573841
85.5372620133263 85.0274329204183 86.5075683494469 83.5343311595986 82.4612501273875 88.6556632295984 86.2369649623784 0 76.1677794707972 78.3479694181104 89.2428040951504 91.3307306167815 91.7271802232159 91.0854983354335 93.5544559764843 94.741466014674 94.7520906759195 94.3093253555547
87.3431796161499 87.0264575627073 87.2353937067571 85.7013730462738 85.3921445576687 88.125158524722 85.5529977152642 76.1677794707972 0 65.2742774795764 87.5110249283942 89.6683961291933 90.1450923558343 89.4947323542961 92.2955025178851 93.6526808403657 93.6649357901915 93.2925400665734
87.8556519737216 87.5784956785635 87.5413406915924 86.3202690794079 86.125843648819 88.0664662225477 85.5266933956535 78.3479694181104 65.2742774795764 0 86.9898991315026 89.1295264978172 89.635430041368 88.9922245819579 91.9002599641319 93.3152545014854 93.3280637052176 92.9856225628036
93.447537158823 93.2917988349477 93.1749205603375 92.6733886638959 92.4919060861951 92.6912097369446 91.5839203405909 89.2428040951504 87.5110249283942 86.9898991315026 0 85.0274329204183 85.6942351696241 79.7663675195519 89.1764571284303 90.3663214972997 90.3418153365648 87.3668020066698
94.1483310997927 94.0858024886182 93.2707577629414 93.4935912165928 93.6291650815569 91.6977128945826 91.0400993675379 91.3307306167815 89.6683961291933 89.1295264978172 85.0274329204183 0 64.9227372224544 80.1580432145353 81.2915731610546 85.0050358034175 85.026684373226 87.0401146867614
94.4072581189073 94.3503555230508 93.5261172881643 93.777123336061 93.919600048076 91.9300039167083 91.341032147671 91.7271802232159 90.1450923558343 89.635430041368 85.6942351696241 64.9227372224544 0 80.8919843249252 79.9038949927935 84.1061587218149 84.1327701721695 86.8589261167471
94.403407467877 94.2980491931212 93.8701962402021 93.7262992166468 93.6971418110084 92.9092436769071 92.0720671541386 91.0854983354335 89.4947323542961 88.9922245819579 79.7663675195519 80.1580432145353 80.8919843249252 0 85.876523218055 87.3471575828297 87.3082160992677 84.4632316900903
95.5800614300972 95.5534522383381 94.6503754385735 95.0639086026356 95.255205068914 92.9158669657079 92.6559198824918 93.5544559764843 92.2955025178851 91.9002599641319 89.1764571284303 81.2915731610546 79.9038949927935 85.876523218055 0 77.8718063285063 78.103370572082 87.7494114256519
96.6173142467676 96.5883294845042 95.8201850438889 96.1527553555146 96.301340043983 94.3267066013447 94.1082825279571 94.741466014674 93.6526808403657 93.3152545014854 90.3663214972997 85.0050358034175 84.1061587218149 87.3471575828297 77.8718063285063 0 50.943337135734 86.9487100793787
96.6354718543508 96.6056652460713 95.8453642677126 96.1706477362198 96.3161117646597 94.3646018352913 94.1410580499977 94.7520906759195 93.6649357901915 93.3280637052176 90.3418153365648 85.026684373226 84.1327701721695 87.3082160992677 78.103370572082 50.943337135734 0 86.8282951458061
96.7925851484289 96.7073103887496 96.4000697542353 96.2801682015252 96.231733133126 95.6007337277726 95.0576821573841 94.3093253555547 93.2925400665734 92.9856225628036 87.3668020066698 87.0401146867614 86.8589261167471 84.4632316900903 87.7494114256519 86.9487100793787 86.8282951458061 0
