0 86.9257690522703 88.3886138704597 89.4833594670039 90.2584243544002 88.2097943381431 88.9069986855092 89.4295383100754 87.0775265860798 91.2795848479266 87.1185824845969 89.4900404546874 90.6953567583125 88.6273416866258 88.8709066755035 90.7665018326547 89.7468991299264 91.0653800960415
86.9257690522703 0 72.5868656935784 84.1613919743094 84.7814907955383 85.0561662659079 86.125843648819 86.0056807318553 87.7494114256519 87.0605702158074 90.0303314592563 87.2302909628742 87.9347740096789 89.4849924039971 90.119502725599 89.3255293548103 90.3410248902675 89.4153607755433
88.3886138704597 72.5868656935784 0 83.2478263495168 83.5392759245935 85.0257367888525 85.9785202629748 85.6238550502764 88.2130529725628 86.0914700857269 90.5783821298769 87.0637545821867 87.4908764682633 89.7968255298479 90.4461135819627 89.157162133207 90.5456658670192 89.1806870197213
89.4833594670039 84.1613919743094 83.2478263495168 0 69.6356543330438 76.4578371154628 77.1342704420015 74.484421527208 84.4786527265116 77.0071507868401 88.3390605802349 79.2492238225855 79.2684262627964 86.1827463242763 87.2128184249981 83.3588019416995 86.8817337465467 83.2478263495168
90.2584243544002 84.7814907955383 83.5392759245935 69.6356543330438 0 79.5765657369386 79.6707254104607 77.3382020284199 85.8246120982086 74.3279020717801 89.2299361010872 80.9302887188506 79.8531331056309 87.1841629117356 88.1037833370425 84.0608757462916 87.7056993033671 83.7989102258118
88.2097943381431 85.0561662659079 85.0257367888525 76.4578371154628 79.5765657369386 0 68.103370572082 71.8069354424815 80.0867687069284 81.3414426772175 85.7863355292019 74.3872598725851 78.8108513571896 82.9507287536883 84.4029933944999 81.1963957883817 84.2005457159281 81.5879170280032
88.9069986855092 86.125843648819 85.9785202629748 77.1342704420015 79.6707254104607 68.103370572082 0 67.9330371790942 80.1912970937131 80.4857622301273 85.8203757673713 68.7966354858417 76.1020755728508 82.4427749544275 83.9769883532373 79.1123755294906 83.4694405414077 79.5407227977055
89.4295383100754 86.0056807318553 85.6238550502764 74.484421527208 77.3382020284199 71.8069354424815 67.9330371790942 0 82.0861101013499 78.1860958317419 86.8584352256806 71.7711908388985 74.3279020717801 83.8351303535884 85.150469836279 79.6707254104607 84.5775764649058 79.7170505944318
87.0775265860798 87.7494114256519 88.2130529725628 84.4786527265116 85.8246120982086 80.0867687069284 80.1912970937131 82.0861101013499 0 86.3303309311581 79.4497994875647 80.237526392877 83.5081091981508 74.8832754080427 77.6842896908925 82.0727368965748 79.178079427437 83.0088975767243
91.2795848479266 87.0605702158074 86.0914700857269 77.0071507868401 74.3279020717801 81.3414426772175 80.4857622301273 78.1860958317419 86.3303309311581 0 89.5178683060867 80.6607330446118 77.3382020284199 87.188583286151 88.0688068036245 82.7273505510716 87.4181448674708 82.1226754861304
87.1185824845969 90.0303314592563 90.5783821298769 88.3390605802349 89.2299361010872 85.7863355292019 85.8203757673713 86.8584352256806 79.4497994875647 89.5178683060867 0 85.6694391116945 87.4658005457673 78.240217525138 76.8880812393972 85.8987805111985 80.4905850455247 86.5662657802988
89.4900404546874 87.2302909628742 87.0637545821867 79.2492238225855 80.9302887188506 74.3872598725851 68.7966354858417 71.7711908388985 80.237526392877 80.6607330446118 85.6694391116945 0 73.6150544197642 81.6730885040523 83.292056112778 75.9539297579115 82.3921913186054 76.6136007973246
90.6953567583125 87.9347740096789 87.4908764682633 79.2684262627964 79.8531331056309 78.8108513571896 76.1020755728508 74.3279020717801 83.5081091981508 77.3382020284199 87.4658005457673 73.6150544197642 0 84.1123642670887 85.2840363853605 76.1020755728508 84.2250937501173 75.0930706154422
88.6273416866258 89.4849924039971 89.7968255298479 86.1827463242763 87.1841629117356 82.9507287536883 82.4427749544275 83.8351303535884 74.8832754080427 87.188583286151 78.240217525138 81.6730885040523 84.1123642670887 0 68.1860958317419 81.2889447161276 71.4915127830699 82.3956632437768
88.8709066755035 90.119502725599 90.4461135819627 87.2128184249981 88.1037833370425 84.4029933944999 83.9769883532373 85.150469836279 77.6842896908925 88.0688068036245 76.8880812393972 83.292056112778 85.2840363853605 68.1860958317419 0 82.6024814104044 71.1087117467451 83.5525004906365
90.7665018326547 89.3255293548103 89.157162133207 83.3588019416995 84.0608757462916 81.1963957883817 79.1123755294906 79.6707254104607 82.0727368965748 82.7273505510716 85.8987805111985 75.9539297579115 76.1020755728508 81.2889447161276 82.6024814104044 0 80.6047544631244 63.9536370923738
89.7468991299264 90.3410248902675 90.5456658670192 86.8817337465467 87.7056993033671 84.2005457159281 83.4694405414077 84.5775764649058 79.178079427437 87.4181448674708 80.4905850455247 82.3921913186054 84.2250937501173 71.4915127830699 71.1087117467451 80.6047544631244 0 81.7387672097631
91.0653800960415 89.4153607755433 89.1806870197213 83.2478263495168 83.7989102258118 81.5879170280032 79.5407227977055 79.7170505944318 83.0088975767243 82.1226754861304 86.5662657802988 76.6136007973246 75.0930706154422 82.3956632437768 83.5525004906365 63.9536370923738 81.7387672097631 0
