0 78.8179418809182 74.7635075614827 87.1143894407578 75.6854997764966 87.0263049790189 79.5765657369386 80.3534795727897 83.8681130724119 89.2073249576102 86.0340175859056 86.8148321182775 86.8761978059386 86.6218316414651 87.9199887622108 91.287616185988 91.3734212345335 89.7754074692579
78.8179418809182 0 73.447537158823 89.8920337031865 82.3452739215203 89.8118787934715 82.5420156066597 80.5906463462703 86.8428331489911 91.1568842665482 87.5424991364325 88.2753097867997 88.2905355522908 86.7067506377919 87.9710879147445 92.727926500256 92.7273505510716 89.6549784637635
74.7635075614827 73.447537158823 0 88.6252767520647 78.6148957965558 88.5147846808475 78.9298435901867 76.9639370490137 84.752681769041 89.9491930022336 85.8005514005498 86.6766955363947 86.7055985102301 85.3461292680899 86.8428331489911 91.7308044784701 91.7358733600348 88.8398492236681
87.1143894407578 89.8920337031865 88.6252767520647 0 85.435034457386 58.6114154916587 86.7331655627619 88.43141718532 83.2478263495168 81.9401435468265 86.8092101824516 86.7956877693918 86.9345227862877 89.6239007539644 90.1871639077538 86.4136961331341 87.094417010166 91.4529317334505
75.6854997764966 82.3452739215203 78.6148957965558 85.435034457386 0 85.2454133070661 74.2066957450215 78.7320818557614 79.5943768821453 87.2991797988463 83.1574795141574 84.1593214403875 84.2596343120333 84.8825972015924 86.3653649600743 89.7543293196242 89.8335513566863 88.5626155199393
87.0263049790189 89.8118787934715 88.5147846808475 58.6114154916587 85.2454133070661 0 86.5092789991126 88.2537848292332 82.8011084195338 81.4370935927573 86.4865137952484 86.4620152086586 86.606281304848 89.4070382074964 89.9745265385332 86.1460377425266 86.8288877638623 91.2626911834434
79.5765657369386 82.5420156066597 78.9298435901867 86.7331655627619 74.2066957450215 86.5092789991126 0 73.5201228844259 79.2234877779738 87.4181448674708 80.6792333700066 82.1654959184623 82.2337877346136 81.9089615194754 83.964480905296 89.5700166380199 89.5317156500199 86.7594207960546
80.3534795727897 80.5906463462703 76.9639370490137 88.43141718532 78.7320818557614 88.2537848292332 73.5201228844259 0 82.7273505510716 88.9243164563589 82.5390090680702 83.8123906654578 83.8146333429251 81.1963957883817 83.5008850021645 90.6579511859799 90.5708176693204 86.3303309311581
83.8681130724119 86.8428331489911 84.752681769041 83.2478263495168 79.5943768821453 82.8011084195338 79.2234877779738 82.7273505510716 0 83.1391823978766 78.103370572082 78.922933573106 79.2234877779738 83.9536370923738 85.0964100579897 86.5828917856921 86.6511008236815 87.3827962632147
89.2073249576102 91.1568842665482 89.9491930022336 81.9401435468265 87.2991797988463 81.4370935927573 87.4181448674708 88.9243164563589 83.1391823978766 0 84.8913549073611 84.2596343120333 84.4166372889035 88.5369933522933 88.7737928568809 78.7966354858417 80.1445703986412 89.8581541741292
86.0340175859056 87.5424991364325 85.8005514005498 86.8092101824516 83.1574795141574 86.4865137952484 80.6792333700066 82.5390090680702 78.103370572082 84.8913549073611 0 66.5063621434069 66.6253543764039 79.2684262627964 80.4372372021831 86.7594207960546 86.4505113704269 83.8146333429251
86.8148321182775 88.2753097867997 86.6766955363947 86.7956877693918 84.1593214403875 86.4620152086586 82.1654959184623 83.8123906654578 78.922933573106 84.2596343120333 66.5063621434069 0 50.9433371357339 80.4078597858648 80.9865508735604 86.000262209856 85.6120133392751 83.8681130724119
86.8761978059386 88.2905355522908 86.7055985102301 86.9345227862877 84.2596343120333 86.606281304848 82.2337877346136 83.8146333429251 79.2234877779738 84.4166372889035 66.6253543764039 50.9433371357339 0 80.1912970937131 80.7342661421173 86.082168991845 85.6811254822013 83.6710330012516
86.6218316414651 86.7067506377919 85.3461292680899 89.6239007539644 84.8825972015924 89.4070382074964 81.9089615194754 81.1963957883817 83.9536370923738 88.5369933522933 79.2684262627964 80.4078597858648 80.1912970937131 0 70.855597892659 89.593191742332 89.259475688825 79.4497994875647
87.9199887622108 87.9710879147445 86.8428331489911 90.1871639077538 86.3653649600743 89.9745265385332 83.964480905296 83.5008850021645 85.0964100579897 88.7737928568809 80.4372372021831 80.9865508735604 80.7342661421173 70.855597892659 0 89.5178683060867 89.1044238431331 75.5523155632995
91.287616185988 92.727926500256 91.7308044784701 86.4136961331341 89.7543293196242 86.1460377425266 89.5700166380199 90.6579511859799 86.5828917856921 78.7966354858417 86.7594207960546 86.000262209856 86.082168991845 89.593191742332 89.5178683060867 0 67.9330371790942 90.1262622632876
91.3734212345335 92.7273505510716 91.7358733600348 87.094417010166 89.8335513566863 86.8288877638623 89.5317156500199 90.5708176693204 86.6511008236815 80.1445703986412 86.4505113704269 85.6120133392751 85.6811254822013 89.259475688825 89.1044238431331 67.9330371790942 0 89.6385877643063
89.7754074692579 89.6549784637635 88.8398492236681 91.4529317334505 88.5626155199393 91.2626911834434 86.7594207960546 86.3303309311581 87.3827962632147 89.8581541741292 83.8146333429251 83.8681130724119 83.6710330012516 79.4497994875647 75.5523155632995 90.1262622632876 89.6385877643063 0
