0 84.0104900544404 80.9865508735604 84.2413823573747 86.4967004156867 86.6265279866851 88.0639385603448 90.9645655979856 87.3867381239972 92.0911144554496 87.7711035988784 89.0758055054399 88.9298435901867 90.1804390796997 89.115684439989 90.351306175842 89.9769504982872 90.9482876383669
84.0104900544404 0 74.5349059833165 85.8343113688326 84.1990083411599 84.2533357175248 84.7727182968245 86.4879203122543 87.9917414392993 88.0721962259296 88.3491478087726 85.435034457386 86.2977963962605 86.5316386031448 86.6213147098174 87.5803463896305 87.7028045614472 87.8452979360192
80.9865508735604 74.5349059833165 0 83.622091328923 83.0331223084966 83.1574795141574 84.5016820945834 87.7203189504791 86.6029953102007 89.2716184311276 87.0382140342669 85.6346054276547 86.0056807318553 87.0253872127773 86.3202690794079 87.6642425375004 87.4995229711462 88.2103599152691
84.2413823573747 85.8343113688326 83.622091328923 0 79.546717201444 79.8419543483159 83.2222041818708 89.3255293548103 77.0711757029314 90.8378353124009 78.2993261327158 85.2255257735477 83.8681130724119 87.0520671395345 84.0268466216013 86.4200481713888 85.2698237358651 87.7529720686211
86.4967004156867 84.1990083411599 83.0331223084966 79.546717201444 0 50.9433371357341 74.0608757462916 86.0016174742824 80.6047544631244 88.1407920610298 81.2331141878218 78.8874500347159 76.8092101824516 82.3326765383033 77.4658005457673 81.7043835763006 80.3534795727897 83.6601325461106
86.6265279866851 84.2533357175248 83.1574795141574 79.8419543483159 50.9433371357341 0 73.447537158823 85.876523218055 80.738820882775 88.0428173008416 81.3414426772175 78.5440098177631 76.3715914053258 82.1027689051246 77.0711757029314 81.4516502802634 80.0814756595712 83.457143164403
88.0639385603448 84.7727182968245 84.5016820945834 83.2222041818708 74.0608757462916 73.447537158823 0 83.785387812752 83.2067580073703 86.440724448383 83.5392759245935 71.5030743861362 70.4372372021832 78.103370572082 72.2787262194362 77.6494598193475 76.8982993539898 80.2485906171297
90.9645655979856 86.4879203122543 87.7203189504791 89.3255293548103 86.0016174742824 85.876523218055 83.785387812752 0 89.5166621000467 74.9227372224544 89.6648998632169 81.71841364989 84.3139343989393 79.2428040951504 84.5150597129644 82.9023993817419 84.7200415290772 80.7560718032226
87.3867381239972 87.9917414392993 86.6029953102007 77.0711757029314 80.6047544631244 80.738820882775 83.2067580073703 89.5166621000467 0 90.9822487981031 60.943337135734 85.0235033290683 82.9106243619669 86.7365991732866 82.8634330622707 85.4355330607458 83.7445660987571 87.0934646618622
92.0911144554496 88.0721962259296 89.2716184311276 90.8378353124009 88.1407920610298 88.0428173008416 86.440724448383 74.9227372224544 90.9822487981031 0 91.1002870209992 84.9148195903345 86.7514468623435 83.0331223084966 86.8784130290517 85.4274405135092 86.8982993539898 83.5817298877764
87.7711035988784 88.3491478087726 87.0382140342669 78.2993261327158 81.2331141878218 81.3414426772175 83.5392759245935 89.6648998632169 60.943337135734 91.1002870209992 0 85.2431284153697 83.1155436921792 86.8784130290517 83.0331223084966 85.5070652317153 83.785387812752 87.1673611672529
89.0758055054399 85.435034457386 85.6346054276547 85.2255257735477 78.8874500347159 78.5440098177631 71.5030743861362 81.71841364989 85.0235033290683 84.9148195903345 85.2431284153697 0 72.7571512190799 72.6357509563624 73.7581967812851 74.3872598725851 76.2386351777377 76.706750637792
88.9298435901867 86.2977963962605 86.0056807318553 83.8681130724119 76.8092101824516 76.3715914053258 70.4372372021832 84.3139343989393 82.9106243619669 86.7514468623435 83.1155436921792 72.7571512190799 0 77.8007545217567 57.9330371790942 74.5696224742911 71.4741215705682 78.9796200592691
90.1804390796997 86.5316386031448 87.0253872127773 87.0520671395345 82.3326765383033 82.1027689051246 78.103370572082 79.2428040951504 86.7365991732866 83.0331223084966 86.8784130290517 72.6357509563624 77.8007545217567 0 78.0360367454923 73.8278834074782 78.1200421657566 70.8584818017051
89.115684439989 86.6213147098174 86.3202690794079 84.0268466216013 77.4658005457673 77.0711757029314 72.2787262194362 84.5150597129644 82.8634330622707 86.8784130290517 83.0331223084966 73.7581967812851 57.9330371790942 78.0360367454923 0 74.0785995578628 69.6356543330438 78.878527923805
90.351306175842 87.5803463896305 87.6642425375004 86.4200481713888 81.7043835763006 81.4516502802634 77.6494598193475 82.9023993817419 85.4355330607458 85.4274405135092 85.5070652317153 74.3872598725851 74.5696224742911 73.8278834074782 74.0785995578628 0 71.0766260540671 72.0827706588024
89.9769504982872 87.7028045614472 87.4995229711462 85.2698237358651 80.3534795727897 80.0814756595712 76.8982993539898 84.7200415290772 83.7445660987571 86.8982993539898 83.785387812752 76.2386351777377 71.4741215705682 78.1200421657566 69.6356543330438 71.0766260540671 0 77.5981141966144
90.9482876383669 87.8452979360192 88.2103599152691 87.7529720686211 83.6601325461106 83.457143164403 80.2485906171297 80.7560718032226 87.0934646618622 83.5817298877764 87.1673611672529 76.706750637792 78.9796200592691 70.8584818017051 78.878527923805 72.0827706588024 77.5981141966144 0
