0 81.3769599159453 85.7735013371753 82.8438513133261 88.1142143850042 89.0281477013935 91.8694910451496 93.1089544862133 93.4073380372769 93.8924062417859 93.5886820865167 93.9893193991704 94.399460167757 94.4122128595003 94.8473012585835 95.1000804813966 95.9868701931198 96.2006507042411
81.3769599159453 0 83.5153213971275 72.5868656935784 82.8634330622707 84.4786527265116 88.8461887760664 90.8520511837489 90.9315953261369 91.7079210128555 91.1705069362443 91.7532076048429 92.3364552860681 92.2586125398348 92.7923289060329 93.0973331466729 94.2187997860454 94.4632316900903
85.7735013371753 83.5153213971275 0 85.5523155632995 86.9508886321302 87.7783103125321 90.5366135954557 89.2684262627964 91.989915045822 93.2347779326333 92.1730280796715 91.3008355089306 91.5718150675595 92.0721489703617 93.4947121739989 93.5069059996893 94.8219056521051 94.5775764649058
82.8438513133261 72.5868656935784 85.5523155632995 0 81.5653952239311 83.3513248469073 88.1465843099084 91.1011246996244 90.4299114571472 91.0365710695442 90.6861507245123 91.71192523702 92.3738070487899 92.1399213964834 92.4034895957707 92.8007413114836 93.8677170865154 94.2596343120333
88.1142143850042 82.8634330622707 86.9508886321302 81.5653952239311 0 69.0724707021626 82.79025144391 88.6341550069162 86.593546419187 87.9199887622108 86.9866778667631 88.7723611954805 89.8135428417755 89.2354565280872 89.4892720944398 90.0158379645473 91.4919875272128 91.9752146242434
89.0281477013935 84.4786527265116 87.7783103125321 83.3513248469073 69.0724707021626 0 80.788610269172 88.3255916171591 85.3681348263785 86.9049079448957 85.8203757673713 88.1341628747489 89.3096448693293 88.5430497371221 88.6328095003493 89.2428040951504 90.8137522250376 91.3844210101952
91.8694910451496 88.8461887760664 90.5366135954557 88.1465843099084 82.79025144391 80.788610269172 0 87.8221923842211 77.7647878994723 81.8388559645986 78.8179418809182 85.8005514005498 87.5531133947388 85.6567763018454 84.191339397076 85.4288545277498 87.5371403844957 88.6665542029632
93.1089544862133 90.8520511837489 89.2684262627964 91.1011246996244 88.6341550069162 88.3255916171591 87.8221923842211 0 87.8319828162819 90.6435497940177 87.9060271031893 80.7750878561122 79.7702232507512 83.5308142342643 88.8844673393706 88.0538131744044 90.6265178697918 89.0119174309222
93.4073380372769 90.9315953261369 91.989915045822 90.4299114571472 86.593546419187 85.3681348263785 77.7647878994723 87.8319828162819 0 79.5407227977055 59.9742370056535 84.3139343989393 86.3732929041717 83.2797458630435 78.5678855866753 80.9865508735604 84.1872921731259 85.9195436335469
93.8924062417859 91.7079210128555 93.2347779326333 91.0365710695442 87.9199887622108 86.9049079448957 81.8388559645986 90.6435497940177 79.5407227977055 0 79.5407227977055 88.222814231182 89.5708192012788 87.4127826518276 81.6976435959782 84.4805765116235 84.5255967382504 87.8461841608603
93.5886820865167 91.1705069362443 92.1730280796715 90.6861507245123 86.9866778667631 85.8203757673713 78.8179418809182 87.9060271031893 59.9742370056535 79.5407227977055 0 84.2413823573747 86.2980095929041 83.0613229993719 77.482230213933 80.2375263928769 83.6444149337505 85.5085157137867
93.9893193991704 91.7532076048429 91.3008355089306 91.71192523702 88.7723611954805 88.1341628747489 85.8005514005498 80.7750878561122 84.3139343989393 88.222814231182 84.2413823573747 0 72.9675751488086 72.2321519563486 84.8433400133466 83.1990142701287 87.2846401805456 84.9227372224544
94.399460167757 92.3364552860681 91.5718150675595 92.3738070487899 89.8135428417755 89.3096448693293 87.5531133947388 79.7702232507512 86.3732929041717 89.5708192012788 86.2980095929041 72.9675751488086 0 77.0711757029314 86.4930717190664 84.8849172436707 88.2905355522908 85.5056227450913
94.4122128595003 92.2586125398348 92.0721489703617 92.1399213964834 89.2354565280872 88.5430497371221 85.6567763018454 83.5308142342643 83.2797458630435 87.4127826518276 83.0613229993719 72.2321519563486 77.0711757029314 0 82.9106243619669 80.4639764517302 85.6459716053848 82.7338768366782
94.8473012585835 92.7923289060329 93.4947121739989 92.4034895957707 89.4892720944398 88.6328095003493 84.191339397076 88.8844673393706 78.5678855866753 81.6976435959782 77.482230213933 84.8433400133466 86.4930717190664 82.9106243619669 0 73.4877981501616 77.9330371790942 82.0101034576279
95.1000804813966 93.0973331466729 93.5069059996893 92.8007413114836 90.0158379645473 89.2428040951504 85.4288545277498 88.0538131744044 80.9865508735604 84.4805765116235 80.2375263928769 83.1990142701287 84.8849172436707 80.4639764517302 73.4877981501616 0 78.807339435791 78.6738840693766
95.9868701931198 94.2187997860454 94.8219056521051 93.8677170865154 91.4919875272128 90.8137522250376 87.5371403844957 90.6265178697918 84.1872921731259 84.5255967382504 83.6444149337505 87.2846401805456 88.2905355522908 85.6459716053848 77.9330371790942 78.807339435791 0 80.629457875893
96.2006507042411 94.4632316900903 94.5775764649058 94.2596343120333 91.9752146242434 91.3844210101952 88.6665542029632 89.0119174309222 85.9195436335469 87.8461841608603 85.5085157137867 84.9227372224544 85.5056227450913 82.7338768366782 82.0101034576279 78.6738840693766 80.629457875893 0
