0 86.5650757693805 86.9476203930553 90.6174127017087 90.1219691744904 90.9638961394993 91.8974717802185 91.4309947889642 92.0737413166122 93.4338801940676 93.3049294415307 94.5758833456809 95.1754680933125 94.5931597520566 95.8595373090571 95.5596487369547 96.7627199985539 96.8903557477976
86.5650757693805 0 78.1200421657566 82.3105428072981 80.6566816942637 83.0028560196049 85.289026176076 84.18133234718 87.0071507868401 88.2150278384396 87.9538334430254 90.1912970937131 91.1672083925984 90.8821062851461 92.2117126781193 91.8325443135075 93.7822265154946 94.1291872365223
86.9476203930553 78.1200421657566 0 84.9504435034663 83.0464000327772 84.9497378383687 86.9747808619358 84.6438079530299 85.0830368532146 89.0619370543482 88.6738840693766 90.3822376182188 91.693328996376 89.9448227429275 92.4529220807393 91.7239084584284 93.3925375748586 93.5633366222523
90.6174127017087 82.3105428072981 84.9504435034663 0 71.6301204870869 67.9129850303457 74.6354957098355 78.092176578783 86.2196361444474 82.3873107093588 82.1556516872302 86.4578371154628 87.4298640870463 89.3456530853151 89.1798809481806 89.148739486005 92.0599940951292 92.7723318112166
90.1219691744904 80.6566816942637 83.0464000327772 71.6301204870869 0 70.9865508735604 78.2252637775493 76.0621707455228 84.8285103198917 83.5273151766891 83.0459912968669 86.7406914905253 88.1014223649776 88.7896364492395 89.5556933220744 89.2021401250958 91.9435808886569 92.5515343707294
90.9638961394993 83.0028560196049 84.9497378383687 67.9129850303457 70.9865508735604 0 73.334791796729 75.0257367888525 85.2778026599094 81.3096260893556 80.826422247793 85.5496331490386 86.869883509619 88.5812203375685 88.6148957965558 88.4407002914246 91.5240265165794 92.2647625677876
91.8974717802185 85.289026176076 86.9747808619358 74.6354957098355 78.2252637775493 73.334791796729 0 78.3178894484835 86.4967004156867 78.0198977232859 78.0360367454923 84.3398387118709 85.2003092693599 88.7966354858417 87.4932146951586 87.7619220684121 91.2298628720652 92.1441384770285
91.4309947889642 84.18133234718 84.6438079530299 78.092176578783 76.0621707455228 75.0257367888525 78.3178894484835 0 82.2719238603613 81.3096260893556 80.1567169265976 84.2497214426143 86.6008669927134 86.6038280738198 87.9762509169206 87.1882207608685 90.4330822842118 91.1441454429393
92.0737413166122 87.0071507868401 85.0830368532146 86.2196361444474 84.8285103198917 85.2778026599094 86.4967004156867 82.2719238603613 0 86.7975407238338 86.0056807318553 86.5184091547906 89.2047333150932 82.6342007106042 89.4448800003639 87.5123344905314 89.3905934154663 89.4809274664817
93.4338801940676 88.2150278384396 89.0619370543482 82.3873107093588 83.5273151766891 81.3096260893556 78.0198977232859 81.3096260893556 86.7975407238338 0 65.7291266872543 79.2740296882695 80.3632546343883 87.6061543893228 83.9405886754904 84.7814907955383 89.5017135798926 90.797155077221
93.3049294415307 87.9538334430254 88.6738840693766 82.1556516872302 83.0459912968669 80.826422247793 78.0360367454923 80.1567169265976 86.0056807318553 65.7291266872543 0 78.6223132959149 81.0843403509302 86.9508886321302 84.0702549600865 84.3967352561511 89.213150504854 90.4823830698686
94.5758833456809 90.1912970937131 90.3822376182188 86.4578371154628 86.7406914905253 85.5496331490386 84.3398387118709 84.2497214426143 86.5184091547906 79.2740296882695 78.6223132959149 0 78.3073021585004 85.0561662659079 79.0403420925241 78.2155285360629 86.3340981236618 88.2616413386156
95.1754680933125 91.1672083925984 91.693328996376 87.4298640870463 88.1014223649776 86.869883509619 85.2003092693599 86.6008669927134 89.2047333150932 80.3632546343883 81.0843403509302 78.3073021585004 0 88.280925491606 76.7559863262713 82.3662720650719 88.0908247429846 89.9753226061638
94.5931597520566 90.8821062851461 89.9448227429275 89.3456530853151 88.7896364492395 88.5812203375685 88.7966354858417 86.6038280738198 82.6342007106042 87.6061543893228 86.9508886321302 85.0561662659079 88.280925491606 0 87.4267495945163 83.717601621982 84.3557033681209 84.2169264795973
95.8595373090571 92.2117126781193 92.4529220807393 89.1798809481806 89.5556933220744 88.6148957965558 87.4932146951586 87.9762509169206 89.4448800003639 83.9405886754904 84.0702549600865 79.0403420925241 76.7559863262713 87.4267495945163 0 78.6223132959149 85.725525218962 88.2603014451318
95.5596487369547 91.8325443135075 91.7239084584284 89.148739486005 89.2021401250958 88.4407002914246 87.7619220684121 87.1882207608685 87.5123344905314 84.7814907955383 84.3967352561511 78.2155285360629 82.3662720650719 83.717601621982 78.6223132959149 0 82.1093686913781 85.3299175738652
96.7627199985539 93.7822265154946 93.3925375748586 92.0599940951292 91.9435808886569 91.5240265165794 91.2298628720652 90.4330822842118 89.3905934154663 89.5017135798926 89.213150504854 86.3340981236618 88.0908247429846 84.3557033681209 85.725525218962 82.1093686913781 0 76.8428331489911
96.8903557477976 94.1291872365223 93.5633366222523 92.7723318112166 92.5515343707294 92.2647625677876 92.1441384770285 91.1441454429393 89.4809274664817 90.797155077221 90.4823830698686 88.2616413386156 89.9753226061638 84.2169264795973 88.2603014451318 85.3299175738652 76.8428331489911 0
