0 82.0154368322127 83.4087231722466 86.3603773685769 83.7262992166468 85.5897579890155 86.6917490863679 88.8727176318722 88.1441028634154 88.3666599593055 88.6030013835912 89.7543293196242 90.7665018326547 89.9199852668202 91.1410338419676 90.6736873524199 91.3675170171665 91.8749865732997
82.0154368322127 0 79.7692718367098 80.8776994407101 78.1200421657566 77.9846896303049 85.2585829776085 83.8984876198535 84.7472587363043 84.3616377049391 83.8703271661733 85.1675938994461 86.9996193558102 86.9852138601991 89.1915516475521 87.965013082243 89.3305690360477 88.6190735668121
83.4087231722466 79.7692718367098 0 86.159714979119 67.7624257107213 84.5016820945834 78.7410516875776 86.921385559777 80.6644883876431 81.5617412552188 83.0204689644005 86.7515882667314 89.0139773743088 84.4166372889035 86.5982734344227 85.7863355292019 86.9468884010647 90.166438767878
86.3603773685769 80.8776994407101 86.159714979119 0 85.2003092693599 71.3049652538888 89.0924689484848 79.3158392118577 87.8928971582322 87.1426142386487 85.8019704317074 83.6895333266464 83.6663955797549 89.0793777291274 91.1025454962609 89.7145446508228 91.1040553030743 86.0142435116831
83.7262992166468 78.1200421657566 67.7624257107213 85.2003092693599 0 83.290875528901 80.3134982103822 85.9094735065043 80.3134982103822 80.715999260007 81.8211513138294 85.7563298690626 88.2293095695683 84.1126755953994 86.6716406158269 85.5220081176502 86.9508886321302 89.4903942274493
85.5897579890155 77.9846896303049 84.5016820945834 71.3049652538888 83.290875528901 0 87.9061177139253 79.0724707021626 86.5312285764294 85.6998900838645 84.2518437238644 82.7845283824356 83.8965934612937 87.9710879147445 90.2119042252309 88.7197799126989 90.2299525908118 86.2028505482141
86.6917490863679 85.2585829776085 78.7410516875776 89.0924689484848 80.3134982103822 87.9061177139253 0 89.1675580484497 79.3443980803016 81.828241837558 84.4555005891274 88.4776355514882 90.6234942756704 82.8711469671821 83.8164568641621 84.2759371499281 84.5321991797927 91.4497449699315
88.8727176318722 83.8984876198535 86.921385559777 79.3158392118577 85.9094735065043 79.0724707021626 89.1675580484497 0 86.9763539616612 85.7615910807791 83.4644245485154 76.6809414155223 76.6098717826156 87.669856364134 90.0814756595712 88.2000037388758 89.9687889403635 81.2004909747474
88.1441028634154 84.7472587363043 80.6644883876431 87.8928971582322 80.3134982103822 86.5312285764294 79.3443980803016 86.9763539616612 0 70.4857622301273 78.2753097867997 85.4024912752453 88.4638216139284 75.3261368013563 81.2508781076647 78.7654750127382 81.6065963893544 89.3395752837657
88.3666599593055 84.3616377049391 81.5617412552188 87.1426142386487 80.715999260007 85.6998900838645 81.828241837558 85.7615910807791 70.4857622301273 0 73.7989102258118 83.7262992166468 87.3382020284199 75.4079805220902 82.3753605933732 78.5840357190636 82.420100378145 88.2957629638964
88.6030013835912 83.8703271661733 83.0204689644005 85.8019704317074 81.8211513138294 84.2518437238644 84.4555005891274 83.4644245485154 78.2753097867997 73.7989102258118 0 80.3930962198545 85.2970022018606 79.3931782172409 84.6370983270385 80.9568708550072 84.484421527208 86.4892000095586
89.7543293196242 85.1675938994461 86.7515882667314 83.6895333266464 85.7563298690626 82.7845283824356 88.4776355514882 76.6809414155223 85.4024912752453 83.7262992166468 80.3930962198545 0 78.0529683256868 85.6055573524238 88.5208606127023 86.066114196939 88.3065052147751 80.6913689012426
90.7665018326547 86.9996193558102 89.0139773743088 83.6663955797549 88.2293095695683 83.8965934612937 90.6234942756704 76.6098717826156 88.4638216139284 87.3382020284199 85.2970022018606 78.0529683256868 0 88.6367889062285 90.7762668885231 88.923534815634 90.593000884045 73.5808859923127
89.9199852668202 86.9852138601991 84.4166372889035 89.0793777291274 84.1126755953994 87.9710879147445 82.8711469671821 87.669856364134 75.3261368013563 75.4079805220902 79.3931782172409 85.6055573524238 88.6367889062285 0 77.7738075181225 69.0724707021626 77.4836774317679 89.2408763249838
91.1410338419676 89.1915516475521 86.5982734344227 91.1025454962609 86.6716406158269 90.2119042252309 83.8164568641621 90.0814756595712 81.2508781076647 82.3753605933732 84.6370983270385 88.5208606127023 90.7762668885231 77.7738075181225 0 76.6136007973246 64.7271889241304 91.1770965171296
90.6736873524199 87.965013082243 85.7863355292019 89.7145446508228 85.5220081176502 88.7197799126989 84.2759371499281 88.2000037388758 78.7654750127382 78.5840357190636 80.9568708550072 86.066114196939 88.923534815634 69.0724707021626 76.6136007973246 0 75.4482416883368 89.3818913619656
91.3675170171665 89.3305690360477 86.9468884010647 91.1040553030743 86.9508886321302 90.2299525908118 84.5321991797927 89.9687889403635 81.6065963893544 82.420100378145 84.484421527208 88.3065052147751 90.593000884045 77.4836774317679 64.7271889241304 75.4482416883368 0 90.9541105495449
91.8749865732997 88.6190735668121 90.166438767878 86.0142435116831 89.4903942274493 86.2028505482141 91.4497449699315 81.2004909747474 89.3395752837657 88.2957629638964 86.4892000095586 80.6913689012426 73.5808859923127 89.2408763249838 91.1770965171296 89.3818913619656 90.9541105495449 0
