0 85.5971656502182 80.788610269172 79.546717201444 82.3200425081016 88.6230543495502 82.5057990397075 83.0384872811603 83.206702968249 85.3176715737137 89.804083081736 91.831428800347 91.8019488736185 92.2905017069858 92.4570356382086 93.653384393591 93.7657573065408 94.0097315459766
85.5971656502182 0 88.5962964327146 84.4166372889035 81.1510920176696 79.9360690089101 83.4694405414077 88.3279715303536 86.9517508339127 86.0941238864933 89.3952100638563 89.2894513429609 92.215033271733 92.6182054715543 92.2895700323584 92.2531040517902 92.7463289487539 92.7583430204116
80.788610269172 88.5962964327146 0 80.8110544783965 84.5869706818913 90.2211456292078 83.3836330260342 75.4304003347848 79.9342524543786 84.1427215355371 88.5364758074483 91.7308044784701 90.0692771132551 90.6559169270019 91.1423891337802 93.1194924223973 93.0384656781803 93.4262583620372
79.546717201444 84.4166372889035 80.8110544783965 0 75.5372620133263 86.6323912855628 72.6459542896836 79.546717201444 76.3733226326777 79.0924689484848 86.657846945931 89.53712217999 89.6127053130504 90.228363672455 90.3210228062334 91.7528471795289 91.8874859310401 92.1900093127201
82.3200425081016 81.1510920176696 84.5869706818913 75.5372620133263 0 83.7989102258118 70.943337135734 83.5081091981508 80.7178108160786 79.546717201444 86.4285123335367 88.3893958898764 89.9003244053271 90.4675524723892 90.3089771870867 91.1902457592883 91.4927780016437 91.7020900883324
88.6230543495502 79.9360690089101 90.2211456292078 86.6323912855628 83.7989102258118 0 85.1097422091168 89.5124377387419 88.0037344176502 86.3152293981705 88.2501153758897 86.4284596991444 91.4959733935759 91.8624696415009 91.2489295886456 90.4513653653806 91.2149204041079 91.0872822984694
82.5057990397075 83.4694405414077 83.3836330260342 72.6459542896836 70.943337135734 85.1097422091168 0 81.5313920024931 77.4685944262552 76.0621707455228 85.346028195416 88.2301208042432 89.0220684557673 89.6603711891306 89.5890412042683 90.857813115772 91.0753087329333 91.3608158529667
83.0384872811603 88.3279715303536 75.4304003347848 79.546717201444 83.5081091981508 89.5124377387419 81.5313920024931 0 74.1195014069539 80.9865508735604 86.4043605920935 90.4823830698686 88.3390605802349 89.0542137761473 89.5943768821453 91.9401435468265 91.8215192813891 92.2787262194362
83.206702968249 86.9517508339127 79.9342524543786 76.3733226326777 80.7178108160786 88.0037344176502 77.4685944262552 74.1195014069539 0 75.9158888332586 84.7544879428325 89.1558622665954 87.7648265929256 88.5301856345584 88.8463846207577 91.0280273441715 91.0028600046079 91.4420651550697
85.3176715737137 86.0941238864933 84.1427215355371 79.0924689484848 79.546717201444 86.3152293981705 76.0621707455228 80.9865508735604 75.9158888332586 0 81.9500828376482 87.0382140342669 86.8092101824516 87.6245691889086 87.5859951372108 89.546717201444 89.6494163581429 90.0782967319053
89.804083081736 89.3952100638563 88.5364758074483 86.657846945931 86.4285123335367 88.2501153758897 85.346028195416 86.4043605920935 84.7544879428325 81.9500828376482 0 83.8004028184047 81.3757404754043 82.5570171580838 81.4699886623713 85.4297312624364 85.2068228736091 86.1094122949704
91.831428800347 89.2894513429609 91.7308044784701 89.53712217999 88.3893958898764 86.4284596991444 88.2301208042432 90.4823830698686 89.1558622665954 87.0382140342669 83.8004028184047 0 87.650433087972 87.8744157194344 86.1350517739506 81.8810549507213 84.067792555572 83.4984742639294
91.8019488736185 92.215033271733 90.0692771132551 89.6127053130504 89.9003244053271 91.4959733935759 89.0220684557673 88.3390605802349 87.7648265929256 86.8092101824516 81.3757404754043 87.650433087972 0 67.0700482796701 75.5971656502182 86.3715914053258 84.9492245051515 86.4309154214711
92.2905017069858 92.6182054715543 90.6559169270019 90.228363672455 90.4675524723892 91.8624696415009 89.6603711891306 89.0542137761473 88.5301856345584 87.6245691889086 82.5570171580838 87.8744157194344 67.0700482796701 0 74.3916741637017 86.1361905264945 84.4786527265116 86.0832932373563
92.4570356382086 92.2895700323584 91.1423891337802 90.3210228062334 90.3089771870867 91.2489295886456 89.5890412042683 89.5943768821453 88.8463846207577 87.5859951372108 81.4699886623713 86.1350517739506 75.5971656502182 74.3916741637017 0 83.5392759245935 81.3395770423243 83.5201228844259
93.653384393591 92.2531040517902 93.1194924223973 91.7528471795289 91.1902457592883 90.4513653653806 90.857813115772 91.9401435468265 91.0280273441715 89.546717201444 85.4297312624364 81.8810549507213 86.3715914053258 86.1361905264945 83.5392759245935 0 73.4517133502795 68.103370572082
93.7657573065408 92.7463289487539 93.0384656781803 91.8874859310401 91.4927780016437 91.2149204041079 91.0753087329333 91.8215192813891 91.0028600046079 89.6494163581429 85.2068228736091 84.067792555572 84.9492245051515 84.4786527265116 81.3395770423243 73.4517133502795 0 70.8622334914765
94.0097315459766 92.7583430204116 93.4262583620372 92.1900093127201 91.7020900883324 91.0872822984694 91.3608158529667 92.2787262194362 91.4420651550697 90.0782967319053 86.1094122949704 83.4984742639294 86.4309154214711 86.0832932373563 83.5201228844259 68.103370572082 70.8622334914765 0
