0 91.2343328039695 86.5364172448041 88.4228902048013 89.6945287903597 93.6798304829701 92.6235952234803 92.854772035283 92.8699590929709 94.0321781622108 93.3876925556533 94.1427215355371 94.7845405534729 95.3704848779154 96.1506609190541 96.999080896344 97.5784618398856 97.6185197442295
91.2343328039695 0 85.8987805111985 91.8810549507213 91.6355767087045 89.1551959618225 89.9769504982872 90.273145354966 91.2913409505518 91.5328612749278 92.8688143029769 93.8323098989597 94.7472587363043 94.7602413789577 95.5045671676779 96.7448287795751 96.6698462882576 97.1244336078832
86.5364172448041 85.8987805111985 0 86.2118970069928 86.3516352768448 88.8426679450515 87.5906968209211 88.0360367454923 88.6088193480173 90.0257239444519 90.1564682213253 91.4296970200605 92.5269620566865 92.9418249943485 93.9540713651425 95.2688613815045 95.6198620814727 95.8920339340686
88.4228902048013 91.8810549507213 86.2118970069928 0 74.484421527208 90.229855602271 87.4802850888848 87.7303414857171 86.8408957986144 89.3655911228759 86.7835595109095 88.0639385603448 89.157162133207 90.3811794122729 91.6922326161407 92.9676753606263 93.994485216088 93.9575133877354
89.6945287903597 91.6355767087045 86.3516352768448 74.484421527208 0 88.9180900111074 85.4841598430449 85.7520263726057 84.4751434255061 87.670560601302 84.4616495137641 86.2389238659457 87.7285209261352 89.0259674826947 90.5622918724125 92.1120699990065 93.1247518173108 93.1587237534344
93.6798304829701 89.1551959618225 88.8426679450515 90.229855602271 88.9180900111074 0 79.5765657369386 79.546717201444 83.0941005199413 80.4880024637961 86.6788780780457 88.1729652251589 89.7543293196242 89.1640184476241 90.3029418256257 92.4957863074959 92.0242494915462 92.9250874250352
92.6235952234803 89.9769504982872 87.5906968209211 87.4802850888848 85.4841598430449 79.5765657369386 0 62.0827706588024 74.9394245690972 77.7967109586945 82.5026650788678 85.1757958751021 87.4532080795685 87.2967230195474 88.9785910914993 91.4125788780344 91.4618055188714 92.140697121518
92.854772035283 90.273145354966 88.0360367454923 87.7303414857171 85.7520263726057 79.546717201444 62.0827706588024 0 73.9459093674191 76.2738172981764 82.0581408712617 84.7761036398105 87.1342704420015 86.8864208430359 88.6208308091898 91.1544028200552 91.1705069362443 91.8863844092192
92.8699590929709 91.2913409505518 88.6088193480173 86.8408957986144 84.4751434255061 83.0941005199413 74.9394245690972 73.9459093674191 0 77.4658005457673 77.7917907521781 82.0254505816657 85.148592599438 85.2003092693599 87.3908581331711 90.1693175996458 90.4977469202094 91.1007058805085
94.0321781622108 91.5328612749278 90.0257239444519 89.3655911228759 87.670560601302 80.4880024637961 77.7967109586945 76.2738172981764 77.4658005457673 0 81.8810549507213 83.8448878851795 86.1951320113203 85.1757958751021 86.9777807388917 90.0234294614479 89.6768086567027 90.6829239968011
93.3876925556533 92.8688143029769 90.1564682213253 86.7835595109095 84.4616495137641 86.6788780780457 82.5026650788678 82.0581408712617 77.7917907521781 81.8810549507213 0 74.3667467542599 80.535930036019 81.7819451443998 85.022662557465 88.2419060612298 89.2517084906335 89.5961539856901
94.1427215355371 93.8323098989597 91.4296970200605 88.0639385603448 86.2389238659457 88.1729652251589 85.1757958751021 84.7761036398105 82.0254505816657 83.8448878851795 74.3667467542599 0 74.7635075614827 77.7967109586945 82.4447587542196 86.3303309311581 87.8928971582322 88.0736608587524
94.7845405534729 94.7472587363043 92.5269620566865 89.157162133207 87.7285209261352 89.7543293196242 87.4532080795685 87.1342704420015 85.148592599438 86.1951320113203 80.535930036019 74.7635075614827 0 75.7007276150271 80.237526392877 84.09464030757 86.8148321182775 86.5196682135106
95.3704848779154 94.7602413789577 92.9418249943485 90.3811794122729 89.0259674826947 89.1640184476241 87.2967230195474 86.8864208430359 85.2003092693599 85.1757958751021 81.7819451443998 77.7967109586945 75.7007276150271 0 74.9014662032497 82.9604174693413 84.6363574749308 85.0796871077196
96.1506609190541 95.5045671676779 93.9540713651425 91.6922326161407 90.5622918724125 90.3029418256257 88.9785910914993 88.6208308091898 87.3908581331711 86.9777807388917 85.022662557465 82.4447587542196 80.237526392877 74.9014662032497 0 79.4681370721026 81.3769599159453 81.9359246833037
96.999080896344 96.7448287795751 95.2688613815045 92.9676753606263 92.1120699990065 92.4957863074959 91.4125788780344 91.1544028200552 90.1693175996458 90.0234294614479 88.2419060612298 86.3303309311581 84.09464030757 82.9604174693413 79.4681370721026 0 80.788610269172 75.6435984389659
97.5784618398856 96.6698462882576 95.6198620814727 93.994485216088 93.1247518173108 92.0242494915462 91.4618055188714 91.1705069362443 90.4977469202094 89.6768086567027 89.2517084906335 87.8928971582322 86.8148321182775 84.6363574749308 81.3769599159453 80.788610269172 0 76.9253787648615
97.6185197442295 97.1244336078832 95.8920339340686 93.9575133877354 93.1587237534344 92.9250874250352 92.140697121518 91.8863844092192 91.1007058805085 90.6829239968011 89.5961539856901 88.0736608587524 86.5196682135106 85.0796871077196 81.9359246833037 75.6435984389659 76.9253787648615 0
