0 85.8966566439589 80.237526392877 84.9383437488801 86.7468837467999 93.6634267977869 94.177421024554 94.4166372889035 93.3430851469034 93.4623948404553 94.7113442034771 94.0751474476489 93.9604811098386 94.8656522504458 95.0745122547173 95.7086403623547 95.9837488759699 95.8191947586283
85.8966566439589 0 87.5404992276225 83.1500808560236 86.1440066291295 92.0967790944484 92.5537212599636 92.9284729500043 93.4389376995426 93.9803533930284 93.5155615976098 93.7847105856041 94.2743825397199 95.1039144283644 94.7391114690121 94.7461733166746 94.8962515195789 95.2060092071301
80.237526392877 87.5404992276225 0 83.2707577629414 83.9209422467254 92.3942546456509 93.0242563737839 93.2478263495168 91.3797102316597 91.4125788780344 93.4722777783779 92.3850001741272 92.0697118700997 93.176470994799 93.5817231849162 94.5414328828669 94.9084394642593 94.5418945210132
84.9383437488801 83.1500808560236 83.2707577629414 0 75.8005514005498 89.823392216269 90.5761485886361 90.9645655979856 90.4857622301273 91.1136705287218 91.4902187142753 91.1623276216133 91.5756342041611 92.7167506735872 92.4920877608528 92.9586476154968 93.273323818853 93.2893546911704
86.7468837467999 86.1440066291295 83.9209422467254 75.8005514005498 0 88.4780643456951 89.4122284636216 89.7997758540917 88.7205045218303 89.4888264938635 90.2790284231601 89.591312363545 90.0340247909082 91.3804543811694 91.1768847130618 91.8966209054366 92.3060252276994 92.1658216481851
93.6634267977869 92.0967790944484 92.3942546456509 89.823392216269 88.4780643456951 0 70.237526392877 72.8049286157943 86.0454711931145 88.3344305842044 77.1861580940907 84.3059326558759 87.8779684079293 88.6877768249837 85.604595839916 83.2015970503529 83.7262992166468 85.4658028809384
94.177421024554 92.5537212599636 93.0242563737839 90.5761485886361 89.4122284636216 70.237526392877 0 66.2436571168457 87.0070390058036 89.0874908103253 75.9126336164662 85.1757958751021 88.5776170713634 89.1767750439405 85.9566689221897 82.2819183877674 82.4324470668276 85.2505360143668
94.4166372889035 92.9284729500043 93.2478263495168 90.9645655979856 89.7997758540917 72.8049286157943 66.2436571168457 0 86.737743107132 88.8679544492035 72.6628036306483 84.6425201055486 88.2735859451688 88.7894052589998 85.2334975602715 80.790940634658 81.0493672763181 84.2635830783257
93.3430851469034 93.4389376995426 91.3797102316597 90.4857622301273 88.7205045218303 86.0454711931145 87.0070390058036 86.737743107132 0 75.6562542463234 85.7153956306693 75.7691711835839 74.4817716096797 79.9626157354457 81.1446815368997 86.6946692755407 87.9561874675262 85.2601282434039
93.4623948404553 93.9803533930284 91.4125788780344 91.1136705287218 89.4888264938635 88.3344305842044 89.0874908103253 88.8679544492035 75.6562542463234 0 88.0251722674397 81.1569675699895 70.9643644592141 78.6110734075422 83.5964124572703 88.5582179424 89.6176272720855 87.0334986137106
94.7113442034771 93.5155615976098 93.4722777783779 91.4902187142753 90.2790284231601 77.1861580940907 75.9126336164662 72.6628036306483 85.7153956306693 88.0251722674397 0 82.9188992672694 87.2272264362371 87.5935153898588 83.0970686635682 77.1861580940907 78.6738840693766 81.6251957531956
94.0751474476489 93.7847105856041 92.3850001741272 91.1623276216133 89.591312363545 84.3059326558759 85.1757958751021 84.6425201055486 75.7691711835839 81.1569675699895 82.9188992672694 0 79.0724707021626 80.6560956231151 75.8005514005498 83.8146333429251 85.5447953106515 81.8564887327063
93.9604811098386 94.2743825397199 92.0697118700997 91.5756342041611 90.0340247909082 87.8779684079293 88.5776170713634 88.2735859451688 74.4817716096797 70.9643644592141 87.2272264362371 79.0724707021626 0 74.7814907955383 81.4510002480644 87.5605177126806 88.7515488942688 85.6562542463234
94.8656522504458 95.1039144283644 93.176470994799 92.7167506735872 91.3804543811694 88.6877768249837 89.1767750439405 88.7894052589998 79.9626157354457 78.6110734075422 87.5935153898588 80.6560956231151 74.7814907955383 0 80.3980229870522 87.3031982537424 88.5241253582302 84.7635075614827
95.0745122547173 94.7391114690121 93.5817231849162 92.4920877608528 91.1768847130618 85.604595839916 85.9566689221897 85.2334975602715 81.1446815368997 83.5964124572703 83.0970686635682 75.8005514005498 81.4510002480644 80.3980229870522 0 82.0861101013499 84.2005457159281 77.3382020284199
95.7086403623547 94.7461733166746 94.5414328828669 92.9586476154968 91.8966209054366 83.2015970503529 82.2819183877674 80.790940634658 86.6946692755407 88.5582179424 77.1861580940907 83.8146333429251 87.5605177126806 87.3031982537424 82.0861101013499 0 70.943337135734 76.9312422033652
95.9837488759699 94.8962515195789 94.9084394642593 93.273323818853 92.3060252276994 83.7262992166468 82.4324470668276 81.0493672763181 87.9561874675262 89.6176272720855 78.6738840693766 85.5447953106515 88.7515488942688 88.5241253582302 84.2005457159281 70.943337135734 0 80.0867687069284
95.8191947586283 95.2060092071301 94.5418945210132 93.2893546911704 92.1658216481851 85.4658028809384 85.2505360143668 84.2635830783257 85.2601282434039 87.0334986137106 81.6251957531956 81.8564887327063 85.6562542463234 84.7635075614827 77.3382020284199 76.9312422033652 80.0867687069284 0
