0 83.6408008670417 85.0830368532146 79.0955449917272 76.1677794707972 78.7608908822587 80.6979818430793 83.5273151766891 80.715999260007 85.0002150024618 84.2979161426279 87.1394871931621 83.4975085701887 84.4786527265116 87.2668975981248 88.874613907023 90.3330351079629 89.4098004215052
83.6408008670417 0 90.4103155081914 87.4207494219316 85.840110052371 85.8625542615955 81.432695698598 79.0724707021626 82.3105428072981 79.05908719444 79.7170505944318 91.2266091204097 86.4269869019869 87.3342158465714 90.7451895052074 91.6683056195142 92.7445958873746 91.6951556819209
85.0830368532146 90.4103155081914 0 80.5637463395219 83.5081091981508 84.6373512727003 88.2848643622386 89.9003244053271 88.0402758330119 90.7008710260969 90.2359933182647 81.4238688668901 87.3316664842589 87.3352127350916 85.1478457267947 87.0620141233921 88.3666599593055 88.5271565534808
79.0955449917272 87.4207494219316 80.5637463395219 0 72.7298996521854 76.3404736528974 83.6964506811521 86.3023578109115 83.2663753755554 87.4905534848253 86.7939093937669 82.7867930577507 82.6135550936366 83.0168203688736 83.6915657704553 86.1192544428531 87.9906594211696 87.2091124700613
76.1677794707972 85.840110052371 83.5081091981508 72.7298996521854 0 69.9742370056535 80.8132788313685 84.2596343120333 80.237526392877 85.7376505077114 84.877334088665 84.5869706818913 80.4373613400795 81.3887347396581 84.4341688235299 86.5875614390702 88.4407002914246 87.3242343555791
78.7608908822587 85.8625542615955 84.6373512727003 76.3404736528974 69.9742370056535 0 79.5534014339602 83.5008850021645 78.6223132959149 85.0930706154422 84.09464030757 84.5719301653208 77.3545589253839 78.6957997331364 83.6337942323103 85.8394933351087 87.8594558778782 86.4309154214711
80.6979818430793 81.432695698598 88.2848643622386 83.6964506811521 80.8132788313685 79.5534014339602 0 74.7529211349232 62.0440965844584 78.5721666921912 76.3595416332882 88.370895122752 79.2428040951504 81.1945367819628 87.2744745403196 88.5263989529871 90.0187354366873 88.512677941027
83.5273151766891 79.0724707021626 89.9003244053271 86.3023578109115 84.2596343120333 83.5008850021645 74.7529211349232 0 76.2581263061566 69.6356543330438 62.9845369622933 89.9937364164961 82.5866924246149 83.8879993973499 88.9642297145514 89.9118266960841 91.1676208475889 89.7468991299264
80.715999260007 82.3105428072981 88.0402758330119 83.2663753755554 80.237526392877 78.6223132959149 62.0440965844584 76.2581263061566 0 79.5287091114304 77.4947214838478 87.9951295844708 77.9712019995741 80.1964580507305 86.7956877693918 88.1053157442419 89.6648998632169 88.0933368098544
85.0002150024618 79.05908719444 90.7008710260969 87.4905534848253 85.7376505077114 85.0930706154422 78.5721666921912 69.6356543330438 79.5287091114304 0 66.2581263061566 90.7633342770328 84.0794809687311 85.1395907446115 89.7571837034398 90.5758860723908 91.7250042174156 90.3494979591081
84.2979161426279 79.7170505944318 90.2359933182647 86.7939093937669 84.877334088665 84.09464030757 76.3595416332882 62.9845369622933 77.4947214838478 66.2581263061566 0 90.2375263928769 82.8955830801856 84.1114246562642 89.157162133207 90.0396877687885 91.2622670128388 89.8195101390914
87.1394871931621 91.2266091204097 81.4238688668901 82.7867930577507 84.5869706818913 84.5719301653208 88.370895122752 89.9937364164961 87.9951295844708 90.7633342770328 90.2375263928769 0 85.870827930069 85.3429764949431 77.8275353557611 81.045638232179 83.201597050353 83.9968508302003
83.4975085701887 86.4269869019869 87.3316664842589 82.6135550936366 80.4373613400795 77.3545589253839 79.2428040951504 82.5866924246149 77.9712019995741 84.0794809687311 82.8955830801856 85.870827930069 0 67.2855762564555 83.4280180839334 85.0257367888525 87.1279173857937 84.8552429329194
84.4786527265116 87.3342158465714 87.3352127350916 83.0168203688736 81.3887347396581 78.6957997331364 81.1945367819628 83.8879993973499 80.1964580507305 85.1395907446115 84.1114246562642 85.3429764949431 67.2855762564555 0 82.3105428072981 83.9296656994867 86.2478955715808 83.6337942323103
87.2668975981248 90.7451895052074 85.1478457267947 83.6915657704553 84.4341688235299 83.6337942323103 87.2744745403196 88.9642297145514 86.7956877693918 89.7571837034398 89.157162133207 77.8275353557611 83.4280180839334 82.3105428072981 0 73.9085449278182 79.8531331056309 78.6957997331364
88.874613907023 91.6683056195142 87.0620141233921 86.1192544428531 86.5875614390702 85.8394933351087 88.5263989529871 89.9118266960841 88.1053157442419 90.5758860723908 90.0396877687885 81.045638232179 85.0257367888525 83.9296656994867 73.9085449278182 0 74.2033209637589 73.5764737694905
90.3330351079629 92.7445958873746 88.3666599593055 87.9906594211696 88.4407002914246 87.8594558778782 90.0187354366873 91.1676208475889 89.6648998632169 91.7250042174156 91.2622670128388 83.201597050353 87.1279173857937 86.2478955715808 79.8531331056309 74.2033209637589 0 76.2325041385106
89.4098004215052 91.6951556819209 88.5271565534808 87.2091124700613 87.3242343555791 86.4309154214711 88.512677941027 89.7468991299264 88.0933368098544 90.3494979591081 89.8195101390914 83.9968508302003 84.8552429329194 83.6337942323103 78.6957997331364 73.5764737694905 76.2325041385106 0
