0 75.4304003347848 79.1189908313318 85.1751833201127 87.7203189504791 89.5341193832037 87.1561388112382 87.7457855061601 88.5119793763395 89.3500427490681 92.0309364817187 91.5188571462793 91.398522764579 91.6834555945988 91.8512064152267 92.3862764077193 92.0831047186325 93.5165222667104
75.4304003347848 0 69.9742370056535 84.0571704742136 87.3302260026353 89.1361436054588 84.8385417941978 85.5523155632995 86.3691018983393 87.4502969333401 91.2729032571436 90.48383160337 90.094168152246 90.4404743733759 90.6374962592738 91.5291156270663 90.8564841175001 92.9463689655499
79.1189908313318 69.9742370056535 0 83.5745893957121 87.1509420356761 88.9090804678383 83.2478263495168 84.0608757462916 84.9435334863856 86.2093142267685 90.8007357726714 89.8352332562048 89.2684262627964 89.656279749005 89.8731826428412 90.9934253424577 90.0867687069284 92.5856756826601
85.1751833201127 84.0571704742136 83.5745893957121 0 77.9367703862262 82.143681193965 82.795800628891 83.7775871903984 86.3036137083144 86.7770285297713 86.8761978059386 86.5273675898491 87.6001501882702 87.8928971582322 88.1054400621112 87.7440529542893 88.7334952163596 89.3376015804311
87.7203189504791 87.3302260026353 87.1509420356761 77.9367703862262 0 75.0930706154422 86.107368620208 86.6882798185873 88.6665542029632 88.8461887760664 85.6688065700152 86.5304228410657 88.5716226676249 88.7123926200337 88.8560319448367 87.1882207608685 89.561070102921 87.9710879147445
89.5341193832037 89.1361436054588 88.9090804678383 82.143681193965 75.0930706154422 0 87.2169957016613 87.6253319777206 89.4313841462521 89.4350734667223 83.6906842026749 85.6445006672441 88.4407002914246 88.4843316409002 88.5865931919939 85.8625542615955 89.3756649167141 86.0380506567595
87.1561388112382 84.8385417941978 83.2478263495168 82.795800628891 86.107368620208 87.2169957016613 0 65.0930706154422 76.8316543916761 78.1860958317419 87.3143238389226 84.984829627831 83.2478263495168 84.0104621674583 84.4224890007509 87.0838681956062 84.8349979793794 89.9130061550656
87.7457855061601 85.5523155632995 84.0608757462916 83.7775871903984 86.6882798185873 87.6253319777206 65.0930706154422 0 74.9227372224544 76.1020755728508 87.3109081980672 84.7490671664029 82.4108172720404 83.2756645108609 83.7262992166468 86.9312422033652 84.0735682389664 89.8964573804919
88.5119793763395 86.3691018983393 84.9435334863856 86.3036137083144 88.6665542029632 89.4313841462521 76.8316543916761 74.9227372224544 0 69.6356543330438 88.8164792671956 86.393932982674 83.1548703552811 84.0015415541417 84.3990346962979 88.2511598923979 84.2434141444616 90.9934253424577
89.3500427490681 87.4502969333401 86.2093142267685 86.7770285297713 88.8461887760664 89.4350734667223 78.1860958317419 76.1020755728508 69.6356543330438 0 88.314977481157 85.5523155632995 81.3493605368748 82.3731332968709 82.8354320315571 87.5576776396732 82.5269620566865 90.5556491061807
92.0309364817187 91.2729032571436 90.8007357726714 86.8761978059386 85.6688065700152 83.6906842026749 87.3143238389226 87.3109081980672 88.8164792671956 88.314977481157 0 77.8060510304184 84.7367679963657 84.3872598725851 84.3331106773128 73.9368299524592 85.6210364229185 78.1804924267528
91.5188571462793 90.48383160337 89.8352332562048 86.5273675898491 86.5304228410657 85.6445006672441 84.984829627831 84.7490671664029 86.393932982674 85.5523155632995 77.8060510304184 0 79.5407227977055 78.9494007258782 78.922933573106 73.9536370923738 81.2209091826396 83.4181597425046
91.398522764579 90.094168152246 89.2684262627964 87.6001501882702 88.5716226676249 88.4407002914246 83.2478263495168 82.4108172720404 83.1548703552811 81.3493605368748 84.7367679963657 79.5407227977055 0 63.3623451499275 66.9639370490137 82.7273505510716 70.4857622301273 87.5519919157727
91.6834555945988 90.4404743733759 89.656279749005 87.8928971582322 88.7123926200337 88.4843316409002 84.0104621674583 83.2756645108609 84.0015415541417 82.3731332968709 84.3872598725851 78.9494007258782 63.3623451499275 0 57.8125104642836 82.1010212200273 69.1611485211262 87.1877708384378
91.8512064152267 90.6374962592738 89.8731826428412 88.1054400621112 88.8560319448367 88.5865931919939 84.4224890007509 83.7262992166468 84.3990346962979 82.8354320315571 84.3331106773128 78.922933573106 66.9639370490137 57.8125104642836 0 81.9193804244781 68.5776170713634 87.0711757029314
92.3862764077193 91.5291156270663 90.9934253424577 87.7440529542893 87.1882207608685 85.8625542615955 87.0838681956062 86.9312422033652 88.2511598923979 87.5576776396732 73.9368299524592 73.9536370923738 82.7273505510716 82.1010212200273 81.9193804244781 0 83.5008850021645 80.1445703986413
92.0831047186325 90.8564841175001 90.0867687069284 88.7334952163596 89.561070102921 89.3756649167141 84.8349979793794 84.0735682389664 84.2434141444616 82.5269620566865 85.6210364229185 81.2209091826396 70.4857622301273 69.1611485211262 68.5776170713634 83.5008850021645 0 87.9486437055199
93.5165222667104 92.9463689655499 92.5856756826601 89.3376015804311 87.9710879147445 86.0380506567595 89.9130061550656 89.8964573804919 90.9934253424577 90.5556491061807 78.1804924267528 83.4181597425046 87.5519919157727 87.1877708384378 87.0711757029314 80.1445703986413 87.9486437055199 0
