0 89.213150504854 89.062436939935 92.6941043474961 91.9266588142109 92.6113092314863 91.9724741636262 91.0399703025278 95.9077900544676 95.6694391116945 95.9775665631064 96.9680757918086 96.7713823974525 97.0016276683429 97.2415090959192 97.272564333396 97.3922507252602 97.6164654886837
89.213150504854 0 67.0711757029314 85.3915891308315 82.3073716170739 84.6164389716726 81.0632682823266 82.5659932787142 90.856041027685 90.0644944265226 90.7501868793672 92.3932758892735 92.1781283607538 92.7526213225748 92.9370487496489 93.0072777800428 93.447537158823 93.5500125056341
89.062436939935 67.0711757029314 0 86.3114457956494 83.5201228844259 85.5718627350941 82.099442252477 81.3176021151403 91.2103036955156 90.229855602271 90.7841074747623 92.51571888751 92.192250781872 92.6941872709369 92.9641315458079 93.0237176292658 93.3759505629399 93.5725918290523
92.6941043474961 85.3915891308315 86.3114457956494 0 75.5372620133263 67.9976854903539 80.4905850455247 88.9669688788295 86.1020755728508 87.992560047968 89.8920337031865 90.5205982481347 91.3775855581769 92.5573162642897 91.9871838486129 92.1533514856304 93.3480807704128 92.6300794314048
91.9266588142109 82.3073716170739 83.5201228844259 75.5372620133263 0 72.0437087417528 74.0608757462916 86.9027061984258 87.2169957016613 87.6726240401613 89.3255293548103 90.5004878255106 90.9752178226761 92.0489261126556 91.7079210128555 91.8512064152267 92.8737478572664 92.3977874971121
92.6113092314863 84.6164389716726 85.5718627350941 67.9976854903539 72.0437087417528 0 78.2523462129247 88.2310549580155 85.9889283761978 87.3764786194554 89.3166556782572 90.1513509539906 90.9198216846961 92.1187014628374 91.591345602463 91.7568734802535 92.9468651293191 92.272944897846
91.9724741636262 81.0632682823266 82.099442252477 80.4905850455247 74.0608757462916 78.2523462129247 0 84.9590655924985 87.4687013216643 86.7365991732866 88.2390343987537 89.9392875310795 90.1136576236031 91.1603541748842 90.9822487981031 91.1136705287218 92.0546174991853 91.7412977474576
91.0399703025278 82.5659932787142 81.3176021151403 88.9669688788295 86.9027061984258 88.2310549580155 84.9590655924985 0 91.6797875908655 89.5317156500199 89.3955582000242 91.8313876718143 90.8644493005962 91.0350407880795 91.8015924709415 91.8101380730803 91.7412977474576 92.4570356382086
95.9077900544676 90.856041027685 91.2103036955156 86.1020755728508 87.2169957016613 85.9889283761978 87.4687013216643 91.6797875908655 0 83.3313227628732 86.8784130290517 85.014494113944 88.1403709928003 90.242580784883 88.447649622336 88.7859429613949 91.1853194578027 89.1663258483577
95.6694391116945 90.0644944265226 90.229855602271 87.992560047968 87.6726240401613 87.3764786194554 86.7365991732866 89.5317156500199 83.3313227628732 0 77.5424991364325 79.8213594455994 81.7835161137234 85.4100219913176 83.323798167022 83.785387812752 87.0838681956062 84.9659509602808
95.9775665631064 90.7501868793672 90.7841074747623 89.8920337031865 89.3255293548103 89.3166556782572 88.2390343987537 89.3955582000242 86.8784130290517 77.5424991364325 0 80.635951305278 75.895706966399 81.1227864355417 79.8920337031866 80.2119042252309 83.760486836007 82.3546980369414
96.9680757918086 92.3932758892735 92.51571888751 90.5205982481347 90.5004878255106 90.1513509539906 89.9392875310795 91.8313876718143 85.014494113944 79.8213594455994 80.635951305278 0 79.8251320749173 84.4786527265116 79.1969061916873 80.1959821853385 85.9450760681299 80.8094414853886
96.7713823974525 92.1781283607538 92.192250781872 91.3775855581769 90.9752178226761 90.9198216846961 90.1136576236031 90.8644493005962 88.1403709928003 81.7835161137234 75.895706966399 79.8251320749173 0 77.0711757029314 72.0155537784 72.2472474136351 80.6031304007195 76.9936911005279
97.0016276683429 92.7526213225748 92.6941872709369 92.5573162642897 92.0489261126556 92.1187014628374 91.1603541748842 91.0350407880795 90.242580784883 85.4100219913176 81.1227864355417 84.4786527265116 77.0711757029314 0 78.5128166409391 77.4795572193333 72.1510783547885 79.4934168900031
97.2415090959192 92.9370487496489 92.9641315458079 91.9871838486129 91.7079210128555 91.591345602463 90.9822487981031 91.8015924709415 88.447649622336 83.323798167022 79.8920337031866 79.1969061916873 72.0155537784 78.5128166409391 0 60.943337135734 80.738820882775 70.237526392877
97.272564333396 93.0072777800428 93.0237176292658 92.1533514856304 91.8512064152267 91.7568734802535 91.1136705287218 91.8101380730803 88.7859429613949 83.785387812752 80.2119042252309 80.1959821853385 72.2472474136351 77.4795572193333 60.943337135734 0 79.8195101390914 69.5765657369386
97.3922507252602 93.447537158823 93.3759505629399 93.3480807704128 92.8737478572664 92.9468651293191 92.0546174991853 91.7412977474576 91.1853194578027 87.0838681956062 83.760486836007 85.9450760681299 80.6031304007195 72.1510783547885 80.738820882775 79.8195101390914 0 80.6047544631244
97.6164654886837 93.5500125056341 93.5725918290523 92.6300794314048 92.3977874971121 92.272944897846 91.7412977474576 92.4570356382086 89.1663258483577 84.9659509602808 82.3546980369414 80.8094414853886 76.9936911005279 79.4934168900031 70.237526392877 69.5765657369386 80.6047544631244 0
