0 87.4454406823376 90.0962799659609 84.5869706818913 89.6338933227531 90.1241649821559 90.0415708322431 90.0115342903995 91.9281457294087 92.8378329738255 90.6953567583125 92.099442252477 91.1851563157963 93.1634746374476 91.8026043112578 91.9899842214128 93.8811599390343 93.0408417299686
87.4454406823376 0 79.3002428506583 87.0637545821867 81.557861926606 82.6046768387851 89.3556800907944 89.7388831451238 87.1346905155462 88.1628087258576 89.9130061550656 88.0232945999633 89.03334935104 88.8108513571896 89.5996747617464 90.4481105259329 90.121541955671 90.594362569342
90.0962799659609 79.3002428506583 0 88.6030013835912 77.4269372455433 77.8718063285063 89.2434464950952 89.7428929869615 84.0847344246185 84.9582864673729 89.6479614516232 85.6120133392751 88.1338322926511 85.8862748223873 88.5414034375982 89.6807278246567 87.6726240401613 89.1994048760535
84.5869706818913 87.0637545821867 88.6030013835912 0 86.6917490863679 87.2016042685911 83.4499763303665 83.3513248469073 88.7021173632733 90.1057341106888 84.7832850301513 88.5865931919939 86.1126349178786 90.4396763737266 87.1915406717969 87.2846668458915 91.2262022299968 89.2965429304698
89.6338933227531 81.557861926606 77.4269372455433 86.6917490863679 0 65.0930706154422 86.706750637792 87.3877230304124 80.6949079453431 83.0482804776149 87.2169957016613 82.4324470668276 85.1753218513625 84.1406420790363 85.8104001149522 87.2924512442603 86.2325041385106 86.9594754837376
90.1241649821559 82.6046768387851 77.8718063285063 87.2016042685911 65.0930706154422 0 86.7956877693918 87.4947214838478 79.3139536463371 81.8930095820392 87.2353937067571 81.4702765549837 84.9856418966012 83.1391823978766 85.5338085628452 87.1165642608921 85.4673355948484 86.5336086259341
90.0415708322431 89.3556800907944 89.2434464950952 83.4499763303665 86.706750637792 86.7956877693918 0 65.9948369189331 86.2426356739401 87.9166325371987 67.9330371790942 85.2970022018606 77.8025691248827 88.0715171378125 79.8999881408233 78.7234201643805 88.6148957965558 84.1476765499551
90.0115342903995 89.7388831451238 89.7428929869615 83.3513248469073 87.3877230304124 87.4947214838478 65.9948369189331 0 87.0482003317781 88.583320490694 70.0814756595712 86.1821018921153 79.657172005477 88.7205045218303 81.2651390513373 79.8097972844014 89.2027885677725 84.9398279635765
91.9281457294087 87.1346905155462 84.0847344246185 88.7021173632733 80.6949079453431 79.3139536463371 86.2426356739401 87.0482003317781 0 73.6150544197642 86.293611370734 70.6435363002353 82.79025144391 75.7287697598992 82.6810253671005 84.9796890336395 80.0086575415456 82.5868656935784
92.8378329738255 88.1628087258576 84.9582864673729 90.1057341106888 83.0482804776149 81.8930095820392 87.9166325371987 88.583320490694 73.6150544197642 0 87.8728184631965 76.3414282541525 84.9659509602808 66.0271081066353 84.6150320210808 86.4602762870063 76.2787758702087 83.6033008406848
90.6953567583125 89.9130061550656 89.6479614516232 84.7832850301513 87.2169957016613 87.2353937067571 67.9330371790942 70.0814756595712 86.293611370734 87.8728184631965 0 85.2003092693599 77.020060321473 87.9607434601061 78.7712091200418 76.3815667621955 88.3784347830183 83.2768137681304
92.099442252477 88.0232945999633 85.6120133392751 88.5865931919939 82.4324470668276 81.4702765549837 85.2970022018606 86.1821018921153 70.6435363002353 76.3414282541525 85.2003092693599 0 80.9461074244018 76.8428331489911 80.485156601022 83.3269047474861 79.5943768821453 80.0646016641842
91.1851563157963 89.03334935104 88.1338322926511 86.1126349178786 85.1753218513625 84.9856418966012 77.8025691248827 79.657172005477 82.79025144391 84.9659509602808 77.020060321473 80.9461074244018 0 85.0633910944988 68.5776170713634 74.0608757462916 85.6850247456485 79.0724707021626
93.1634746374476 88.8108513571896 85.8862748223873 90.4396763737266 84.1406420790363 83.1391823978766 88.0715171378125 88.7205045218303 75.7287697598992 66.0271081066353 87.9607434601061 76.8428331489911 85.0633910944988 0 84.5672733936685 86.3727014251896 73.091775616211 83.1141590939423
91.8026043112578 89.5996747617464 88.5414034375982 87.1915406717969 85.8104001149522 85.5338085628452 79.8999881408233 81.2651390513373 82.6810253671005 84.6150320210808 78.7712091200418 80.485156601022 68.5776170713634 84.5672733936685 0 72.3105428072981 84.9451073152438 76.1020755728508
91.9899842214128 90.4481105259329 89.6807278246567 87.2846668458915 87.2924512442603 87.1165642608921 78.7234201643805 79.8097972844014 84.9796890336395 86.4602762870063 76.3815667621955 83.3269047474861 74.0608757462916 86.3727014251896 72.3105428072981 0 86.5115150294818 78.4638216139284
93.8811599390343 90.121541955671 87.6726240401613 91.2262022299968 86.2325041385106 85.4673355948484 88.6148957965558 89.2027885677725 80.0086575415456 76.2787758702087 88.3784347830183 79.5943768821453 85.6850247456485 73.091775616211 84.9451073152438 86.5115150294818 0 82.6042506662605
93.0408417299686 90.594362569342 89.1994048760535 89.2965429304698 86.9594754837376 86.5336086259341 84.1476765499551 84.9398279635765 82.5868656935784 83.6033008406848 83.2768137681304 80.0646016641842 79.0724707021626 83.1141590939423 76.1020755728508 78.4638216139284 82.6042506662605 0
