0 68.7966354858417 68.7966354858417 80.9822487981031 79.1123755294906 89.0112398515747 87.5944545064845 85.9621420732846 86.7239959740949 89.3874875404723 88.444562403568 89.3467298355564 92.5417150464451 92.2354007132093 89.6291938013217 90.0634720897145 91.6270513160605 90.174222290158
68.7966354858417 0 53.9536370923738 80.4078597858648 75.9539297579115 88.6148957965558 86.8316543916761 84.7036289530158 85.5523155632995 88.6914254388411 87.5822301219606 88.6228037094501 92.1292907879716 91.794101250455 88.8179418809182 89.2983548975981 91.0809756830733 89.4042329393139
68.7966354858417 53.9536370923738 0 80.8110544783965 76.0621707455228 88.7651958006542 86.9834364598563 84.7904545651168 85.54930902471 88.7966354858417 87.6772329176171 88.7225117977595 92.2124400817356 91.8782544058433 88.8644512266057 89.3463633174686 91.1568842665482 89.4350734667223
80.9822487981031 80.4078597858648 80.8110544783965 0 81.0505757896518 84.7054556385607 83.4864004590469 84.2979161426279 86.6323912855628 86.5662657802988 86.0380506567595 86.693329302088 90.251809052559 89.9130061550656 88.3136724490728 88.6904977687324 89.5178683060867 89.178079427437
79.1123755294906 75.9539297579115 76.0621707455228 81.0505757896518 0 87.8990294060959 85.0813623034275 80.943337135734 82.1259843966288 86.9693623399366 85.303372492433 86.7996337526137 91.1672083925984 90.755632009934 86.6265279866851 87.2556017356793 89.7337221881064 87.3391980024683
89.0112398515747 88.6148957965558 88.7651958006542 84.7054556385607 87.8990294060959 0 79.8531331056309 86.4345964033151 88.8728542182353 82.7273505510716 84.7635075614827 83.5227360525027 84.8632678583311 84.5719301653208 87.8452979360192 87.8642683371688 85.6562542463234 88.8965747790272
87.5944545064845 86.8316543916761 86.9834364598563 83.4864004590469 85.0813623034275 79.8531331056309 0 81.1676208475889 85.1757958751021 76.3340981236618 77.9330371790942 77.1856098932967 85.3208427639379 84.575695180571 83.7262992166468 83.9347213806258 83.5201228844259 85.3649979935812
85.9621420732846 84.7036289530158 84.7904545651168 84.2979161426279 80.943337135734 86.4345964033151 81.1676208475889 0 76.6604254538209 82.2305599791183 78.0105149591016 81.6266997475579 88.7168802665761 88.1008643039626 80.3930962198545 81.5757935053981 86.1924886111327 82.0861101013499
86.7239959740949 85.5523155632995 85.54930902471 86.6323912855628 82.1259843966288 88.8728542182353 85.1757958751021 76.6604254538209 0 85.3461292680899 82.3105428072981 84.7900444667242 90.2528274474093 89.7158984668699 81.0632682823266 82.3267813222019 87.8275353557611 81.5047597563245
89.3874875404723 88.6914254388411 88.7966354858417 86.5662657802988 86.9693623399366 82.7273505510716 76.3340981236618 82.2305599791183 85.3461292680899 0 74.7814907955383 63.177865080746 83.1391823978766 81.9401435468265 81.3096260893556 81.0763004091599 78.8108513571896 83.323798167022
88.444562403568 87.5822301219606 87.6772329176171 86.0380506567595 85.303372492433 84.7635075614827 77.9330371790942 78.0105149591016 82.3105428072981 74.7814907955383 0 72.7022288262262 85.840110052371 84.9435334863856 77.4754622734875 77.9701518174195 81.9124372658146 80.5622918724125
89.3467298355564 88.6228037094501 88.7225117977595 86.693329302088 86.7996337526137 83.5227360525027 77.1856098932967 81.6266997475579 84.7900444667242 63.177865080746 72.7022288262262 0 83.6890216314786 82.5336381771333 80.1597523451307 79.9085993106296 78.9211696375092 82.4273602207015
92.5417150464451 92.1292907879716 92.2124400817356 90.251809052559 91.1672083925984 84.8632678583311 85.3208427639379 88.7168802665761 90.2528274474093 83.1391823978766 85.840110052371 83.6890216314786 0 65.9948369189331 87.4034512316464 86.9597433731363 79.3818913619656 88.1860958317419
92.2354007132093 91.794101250455 91.8782544058433 89.9130061550656 90.755632009934 84.5719301653208 84.575695180571 88.1008643039626 89.7158984668699 81.9401435468265 84.9435334863856 82.5336381771333 65.9948369189331 0 86.6323912855628 86.1502371871628 77.3975598292249 87.4908764682633
89.6291938013217 88.8179418809182 88.8644512266057 88.3136724490728 86.6265279866851 87.8452979360192 83.7262992166468 80.3930962198545 81.0632682823266 81.3096260893556 77.4754622734875 80.1597523451307 87.4034512316464 86.6323912855628 0 64.9701880448594 83.2478263495168 70.0814756595712
90.0634720897145 89.2983548975981 89.3463633174686 88.6904977687324 87.2556017356793 87.8642683371688 83.9347213806258 81.5757935053981 82.3267813222019 81.0763004091599 77.9701518174195 79.9085993106296 86.9597433731363 86.1502371871628 64.9701880448594 0 82.411145789707 70.8428025348277
91.6270513160605 91.0809756830733 91.1568842665482 89.5178683060867 89.7337221881064 85.6562542463234 83.5201228844259 86.1924886111327 87.8275353557611 78.8108513571896 81.9124372658146 78.9211696375092 79.3818913619656 77.3975598292249 83.2478263495168 82.411145789707 0 84.3398387118709
90.174222290158 89.4042329393139 89.4350734667223 89.178079427437 87.3391980024683 88.8965747790272 85.3649979935812 82.0861101013499 81.5047597563245 83.323798167022 80.5622918724125 82.4273602207015 88.1860958317419 87.4908764682633 70.0814756595712 70.8428025348277 84.3398387118709 0
