0 80.6607330446118 84.1427215355371 88.1072781210462 90.0628703045383 89.5407227977055 89.2221969636326 89.7468991299264 89.8909270794529 91.1486072584796 90.48383160337 91.7726262858853 93.7042770533262 94.8955931896136 94.3271051280547 94.3086654768507 94.9719667154197 94.5869706818913
80.6607330446118 0 87.3302260026353 89.4046699282779 88.3493095372612 88.5210920458533 89.4467356815688 90.5494717122131 89.1630553121545 89.6689785666405 90.7301627873035 91.0450641686018 92.8681753347607 94.0888049190199 94.5916601811258 94.4885853070527 94.289482847528 94.7369362806103
84.1427215355371 87.3302260026353 0 80.8663380137958 89.5626769208351 87.9512393494775 85.2068228736091 84.5321991797927 87.8532674567327 90.4823830698686 86.696370469958 90.0415708322431 92.5344953540117 93.9200625048326 91.6285351957431 91.7160706679568 93.8141849000708 92.1070897475311
88.1072781210462 89.4046699282779 80.8663380137958 0 88.222814231182 85.6743139325684 79.2727720571129 75.2743596627184 85.0109635537703 88.9516781883793 80.9990449872053 87.447236626151 90.6233555449527 92.2787262194362 88.6836224479505 88.7838012938152 92.0296116133108 89.3260675814579
90.0628703045383 88.3493095372612 89.5626769208351 88.222814231182 0 76.8828367254951 85.0879663293084 87.9636322106185 79.5381531707574 72.7033364579109 86.2391484395779 81.5695843638582 85.1163405670007 87.7783103125321 91.1765109587628 90.7719265588548 88.2447868514597 91.0255559293258
89.5407227977055 88.5210920458533 87.9512393494775 85.6743139325684 76.8828367254951 0 80.8378353124009 85.1329754427702 69.0051368755729 78.922933573106 82.6810253671005 79.1123755294906 85.3461292680899 88.2121468039244 89.6707254104607 89.2679833473345 88.3192387985912 89.6239007539644
89.2221969636326 89.4467356815688 85.2068228736091 79.2727720571129 85.0879663293084 80.8378353124009 0 76.9639370490137 79.1123755294906 85.8005514005498 73.4960621867671 83.1548703552811 87.9016548640009 90.111156897862 87.5972706385311 87.3972187101512 89.8469883502153 87.9710879147445
89.7468991299264 90.5494717122131 84.5321991797927 75.2743596627184 87.9636322106185 85.1329754427702 76.9639370490137 0 84.056636658772 88.4407002914246 76.2581263061566 86.1020755728508 89.5765657369386 91.3630385802409 86.6440941889501 86.7343734003458 90.9955713843154 87.4132525105052
89.8909270794529 89.1630553121545 87.8532674567327 85.0109635537703 79.5381531707574 69.0051368755729 79.1123755294906 84.056636658772 0 80.4078597858648 80.855597892659 77.6085169412828 85.0325173442018 88.0214731799717 88.8306757240111 88.3958645073567 87.989131632697 88.7966354858417
91.1486072584796 89.6689785666405 90.4823830698686 88.9516781883793 72.7033364579109 78.922933573106 85.8005514005498 88.4407002914246 80.4078597858648 0 86.5063621434069 79.9085993106296 82.8967977192182 86.1143140677728 90.855597892659 90.3766374521801 86.737743107132 90.5962950938506
90.48383160337 90.7301627873035 86.696370469958 80.9990449872053 86.2391484395779 82.6810253671005 73.4960621867671 76.2581263061566 80.855597892659 86.5063621434069 0 82.8634330622707 87.4716001613441 89.6849434287006 85.6913253237403 85.4456463101633 89.2511478917976 86.1651703119209
91.7726262858853 91.0450641686018 90.0415708322431 87.447236626151 81.5695843638582 79.1123755294906 83.1548703552811 86.1020755728508 77.6085169412828 79.9085993106296 82.8634330622707 0 80.4857622301273 85.050099666648 87.9710879147445 87.2838963560798 84.875578299347 87.5972706385311
93.7042770533262 92.8681753347607 92.5344953540117 90.6233555449527 85.1163405670007 85.3461292680899 87.9016548640009 89.5765657369386 85.0325173442018 82.8967977192182 87.4716001613441 80.4857622301273 0 77.3107843326842 89.1806870197213 88.4133164142397 77.8718063285063 88.4622840161715
94.8955931896136 94.0888049190199 93.9200625048326 92.2787262194362 87.7783103125321 88.2121468039244 90.111156897862 91.3630385802409 88.0214731799717 86.1143140677728 89.6849434287006 85.050099666648 77.3107843326842 0 90.2430741076356 89.5275059129689 71.7854738794369 89.4500486804591
94.3271051280547 94.5916601811258 91.6285351957431 88.6836224479505 91.1765109587628 89.6707254104607 87.5972706385311 86.6440941889501 88.8306757240111 90.855597892659 85.6913253237403 87.9710879147445 89.1806870197213 90.2430741076356 0 68.2900617999494 89.299608797833 71.1136705287218
94.3086654768507 94.4885853070527 91.7160706679568 88.7838012938152 90.7719265588548 89.2679833473345 87.3972187101512 86.7343734003458 88.3958645073567 90.3766374521801 85.4456463101633 87.2838963560798 88.4133164142397 89.5275059129689 68.2900617999494 0 88.4920302512252 65.0639077329585
94.9719667154197 94.289482847528 93.8141849000708 92.0296116133108 88.2447868514597 88.3192387985912 89.8469883502153 90.9955713843154 87.989131632697 86.737743107132 89.2511478917976 84.875578299347 77.8718063285063 71.7854738794369 89.299608797833 88.4920302512252 0 88.3666599593055
94.5869706818913 94.7369362806103 92.1070897475311 89.3260675814579 91.0255559293258 89.6239007539644 87.9710879147445 87.4132525105052 88.7966354858417 90.5962950938506 86.1651703119209 87.5972706385311 88.4622840161715 89.4500486804591 71.1136705287218 65.0639077329585 88.3666599593055 0
