0 81.7711908388985 80.5050214404877 84.6150320210808 86.5231010066494 87.2455603870943 89.1420653552395 89.3255293548103 89.5413226105397 89.4614222780164 90.4201245351034 90.8057644915836 91.0805549162447 90.6234942756704 90.7903271052815 91.7391685765756 92.0844407010529 91.8596550420021
81.7711908388985 0 85.1626652685191 77.7647878994723 88.2020341693622 87.9947560503062 89.8603838981258 89.8352332562048 86.7514468623435 87.694702180414 90.7719265588548 91.0411493179069 91.4529317334505 88.7966354858417 89.4641093377706 91.3353734795513 90.2908458823698 90.8542682162229
80.5050214404877 85.1626652685191 0 85.322427491129 80.658555552864 82.6301020864904 85.3915891308315 85.7863355292019 88.7859429613949 87.8568047770822 87.3827962632147 87.9666257150363 88.251967056199 89.3456530853151 89.1364357654872 89.5918510669359 91.1307580933578 90.1990362311678
84.6150320210808 77.7647878994723 85.322427491129 0 87.1662268233088 86.3725874307372 88.4776355514882 88.3255916171591 82.9845369622933 84.4613002047043 89.3116400006228 89.5568964851012 90.1047169668058 85.9415820941298 86.9319384965449 89.5741443100369 87.9607434601061 88.7651958006542
86.5231010066494 88.2020341693622 80.658555552864 87.1662268233088 0 73.88799939735 78.1115051562363 79.2989194609184 88.3476188647043 86.3734047936631 82.2818383010014 83.361291448686 83.6730456557675 88.0376087561996 87.205713987203 86.5111849588043 90.0500236508686 88.0557093317796
87.2455603870943 87.9947560503062 82.6301020864904 86.3725874307372 73.88799939735 0 75.6127881187174 75.9521301543298 86.8057285040902 84.1479883355248 80.1500596870211 81.3414426772175 82.1849416324822 86.1988783584688 85.0964100579897 84.5321991797927 88.6051646733153 86.1954993025156
89.1420653552395 89.8603838981258 85.3915891308315 88.4776355514882 78.1115051562363 75.6127881187174 0 64.9227372224544 88.1200421657566 85.4703994008443 73.9536370923738 76.5694146351238 77.2169957016613 86.9996193558102 85.526524582358 82.968718231287 89.0402807229033 85.9126336164662
89.3255293548103 89.8352332562048 85.7863355292019 88.3255916171591 79.2989194609184 75.9521301543298 64.9227372224544 0 87.6689334133668 84.7832850301513 71.9124372658146 74.9067454845846 76.3715914053258 86.3691018983393 84.7213240584035 81.870540635151 88.5150190578767 85.1014144120895
89.5413226105397 86.7514468623435 88.7859429613949 82.9845369622933 88.3476188647043 86.8057285040902 88.1200421657566 87.6689334133668 0 77.2169957016613 88.1860958317419 88.1837345909549 88.9312242752465 77.0605702158074 81.0494858185292 86.7844289575106 80.802090708818 84.2066957450215
89.4614222780164 87.694702180414 87.8568047770822 84.4613002047043 86.3734047936631 84.1479883355248 85.4703994008443 84.7832850301513 77.2169957016613 0 85.3461292680899 85.3077424944121 86.3340981236618 73.323798167022 74.8060248894699 83.4686282195367 81.1136705287218 80.6188168979226
90.4201245351034 90.7719265588548 87.3827962632147 89.3116400006228 82.2818383010014 80.1500596870211 73.9536370923738 71.9124372658146 88.1860958317419 85.3461292680899 0 64.9684853718832 69.0051368755729 86.5698338578532 84.6961101341804 79.9425417148362 88.4653586674992 84.484421527208
90.8057644915836 91.0411493179069 87.9666257150363 89.5568964851012 83.361291448686 81.3414426772175 76.5694146351238 74.9067454845846 88.1837345909549 85.3077424944121 64.9684853718832 0 67.2940013201551 86.3965857918948 84.3872598725851 78.5550952672913 88.2196598362182 83.9001842442693
91.0805549162447 91.4529317334505 88.251967056199 90.1047169668058 83.6730456557675 82.1849416324822 77.2169957016613 76.3715914053258 88.9312242752465 86.3340981236618 69.0051368755729 67.2940013201551 0 87.3031982537424 85.4990667777132 80.1240419087045 88.9312242752465 84.9504435034663
90.6234942756704 88.7966354858417 89.3456530853151 85.9415820941298 88.0376087561996 86.1988783584688 86.9996193558102 86.3691018983393 77.0605702158074 73.323798167022 86.5698338578532 86.3965857918948 87.3031982537424 0 73.3927115285627 83.8371337812835 76.5662657802988 79.2492238225855
90.7903271052815 89.4641093377706 89.1364357654872 86.9319384965449 87.205713987203 85.0964100579897 85.526524582358 84.7213240584035 81.0494858185292 74.8060248894699 84.6961101341804 84.3872598725851 85.4990667777132 73.3927115285627 0 80.7342661421173 79.4969704209557 74.4294716189683
91.7391685765756 91.3353734795513 89.5918510669359 89.5741443100369 86.5111849588043 84.5321991797927 82.968718231287 81.870540635151 86.7844289575106 83.4686282195367 79.9425417148362 78.5550952672913 80.1240419087045 83.8371337812835 80.7342661421173 0 85.5222124263433 78.0398770758518
92.0844407010529 90.2908458823698 91.1307580933578 87.9607434601061 90.0500236508686 88.6051646733153 89.0402807229033 88.5150190578767 80.802090708818 81.1136705287218 88.4653586674992 88.2196598362182 88.9312242752465 76.5662657802988 79.4969704209557 85.5222124263433 0 80.8378353124009
91.8596550420021 90.8542682162229 90.1990362311678 88.7651958006542 88.0557093317796 86.1954993025156 85.9126336164662 85.1014144120895 84.2066957450215 80.6188168979226 84.484421527208 83.9001842442693 84.9504435034663 79.2492238225855 74.4294716189683 78.0398770758518 80.8378353124009 0
