0 84.8662321111544 87.4197510096305 89.444283079601 87.992560047968 89.4260844332015 90.2746653730014 90.7107016316842 90.6863709351851 91.1319598375371 91.0752131518807 92.0323684124072 92.8362949826709 93.0777290321182 93.2290725759069 93.4370330826492 93.4825528228047 94.2864827111493
84.8662321111544 0 80.3134982103822 86.7280112454176 78.6231525689602 85.5673171147236 84.9618535157374 85.1872526798368 84.6669329609772 85.3790959332366 85.239245157967 87.1521422894797 89.1754702685607 88.8707549940815 89.3450256281416 89.4846152278498 89.5033716757062 91.3608158529667
87.4197510096305 80.3134982103822 0 81.5482758466263 83.2912227948068 78.7608908822587 79.2657292122993 81.2209091826396 82.3859648733539 85.4304003347848 84.7922451010396 85.3241910171367 86.1664750873007 88.8560319448367 87.210845672568 89.5825259083921 89.3625602525285 89.0496941384894
89.444283079601 86.7280112454176 81.5482758466263 0 88.4638216139284 73.3038507040907 82.5510227543453 84.7585459144218 86.5043050579545 89.0407564958 88.4907414593321 87.8461841608603 85.9729170682141 91.193879319999 88.1758950772191 91.7733438314993 91.4783136319034 88.2752259059685
87.992560047968 78.6231525689602 83.2912227948068 88.4638216139284 0 87.1236291380339 85.042668369047 84.3335968656596 82.5567399091526 81.2627475030882 81.5757045749654 85.2068228736091 88.7230409778964 86.0614650564976 88.2115690707966 86.8092101824516 86.9645069068312 90.9526677914085
89.4260844332015 85.5673171147236 78.7608908822587 73.3038507040907 87.1236291380339 0 78.9113348627675 82.0727368965748 84.3616377049391 87.5110249283942 86.8417165672086 86.0766592747598 84.3596604935146 90.0093808529838 86.696370469958 90.6703503083719 90.3375311690272 87.3867381239972
90.2746653730014 84.9618535157374 79.2657292122993 82.5510227543453 85.042668369047 78.9113348627675 0 71.7843095488435 78.1068188304754 83.8632928008398 82.7366952168618 81.0843403509302 81.0378773886241 87.2128736333881 82.9455028344458 88.1117143687293 87.6356042408794 85.7663738724537
90.7107016316842 85.1872526798368 81.2209091826396 84.7585459144218 84.3335968656596 82.0727368965748 71.7843095488435 0 73.091775616211 81.676854159603 80.1445703986413 77.5510575477635 80.7705710124195 85.6120133392751 81.2614598490377 86.6811168150142 86.108690874692 85.6149767954249
90.6863709351851 84.6669329609772 82.3859648733539 86.5043050579545 82.5567399091526 84.3616377049391 78.1068188304754 73.091775616211 0 77.6457956664753 75.0930706154422 75.1749510687764 83.0411672842192 83.6337942323103 81.9332335297458 84.9553782162257 84.3931512750066 86.8316543916761
91.1319598375371 85.3790959332366 85.4304003347848 89.0407564958 81.2627475030882 87.5110249283942 83.8632928008398 81.676854159603 77.6457956664753 0 65.9948369189331 78.8907270976845 86.2389238659457 79.4313841462521 84.3279020717801 81.3147009020375 81.1011246996244 88.7623263292455
91.0752131518807 85.239245157967 84.7922451010396 88.4907414593321 81.5757045749654 86.8417165672086 82.7366952168618 80.1445703986413 75.0930706154422 65.9948369189331 0 77.0476352996544 85.3915891308315 80.3185160559075 83.447537158823 82.1282847702712 81.6951556819209 88.1860958317419
92.0323684124072 87.1521422894797 85.3241910171367 87.8461841608603 85.2068228736091 86.0766592747598 81.0843403509302 77.5510575477635 75.1749510687764 78.8907270976845 77.0476352996544 0 81.634624109494 81.9003051428929 77.8116576988059 83.440211413787 82.3846122827039 85.4033447610088
92.8362949826709 89.1754702685607 86.1664750873007 85.9729170682141 88.7230409778964 84.3596604935146 81.0378773886241 80.7705710124195 83.0411672842192 86.2389238659457 85.3915891308315 81.634624109494 0 87.5453491495408 77.2272264362371 88.3108505911244 87.5878764215456 78.3073021585004
93.0777290321182 88.8707549940815 88.8560319448367 91.193879319999 86.0614650564976 90.0093808529838 87.2128736333881 85.6120133392751 83.6337942323103 79.4313841462521 80.3185160559075 81.9003051428929 87.5453491495408 0 84.8491559212384 67.9697931832905 67.0711757029314 89.1558514511934
93.2290725759069 89.3450256281416 87.210845672568 88.1758950772191 88.2115690707966 86.696370469958 82.9455028344458 81.2614598490377 81.9332335297458 84.3279020717801 83.447537158823 77.8116576988059 77.2272264362371 84.8491559212384 0 85.7836736188634 84.7327641218684 81.1136705287218
93.4370330826492 89.4846152278498 89.5825259083921 91.7733438314993 86.8092101824516 90.6703503083719 88.1117143687293 86.6811168150142 84.9553782162257 81.3147009020375 82.1282847702712 83.440211413787 88.3108505911244 67.9697931832905 85.7836736188634 0 67.5213421464035 89.693058356567
93.4825528228047 89.5033716757062 89.3625602525285 91.4783136319034 86.9645069068312 90.3375311690272 87.6356042408794 86.108690874692 84.3931512750066 81.1011246996244 81.6951556819209 82.3846122827039 87.5878764215456 67.0711757029314 84.7327641218684 67.5213421464035 0 89.0112398515747
94.2864827111493 91.3608158529667 89.0496941384894 88.2752259059685 90.9526677914085 87.3867381239972 85.7663738724537 85.6149767954249 86.8316543916761 88.7623263292455 88.1860958317419 85.4033447610088 78.3073021585004 89.1558514511934 81.1136705287218 89.693058356567 89.0112398515747 0
