0 74.6168963459942 81.4548623602078 82.0827706588024 84.3616377049391 89.3556800907944 86.3852582433843 88.2032697249812 88.7110751598551 89.4467356815688 89.6945287903597 90.6584149528466 90.6629886068096 91.5313920024931 92.2997512996007 92.6002308959102 90.9904592449888 92.4074084886045
74.6168963459942 0 78.6957997331364 80.1912970937131 82.3358293114501 87.8461841608603 86.706750637792 87.5784618398856 88.6208308091898 89.259475688825 89.710133239926 89.9152079015356 89.9450699694172 90.706378301254 91.4529317334505 91.7840928135208 90.8496901745931 91.6251957531956
81.4548623602078 78.6957997331364 0 66.625354376404 73.447537158823 85.2068228736091 84.0268466216013 83.8213544350363 85.8541512699659 86.5662657802988 87.3975598292249 87.1342704420015 87.1702627384775 88.2905355522908 89.3625602525285 89.7810867492866 88.648061144169 89.5214849154441
82.0827706588024 80.1912970937131 66.625354376404 0 72.79025144391 85.3555738781601 82.8100758107315 82.7417264159659 84.8615063718665 85.6811254822013 86.5698338578532 86.6265279866851 86.6450448591253 87.9762509169206 89.1663258483577 89.5914134259955 87.9668145681353 89.2792700757186
84.3616377049391 82.3358293114501 73.447537158823 72.79025144391 0 83.051870788883 83.9968508302003 81.6841840260165 84.9504435034663 85.4887369853822 86.6790148661262 85.2408599357581 85.3085114933733 86.5650757693805 87.8497272528937 88.3453844908085 87.7271157392897 88.0377328770581
89.3556800907944 87.8461841608603 85.2068228736091 85.3555738781601 83.051870788883 0 88.8482999054051 85.2457006698491 88.303315976652 88.1441028634154 89.3650594295902 84.0841170535261 84.3820951125506 83.237595614941 83.5153213971275 84.2413823573747 89.3428910410209 84.4632316900903
86.3852582433843 86.706750637792 84.0268466216013 82.8100758107315 83.9968508302003 88.8482999054051 0 81.2856097434395 77.6085169412828 80.4078597858648 79.9850808185757 86.5662657802988 86.4202020173639 88.5873403652979 90.0415708322431 90.3693696241556 83.85149082208 89.8385951024459
88.2032697249812 87.5784618398856 83.8213544350363 82.7417264159659 81.6841840260165 85.2457006698491 81.2856097434395 0 77.7738075181225 77.4754622734875 80.943337135734 79.9085993106296 79.6733580139975 83.6964506811521 86.0981015495578 86.6112462595499 81.8869235826395 85.8005514005498
88.7110751598551 88.6208308091898 85.8541512699659 84.8615063718665 84.9504435034663 88.303315976652 77.6085169412828 77.7738075181225 0 69.2684262627964 71.8069354424815 83.8703271661733 83.5953305764747 86.6359054690201 88.4784017056437 88.8179418809182 78.3140135936925 88.0916622600674
89.4467356815688 89.259475688825 86.5662657802988 85.6811254822013 85.4887369853822 88.1441028634154 80.4078597858648 77.4754622734875 69.2684262627964 0 72.0827706588024 82.6751998198568 82.3225222036931 85.7849113793878 87.7998589768893 88.1383073018398 75.3209999951714 87.3162326125158
89.6945287903597 89.710133239926 87.3975598292249 86.5698338578532 86.6790148661262 89.3650594295902 79.9850808185757 80.943337135734 71.8069354424815 72.0827706588024 0 84.8667886893461 84.5832255400913 87.3630331127546 89.0704658033877 89.3494159258269 75.5407460316867 88.6223132959149
90.6584149528466 89.9152079015356 87.1342704420015 86.6265279866851 85.2408599357581 84.0841170535261 86.5662657802988 79.9085993106296 83.8703271661733 82.6751998198568 84.8667886893461 0 56.1120894793245 75.3681348263785 80.788610269172 81.5729154765791 83.5333315427435 79.8419543483159
90.6629886068096 89.9450699694172 87.1702627384775 86.6450448591253 85.3085114933733 84.3820951125506 86.4202020173639 79.6733580139975 83.5953305764747 82.3225222036931 84.5832255400913 56.1120894793245 0 76.1231377149688 81.19974618634 81.9259716426339 83.1600871064417 80.2287797980413
91.5313920024931 90.706378301254 88.2905355522908 87.9762509169206 86.5650757693805 83.237595614941 88.5873403652979 83.6964506811521 86.6359054690201 85.7849113793878 87.3630331127546 75.3681348263785 76.1231377149688 0 74.1239704853616 75.7863355292019 86.2064976726987 72.5570171580838
92.2997512996007 91.4529317334505 89.3625602525285 89.1663258483577 87.8497272528937 83.5153213971275 90.0415708322431 86.0981015495578 88.4784017056437 87.7998589768893 89.0704658033877 80.788610269172 81.19974618634 74.1239704853616 0 63.2478263495168 88.0656607435105 67.8452979360192
92.6002308959102 91.7840928135208 89.7810867492866 89.5914134259955 88.3453844908085 84.2413823573747 90.3693696241556 86.6112462595499 88.8179418809182 88.1383073018398 89.3494159258269 81.5729154765791 81.9259716426339 75.7863355292019 63.2478263495168 0 88.3042150494884 68.103370572082
90.9904592449888 90.8496901745931 88.648061144169 87.9668145681353 87.7271157392897 89.3428910410209 83.85149082208 81.8869235826395 78.3140135936925 75.3209999951714 75.5407460316867 83.5333315427435 83.1600871064417 86.2064976726987 88.0656607435105 88.3042150494884 0 87.4293916278216
92.4074084886045 91.6251957531956 89.5214849154441 89.2792700757186 88.0377328770581 84.4632316900903 89.8385951024459 85.8005514005498 88.0916622600674 87.3162326125158 88.6223132959149 79.8419543483159 80.2287797980413 72.5570171580838 67.8452979360192 68.103370572082 87.4293916278216 0
