0 85.1544384336684 82.2587210669028 82.9845369622933 84.5321991797927 85.9214571427694
85.1544384336684 0 84.5302635554245 84.3139343989393 82.3859648733539 87.7199705272397
82.2587210669028 84.5302635554245 0 62.759165500287 75.9213178296175 78.3073021585004
82.9845369622933 84.3139343989393 62.759165500287 0 74.0608757462916 78.1682540856104
84.5321991797927 82.3859648733539 75.9213178296175 74.0608757462916 0 81.2665616010706
85.9214571427694 87.7199705272397 78.3073021585004 78.1682540856104 81.2665616010706 0
