0 80.3930962198545 82.6839352129843 83.622091328923 83.6501254971811 84.067335234876
80.3930962198545 0 86.0487872378001 79.05908719444 79.5407227977055 81.8095062127694
82.6839352129843 86.0487872378001 0 85.0796871077196 84.8385417941978 83.7047763992943
83.622091328923 79.05908719444 85.0796871077196 0 56.9639370490137 72.4269689352079
83.6501254971811 79.5407227977055 84.8385417941978 56.9639370490137 0 70.8233501910594
84.067335234876 81.8095062127694 83.7047763992943 72.4269689352079 70.8233501910594 0
