0 82.7417264159659 70.237526392877 80.5622918724125 82.4600994442045 83.785387812752
82.7417264159659 0 83.091775616211 78.2106092259997 77.7647878994723 84.3059326558759
70.237526392877 83.091775616211 0 79.3756649167141 81.5766707252515 82.0052461083682
80.5622918724125 78.2106092259997 79.3756649167141 0 68.5776170713634 78.607465606858
82.4600994442045 77.7647878994723 81.5766707252515 68.5776170713634 0 78.9642297145514
83.785387812752 84.3059326558759 82.0052461083682 78.607465606858 78.9642297145514 0
