0 69.0724707021626 83.631038090477 77.2341445131377 85.322144248722 82.4447587542196
69.0724707021626 0 81.9468982064996 74.3836113119635 83.8702344453606 81.9332335297458
83.631038090477 81.9468982064996 0 81.8246980227395 76.2325041385106 85.7961870390549
77.2341445131377 74.3836113119635 81.8246980227395 0 82.3452739215203 78.2169825290064
85.322144248722 83.8702344453606 76.2325041385106 82.3452739215203 0 85.1179319231956
82.4447587542196 81.9332335297458 85.7961870390549 78.2169825290064 85.1179319231956 0
