0 75.042668369047 80.3134982103822 83.6033008406848 84.5473776830334 86.593546419187
75.042668369047 0 76.8316543916761 83.7262992166468 83.7262992166468 84.8667886893461
80.3134982103822 76.8316543916761 0 80.237526392877 78.9090804678383 80.8378353124009
83.6033008406848 83.7262992166468 80.237526392877 0 73.8658978492988 82.8354320315571
84.5473776830334 83.7262992166468 78.9090804678383 73.8658978492988 0 79.0724707021626
86.593546419187 84.8667886893461 80.8378353124009 82.8354320315571 79.0724707021626 0
