0 83.2910400873432 82.6839352129843 85.0964100579897 84.3360665512941 87.8532674567327
83.2910400873432 0 77.3975598292249 75.8987805111985 84.0945327430115 81.2856097434395
82.6839352129843 77.3975598292249 0 74.6168963459942 78.7161907026741 81.4510002480644
85.0964100579897 75.8987805111985 74.6168963459942 0 82.097585834425 76.5662657802988
84.3360665512941 84.0945327430115 78.7161907026741 82.097585834425 0 84.7744496326325
87.8532674567327 81.2856097434395 81.4510002480644 76.5662657802988 84.7744496326325 0
