0 74.3872598725851 86.2937452682456 86.108690874692 82.6459542896836 85.3915891308315
74.3872598725851 0 84.9796890336395 84.6944839826563 78.6738840693766 82.6810253671005
86.2937452682456 84.9796890336395 0 57.9330371790942 81.9193804244781 81.5313920024931
86.108690874692 84.6944839826563 57.9330371790942 0 81.3769599159453 80.943337135734
82.6459542896836 78.6738840693766 81.9193804244781 81.3769599159453 0 74.0608757462916
85.3915891308315 82.6810253671005 81.5313920024931 80.943337135734 74.0608757462916 0
