0 79.2678479242899 85.9785202629748 79.546717201444 82.6850062209485 81.3769599159453
79.2678479242899 0 80.6014638267446 77.3010467544025 78.4018890874713 81.7655079008745
85.9785202629748 80.6014638267446 0 83.381156296672 81.4268156870561 85.6518503809952
79.546717201444 77.3010467544025 83.381156296672 0 73.1377302830952 73.9536370923738
82.6850062209485 78.4018890874713 81.4268156870561 73.1377302830952 0 77.626044954603
81.3769599159453 81.7655079008745 85.6518503809952 73.9536370923738 77.626044954603 0
