0 62.0827706588024 80.0174507434799 65.0930706154422 82.3105428072981 77.8656042575198
62.0827706588024 0 81.0165466649615 62.0827706588024 83.0838239298534 78.9716857541971
80.0174507434799 81.0165466649615 0 80.8110544783965 69.6356543330438 71.1944680890443
65.0930706154422 62.0827706588024 80.8110544783965 0 82.8967977192182 78.3825939364696
82.3105428072981 83.0838239298534 69.6356543330438 82.8967977192182 0 75.7036774295606
77.8656042575198 78.9716857541971 71.1944680890443 78.3825939364696 75.7036774295606 0
