0 72.79025144391 82.9408048045558 78.191473261705 77.8007545217567 81.8728902001859
72.79025144391 0 84.5616130136863 72.8526927020592 75.9126336164662 82.9387720928131
82.9408048045558 84.5616130136863 0 84.9659509602808 82.7333399372883 74.5416919591329
78.191473261705 72.8526927020592 84.9659509602808 0 72.7264419804889 82.7273505510716
77.8007545217567 75.9126336164662 82.7333399372883 72.7264419804889 0 79.4606946913172
81.8728902001859 82.9387720928131 74.5416919591329 82.7273505510716 79.4606946913172 0
