0 69.0724707021626 67.0590867037549 83.6779798619475 77.1861580940907 78.57723237027
69.0724707021626 0 65.8620964125217 84.1323142820089 74.3279020717801 75.1279961106777
67.0590867037549 65.8620964125217 0 83.0560356932481 73.9917890438536 76.5662657802988
83.6779798619475 84.1323142820089 83.0560356932481 0 82.9023336598264 84.9807548776044
77.1861580940907 74.3279020717801 73.9917890438536 82.9023336598264 0 71.5437885309038
78.57723237027 75.1279961106777 76.5662657802988 84.9807548776044 71.5437885309038 0
