0 70.237526392877 76.706750637792 79.3953468965164 83.7232975144946 81.5766707252515
70.237526392877 0 74.8172353991213 80.8624424595504 82.015668907208 80.8378353124009
76.706750637792 74.8172353991213 0 78.598792738036 79.5248432474792 74.8172353991213
79.3953468965164 80.8624424595504 78.598792738036 0 84.7109310897828 79.2178318940584
83.7232975144946 82.015668907208 79.5248432474792 84.7109310897828 0 79.0767900949499
81.5766707252515 80.8378353124009 74.8172353991213 79.2178318940584 79.0767900949499 0
