0 79.5765657369386 86.737743107132 87.5453491495408 88.1050406143326 89.859131699943
79.5765657369386 0 81.7387672097631 83.4499763303665 86.6813329578914 87.8540806435991
86.737743107132 81.7387672097631 0 77.4947214838478 87.3511319091826 86.6244294888605
87.5453491495408 83.4499763303665 77.4947214838478 0 84.6595564074942 82.9142841293961
88.1050406143326 86.6813329578914 87.3511319091826 84.6595564074942 0 79.4035472355538
89.859131699943 87.8540806435991 86.6244294888605 82.9142841293961 79.4035472355538 0
