0 75.8987805111985 74.3279020717801 83.1574795141574 84.9138903464547 74.9586349383172
75.8987805111985 0 64.9227372224544 78.2993261327158 81.3097290356133 80.2128718013189
74.3279020717801 64.9227372224544 0 79.3255293548103 81.8712561280222 78.6911746955067
83.1574795141574 78.2993261327158 79.3255293548103 0 71.3922917777575 84.7959192545709
84.9138903464547 81.3097290356133 81.8712561280222 71.3922917777575 0 85.9948369189331
74.9586349383172 80.2128718013189 78.6911746955067 84.7959192545709 85.9948369189331 0
