0 83.6434850854135 84.1757553576635 86.8428331489911 84.0841170535261 88.691026149121
83.6434850854135 0 72.2787262194362 77.9671545446975 78.8493324355639 83.3313227628732
84.1757553576635 72.2787262194362 0 75.3326032879623 73.9589841073534 81.2493343553935
86.8428331489911 77.9671545446975 75.3326032879623 0 78.8461887760664 76.9774379984186
84.0841170535261 78.8493324355639 73.9589841073534 78.8461887760664 0 81.2966290083501
88.691026149121 83.3313227628732 81.2493343553935 76.9774379984186 81.2966290083501 0
