0 82.3578348697387 72.3105428072981 83.622091328923 85.8246120982086 81.5810642305087
82.3578348697387 0 80.8110544783965 66.2581263061566 76.2581263061566 66.0957701814488
72.3105428072981 80.8110544783965 0 82.2531040517902 84.8349979793794 79.4725353912208
83.622091328923 66.2581263061566 82.2531040517902 0 73.0384872811603 71.2641687019196
85.8246120982086 76.2581263061566 84.8349979793794 73.0384872811603 0 78.1715287824397
81.5810642305087 66.0957701814488 79.4725353912208 71.2641687019196 78.1715287824397 0
