0 85.2068228736091 78.3948060071717 87.1716919309492 83.0148455798344 86.108690874692
85.2068228736091 0 84.4351506221392 82.0861101013499 86.3008568373237 84.0438945132429
78.3948060071717 84.4351506221392 0 84.3043493179934 75.9539297579115 81.9505252932854
87.1716919309492 82.0861101013499 84.3043493179934 0 84.1558453432274 75.7863355292019
83.0148455798344 86.3008568373237 75.9539297579115 84.1558453432274 0 80.4573131150357
86.108690874692 84.0438945132429 81.9505252932854 75.7863355292019 80.4573131150357 0
