0 84.4632316900903 87.8928971582322 87.5186760113139 84.5700464329907 88.4135689102503
84.4632316900903 0 78.2106092259997 77.1342704420015 76.8092101824516 80.5622918724125
87.8928971582322 78.2106092259997 0 62.0827706588024 80.788610269172 73.6150544197642
87.5186760113139 77.1342704420015 62.0827706588024 0 79.7170505944318 73.091775616211
84.5700464329907 76.8092101824516 80.788610269172 79.7170505944318 0 80.237526392877
88.4135689102503 80.5622918724125 73.6150544197642 73.091775616211 80.237526392877 0
