0 87.2668975981248 84.8190149299059 85.2003092693599 86.440724448383 87.0417675523334
87.2668975981248 0 83.9405886754904 85.289026176076 86.3653649600743 83.6944320923814
84.8190149299059 83.9405886754904 0 68.5776170713634 75.042668369047 74.3901850536133
85.2003092693599 85.289026176076 68.5776170713634 0 70.237526392877 75.6166680451154
86.440724448383 86.3653649600743 75.042668369047 70.237526392877 0 76.3394909415372
87.0417675523334 83.6944320923814 74.3901850536133 75.6166680451154 76.3394909415372 0
