0 81.3769599159453 85.088056632027 84.4166372889035 87.0508044177765 88.2616413386156
81.3769599159453 0 76.1020755728508 75.9948369189331 81.8354476145931 83.447537158823
85.088056632027 76.1020755728508 0 71.1136705287218 77.1839966595082 78.8108513571896
84.4166372889035 75.9948369189331 71.1136705287218 0 75.7425109118437 79.3443980803016
87.0508044177765 81.8354476145931 77.1839966595082 75.7425109118437 0 72.677231678033
88.2616413386156 83.447537158823 78.8108513571896 79.3443980803016 72.677231678033 0
