0 77.4754622734875 79.1189908313318 81.8166330967292 83.4124556397988 87.4337634765958
77.4754622734875 0 72.79025144391 83.5877698921802 80.8704888210962 87.4687013216643
79.1189908313318 72.79025144391 0 81.7361677537888 76.6163480730742 85.7863355292019
81.8166330967292 83.5877698921802 81.7361677537888 0 81.3769599159453 81.6105646435222
83.4124556397988 80.8704888210962 76.6163480730742 81.3769599159453 0 83.1050413359554
87.4337634765958 87.4687013216643 85.7863355292019 81.6105646435222 83.1050413359554 0
