0 77.1861580940907 82.3578348697387 81.9089615194754 86.8728728512127 85.1213743621328
77.1861580940907 0 80.0174507434799 81.4741215705682 84.1984937693655 83.0384872811603
82.3578348697387 80.0174507434799 0 72.5868656935784 80.4857622301273 73.8658978492988
81.9089615194754 81.4741215705682 72.5868656935784 0 83.201597050353 77.7738075181225
86.8728728512127 84.1984937693655 80.4857622301273 83.201597050353 0 77.2169957016613
85.1213743621328 83.0384872811603 73.8658978492988 77.7738075181225 77.2169957016613 0
