0 80.2119042252309 82.2787262194362 84.4375721245996 80.2528274474092 74.1764311804967
80.2119042252309 0 68.7966354858417 76.154975795988 53.9536370923738 79.2735080547232
82.2787262194362 68.7966354858417 0 71.3086136742356 68.7966354858417 81.3237777764186
84.4375721245996 76.154975795988 71.3086136742356 0 76.154975795988 83.622091328923
80.2528274474092 53.9536370923738 68.7966354858417 76.154975795988 0 79.0777868948368
74.1764311804967 79.2735080547232 81.3237777764186 83.622091328923 79.0777868948368 0
