0 82.9953807752155 83.964480905296 84.0075874112409 88.7457899743875 85.8528340121738
82.9953807752155 0 76.9747808619358 80.273145354966 82.5057990397075 78.9381188530155
83.964480905296 76.9747808619358 0 71.1963957883817 84.1239704853616 71.8446925310999
84.0075874112409 80.273145354966 71.1963957883817 0 85.7863355292019 75.7148230594053
88.7457899743875 82.5057990397075 84.1239704853616 85.7863355292019 0 82.8100522194754
85.8528340121738 78.9381188530155 71.8446925310999 75.7148230594053 82.8100522194754 0
