0 70.237526392877 78.5550952672913 84.2898848045664 81.6065963893544 85.0612171811727
70.237526392877 0 75.9126336164662 82.5570171580838 79.6239007539644 83.6337942323103
78.5550952672913 75.9126336164662 0 78.6957997331364 71.1136705287218 79.6356543330438
84.2898848045664 82.5570171580838 78.6957997331364 0 74.8172353991213 69.5166621000467
81.6065963893544 79.6239007539644 71.1136705287218 74.8172353991213 0 75.5971656502182
85.0612171811727 83.6337942323103 79.6356543330438 69.5166621000467 75.5971656502182 0
