0 82.7531929436013 82.2401945969294 76.5063621434069 81.6951556819209 84.6402455981791
82.7531929436013 0 60.8370164512019 80.3930962198545 80.1964580507305 80.083232036329
82.2401945969294 60.8370164512019 0 79.4635968304033 79.2529806051988 79.4497994875647
76.5063621434069 80.3930962198545 79.4635968304033 0 74.7635075614827 80.4945818741731
81.6951556819209 80.1964580507305 79.2529806051988 74.7635075614827 0 74.7843506622234
84.6402455981791 80.083232036329 79.4497994875647 80.4945818741731 74.7843506622234 0
