0 74.5878360591445 50.943337135734 83.4322287955293 76.1677794707972 76.3454880708158
74.5878360591445 0 74.1847450225324 86.108690874692 74.7765017741337 80.4372372021832
50.943337135734 74.1847450225324 0 83.570746697205 75.6854997764966 76.2631521617773
83.4322287955293 86.108690874692 83.570746697205 0 85.6209165851523 81.7097415724374
76.1677794707972 74.7765017741337 75.6854997764966 85.6209165851523 0 77.3300729873511
76.3454880708158 80.4372372021832 76.2631521617773 81.7097415724374 77.3300729873511 0
