0 78.4018890874713 84.7832850301513 77.8007545217567 88.2130529725628 86.796551901947
78.4018890874713 0 79.1123755294906 73.447537158823 85.8005514005498 86.2616144754115
84.7832850301513 79.1123755294906 0 81.4741215705682 83.8213544350363 87.2756012004027
77.8007545217567 73.447537158823 81.4741215705682 0 85.0964100579897 84.2238258132112
88.2130529725628 85.8005514005498 83.8213544350363 85.0964100579897 0 83.4314437143768
86.796551901947 86.2616144754115 87.2756012004027 84.2238258132112 83.4314437143768 0
