0 83.381156296672 83.0088975767243 82.7760355725621 83.8946079882559 83.7989102258118
83.381156296672 0 80.7841074747623 82.1883793840769 87.2840773906087 86.5172059563291
83.0088975767243 80.7841074747623 0 66.9639370490137 82.7445958873746 81.0335945566031
82.7760355725621 82.1883793840769 66.9639370490137 0 81.2209091826396 79.1189908313318
83.8946079882559 87.2840773906087 82.7445958873746 81.2209091826396 0 68.7966354858417
83.7989102258118 86.5172059563291 81.0335945566031 79.1189908313318 68.7966354858417 0
