0 83.622091328923 85.0002150024618 80.2663430594107 86.5228419907499 85.0751454863898
83.622091328923 0 74.8172353991213 84.7788348901927 78.4139450422968 78.1213116799378
85.0002150024618 74.8172353991213 0 84.4059527651769 70.74612744449 69.4659940385218
80.2663430594107 84.7788348901927 84.4059527651769 0 85.6811254822013 83.5392759245935
86.5228419907499 78.4139450422968 70.74612744449 85.6811254822013 0 72.5570171580838
85.0751454863898 78.1213116799378 69.4659940385218 83.5392759245935 72.5570171580838 0
