0 82.9106243619669 82.3326765383033 84.2959097000793 83.947117784441 84.0572410026781
82.9106243619669 0 80.8110544783965 83.6033008406848 85.9291992239092 85.6545076548673
82.3326765383033 80.8110544783965 0 72.9023336598264 79.2299361010872 78.4689679768145
84.2959097000793 83.6033008406848 72.9023336598264 0 76.5662657802988 75.1079936193021
83.947117784441 85.9291992239092 79.2299361010872 76.5662657802988 0 60.7251545881103
84.0572410026781 85.6545076548673 78.4689679768145 75.1079936193021 60.7251545881103 0
