0 73.6150544197642 81.2331141878218 78.1860958317419 77.2768407468619 84.4399969767003
73.6150544197642 0 76.625354376404 71.3176021151403 75.4186256507182 81.5047597563245
81.2331141878218 76.625354376404 0 73.7989102258118 80.0793953969399 75.0930706154422
78.1860958317419 71.3176021151403 73.7989102258118 0 74.3262126870362 78.9298435901867
77.2768407468619 75.4186256507182 80.0793953969399 74.3262126870362 0 82.4199748459113
84.4399969767003 81.5047597563245 75.0930706154422 78.9298435901867 82.4199748459113 0
