0 70.943337135734 72.6751998198568 77.9762509169206 82.8654732534631 70.4372372021832
70.943337135734 0 57.9330371790942 72.9023336598264 80.3295398378511 74.0608757462916
72.6751998198568 57.9330371790942 0 71.1963957883817 79.6503949660279 74.9227372224544
77.9762509169206 72.9023336598264 71.1963957883817 0 75.5671042138096 78.6957997331364
82.8654732534631 80.3295398378511 79.6503949660279 75.5671042138096 0 83.1975056552541
70.4372372021832 74.0608757462916 74.9227372224544 78.6957997331364 83.1975056552541 0
