0 78.9847314590875 83.8681130724119 84.0502702591676 87.8885116738456 88.4407756667418
78.9847314590875 0 79.2684262627964 78.3784347830183 86.8761978059386 87.3833401300809
83.8681130724119 79.2684262627964 0 68.5776170713634 82.9188992672694 83.5434189618861
84.0502702591676 78.3784347830183 68.5776170713634 0 84.3239158899316 84.8041684488537
87.8885116738456 86.8761978059386 82.9188992672694 84.3239158899316 0 64.7638837257337
88.4407756667418 87.3833401300809 83.5434189618861 84.8041684488537 64.7638837257337 0
