0 77.8590725815411 64.9227372224544 79.546717201444 83.964480905296 77.189579625587
77.8590725815411 0 77.7395956775587 71.1429122443872 78.8991771980763 81.8069354424815
64.9227372224544 77.7395956775587 0 78.7966354858417 83.5201228844259 75.2245736510131
79.546717201444 71.1429122443872 78.7966354858417 0 75.9948369189331 81.4140513783975
83.964480905296 78.8991771980763 83.5201228844259 75.9948369189331 0 84.8071661624612
77.189579625587 81.8069354424815 75.2245736510131 81.4140513783975 84.8071661624612 0
