0 81.6251957531956 83.5969269870753 84.3139343989393 87.2180198603311 87.2691045203621
81.6251957531956 0 70.2840434777078 73.5201228844259 81.1510920176696 81.2160223996837
83.5969269870753 70.2840434777078 0 63.5518877732037 79.5266908928402 79.546717201444
84.3139343989393 73.5201228844259 63.5518877732037 0 79.2684262627964 79.2499854280693
87.2180198603311 81.1510920176696 79.5266908928402 79.2684262627964 0 48.3502632901852
87.2691045203621 81.2160223996837 79.546717201444 79.2499854280693 48.3502632901852 0
