0 80.4905850455247 86.5172059563291 84.3517426338573 87.4991843526516 87.4879904709355
80.4905850455247 0 82.6459542896836 76.0621707455228 82.6354625549665 82.79025144391
86.5172059563291 82.6459542896836 0 78.8461887760664 84.7601261208975 85.3681348263785
84.3517426338573 76.0621707455228 78.8461887760664 0 80.381432104844 81.0843403509302
87.4991843526516 82.6354625549665 84.7601261208975 80.381432104844 0 63.3925710619915
87.4879904709355 82.79025144391 85.3681348263785 81.0843403509302 63.3925710619915 0
