0 85.7749292329038 85.435034457386 86.107479157868 88.6052340688356 88.5873403652979
85.7749292329038 0 77.2272264362371 78.5354686852749 78.2106092259997 77.8007545217567
85.435034457386 77.2272264362371 0 64.8809739896625 83.0384872811603 82.5570171580838
86.107479157868 78.5354686852749 64.8809739896625 0 83.3371510020866 82.814646974458
88.6052340688356 78.2106092259997 83.0384872811603 83.3371510020866 0 60.943337135734
88.5873403652979 77.8007545217567 82.5570171580838 82.814646974458 60.943337135734 0
