0 75.2408599357581 79.8251320749173 83.1365622199274 82.5570171580838 87.0006960745015
75.2408599357581 0 83.785387812752 78.7966354858417 81.3926525972256 87.4298640870463
79.8251320749173 83.785387812752 0 87.4658005457673 85.3413992496673 86.5840769255055
83.1365622199274 78.7966354858417 87.4658005457673 0 81.5766707252515 88.0908247429846
82.5570171580838 81.3926525972256 85.3413992496673 81.5766707252515 0 82.5390090680702
87.0006960745015 87.4298640870463 86.5840769255055 88.0908247429846 82.5390090680702 0
