0 53.2928218595366 70.9865508735604 84.7635075614827 74.4651623168476 80.9822487981031
53.2928218595366 0 69.7828643903458 84.5447220150703 73.6920480993033 80.7088092288899
70.9865508735604 69.7828643903458 0 83.0838239298534 65.0930706154422 78.5776170713634
84.7635075614827 84.5447220150703 83.0838239298534 0 82.420100378145 83.8056556760196
74.4651623168476 73.6920480993033 65.0930706154422 82.420100378145 0 76.8982993539898
80.9822487981031 80.7088092288899 78.5776170713634 83.8056556760196 76.8982993539898 0
