0 79.1830609106171 85.1478457267947 82.420100378145 79.546717201444 82.7417264159659
79.1830609106171 0 79.0724884531788 75.5920337690364 79.8368603834318 80.4712770428336
85.1478457267947 79.0724884531788 0 78.103370572082 84.2959097000793 83.0811701290871
82.420100378145 75.5920337690364 78.103370572082 0 78.6957997331364 76.0487872378001
79.546717201444 79.8368603834318 84.2959097000793 78.6957997331364 0 73.9536370923738
82.7417264159659 80.4712770428336 83.0811701290871 76.0487872378001 73.9536370923738 0
