0 85.5485382502072 85.1872526798368 85.5523155632995 86.3094978821053 84.3377451932618
85.5485382502072 0 64.3160605645305 62.7082616872512 66.9639370490137 78.6148957965558
85.1872526798368 64.3160605645305 0 57.9330371790942 67.9942456492794 76.7548619737219
85.5523155632995 62.7082616872512 57.9330371790942 0 64.7423541271101 77.3229637039292
86.3094978821053 66.9639370490137 67.9942456492794 64.7423541271101 0 78.4638216139284
84.3377451932618 78.6148957965558 76.7548619737219 77.3229637039292 78.4638216139284 0
