0 82.2305599791183 82.3073716170739 82.9106243619669 85.8415162187485 87.2410336105877
82.2305599791183 0 82.2787262194362 80.3485019850597 85.840110052371 87.1647430534518
82.3073716170739 82.2787262194362 0 71.1136705287218 77.1342704420015 80.5750284208712
82.9106243619669 80.3485019850597 71.1136705287218 0 79.2684262627964 81.8793796270243
85.8415162187485 85.840110052371 77.1342704420015 79.2684262627964 0 70.9009238130264
87.2410336105877 87.1647430534518 80.5750284208712 81.8793796270243 70.9009238130264 0
