0 73.3370200353639 75.1757958751021 83.201597050353 87.1311373807962 88.2688829342483
73.3370200353639 0 63.5102917366272 83.7216378247661 85.3918769609383 88.0185289258007
75.1757958751021 63.5102917366272 0 83.3313227628732 84.7054556385607 87.6019601377656
83.201597050353 83.7216378247661 83.3313227628732 0 86.7696515306304 82.0827706588024
87.1311373807962 85.3918769609383 84.7054556385607 86.7696515306304 0 86.5364172448041
88.2688829342483 88.0185289258007 87.6019601377656 82.0827706588024 86.5364172448041 0
