0 84.9796890336395 69.3388110650734 85.2522626897935 70.237526392877 77.0605702158074
84.9796890336395 0 83.6250575602636 57.2037524442342 83.5008850021645 81.8211513138294
69.3388110650734 83.6250575602636 0 83.9209422467254 50.4645330275519 72.5139649237883
85.2522626897935 57.2037524442342 83.9209422467254 0 83.7963367083314 82.1012082052641
70.237526392877 83.5008850021645 50.4645330275519 83.7963367083314 0 71.8069354424815
77.0605702158074 81.8211513138294 72.5139649237883 82.1012082052641 71.8069354424815 0
