0 85.0565231394747 75.2857984050939 79.8195101390914 85.0070354904267 83.4984742639294
85.0565231394747 0 82.1259843966288 86.7841415214107 83.2688641571583 87.7669004822651
75.2857984050939 82.1259843966288 0 80.1412768538257 82.1155231844223 83.1179828887629
79.8195101390914 86.7841415214107 80.1412768538257 0 82.9436298012717 74.3872598725851
85.0070354904267 83.2688641571583 82.1155231844223 82.9436298012717 0 82.5868656935784
83.4984742639294 87.7669004822651 83.1179828887629 74.3872598725851 82.5868656935784 0
