0 68.5776170713634 87.0933632809799 83.3513248469073 86.0070343066891 89.508810128712
68.5776170713634 0 87.0637545821867 81.7819451443998 85.2068228736091 89.2955364528445
87.0933632809799 87.0637545821867 0 86.2093142267685 83.1548703552811 79.4397921589804
83.3513248469073 81.7819451443998 86.2093142267685 0 78.7966354858417 87.271044818183
86.0070343066891 85.2068228736091 83.1548703552811 78.7966354858417 0 83.3548303613768
89.508810128712 89.2955364528445 79.4397921589804 87.271044818183 83.3548303613768 0
