0 84.5063265938019 79.1123755294906 86.9476203930553 85.0274329204183 82.3578348697387
84.5063265938019 0 77.8812286954495 74.8598529172153 65.8688055231039 73.8326518223125
79.1123755294906 77.8812286954495 0 82.4324470668276 78.9021373091748 72.79025144391
86.9476203930553 74.8598529172153 82.4324470668276 0 73.091775616211 79.6356543330438
85.0274329204183 65.8688055231039 78.9021373091748 73.091775616211 0 74.1239704853616
82.3578348697387 73.8326518223125 72.79025144391 79.6356543330438 74.1239704853616 0
