0 73.5201228844259 72.79025144391 80.6047544631244 85.9195436335469 86.7514468623435
73.5201228844259 0 66.9639370490137 75.9126336164662 85.1986793407167 86.706750637792
72.79025144391 66.9639370490137 0 76.3340981236618 84.3199260459954 85.8203757673713
80.6047544631244 75.9126336164662 76.3340981236618 0 83.6150544197642 86.1494823545164
85.9195436335469 85.1986793407167 84.3199260459954 83.6150544197642 0 76.8092101824516
86.7514468623435 86.706750637792 85.8203757673713 86.1494823545164 76.8092101824516 0
