0 77.3082160992677 82.1520993427168 78.3073021585004 81.2331141878218 86.6047444593662
77.3082160992677 0 74.9177317641227 80.1964580507305 79.941542160005 83.5613780938934
82.1520993427168 74.9177317641227 0 82.5671125518766 80.7076486852951 80.1497871498019
78.3073021585004 80.1964580507305 82.5671125518766 0 74.2066957450215 85.2262052644177
81.2331141878218 79.941542160005 80.7076486852951 74.2066957450215 0 82.547244331499
86.6047444593662 83.5613780938934 80.1497871498019 85.2262052644177 82.547244331499 0
