0 75.2408599357581 61.6337597536759 72.9023336598264 63.2478263495168 64.9227372224544
75.2408599357581 0 74.0811948862954 63.9536370923738 76.2581263061566 76.8982993539898
61.6337597536759 74.0811948862954 0 71.0435364167703 63.2246206735359 65.7673484792466
72.9023336598264 63.9536370923738 71.0435364167703 0 73.9536370923738 74.7814907955383
63.2478263495168 76.2581263061566 63.2246206735359 73.9536370923738 0 53.9536370923738
64.9227372224544 76.8982993539898 65.7673484792466 74.7814907955383 53.9536370923738 0
