0 74.6168963459942 81.020417965384 85.1130688617644 88.0975203616846 86.387816223979
74.6168963459942 0 79.0747441770741 84.2005457159281 89.0724707021626 87.1149096851022
81.020417965384 79.0747441770741 0 77.1846091113625 87.4128861386469 84.2596343120333
85.1130688617644 84.2005457159281 77.1846091113625 0 86.737743107132 82.8016065792068
88.0975203616846 89.0724707021626 87.4128861386469 86.737743107132 0 77.9915448430801
86.387816223979 87.1149096851022 84.2596343120333 82.8016065792068 77.9915448430801 0
