0 79.3002428506583 75.9438686336418 78.9021373091748 81.0505757896518 82.1274314471788
79.3002428506583 0 81.9313780700805 76.5063621434069 77.5519919157727 78.8153523234447
75.9438686336418 81.9313780700805 0 78.1798427408214 80.2138987028248 81.1136705287218
78.9021373091748 76.5063621434069 78.1798427408214 0 67.9330371790942 71.9611009623638
81.0505757896518 77.5519919157727 80.2138987028248 67.9330371790942 0 63.6289393473696
82.1274314471788 78.8153523234447 81.1136705287218 71.9611009623638 63.6289393473696 0
