0 74.3872598725851 81.0335945566031 81.4741215705682 81.7532076048429 86.6499338359494
74.3872598725851 0 82.9845369622933 81.1676208475889 82.1292907879716 84.7490671664029
81.0335945566031 82.9845369622933 0 77.8718063285063 75.3208427639379 87.0520671395345
81.4741215705682 81.1676208475889 77.8718063285063 0 67.4754622734875 83.361291448686
81.7532076048429 82.1292907879716 75.3208427639379 67.4754622734875 0 84.5832154332189
86.6499338359494 84.7490671664029 87.0520671395345 83.361291448686 84.5832154332189 0
