0 82.8550516930196 80.9822487981031 83.4181597425046 82.4600994442045 82.8298100957312
82.8550516930196 0 82.5868656935784 79.546717201444 80.6047544631244 81.4548623602078
80.9822487981031 82.5868656935784 0 76.5662657802988 72.5570171580838 71.9124372658146
83.4181597425046 79.546717201444 76.5662657802988 0 67.9330371790942 69.9742370056535
82.4600994442045 80.6047544631244 72.5570171580838 67.9330371790942 0 60.943337135734
82.8298100957312 81.4548623602078 71.9124372658146 69.9742370056535 60.943337135734 0
