0 67.3458830677357 82.4570356382086 74.5416919591329 77.4658005457673 81.4548623602078
67.3458830677357 0 80.9127341695246 69.812506996032 74.2190535405417 79.5679628547071
82.4570356382086 80.9127341695246 0 79.2684262627964 76.625354376404 70.0814756595712
74.5416919591329 69.812506996032 79.2684262627964 0 67.9330371790942 76.8982993539898
77.4658005457673 74.2190535405417 76.625354376404 67.9330371790942 0 73.091775616211
81.4548623602078 79.5679628547071 70.0814756595712 76.8982993539898 73.091775616211 0
