0 64.9227372224544 61.4130165408659 79.0724707021626 66.9639370490137 79.3255293548103
64.9227372224544 0 55.4883198567224 80.6047544631244 57.9330371790942 79.3818913619656
61.4130165408659 55.4883198567224 0 80.1090745277406 61.0438936517114 79.2491120616293
79.0724707021626 80.6047544631244 80.1090745277406 0 80.8110544783965 81.5766707252515
66.9639370490137 57.9330371790942 61.0438936517114 80.8110544783965 0 78.7608908822587
79.3255293548103 79.3818913619656 79.2491120616293 81.5766707252515 78.7608908822587 0
