0 67.4754622734875 81.8810549507213 82.21762491425 84.5415354577366 85.4658028809384
67.4754622734875 0 82.8298100957312 81.557861926606 83.7417875879331 84.8172353991213
81.8810549507213 82.8298100957312 0 82.2531040517902 85.2033105224855 85.4887369853822
82.21762491425 81.557861926606 82.2531040517902 0 74.4609326885613 76.1020755728508
84.5415354577366 83.7417875879331 85.2033105224855 74.4609326885613 0 67.2537678396229
85.4658028809384 84.8172353991213 85.4887369853822 76.1020755728508 67.2537678396229 0
