0 79.8251320749173 81.1011246996244 85.5845546265478 86.8817337465467 87.8355375083724
79.8251320749173 0 68.5776170713634 81.5183196618021 81.9401435468265 84.0268466216013
81.1011246996244 68.5776170713634 0 79.3041066860342 80.6374962592738 82.6459542896836
85.5845546265478 81.5183196618021 79.3041066860342 0 78.8084428655635 76.8869628691805
86.8817337465467 81.9401435468265 80.6374962592738 78.8084428655635 0 74.8172353991213
87.8355375083724 84.0268466216013 82.6459542896836 76.8869628691805 74.8172353991213 0
