0 77.1861580940907 64.8444985262884 77.4079020524397 71.9124372658146 82.1856311829727
77.1861580940907 0 77.2684549304694 83.2159139186666 75.289026176076 85.8339985632717
64.8444985262884 77.2684549304694 0 77.1861580940907 68.394509321974 81.7962429180347
77.4079020524397 83.2159139186666 77.1861580940907 0 79.5293442893877 75.0930706154422
71.9124372658146 75.289026176076 68.394509321974 79.5293442893877 0 82.9578796406128
82.1856311829727 85.8339985632717 81.7962429180347 75.0930706154422 82.9578796406128 0
