0 76.1677794707972 86.8282951458061 82.4119000851148 86.6639170349971 84.1710506001133
76.1677794707972 0 84.8385417941978 77.3805756343128 84.2596343120333 80.3415054349985
86.8282951458061 84.8385417941978 0 80.5651002389378 70.4857622301273 78.4785091653218
82.4119000851148 77.3805756343128 80.5651002389378 0 79.1270639405664 69.5765657369386
86.6639170349971 84.2596343120333 70.4857622301273 79.1270639405664 0 75.9201503407916
84.1710506001133 80.3415054349985 78.4785091653218 69.5765657369386 75.9201503407916 0
