0 84.4632316900903 80.8461153845728 84.0161576060675 86.5172059563291 86.082168991845
84.4632316900903 0 82.3689023639401 76.1020755728508 78.5626155199393 79.8195101390914
80.8461153845728 82.3689023639401 0 78.3475781222659 82.1508330569211 80.7068317199516
84.0161576060675 76.1020755728508 78.3475781222659 0 74.484421527208 73.4960621867671
86.5172059563291 78.5626155199393 82.1508330569211 74.484421527208 0 68.5776170713634
86.082168991845 79.8195101390914 80.7068317199516 73.4960621867671 68.5776170713634 0
