0 79.3002428506583 81.7193678360836 79.7342959307347 81.1676208475889 83.1155436921792
79.3002428506583 0 74.4776542567826 79.8531331056309 82.2787262194362 86.393932982674
81.7193678360836 74.4776542567826 0 77.6354911573801 80.5155202171869 86.1481696237105
79.7342959307347 79.8531331056309 77.6354911573801 0 70.0814756595712 82.1556516872302
81.1676208475889 82.2787262194362 80.5155202171869 70.0814756595712 0 80.4078597858648
83.1155436921792 86.393932982674 86.1481696237105 82.1556516872302 80.4078597858648 0
