0 87.2016042685911 80.3701083659113 82.8330841018043 86.0608342491839 87.3975598292249
87.2016042685911 0 82.3194586316094 84.8485035078672 82.8354320315571 84.7544879428325
80.3701083659113 82.3194586316094 0 78.1117143687293 80.978716351005 83.6582506196147
82.8330841018043 84.8485035078672 78.1117143687293 0 77.2066893948872 79.7816985863757
86.0608342491839 82.8354320315571 80.978716351005 77.2066893948872 0 72.5570171580838
87.3975598292249 84.7544879428325 83.6582506196147 79.7816985863757 72.5570171580838 0
