0 77.7647878994723 85.2198208476034 73.2222041818708 81.7962429180347 80.9783318280474
77.7647878994723 0 80.4372372021832 71.5879170280032 74.484421527208 73.311243851958
85.2198208476034 80.4372372021832 0 82.9023336598264 76.8316543916761 78.2866242764425
73.2222041818708 71.5879170280032 82.9023336598264 0 77.7738075181225 76.4070822648368
81.7962429180347 74.484421527208 76.8316543916761 77.7738075181225 0 62.1584411727657
80.9783318280474 73.311243851958 78.2866242764425 76.4070822648368 62.1584411727657 0
