0 75.8987805111985 86.2899428940185 84.1114246562642 83.3513248469073 88.3666599593055
75.8987805111985 0 85.4703994008443 81.4548623602078 78.5776170713634 87.4269372455433
86.2899428940185 85.4703994008443 0 79.3756649167141 85.4024912752453 75.6854997764966
84.1114246562642 81.4548623602078 79.3756649167141 0 79.4497994875647 81.8246980227395
83.3513248469073 78.5776170713634 85.4024912752453 79.4497994875647 0 86.6230062039656
88.3666599593055 87.4269372455433 75.6854997764966 81.8246980227395 86.6230062039656 0
