0 80.1497871498019 82.0275358001256 83.323798167022 86.2196361444474 86.3653649600743
80.1497871498019 0 81.6412477354609 74.4651623168477 80.273145354966 85.5523155632995
82.0275358001256 81.6412477354609 0 81.3093783599262 85.6596079521263 78.2837867280924
83.323798167022 74.4651623168477 81.3093783599262 0 77.6085169412828 84.3616377049391
86.2196361444474 80.273145354966 85.6596079521263 77.6085169412828 0 87.3031982537424
86.3653649600743 85.5523155632995 78.2837867280924 84.3616377049391 87.3031982537424 0
