0 81.4548623602078 84.9383437488801 84.8825972015924 87.5803463896305 86.5364172448041
81.4548623602078 0 85.4703994008443 83.4864004590469 87.1809971370733 84.0097315459766
84.9383437488801 85.4703994008443 0 75.289026176076 76.4210841896122 80.1964580507305
84.8825972015924 83.4864004590469 75.289026176076 0 77.9762509169206 73.8213544350363
87.5803463896305 87.1809971370733 76.4210841896122 77.9762509169206 0 79.3756649167141
86.5364172448041 84.0097315459766 80.1964580507305 73.8213544350363 79.3756649167141 0
