0 76.5662657802988 62.0827706588024 82.4324470668276 68.2050216666414 75.6232660421234
76.5662657802988 0 78.0360367454923 76.2581263061566 76.2529018256775 81.7283400220662
62.0827706588024 78.0360367454923 0 83.2067580073703 69.32821523689 73.7643742516656
82.4324470668276 76.2581263061566 83.2067580073703 0 82.0743881287937 85.3335390517564
68.2050216666414 76.2529018256775 69.32821523689 82.0743881287937 0 75.2408599357581
75.6232660421234 81.7283400220662 73.7643742516656 85.3335390517564 75.2408599357581 0
