0 78.9021373091748 81.8529679016913 83.9402807186622 86.3453801341546 86.750026014787
78.9021373091748 0 74.1239704853616 83.8402598368324 83.6009463029101 83.7590311747449
81.8529679016913 74.1239704853616 0 82.1481771693759 80.0814756595712 80.2864130209328
83.9402807186622 83.8402598368324 82.1481771693759 0 81.0257095914155 82.4600994442045
86.3453801341546 83.6009463029101 80.0814756595712 81.0257095914155 0 66.389400236413
86.750026014787 83.7590311747449 80.2864130209328 82.4600994442045 66.389400236413 0
