0 66.625354376404 81.9068065931973 83.2707577629414 72.0158205061871 75.0930706154422
66.625354376404 0 80.468005234348 82.022217387562 70.1839879545288 75.7863355292019
81.9068065931973 80.468005234348 0 66.8325709676692 81.8246980227395 84.0278839159579
83.2707577629414 82.022217387562 66.8325709676692 0 83.0396642362706 84.9796890336395
72.0158205061871 70.1839879545288 81.8246980227395 83.0396642362706 0 71.0343076922411
75.0930706154422 75.7863355292019 84.0278839159579 84.9796890336395 71.0343076922411 0
