0 68.6932727376764 82.9763862971189 78.7966354858417 78.8108513571896 78.1200421657566
68.6932727376764 0 81.3768539779873 75.7661311489314 79.9568166908642 75.27419124847
82.9763862971189 81.3768539779873 0 75.1757958751021 86.5364172448041 81.2331141878218
78.7966354858417 75.7661311489314 75.1757958751021 0 83.7989102258118 76.1020755728508
78.8108513571896 79.9568166908642 86.5364172448041 83.7989102258118 0 80.738820882775
78.1200421657566 75.27419124847 81.2331141878218 76.1020755728508 80.738820882775 0
