0 72.5570171580838 77.5732248559628 83.9731365032165 86.6394168112023 86.6536926784478
72.5570171580838 0 80.3508488140867 84.3872598725851 86.0393941818496 86.319574709037
77.5732248559628 80.3508488140867 0 79.8302756650989 85.2927263067455 84.7904545651168
83.9731365032165 84.3872598725851 79.8302756650989 0 80.5098229277861 78.5768181543232
86.6394168112023 86.0393941818496 85.2927263067455 80.5098229277861 0 70.097106269422
86.6536926784478 86.319574709037 84.7904545651168 78.5768181543232 70.097106269422 0
