0 86.3852582433843 83.1407905123924 87.8611056796475 83.8242974557916 87.7998589768893
86.3852582433843 0 77.8875299247069 76.4826762175954 82.9009204334988 84.5869706818913
83.1407905123924 77.8875299247069 0 80.3134982103822 77.1342704420015 82.7505047233753
87.8611056796475 76.4826762175954 80.3134982103822 0 82.4570356382086 81.8681402566381
83.8242974557916 82.9009204334988 77.1342704420015 82.4570356382086 0 79.1041740931397
87.7998589768893 84.5869706818913 82.7505047233753 81.8681402566381 79.1041740931397 0
