0 60.4857622301273 79.3818913619656 80.3490592913715 84.3239158899316 88.110880710061
60.4857622301273 0 78.9298435901867 80.1248151962305 83.9296849669784 88.1432753994101
79.3818913619656 78.9298435901867 0 67.4176519067412 77.9330371790942 85.2970022018606
80.3490592913715 80.1248151962305 67.4176519067412 0 78.7831722007736 84.1873314832827
84.3239158899316 83.9296849669784 77.9330371790942 78.7831722007736 0 85.6635841127368
88.110880710061 88.1432753994101 85.2970022018606 84.1873314832827 85.6635841127368 0
