0 84.7109310897828 64.9227372224544 81.0168659866604 82.6342007106042 86.1453081155257
84.7109310897828 0 84.6168963459942 76.6141278588331 86.2440528241078 84.9895952604575
64.9227372224544 84.6168963459942 0 80.587513841036 81.4238688668901 85.4413208905745
81.0168659866604 76.6141278588331 80.587513841036 0 83.0828618183257 83.051870788883
82.6342007106042 86.2440528241078 81.4238688668901 83.0828618183257 0 80.2292257581892
86.1453081155257 84.9895952604575 85.4413208905745 83.051870788883 80.2292257581892 0
