0 76.6136007973246 83.1365622199274 79.1385337280645 80.7866305989181 83.1076588056911
76.6136007973246 0 77.8452979360192 82.9023759144635 80.2914130565145 81.2048318364085
83.1365622199274 77.8452979360192 0 85.8768265760156 81.738096851944 80.1250211554437
79.1385337280645 82.9023759144635 85.8768265760156 0 79.6707254104607 83.051870788883
80.7866305989181 80.2914130565145 81.738096851944 79.6707254104607 0 73.2222041818708
83.1076588056911 81.2048318364085 80.1250211554437 83.051870788883 73.2222041818708 0
