0 67.4754622734875 80.3134982103822 82.8291070391007 83.8924062417859 87.1805622832017
67.4754622734875 0 78.4407002914246 81.2373086938219 82.6722841132558 86.4024197604247
80.3134982103822 78.4407002914246 0 74.1466695812774 74.4651623168477 81.9673959765696
82.8291070391007 81.2373086938219 74.1466695812774 0 73.6105236656695 81.0632682823266
83.8924062417859 82.6722841132558 74.4651623168477 73.6105236656695 0 77.3544676310594
87.1805622832017 86.4024197604247 81.9673959765696 81.0632682823266 77.3544676310594 0
