0 85.6635841127368 70.0281873245205 83.2093361878076 72.2638946646416 84.5719301653208
85.6635841127368 0 84.6429132091945 74.9227372224544 85.0306275286707 73.323798167022
70.0281873245205 84.6429132091945 0 81.5653952239311 64.0496685584326 83.1155436921792
83.2093361878076 74.9227372224544 81.5653952239311 0 81.9767151342532 68.1860958317419
72.2638946646416 85.0306275286707 64.0496685584326 81.9767151342532 0 83.3825163757814
84.5719301653208 73.323798167022 83.1155436921792 68.1860958317419 83.3825163757814 0
