0 66.625354376404 81.4702765549837 80.8821062851461 85.5058312299719 86.3951708178881
66.625354376404 0 79.9850808185757 79.7571837034398 85.3647352073522 86.2478955715808
81.4702765549837 79.9850808185757 0 82.7760355725621 87.8977592006288 88.4638216139284
80.8821062851461 79.7571837034398 82.7760355725621 0 80.9210860403606 82.099442252477
85.5058312299719 85.3647352073522 87.8977592006288 80.9210860403606 0 66.2728918396125
86.3951708178881 86.2478955715808 88.4638216139284 82.099442252477 66.2728918396125 0
