0 79.9360690089101 86.560312462274 81.1739473439385 85.5447953106515 89.460335980784
79.9360690089101 0 81.3176021151403 79.2145792780087 82.3546980369414 86.0785866380465
86.560312462274 81.3176021151403 0 85.3237709726487 84.7922451010396 82.2225934768564
81.1739473439385 79.2145792780087 85.3237709726487 0 77.9066626420657 86.7696515306304
85.5447953106515 82.3546980369414 84.7922451010396 77.9066626420657 0 83.9961191773951
89.460335980784 86.0785866380465 82.2225934768564 86.7696515306304 83.9961191773951 0
