0 80.6047544631244 71.6251957531956 75.0257367888525 84.9659509602808 87.5336566659067
80.6047544631244 0 76.8982993539898 77.7285209261352 77.627196302634 82.510466579132
71.6251957531956 76.8982993539898 0 70.237526392877 82.8634330622707 86.0175603280941
75.0257367888525 77.7285209261352 70.237526392877 0 82.420100378145 85.7548852295133
84.9659509602808 77.627196302634 82.8634330622707 82.420100378145 0 75.8272050860464
87.5336566659067 82.510466579132 86.0175603280941 85.7548852295133 75.8272050860464 0
