0 81.3769599159453 75.3681348263785 83.3513248469073 88.3177251138676 87.5906968209211
81.3769599159453 0 81.4510002480644 85.3208427639379 86.7739442619801 87.1530214921769
75.3681348263785 81.4510002480644 0 79.1123755294906 86.3013918973796 85.1757958751021
83.3513248469073 85.3208427639379 79.1123755294906 0 83.8563254153204 80.7750878561122
88.3177251138676 86.7739442619801 86.3013918973796 83.8563254153204 0 76.0935568572016
87.5906968209211 87.1530214921769 85.1757958751021 80.7750878561122 76.0935568572016 0
