0 78.7320818557614 84.3517426338573 84.7904545651168 86.3628941913107 85.4535216572886
78.7320818557614 0 80.1912970937131 81.2209091826396 86.8985514345668 83.6291168545625
84.3517426338573 80.1912970937131 0 63.2478263495168 84.9865666862571 76.706750637792
84.7904545651168 81.2209091826396 63.2478263495168 0 84.5291039160149 74.9227372224544
86.3628941913107 86.8985514345668 84.9865666862571 84.5291039160149 0 81.4319823250379
85.4535216572886 83.6291168545625 76.706750637792 74.9227372224544 81.4319823250379 0
