0 57.9330371790942 80.8422827729217 79.9360690089101 81.0052393599209 81.4510002480644
57.9330371790942 0 80.237526392877 80.1964580507305 80.6213701546892 81.561630208681
80.8422827729217 80.237526392877 0 83.5153213971275 75.5358661967989 83.341335320205
79.9360690089101 80.1964580507305 83.5153213971275 0 80.5437818913072 69.0724707021626
81.0052393599209 80.6213701546892 75.5358661967989 80.5437818913072 0 79.5901942809062
81.4510002480644 81.561630208681 83.341335320205 69.0724707021626 79.5901942809062 0
