0 79.9085993106296 82.8599668560936 84.2169264795973 82.8662232614152 82.3921913186054
79.9085993106296 0 85.122889616439 86.1192544428531 72.3105428072981 82.6459542896836
82.8599668560936 85.122889616439 0 67.5132338367008 86.0573279150705 75.9894591905661
84.2169264795973 86.1192544428531 67.5132338367008 0 86.8784130290517 77.7647878994723
82.8662232614152 72.3105428072981 86.0573279150705 86.8784130290517 0 83.3513248469073
82.3921913186054 82.6459542896836 75.9894591905661 77.7647878994723 83.3513248469073 0
