0 72.79025144391 81.2542976723434 84.1392190923994 84.2499021279066 87.4889526831515
72.79025144391 0 81.1546674786329 81.9846319419108 83.5508068540779 85.8415162187485
81.2542976723434 81.1546674786329 0 81.3454034114811 74.8349979793794 86.1598513630589
84.1392190923994 81.9846319419108 81.3454034114811 0 79.7170505944318 78.8038599562817
84.2499021279066 83.5508068540779 74.8349979793794 79.7170505944318 0 84.825941003529
87.4889526831515 85.8415162187485 86.1598513630589 78.8038599562817 84.825941003529 0
