0 71.4741215705682 79.1698320364552 86.0715147213828 85.2408599357581 85.8315997027195
71.4741215705682 0 74.5972971724235 85.1395907446115 83.2707577629414 84.1513804191732
79.1698320364552 74.5972971724235 0 83.7629898402362 79.2795145833863 81.6658361118692
86.0715147213828 85.1395907446115 83.7629898402362 0 83.4206154648313 87.4940691747243
85.2408599357581 83.2707577629414 79.2795145833863 83.4206154648313 0 79.3753949639333
85.8315997027195 84.1513804191732 81.6658361118692 87.4940691747243 79.3753949639333 0
