0 69.0724707021626 77.0915707850109 84.2485380147046 82.6623255463864 85.27783507335
69.0724707021626 0 76.6536598513723 82.9655313314011 81.3575758823102 84.1114246562642
77.0915707850109 76.6536598513723 0 85.823200447028 78.0529683256868 86.5681329054043
84.2485380147046 82.9655313314011 85.823200447028 0 85.5762932353541 66.5260461532853
82.6623255463864 81.3575758823102 78.0529683256868 85.5762932353541 0 86.0851331175101
85.27783507335 84.1114246562642 86.5681329054043 66.5260461532853 86.0851331175101 0
