0 77.2272264362371 79.9085993106296 79.8839586933576 81.4051857673432 78.4018890874713
77.2272264362371 0 77.1861580940907 76.3896502423904 77.7477575693359 66.9639370490137
79.9085993106296 77.1861580940907 0 58.451347861215 83.4628739999524 74.4651623168476
79.8839586933576 76.3896502423904 58.451347861215 0 83.051870788883 73.1969730253526
81.4051857673432 77.7477575693359 83.4628739999524 83.051870788883 0 79.6863243150444
78.4018890874713 66.9639370490137 74.4651623168476 73.1969730253526 79.6863243150444 0
