0 79.9742370056535 77.4754622734875 81.9124372658146 83.4960621867671 85.0930706154422
79.9742370056535 0 81.9124372658146 77.4754622734875 85.0930706154422 83.4960621867671
77.4754622734875 81.9124372658146 0 79.9742370056535 77.4754622734875 81.9124372658146
81.9124372658146 77.4754622734875 79.9742370056535 0 81.9124372658146 77.4754622734875
83.4960621867671 85.0930706154422 77.4754622734875 81.9124372658146 0 79.9742370056535
85.0930706154422 83.4960621867671 81.9124372658146 77.4754622734875 79.9742370056535 0
