0 71.3176021151403 69.0724707021626 71.9124372658146 85.3079919275896 76.456573765694
71.3176021151403 0 72.2787262194362 75.0930706154422 86.5625831168998 78.6877652379684
69.0724707021626 72.2787262194362 0 63.9536370923738 84.716084314862 73.0869819886305
71.9124372658146 75.0930706154422 63.9536370923738 0 83.904880135064 69.373441880412
85.3079919275896 86.5625831168998 84.716084314862 83.904880135064 0 82.2531040517902
76.456573765694 78.6877652379684 73.0869819886305 69.373441880412 82.2531040517902 0
