0 77.3082160992677 74.4651623168477 86.2491757321852 83.1155436921792 84.7182209694953
77.3082160992677 0 81.0208149157414 82.9845369622933 83.9536370923738 82.4108172720404
74.4651623168477 81.0208149157414 0 86.9399849236182 80.5527990930723 84.6354957098355
86.2491757321852 82.9845369622933 86.9399849236182 0 85.6562542463234 78.1200421657566
83.1155436921792 83.9536370923738 80.5527990930723 85.6562542463234 0 81.1881938127257
84.7182209694953 82.4108172720404 84.6354957098355 78.1200421657566 81.1881938127257 0
