0 55.8581859625467 66.3572944600583 81.3309085410717 79.5226677703121 78.3933682835741
55.8581859625467 0 63.4960621867671 81.7387672097631 79.0119174309222 77.9330371790942
66.3572944600583 63.4960621867671 0 82.7417264159659 78.2106092259997 77.5519919157727
81.3309085410717 81.7387672097631 82.7417264159659 0 85.4795778716485 84.2898848045664
79.5226677703121 79.0119174309222 78.2106092259997 85.4795778716485 0 68.7966354858417
78.3933682835741 77.9330371790942 77.5519919157727 84.2898848045664 68.7966354858417 0
