0 76.900846688438 73.323798167022 78.2106092259997 83.7182003635958 83.8007874276385
76.900846688438 0 80.8429830807725 75.8978677308607 85.9415820941298 85.7505909256189
73.323798167022 80.8429830807725 0 79.6707254104607 80.9493706792618 81.2926715029163
78.2106092259997 75.8978677308607 79.6707254104607 0 83.5420626048513 83.063980626622
83.7182003635958 85.9415820941298 80.9493706792618 83.5420626048513 0 65.0930706154422
83.8007874276385 85.7505909256189 81.2926715029163 83.063980626622 65.0930706154422 0
