0 80.6047544631244 86.4930717190664 82.8298100957312 84.0502702591676 88.2171113282596
80.6047544631244 0 80.6188168979226 81.7962429180347 86.2325041385106 85.2745582883737
86.4930717190664 80.6188168979226 0 83.9384101227389 88.3279715303536 81.3819594714785
82.8298100957312 81.7962429180347 83.9384101227389 0 80.3534795727897 82.8149025444828
84.0502702591676 86.2325041385106 88.3279715303536 80.3534795727897 0 87.2203470145658
88.2171113282596 85.2745582883737 81.3819594714785 82.8149025444828 87.2203470145658 0
