0 79.7342959307347 77.8007545217567 78.4631827554992 80.4905850455247 87.4626818619244
79.7342959307347 0 71.5879170280032 75.4351493725328 71.5879170280032 82.9276188981257
77.8007545217567 71.5879170280032 0 67.1291752753083 69.0051368755729 84.6787300337784
78.4631827554992 75.4351493725328 67.1291752753083 0 70.7782045978548 85.3208427639379
80.4905850455247 71.5879170280032 69.0051368755729 70.7782045978548 0 83.5204325011014
87.4626818619244 82.9276188981257 84.6787300337784 85.3208427639379 83.5204325011014 0
