0 83.9405886754904 74.5416919591329 77.9762509169206 78.0105149591016 85.7159970899826
83.9405886754904 0 85.8862748223873 78.3073021585004 86.9345227862877 74.3872598725851
74.5416919591329 85.8862748223873 0 81.1881938127257 68.5776170713634 87.0006960745015
77.9762509169206 78.3073021585004 81.1881938127257 0 82.9188992672694 81.1303421223965
78.0105149591016 86.9345227862877 68.5776170713634 82.9188992672694 0 87.8452979360192
85.7159970899826 74.3872598725851 87.0006960745015 81.1303421223965 87.8452979360192 0
