0 80.5684434973964 82.3326765383033 76.8767442157453 87.2991797988463 86.125843648819
80.5684434973964 0 69.149610412789 80.0867687069284 82.0810537413857 81.5938824368529
82.3326765383033 69.149610412789 0 80.9386258375905 80.0814756595712 79.3756649167141
76.8767442157453 80.0867687069284 80.9386258375905 0 86.1497928570083 83.6903302534736
87.2991797988463 82.0810537413857 80.0814756595712 86.1497928570083 0 78.2106092259997
86.125843648819 81.5938824368529 79.3756649167141 83.6903302534736 78.2106092259997 0
