0 70.8110544783965 64.9227372224544 74.3872598725851 79.497423947383 82.6279534667723
70.8110544783965 0 73.0384872811603 65.0930706154422 75.5142363234523 80.0684155456073
64.9227372224544 73.0384872811603 0 75.6562542463234 80.2258503586054 83.2087653359608
74.3872598725851 65.0930706154422 75.6562542463234 0 72.5087335500196 78.4903175509726
79.497423947383 75.5142363234523 80.2258503586054 72.5087335500196 0 72.5570171580838
82.6279534667723 80.0684155456073 83.2087653359608 78.4903175509726 72.5570171580838 0
