0 82.9439882355825 83.1574795141574 84.5869706818913 84.8190149299059 87.0382140342669
82.9439882355825 0 83.9884080161292 82.8723142082357 86.6624652365491 84.1204060350568
83.1574795141574 83.9884080161292 0 73.7989102258118 75.289026176076 80.5906463462703
84.5869706818913 82.8723142082357 73.7989102258118 0 79.8920337031866 75.6120133392751
84.8190149299059 86.6624652365491 75.289026176076 79.8920337031866 0 83.2834453116058
87.0382140342669 84.1204060350568 80.5906463462703 75.6120133392751 83.2834453116058 0
