0 77.0605702158074 80.3269733252692 82.1654959184623 80.4142861986188 83.8213544350363
77.0605702158074 0 83.5113738926356 84.8491559212384 81.212665131656 84.9796890336395
80.3269733252692 83.5113738926356 0 68.0425500309442 76.5184091547906 76.7025985385224
82.1654959184623 84.8491559212384 68.0425500309442 0 78.4476329885048 76.0621707455228
80.4142861986188 81.212665131656 76.5184091547906 78.4476329885048 0 75.9711678023476
83.8213544350363 84.9796890336395 76.7025985385224 76.0621707455228 75.9711678023476 0
