0 64.9227372224544 75.6120133392751 79.5943768821453 81.6065963893544 81.5845470818193
64.9227372224544 0 74.598216984643 78.5776170713634 80.9865508735604 80.2470631812227
75.6120133392751 74.598216984643 0 71.5879170280032 75.5673171147236 79.1420755880949
79.5943768821453 78.5776170713634 71.5879170280032 0 69.6356543330438 77.027436130333
81.6065963893544 80.9865508735604 75.5673171147236 69.6356543330438 0 79.3736158795301
81.5845470818193 80.2470631812227 79.1420755880949 77.027436130333 79.3736158795301 0
