0 83.6964506811521 85.2671285169717 80.8776994407101 84.1923321062572 85.9461914404378
83.6964506811521 0 69.6496231916404 85.3962648299937 85.6445006672441 84.6913247448303
85.2671285169717 69.6496231916404 0 86.4626268006026 86.4147186519663 85.1213743621328
80.8776994407101 85.3962648299937 86.4626268006026 0 75.5971656502182 81.5122527072862
84.1923321062572 85.6445006672441 86.4147186519663 75.5971656502182 0 76.5168032582258
85.9461914404378 84.6913247448303 85.1213743621328 81.5122527072862 76.5168032582258 0
