0 81.3769599159453 75.8997926111013 81.8670341320252 82.8100758107315 81.9089615194754
81.3769599159453 0 78.5455746679348 84.7054556385607 85.840110052371 83.8879993973499
75.8997926111013 78.5455746679348 0 79.363856138234 81.2205879442725 78.3820108598678
81.8670341320252 84.7054556385607 79.363856138234 0 67.9330371790942 66.9639370490137
82.8100758107315 85.840110052371 81.2205879442725 67.9330371790942 0 73.2478263495168
81.9089615194754 83.8879993973499 78.3820108598678 66.9639370490137 73.2478263495168 0
