0 86.2028505482141 79.1189908313318 83.1160341254396 86.3603773685769 85.9977921875019
86.2028505482141 0 87.0178873678807 81.5217968213125 77.627196302634 78.7785504455239
79.1189908313318 87.0178873678807 0 81.506777570556 85.823200447028 85.2141729648675
83.1160341254396 81.5217968213125 81.506777570556 0 77.6806575545314 76.0621707455228
86.3603773685769 77.627196302634 85.823200447028 77.6806575545314 0 63.6765698790623
85.9977921875019 78.7785504455239 85.2141729648675 76.0621707455228 63.6765698790623 0
