0 73.2773282117114 83.4304244917432 83.8879993973499 83.2478263495168 85.9066644419158
73.2773282117114 0 80.7323243598554 80.8974884577538 80.6233542659747 84.5416919591329
83.4304244917432 80.7323243598554 0 73.88799939735 82.6488877209461 86.3128365624343
83.8879993973499 80.8974884577538 73.88799939735 0 79.5765657369386 84.2596887758314
83.2478263495168 80.6233542659747 82.6488877209461 79.5765657369386 0 77.1498861412462
85.9066644419158 84.5416919591329 86.3128365624343 84.2596887758314 77.1498861412462 0
