0 71.3176021151403 68.7966354858417 79.3756649167141 79.5221438969271 83.0533424530781
71.3176021151403 0 71.1963957883817 81.6251957531956 76.4422461082753 84.0764519412194
68.7966354858417 71.1963957883817 0 78.5776170713634 77.3550316580892 81.8996823171583
79.3756649167141 81.6251957531956 78.5776170713634 0 83.1085082802965 75.8143277323573
79.5221438969271 76.4422461082753 77.3550316580892 83.1085082802965 0 83.9296849669784
83.0533424530781 84.0764519412194 81.8996823171583 75.8143277323573 83.9296849669784 0
