0 50.943337135734 68.5776170713634 79.6356543330438 84.3139343989393 79.0207490476899
50.943337135734 0 67.4754622734875 79.7342959307347 84.3872598725851 78.6835090264182
68.5776170713634 67.4754622734875 0 79.7170505944318 84.4166372889035 75.9723613682374
79.6356543330438 79.7342959307347 79.7170505944318 0 76.8428331489911 82.5146882114837
84.3139343989393 84.3872598725851 84.4166372889035 76.8428331489911 0 85.9093727539522
79.0207490476899 78.6835090264182 75.9723613682374 82.5146882114837 85.9093727539522 0
