0 74.3872598725851 81.9089615194754 85.5447953106515 82.79025144391 87.1768639511139
74.3872598725851 0 77.2169957016613 82.79025144391 79.3255293548103 86.7548660553969
81.9089615194754 77.2169957016613 0 76.3340981236618 76.6604254538209 87.3975598292249
85.5447953106515 82.79025144391 76.3340981236618 0 80.5098229277861 88.7088962427666
82.79025144391 79.3255293548103 76.6604254538209 80.5098229277861 0 84.5700464329907
87.1768639511139 86.7548660553969 87.3975598292249 88.7088962427666 84.5700464329907 0
