0 79.6648998632169 85.1362843532686 83.201597050353 82.9738906395348 83.7262992166468
79.6648998632169 0 78.7608908822587 74.3872598725851 74.5675500942362 76.706750637792
85.1362843532686 78.7608908822587 0 75.9948369189331 77.5497885861789 78.103370572082
83.201597050353 74.3872598725851 75.9948369189331 0 61.8725670983912 66.9639370490137
82.9738906395348 74.5675500942362 77.5497885861789 61.8725670983912 0 63.5334068242782
83.7262992166468 76.706750637792 78.103370572082 66.9639370490137 63.5334068242782 0
