0 84.9590655924985 81.8246980227395 81.2179358938867 80.5098229277861 85.3774817094856
84.9590655924985 0 75.0930706154422 76.8816157180554 79.0051368755729 75.9013730968535
81.8246980227395 75.0930706154422 0 63.1713331894706 70.943337135734 76.9356241754033
81.2179358938867 76.8816157180554 63.1713331894706 0 66.3818115651214 77.2272264362371
80.5098229277861 79.0051368755729 70.943337135734 66.3818115651214 0 78.0671383228941
85.3774817094856 75.9013730968535 76.9356241754033 77.2272264362371 78.0671383228941 0
