0 84.799624483387 81.1963251960337 84.2169264795973 84.3254858444695 86.5220167514142
84.799624483387 0 86.7468837467999 84.877792739202 86.9574177410809 88.1810704376906
81.1963251960337 86.7468837467999 0 79.1657921278651 75.4304003347848 80.2768319829336
84.2169264795973 84.877792739202 79.1657921278651 0 74.9039889342333 78.1860958317419
84.3254858444695 86.9574177410809 75.4304003347848 74.9039889342333 0 73.508891236813
86.5220167514142 88.1810704376906 80.2768319829336 78.1860958317419 73.508891236813 0
