0 79.3002428506583 86.4345964033151 85.7299266179111 84.3239158899316 88.6200893760136
79.3002428506583 0 81.9950314157273 81.0199829426835 85.4102617994493 86.1677794707972
86.4345964033151 81.9950314157273 0 65.4386630074831 86.7468837467999 79.6356543330438
85.7299266179111 81.0199829426835 65.4386630074831 0 86.0065482013874 79.8350916004701
84.3239158899316 85.4102617994493 86.7468837467999 86.0065482013874 0 86.5220167514142
88.6200893760136 86.1677794707972 79.6356543330438 79.8350916004701 86.5220167514142 0
