0 77.8718063285063 85.322427491129 75.2408599357581 84.2169264795973 85.891837352535
77.8718063285063 0 81.1963957883817 74.9227372224544 79.1123755294906 81.9745296711912
85.322427491129 81.1963957883817 0 84.5869706818913 68.103370572082 62.9845369622933
75.2408599357581 74.9227372224544 84.5869706818913 0 83.201597050353 85.0830368532146
84.2169264795973 79.1123755294906 68.103370572082 83.201597050353 0 70.943337135734
85.891837352535 81.9745296711912 62.9845369622933 85.0830368532146 70.943337135734 0
