0 77.2826980177007 86.5127644235939 77.8007545217567 86.1494823545164 86.0981015495578
77.2826980177007 0 82.8550516930196 75.3626231704073 82.8254480449856 82.7952854604429
86.5127644235939 82.8550516930196 0 84.1437533721616 76.2746705995017 76.7023961995609
77.8007545217567 75.3626231704073 84.1437533721616 0 82.6017133826353 82.4784370287424
86.1494823545164 82.8254480449856 76.2746705995017 82.6017133826353 0 50.943337135734
86.0981015495578 82.7952854604429 76.7023961995609 82.4784370287424 50.943337135734 0
