0 76.6136007973246 63.2478263495168 80.3134982103822 73.6150544197642 81.6198498416609
76.6136007973246 0 77.4947214838478 84.3199260459954 77.1342704420015 84.953241570151
63.2478263495168 77.4947214838478 0 79.2428040951504 71.5879170280032 80.6156882040899
80.3134982103822 84.3199260459954 79.2428040951504 0 79.9742370056535 67.3185579099004
73.6150544197642 77.1342704420015 71.5879170280032 79.9742370056535 0 80.6736437916963
81.6198498416609 84.953241570151 80.6156882040899 67.3185579099004 80.6736437916963 0
