0 84.1923321062572 85.4841598430449 78.9196842527856 80.7705710124195 78.6148957965558
84.1923321062572 0 73.8213544350363 82.662741602048 81.0632682823266 86.0621707455228
85.4841598430449 73.8213544350363 0 82.7816918800388 80.738820882775 86.3340981236618
78.9196842527856 82.662741602048 82.7816918800388 0 69.6588145790632 76.8775026000235
80.7705710124195 81.0632682823266 80.738820882775 69.6588145790632 0 79.9850808185757
78.6148957965558 86.0621707455228 86.3340981236618 76.8775026000235 79.9850808185757 0
