0 83.7331583043885 80.8028160462381 82.5420156066597 82.6088636779772 82.7760355725621
83.7331583043885 0 82.3749698835503 84.598216984643 85.1225816396801 85.1362843532686
80.8028160462381 82.3749698835503 0 72.0191536459091 73.8658978492988 73.9853564528293
82.5420156066597 84.598216984643 72.0191536459091 0 61.4978449864688 60.943337135734
82.6088636779772 85.1225816396801 73.8658978492988 61.4978449864688 0 49.5068816433048
82.7760355725621 85.1362843532686 73.9853564528293 60.943337135734 49.5068816433048 0
