0 85.5160989963473 86.560312462274 86.3152293981705 86.8416406226906 87.1143894407578
85.5160989963473 0 80.715999260007 72.79025144391 79.4165549647303 71.6251957531956
86.560312462274 80.715999260007 0 76.8982993539898 66.9980900440597 81.3176021151403
86.3152293981705 72.79025144391 76.8982993539898 0 74.2772724638597 73.4960621867671
86.8416406226906 79.4165549647303 66.9980900440597 74.2772724638597 0 79.6778072699523
87.1143894407578 71.6251957531956 81.3176021151403 73.4960621867671 79.6778072699523 0
