0 84.8608175530254 82.0323684124072 83.2272890928748 84.0709472867802 84.1593214403875
84.8608175530254 0 77.2896153542455 80.0228223518567 84.5093314929837 86.3159731632507
82.0323684124072 77.2896153542455 0 71.4556441956406 80.0244322967857 82.6459542896836
83.2272890928748 80.0228223518567 71.4556441956406 0 76.625354376404 80.669812002273
84.0709472867802 84.5093314929837 80.0244322967857 76.625354376404 0 72.8673542982308
84.1593214403875 86.3159731632507 82.6459542896836 80.669812002273 72.8673542982308 0
