0 75.8987805111985 71.9124372658146 85.0947406576928 82.1316026606798 80.6374962592738
75.8987805111985 0 73.9536370923738 81.6177655634978 79.7307597301488 80.7342661421173
71.9124372658146 73.9536370923738 0 83.5725918290523 78.9578268911693 77.1861580940907
85.0947406576928 81.6177655634978 83.5725918290523 0 79.9715656657959 83.8681130724119
82.1316026606798 79.7307597301488 78.9578268911693 79.9715656657959 0 75.3488600491918
80.6374962592738 80.7342661421173 77.1861580940907 83.8681130724119 75.3488600491918 0
