0 84.3139343989393 85.6854997764966 87.753034320393 86.5840769255055 86.965022649524
84.3139343989393 0 83.8681130724119 81.9193804244781 84.8913549073611 86.2581263061566
85.6854997764966 83.8681130724119 0 80.1912970937131 67.0711757029314 73.88799939735
87.753034320393 81.9193804244781 80.1912970937131 0 80.5527990930723 82.8634330622707
86.5840769255055 84.8913549073611 67.0711757029314 80.5527990930723 0 70.4857622301273
86.965022649524 86.2581263061566 73.88799939735 82.8634330622707 70.4857622301273 0
