0 82.9039249754574 84.0502702591676 81.6065963893544 82.7702036906767 78.364231800859
82.9039249754574 0 68.4823255826933 78.5161385895813 77.7647878994723 82.7760355725621
84.0502702591676 68.4823255826933 0 78.2511598923979 76.7766786909355 83.1973528570396
81.6065963893544 78.5161385895813 78.2511598923979 0 66.0253418863789 76.8923783191668
82.7702036906767 77.7647878994723 76.7766786909355 66.0253418863789 0 79.05908719444
78.364231800859 82.7760355725621 83.1973528570396 76.8923783191668 79.05908719444 0
