0 80.3534795727897 83.7826319091066 84.3443825210474 87.4995229711462 85.7737533866868
80.3534795727897 0 74.9773690642993 76.4660462033772 82.7674836600796 84.148044035454
83.7826319091066 74.9773690642993 0 60.4857622301273 78.355223826217 82.8100758107315
84.3443825210474 76.4660462033772 60.4857622301273 0 77.1815740309761 82.7674836600796
87.4995229711462 82.7674836600796 78.355223826217 77.1815740309761 0 84.2787046850793
85.7737533866868 84.148044035454 82.8100758107315 82.7674836600796 84.2787046850793 0
