0 78.620271335856 87.4532080795685 86.5268222233502 86.9636378675014 87.7956436335117
78.620271335856 0 87.2146646958263 82.545908855067 83.6033008406848 85.7634929002411
87.4532080795685 87.2146646958263 0 86.5662657802988 85.566904922516 82.0904344424532
86.5268222233502 82.545908855067 86.5662657802988 0 69.8807256385291 80.6322142715608
86.9636378675014 83.6033008406848 85.566904922516 69.8807256385291 0 77.7647878994723
87.7956436335117 85.7634929002411 82.0904344424532 80.6322142715608 77.7647878994723 0
