0 75.4304003347848 85.5266933956535 85.2457006698491 85.435034457386 87.0147991797513
75.4304003347848 0 86.2937452682456 85.3208427639379 84.5416919591329 84.9720885024712
85.5266933956535 86.2937452682456 0 74.598216984643 81.2209091826396 87.1548181655408
85.2457006698491 85.3208427639379 74.598216984643 0 75.8005514005498 84.8861274242267
85.435034457386 84.5416919591329 81.2209091826396 75.8005514005498 0 81.1756841772134
87.0147991797513 84.9720885024712 87.1548181655408 84.8861274242267 81.1756841772134 0
