0 70.9865508735604 79.8920337031866 81.5766707252515 81.4873052008741 82.3859648733539
70.9865508735604 0 76.0487872378001 82.1027689051246 80.4621291831847 80.0867687069284
79.8920337031866 76.0487872378001 0 83.8525827295616 80.3387648695945 74.8349979793794
81.5766707252515 82.1027689051246 83.8525827295616 0 76.9026474766599 82.9763862971189
81.4873052008741 80.4621291831847 80.3387648695945 76.9026474766599 0 77.3659640910632
82.3859648733539 80.0867687069284 74.8349979793794 82.9763862971189 77.3659640910632 0
