0 77.1861580940907 85.2003092693599 85.9416229211643 85.8246120982086 88.1382872399054
77.1861580940907 0 82.4600994442045 82.3069130061155 81.9124372658146 85.8594771684743
85.2003092693599 82.4600994442045 0 77.2833055134803 83.6009463029101 77.9110021180008
85.9416229211643 82.3069130061155 77.2833055134803 0 78.7710408838297 77.9762509169206
85.8246120982086 81.9124372658146 83.6009463029101 78.7710408838297 0 84.2094843368739
88.1382872399054 85.8594771684743 77.9110021180008 77.9762509169206 84.2094843368739 0
