0 87.9776265617778 88.251967056199 80.5622918724125 86.2325041385106 84.8385417941978
87.9776265617778 0 61.1033090402915 84.9784340381099 82.7882512691272 88.2832971154799
88.251967056199 61.1033090402915 0 85.2068228736091 82.6839352129843 88.3192387985912
80.5622918724125 84.9784340381099 85.2068228736091 0 79.8864977625784 80.6560956231151
86.2325041385106 82.7882512691272 82.6839352129843 79.8864977625784 0 82.3546980369414
84.8385417941978 88.2832971154799 88.3192387985912 80.6560956231151 82.3546980369414 0
