0 75.2408599357581 82.4570356382086 74.7291987914352 84.7832850301513 72.0167922512576
75.2408599357581 0 77.4947214838478 61.198574529995 81.2614598490377 76.4522419207689
82.4570356382086 77.4947214838478 0 78.1290663244279 72.2787262194362 82.6460191771651
74.7291987914352 61.198574529995 78.1290663244279 0 81.6163103646138 75.1097422091168
84.7832850301513 81.2614598490377 72.2787262194362 81.6163103646138 0 84.7896396776009
72.0167922512576 76.4522419207689 82.6460191771651 75.1097422091168 84.7896396776009 0
