0 78.6148957965558 80.8616688476334 75.1097422091168 78.9298435901867 78.5626155199393
78.6148957965558 0 85.2827773861121 80.738820882775 74.2066957450215 82.4692779150087
80.8616688476334 85.2827773861121 0 77.7843816210387 83.9922722314229 76.3718729818232
75.1097422091168 80.738820882775 77.7843816210387 0 78.1860958317419 69.0724707021626
78.9298435901867 74.2066957450215 83.9922722314229 78.1860958317419 0 79.7799514872702
78.5626155199393 82.4692779150087 76.3718729818232 69.0724707021626 79.7799514872702 0
