0 80.3134982103822 80.3733330693944 86.9388930455938 82.3452739215203 85.3915891308315
80.3134982103822 0 74.484421527208 81.5047597563245 78.8108513571896 80.4857622301273
80.3733330693944 74.484421527208 0 82.7273505510716 71.1963957883817 78.2511598923979
86.9388930455938 81.5047597563245 82.7273505510716 0 83.2222041818708 79.4313841462521
82.3452739215203 78.8108513571896 71.1963957883817 83.2222041818708 0 76.5063621434069
85.3915891308315 80.4857622301273 78.2511598923979 79.4313841462521 76.5063621434069 0
