0 78.2753097867997 81.4246998882998 82.4692779150087 85.0947406576928 86.9027061984258
78.2753097867997 0 73.2721244050595 74.2066957450215 80.943337135734 84.1260579378503
81.4246998882998 73.2721244050595 0 70.2786331295363 76.3387658599877 81.2003545742618
82.4692779150087 74.2066957450215 70.2786331295363 0 77.4947214838478 82.099442252477
85.0947406576928 80.943337135734 76.3387658599877 77.4947214838478 0 74.3872598725851
86.9027061984258 84.1260579378503 81.2003545742618 82.099442252477 74.3872598725851 0
