0 80.4407530567604 79.1453517305904 85.1476957979788 83.4694405414077 81.7532076048429
80.4407530567604 0 82.474910523928 77.7647878994723 72.8861379828203 72.7773304244049
79.1453517305904 82.474910523928 0 86.2261167003321 84.3596604935146 81.3887347396581
85.1476957979788 77.7647878994723 86.2261167003321 0 72.0358790392686 79.1436022610025
83.4694405414077 72.8861379828203 84.3596604935146 72.0358790392686 0 74.1239704853616
81.7532076048429 72.7773304244049 81.3887347396581 79.1436022610025 74.1239704853616 0
