0 83.2093361878076 85.1097422091168 87.4532080795685 85.9415820941298 87.230944806951
83.2093361878076 0 75.042668369047 81.6177655634978 77.3975598292249 83.3216847796217
85.1097422091168 75.042668369047 0 83.6687149094864 65.5673171147236 79.4330256697811
87.4532080795685 81.6177655634978 83.6687149094864 0 84.0608757462916 87.7004152805156
85.9415820941298 77.3975598292249 65.5673171147236 84.0608757462916 0 78.3986144698989
87.230944806951 83.3216847796217 79.4330256697811 87.7004152805156 78.3986144698989 0
