0 81.3212367765933 80.6047544631244 84.9982273728434 86.3802934588265 86.9968434396727
81.3212367765933 0 83.7903809284528 85.604595839916 85.3916488146004 86.4541757875918
80.6047544631244 83.7903809284528 0 77.4282662105782 81.5879170280032 82.1217608258624
84.9982273728434 85.604595839916 77.4282662105782 0 75.4759265195498 75.0930706154422
86.3802934588265 85.3916488146004 81.5879170280032 75.4759265195498 0 68.3111792415238
86.9968434396727 86.4541757875918 82.1217608258624 75.0930706154422 68.3111792415238 0
