0 79.3002428506583 64.9227372224544 74.0608757462916 84.4632316900903 81.4652401482227
79.3002428506583 0 77.4754622734875 78.8108513571896 78.5776170713634 75.2957476835673
64.9227372224544 77.4754622734875 0 73.0384872811603 83.5201228844259 80.1955788379897
74.0608757462916 78.8108513571896 73.0384872811603 0 82.9188992672694 78.6506024570063
84.4632316900903 78.5776170713634 83.5201228844259 82.9188992672694 0 74.7982225795231
81.4652401482227 75.2957476835673 80.1955788379897 78.6506024570063 74.7982225795231 0
