0 67.0711757029314 76.5184091547906 81.9332335297458 81.7097415724374 87.5906968209211
67.0711757029314 0 74.2066957450215 80.3733330693944 81.0208149157414 87.2699342686732
76.5184091547906 74.2066957450215 0 76.0621707455228 76.2325041385106 85.1986793407167
81.9332335297458 80.3733330693944 76.0621707455228 0 78.2106092259997 84.6150320210808
81.7097415724374 81.0208149157414 76.2325041385106 78.2106092259997 0 81.4741215705682
87.5906968209211 87.2699342686732 85.1986793407167 84.6150320210808 81.4741215705682 0
