0 81.8810549507213 86.801327225864 84.486745050227 85.8961522273124 88.5663707686117
81.8810549507213 0 82.3358293114501 84.5152363123574 86.3428623351101 85.3176715737137
86.801327225864 82.3358293114501 0 82.3474339597148 84.0958676183485 74.598216984643
84.486745050227 84.5152363123574 82.3474339597148 0 71.9124372658146 83.7090678314529
85.8961522273124 86.3428623351101 84.0958676183485 71.9124372658146 0 84.7225547824279
88.5663707686117 85.3176715737137 74.598216984643 83.7090678314529 84.7225547824279 0
