0 75.7863355292019 82.7417264159659 84.9227372224544 84.1260579378503 84.9105599207718
75.7863355292019 0 79.1123755294906 81.3769599159453 80.1445703986413 82.8298100957312
82.7417264159659 79.1123755294906 0 75.8987805111985 81.1136705287218 85.7376505077114
84.9227372224544 81.3769599159453 75.8987805111985 0 77.7647878994723 84.5473776830334
84.1260579378503 80.1445703986413 81.1136705287218 77.7647878994723 0 79.2684262627964
84.9105599207718 82.8298100957312 85.7376505077114 84.5473776830334 79.2684262627964 0
