0 83.2707577629414 81.2004909747474 85.6854997764966 87.2425274907694 86.9257690522703
83.2707577629414 0 72.9845369622933 73.6150544197642 78.8108513571896 83.5392759245935
81.2004909747474 72.9845369622933 0 78.3073021585004 81.3887347396581 82.4108172720404
85.6854997764966 73.6150544197642 78.3073021585004 0 71.9124372658146 82.8884805545587
87.2425274907694 78.8108513571896 81.3887347396581 71.9124372658146 0 82.79025144391
86.9257690522703 83.5392759245935 82.4108172720404 82.8884805545587 82.79025144391 0
