0 59.9980980173686 67.8452979360192 81.8810549507213 77.304232605081 80.3485019850597
59.9980980173686 0 63.3507186012191 82.254708613613 76.2196361444474 80.7230337401266
67.8452979360192 63.3507186012191 0 82.9023336598264 74.3272349460144 81.4238688668901
81.8810549507213 82.254708613613 82.9023336598264 0 85.6254195191651 67.4754622734875
77.304232605081 76.2196361444474 74.3272349460144 85.6254195191651 0 84.5437725329225
80.3485019850597 80.7230337401266 81.4238688668901 67.4754622734875 84.5437725329225 0
