0 72.1848737349304 83.595315356528 74.5416919591329 73.1807355131742 84.0108354483184
72.1848737349304 0 80.8821062851461 78.4002597198516 74.5416919591329 83.381156296672
83.595315356528 80.8821062851461 0 85.3134014148336 83.2093361878076 84.2979161426279
74.5416919591329 78.4002597198516 85.3134014148336 0 72.1848737349304 82.7394684815477
73.1807355131742 74.5416919591329 83.2093361878076 72.1848737349304 0 81.1303421223965
84.0108354483184 83.381156296672 84.2979161426279 82.7394684815477 81.1303421223965 0
