0 82.7417264159659 80.6188168979226 83.964480905296 77.3382020284199 83.9504615878547
82.7417264159659 0 74.4651623168477 74.9227372224544 81.561630208681 79.1055908912228
80.6188168979226 74.4651623168477 0 74.0608757462916 76.8316543916761 75.4757174179737
83.964480905296 74.9227372224544 74.0608757462916 0 81.0165466649615 72.0126169338771
77.3382020284199 81.561630208681 76.8316543916761 81.0165466649615 0 79.7218368566924
83.9504615878547 79.1055908912228 75.4757174179737 72.0126169338771 79.7218368566924 0
