0 65.0930706154422 75.5523155632995 79.8026005337483 81.0505757896518 78.0105149591016
65.0930706154422 0 76.5662657802988 80.3134982103822 81.2331141878218 77.3877230304124
75.5523155632995 76.5662657802988 0 71.5879170280032 75.0257367888525 74.3279020717801
79.8026005337483 80.3134982103822 71.5879170280032 0 68.103370572082 75.6854997764966
81.0505757896518 81.2331141878218 75.0257367888525 68.103370572082 0 74.9227372224544
78.0105149591016 77.3877230304124 74.3279020717801 75.6854997764966 74.9227372224544 0
