0 85.4658028809384 84.0670785154307 84.1406420790363 84.2116096726863 87.7285209261352
85.4658028809384 0 76.9644090503519 83.2910400873432 87.5325222639097 81.4238688668901
84.0670785154307 76.9644090503519 0 77.5662259299988 84.6224845236715 78.7609433847577
84.1406420790363 83.2910400873432 77.5662259299988 0 80.1287444288638 80.738820882775
84.2116096726863 87.5325222639097 84.6224845236715 80.1287444288638 0 86.3246455932262
87.7285209261352 81.4238688668901 78.7609433847577 80.738820882775 86.3246455932262 0
