0 77.4658005457673 85.1478457267947 80.1497871498019 81.3454034114811 85.1213743621328
77.4658005457673 0 80.8110544783965 75.0930706154422 82.1226754861304 80.8110544783965
85.1478457267947 80.8110544783965 0 82.5570171580838 86.9399849236182 79.0051368755729
80.1497871498019 75.0930706154422 82.5570171580838 0 78.922933573106 79.0724707021626
81.3454034114811 82.1226754861304 86.9399849236182 78.922933573106 0 84.5869706818913
85.1213743621328 80.8110544783965 79.0051368755729 79.0724707021626 84.5869706818913 0
