0 70.2375263928769 73.2222041818708 85.2970022018606 71.9124372658146 81.561630208681
70.2375263928769 0 65.0930706154422 83.6150544197642 75.9126336164662 79.2684262627964
73.2222041818708 65.0930706154422 0 82.9188992672694 76.4578371154628 77.4754622734875
85.2970022018606 83.6150544197642 82.9188992672694 0 86.2118970069928 78.7966354858417
71.9124372658146 75.9126336164662 76.4578371154628 86.2118970069928 0 82.1556516872302
81.561630208681 79.2684262627964 77.4754622734875 78.7966354858417 82.1556516872302 0
