0 53.4767044624827 72.9023336598264 82.6135550936366 86.7530318034983 85.4841598430449
53.4767044624827 0 72.2064243582891 82.3049614566529 86.5662657802988 85.2649307087931
72.9023336598264 72.2064243582891 0 80.6374962592738 85.7611346129192 83.7491208394148
82.6135550936366 82.3049614566529 80.6374962592738 0 78.774070613037 75.289026176076
86.7530318034983 86.5662657802988 85.7611346129192 78.774070613037 0 76.7815463484816
85.4841598430449 85.2649307087931 83.7491208394148 75.289026176076 76.7815463484816 0
