0 77.7647878994723 78.2753097867997 82.1654959184623 77.6457956664753 86.1020755728508
77.7647878994723 0 83.8924062417859 86.051467240859 79.5943768821453 87.9822666720595
78.2753097867997 83.8924062417859 0 73.447537158823 80.3134982103822 83.2707577629414
82.1654959184623 86.051467240859 73.447537158823 0 82.5420156066597 81.3926525972256
77.6457956664753 79.5943768821453 80.3134982103822 82.5420156066597 0 83.8924062417859
86.1020755728508 87.9822666720595 83.2707577629414 81.3926525972256 83.8924062417859 0
