0 74.6168963459942 72.5570171580838 85.891837352535 87.4181448674708 87.4502969333401
74.6168963459942 0 70.0814756595712 86.9399849236182 87.8275353557611 87.6726240401613
72.5570171580838 70.0814756595712 0 85.5971656502182 86.706750637792 86.5840769255055
85.891837352535 86.9399849236182 85.5971656502182 0 76.8092101824516 78.9298435901867
87.4181448674708 87.8275353557611 86.706750637792 76.8092101824516 0 67.4754622734875
87.4502969333401 87.6726240401613 86.5840769255055 78.9298435901867 67.4754622734875 0
