0 76.8428331489911 85.7217818991216 88.110880710061 86.691878187118 87.9820911492981
76.8428331489911 0 82.1226754861304 85.7863355292019 83.3687521274872 85.2596830027982
85.7217818991216 82.1226754861304 0 77.3975598292249 78.548032891414 75.4419208804157
88.110880710061 85.7863355292019 77.3975598292249 0 83.0267209160763 76.1192650357498
86.691878187118 83.3687521274872 78.548032891414 83.0267209160763 0 78.6223132959149
87.9820911492981 85.2596830027982 75.4419208804157 76.1192650357498 78.6223132959149 0
