0 77.7647878994723 81.3136159332918 82.6135550936366 83.785387812752 87.3854953953457
77.7647878994723 0 80.8378353124009 76.2581263061566 78.6148957965558 84.1498074071749
81.3136159332918 80.8378353124009 0 84.4224890007509 81.0843403509302 87.8326235235333
82.6135550936366 76.2581263061566 84.4224890007509 0 79.1453517305904 79.9072563810869
83.785387812752 78.6148957965558 81.0843403509302 79.1453517305904 0 82.8989297073005
87.3854953953457 84.1498074071749 87.8326235235333 79.9072563810869 82.8989297073005 0
