0 79.8920337031866 84.5850934634402 82.6927487413061 85.1770968695386 85.6401914659663
79.8920337031866 0 85.4673355948484 77.7516794179487 79.0207932898924 80.0951703407755
84.5850934634402 85.4673355948484 0 82.5495346677584 86.0785294312828 86.0762369476854
82.6927487413061 77.7516794179487 82.5495346677584 0 76.8316543916761 77.2272264362371
85.1770968695386 79.0207932898924 86.0785294312828 76.8316543916761 0 62.0827706588024
85.6401914659663 80.0951703407755 86.0762369476854 77.2272264362371 62.0827706588024 0
