0 84.8913549073611 85.3790959332366 80.4372372021832 80.8766138488899 83.8350188476987
84.8913549073611 0 65.5673171147236 87.5935153898588 86.4087072918463 81.1274872230283
85.3790959332366 65.5673171147236 0 87.694702180414 86.4140904255922 80.4551559126319
80.4372372021832 87.5935153898588 87.694702180414 0 73.0759935560211 84.3014549045604
80.8766138488899 86.4087072918463 86.4140904255922 73.0759935560211 0 81.7387672097631
83.8350188476987 81.1274872230283 80.4551559126319 84.3014549045604 81.7387672097631 0
