0 87.0194980942429 84.5321991797927 85.7849113793878 90.2196067601836 89.3874875404723
87.0194980942429 0 88.3147879819819 88.6173876947856 87.0226744628988 87.3547943919848
84.5321991797927 88.3147879819819 0 68.5776170713634 86.7594207960546 84.7200415290772
85.7849113793878 88.6173876947856 68.5776170713634 0 86.125843648819 83.7944074314021
90.2196067601836 87.0226744628988 86.7594207960546 86.125843648819 0 73.9968508302003
89.3874875404723 87.3547943919848 84.7200415290772 83.7944074314021 73.9968508302003 0
