0 83.6408008670417 83.9765526537335 79.546717201444 85.0070354904267 86.5982734344227
83.6408008670417 0 76.9922105219277 85.8541512699659 80.4372372021832 81.1136705287218
83.9765526537335 76.9922105219277 0 84.3081690385235 70.8637563387897 75.1904796606606
79.546717201444 85.8541512699659 84.3081690385235 0 84.3596604935146 86.2504555155506
85.0070354904267 80.4372372021832 70.8637563387897 84.3596604935146 0 72.0827706588024
86.5982734344227 81.1136705287218 75.1904796606606 86.2504555155506 72.0827706588024 0
