0 80.9040811853272 85.4535216572886 66.625354376404 84.7245467448619 78.0105149591016
80.9040811853272 0 77.6933196605636 79.8184498997829 76.0621707455228 74.3788973334755
85.4535216572886 77.6933196605636 0 84.8385417941978 70.5157731483728 81.8211513138294
66.625354376404 79.8184498997829 84.8385417941978 0 83.904032660758 75.5971656502182
84.7245467448619 76.0621707455228 70.5157731483728 83.904032660758 0 80.0284531837033
78.0105149591016 74.3788973334755 81.8211513138294 75.5971656502182 80.0284531837033 0
