0 85.088056632027 84.4487540645706 87.0642112375186 88.4106719952132 87.9719488414633
85.088056632027 0 74.3213187808594 87.1002973547625 83.0154526509755 88.1432753994101
84.4487540645706 74.3213187808594 0 84.8349979793794 80.715999260007 86.1652703884711
87.0642112375186 87.1002973547625 84.8349979793794 0 83.9209422467254 69.3938126120583
88.4106719952132 83.0154526509755 80.715999260007 83.9209422467254 0 84.9742630391207
87.9719488414633 88.1432753994101 86.1652703884711 69.3938126120583 84.9742630391207 0
