0 86.1192544428531 82.9023336598264 85.3452701687402 81.9950314157273 80.6234942756704
86.1192544428531 0 77.1861580940907 71.0304008119607 81.6065963893544 85.876523218055
82.9023336598264 77.1861580940907 0 73.2943569800897 74.2066957450215 81.9504880014648
85.3452701687402 71.0304008119607 73.2943569800897 0 78.8869233670468 84.3615429640774
81.9950314157273 81.6065963893544 74.2066957450215 78.8869233670468 0 77.7647878994723
80.6234942756704 85.876523218055 81.9504880014648 84.3615429640774 77.7647878994723 0
