0 77.4269372455433 76.5662657802988 85.7130763495161 84.0161576060675 85.5621757495793
77.4269372455433 0 75.9948369189331 81.5480384078188 78.6665542029632 81.2411654881913
76.5662657802988 75.9948369189331 0 84.5512612129011 81.6177655634978 84.0068105666336
85.7130763495161 81.5480384078188 84.5512612129011 0 75.0260540405323 66.5063621434069
84.0161576060675 78.6665542029632 81.6177655634978 75.0260540405323 0 72.0695599923876
85.5621757495793 81.2411654881913 84.0068105666336 66.5063621434069 72.0695599923876 0
