0 86.5364172448041 65.5673171147236 77.5983061223999 81.3176021151403 78.0529683256868
86.5364172448041 0 86.2118970069928 82.9087392799148 83.1574795141574 87.1227714840238
65.5673171147236 86.2118970069928 0 76.2799516243249 79.9360690089101 76.0621707455228
77.5983061223999 82.9087392799148 76.2799516243249 0 75.3630075331028 79.6767870822861
81.3176021151403 83.1574795141574 79.9360690089101 75.3630075331028 0 79.05908719444
78.0529683256868 87.1227714840238 76.0621707455228 79.6767870822861 79.05908719444 0
