0 68.1860958317419 83.778610784351 85.1675938994461 77.5803463896305 79.3443980803016
68.1860958317419 0 84.7635075614827 86.000262209856 75.5372620133263 79.9360690089101
83.778610784351 84.7635075614827 0 68.5776170713634 84.676136068509 79.6648998632169
85.1675938994461 86.000262209856 68.5776170713634 0 85.8005514005498 81.4702765549837
77.5803463896305 75.5372620133263 84.676136068509 85.8005514005498 0 77.7647878994723
79.3443980803016 79.9360690089101 79.6648998632169 81.4702765549837 77.7647878994723 0
