0 76.3715914053258 78.4638216139284 78.2343424734399 82.0727368965748 83.8879993973499
76.3715914053258 0 65.9948369189331 74.7243791657028 81.9124372658146 82.6839352129843
78.4638216139284 65.9948369189331 0 73.9283403328627 81.6251957531956 82.0052461083682
78.2343424734399 74.7243791657028 73.9283403328627 0 77.0375150795172 78.3986502651279
82.0727368965748 81.9124372658146 81.6251957531956 77.0375150795172 0 72.6751998198568
83.8879993973499 82.6839352129843 82.0052461083682 78.3986502651279 72.6751998198568 0
