0 76.3715914053258 84.9105599207718 85.1478457267947 85.9539297579115 86.2093142267685
76.3715914053258 0 81.1963957883817 81.5653952239311 82.7531929436013 83.0838239298534
84.9105599207718 81.1963957883817 0 53.9536370923738 67.0711757029314 69.0724707021626
85.1478457267947 81.5653952239311 53.9536370923738 0 64.9227372224544 67.4754622734875
85.9539297579115 82.7531929436013 67.0711757029314 64.9227372224544 0 56.9639370490137
86.2093142267685 83.0838239298534 69.0724707021626 67.4754622734875 56.9639370490137 0
