0 83.1990142701287 84.6521673035101 84.5835623713408 85.0274329204183 86.3902173587608
83.1990142701287 0 83.447537158823 79.2685929589819 82.5570171580838 85.5372620133263
84.6521673035101 83.447537158823 0 76.5156948951227 67.9330371790942 72.6459542896836
84.5835623713408 79.2685929589819 76.5156948951227 0 73.2385365340431 80.1250325064487
85.0274329204183 82.5570171580838 67.9330371790942 73.2385365340431 0 74.9227372224544
86.3902173587608 85.5372620133263 72.6459542896836 80.1250325064487 74.9227372224544 0
