0 82.8100758107315 80.943337135734 83.7331583043885 84.0677568239847 84.7036289530158
82.8100758107315 0 80.6047544631244 81.4741215705682 80.7282037732701 75.9126336164662
80.943337135734 80.6047544631244 0 72.5570171580838 74.1928681814099 79.4005173154006
83.7331583043885 81.4741215705682 72.5570171580838 0 64.1831788323147 78.103370572082
84.0677568239847 80.7282037732701 74.1928681814099 64.1831788323147 0 76.3188053454336
84.7036289530158 75.9126336164662 79.4005173154006 78.103370572082 76.3188053454336 0
