0 79.336964455762 78.5476669198783 80.2112995422568 86.223500547626 85.5762932353541
79.336964455762 0 62.0827706588024 78.3073021585004 87.6471026315422 84.1749909089134
78.5476669198783 62.0827706588024 0 77.0071507868401 87.1826554868311 83.6936322053426
80.2112995422568 78.3073021585004 77.0071507868401 0 84.2545201835365 79.09011067903
86.223500547626 87.6471026315422 87.1826554868311 84.2545201835365 0 83.3313227628732
85.5762932353541 84.1749909089134 83.6936322053426 79.09011067903 83.3313227628732 0
