0 82.3056320879145 76.0621707455228 84.0756800526813 81.2493343553935 88.1441028634154
82.3056320879145 0 85.2088778547611 78.0667120104691 86.6371914171277 87.2530026406621
76.0621707455228 85.2088778547611 0 85.5160989963473 75.0930706154422 87.7647878994723
84.0756800526813 78.0667120104691 85.5160989963473 0 86.0191975333641 83.6663955797549
81.2493343553935 86.6371914171277 75.0930706154422 86.0191975333641 0 86.706750637792
88.1441028634154 87.2530026406621 87.7647878994723 83.6663955797549 86.706750637792 0
