0 78.9394079769235 86.1192544428531 77.7285209261352 81.329538755231 82.968220306335
78.9394079769235 0 81.1279719890061 78.3310431420514 77.4766363190234 82.3782766559132
86.1192544428531 81.1279719890061 0 84.7814907955383 82.3921913186054 85.4841598430449
77.7285209261352 78.3310431420514 84.7814907955383 0 74.1239704853616 76.2196361444474
81.329538755231 77.4766363190234 82.3921913186054 74.1239704853616 0 75.7863355292019
82.968220306335 82.3782766559132 85.4841598430449 76.2196361444474 75.7863355292019 0
