0 81.9401435468265 80.4905850455247 82.0827706588024 86.2440528241078 84.6669329609772
81.9401435468265 0 72.79025144391 74.6354957098355 80.715999260007 85.6635841127368
80.4905850455247 72.79025144391 0 67.4754622734875 80.0814756595712 83.447537158823
82.0827706588024 74.6354957098355 67.4754622734875 0 77.8718063285063 83.0411672842192
86.2440528241078 80.715999260007 80.0814756595712 77.8718063285063 0 84.598216984643
84.6669329609772 85.6635841127368 83.447537158823 83.0411672842192 84.598216984643 0
