0 73.2478263495168 80.2432661908992 81.2004909747474 86.4879450680009 81.9504880014648
73.2478263495168 0 82.4457364477715 82.8550516930196 87.3171934459692 82.2305599791183
80.2432661908992 82.4457364477715 0 66.2194880984707 80.8821062851461 77.413051041722
81.2004909747474 82.8550516930196 66.2194880984707 0 79.6668847084001 75.289026176076
86.4879450680009 87.3171934459692 80.8821062851461 79.6668847084001 0 81.2258813048779
81.9504880014648 82.2305599791183 77.413051041722 75.289026176076 81.2258813048779 0
