0 78.1200421657566 82.6017133826353 82.6017133826353 86.3114457956494 87.8673994840703
78.1200421657566 0 74.7635075614827 75.1757958751021 82.0827706588024 85.0274329204183
82.6017133826353 74.7635075614827 0 69.9742370056535 77.7647878994723 83.2478263495168
82.6017133826353 75.1757958751021 69.9742370056535 0 77.2272264362371 81.8069354424815
86.3114457956494 82.0827706588024 77.7647878994723 77.2272264362371 0 78.7320818557614
87.8673994840703 85.0274329204183 83.2478263495168 81.8069354424815 78.7320818557614 0
