0 80.6022911528445 82.7760355725621 80.4078597858648 80.8291313705974 84.0268466216013
80.6022911528445 0 69.8031576011425 76.1946586130821 81.3769599159453 76.6781247264756
82.7760355725621 69.8031576011425 0 77.5803463896305 82.3624740927732 73.7989102258118
80.4078597858648 76.1946586130821 77.5803463896305 0 74.8990085026312 76.2325041385106
80.8291313705974 81.3769599159453 82.3624740927732 74.8990085026312 0 81.1224045912483
84.0268466216013 76.6781247264756 73.7989102258118 76.2325041385106 81.1224045912483 0
