0 82.0861101013499 72.3105428072981 71.1136705287218 76.6708071775325 72.5570171580838
82.0861101013499 0 84.3596604935146 83.9731365032165 76.5883363020846 79.8195101390914
72.3105428072981 84.3596604935146 0 57.9330371790942 80.0955787171584 76.9639370490137
71.1136705287218 83.9731365032165 57.9330371790942 0 79.4148190572178 75.9539297579115
76.6708071775325 76.5883363020846 80.0955787171584 79.4148190572178 0 69.865482066085
72.5570171580838 79.8195101390914 76.9639370490137 75.9539297579115 69.865482066085 0
