0 82.4324470668276 76.706750637792 79.2184453933103 82.7760355725621 84.5700464329907
82.4324470668276 0 85.9975504115668 85.617880074157 87.7303414857171 80.8378353124009
76.706750637792 85.9975504115668 0 77.0275046434177 79.3818913619656 86.706750637792
79.2184453933103 85.617880074157 77.0275046434177 0 74.4242428267332 84.6546765155724
82.7760355725621 87.7303414857171 79.3818913619656 74.4242428267332 0 86.6440941889501
84.5700464329907 80.8378353124009 86.706750637792 84.6546765155724 86.6440941889501 0
