0 80.0615053392836 86.0340175859056 78.6148957965558 86.8761978059386 81.5703531200499
80.0615053392836 0 80.3013827989881 72.3867437821494 81.7675496868048 75.1097422091168
86.0340175859056 80.3013827989881 0 82.9188992672694 66.625354376404 82.4406703073715
78.6148957965558 72.3867437821494 82.9188992672694 0 83.9209422467254 70.9652198378153
86.8761978059386 81.7675496868048 66.625354376404 83.9209422467254 0 83.2886772299449
81.5703531200499 75.1097422091168 82.4406703073715 70.9652198378153 83.2886772299449 0
