0 70.4372372021832 64.9227372224544 67.4754622734875 82.8884805545587 88.6407829201816
70.4372372021832 0 71.1963957883817 72.5868656935784 81.5729154765791 87.7191387858708
64.9227372224544 71.1963957883817 0 56.9639370490136 81.9950314157273 88.2988308467236
67.4754622734875 72.5868656935784 56.9639370490136 0 81.9124372658146 88.3106398418564
82.8884805545587 81.5729154765791 81.9950314157273 81.9124372658146 0 82.9628582783082
88.6407829201816 87.7191387858708 88.2988308467236 88.3106398418564 82.9628582783082 0
