0 83.0625479788191 70.9865508735604 84.7182209694953 81.0505757896518 83.778610784351
83.0625479788191 0 84.6168963459942 79.05908719444 85.4211172286802 84.5416919591329
70.9865508735604 84.6168963459942 0 85.3555738781601 79.178079427437 83.2478263495168
84.7182209694953 79.05908719444 85.3555738781601 0 83.8213544350363 80.5906463462703
81.0505757896518 85.4211172286802 79.178079427437 83.8213544350363 0 76.8092101824516
83.778610784351 84.5416919591329 83.2478263495168 80.5906463462703 76.8092101824516 0
