0 73.8658978492988 82.9436298012717 83.1155436921792 87.2675952449859 86.082168991845
73.8658978492988 0 79.8251320749173 80.715999260007 85.1885325220029 83.6501254971811
82.9436298012717 79.8251320749173 0 69.9742370056535 82.259394120013 78.7966354858417
83.1155436921792 80.715999260007 69.9742370056535 0 84.0070213496213 81.2209091826396
87.2675952449859 85.1885325220029 82.259394120013 84.0070213496213 0 72.8399100562164
86.082168991845 83.6501254971811 78.7966354858417 81.2209091826396 72.8399100562164 0
