0 60.943337135734 80.715999260007 84.9728254291781 85.61053085255 85.2198208476034
60.943337135734 0 81.4238688668901 84.5245899885005 85.6459716053848 84.9590655924985
80.715999260007 81.4238688668901 0 87.4327889573908 83.5392759245935 86.1677794707972
84.9728254291781 84.5245899885005 87.4327889573908 0 84.8491559212384 77.3975598292249
85.61053085255 85.6459716053848 83.5392759245935 84.8491559212384 0 80.4857622301273
85.2198208476034 84.9590655924985 86.1677794707972 77.3975598292249 80.4857622301273 0
