0 81.6951556819209 84.6521673035101 85.0170876047025 87.0764747418433 86.1033994395945
81.6951556819209 0 74.1239704853616 75.5771513291035 82.3507938352483 85.0325173442018
84.6521673035101 74.1239704853616 0 71.9400499942565 81.8278742781338 86.2325041385106
85.0170876047025 75.5771513291035 71.9400499942565 0 78.4944597996847 84.7019179365668
87.0764747418433 82.3507938352483 81.8278742781338 78.4944597996847 0 81.9476031925879
86.1033994395945 85.0325173442018 86.2325041385106 84.7019179365668 81.9476031925879 0
