0 86.0505203346291 78.4625023363085 87.1311373807962 82.4447587542196 84.8172353991213
86.0505203346291 0 83.5201228844259 78.1207716096644 86.2525902608878 86.2106843289575
78.4625023363085 83.5201228844259 0 83.6840443247951 77.3501772885672 80.2200991713705
87.1311373807962 78.1207716096644 83.6840443247951 0 85.1130688617644 84.1758581374509
82.4447587542196 86.2525902608878 77.3501772885672 85.1130688617644 0 73.2222041818708
84.8172353991213 86.2106843289575 80.2200991713705 84.1758581374509 73.2222041818708 0
