0 85.435034457386 68.7966354858417 83.555965823659 78.2106092259997 85.4164682239697
85.435034457386 0 85.3962648299937 73.9536370923738 83.3637795294295 77.0711757029314
68.7966354858417 85.3962648299937 0 83.2067580073703 75.6854997764966 84.877334088665
83.555965823659 73.9536370923738 83.2067580073703 0 79.941542160005 73.447537158823
78.2106092259997 83.3637795294295 75.6854997764966 79.941542160005 0 81.5879170280032
85.4164682239697 77.0711757029314 84.877334088665 73.447537158823 81.5879170280032 0
