0 81.6147639407033 84.6499054188898 84.2979161426279 82.6135550936366 85.1356463354075
81.6147639407033 0 74.3872598725851 73.1297769151942 67.2616871783414 75.5971656502182
84.6499054188898 74.3872598725851 0 56.9912298020472 74.153569990159 67.0711757029314
84.2979161426279 73.1297769151942 56.9912298020472 0 72.9845369622933 67.7432950376679
82.6135550936366 67.2616871783414 74.153569990159 72.9845369622933 0 73.8937230731508
85.1356463354075 75.5971656502182 67.0711757029314 67.7432950376679 73.8937230731508 0
