0 84.3139343989393 81.3454034114811 86.2440528241078 85.6459716053848 86.4930717190664
84.3139343989393 0 85.6238550502764 76.8982993539898 80.943337135734 82.1292907879716
81.3454034114811 85.6238550502764 0 85.5971656502182 83.1391823978766 83.8658978492988
86.2440528241078 76.8982993539898 85.5971656502182 0 75.9126336164662 76.9639370490137
85.6459716053848 80.943337135734 83.1391823978766 75.9126336164662 0 66.2581263061566
86.4930717190664 82.1292907879716 83.8658978492988 76.9639370490137 66.2581263061566 0
