0 75.1097422091168 81.2493343553935 85.4170396709327 88.6148957965558 87.7827802420834
75.1097422091168 0 75.5673171147236 82.7076322750594 86.6029953102007 86.2322070618726
81.2493343553935 75.5673171147236 0 78.0973796336241 83.760486836007 83.9446884222171
85.4170396709327 82.7076322750594 78.0973796336241 0 79.8750754114432 78.4944597996847
88.6148957965558 86.6029953102007 83.760486836007 79.8750754114432 0 82.5884739832925
87.7827802420834 86.2322070618726 83.9446884222171 78.4944597996847 82.5884739832925 0
