0 57.9330371790942 65.0930706154422 72.2787262194362 73.7989102258118 67.8452979360192
57.9330371790942 0 62.0827706588024 71.4741215705682 73.9968508302003 66.9639370490137
65.0930706154422 62.0827706588024 0 67.9330371790942 75.8987805111985 70.4372372021832
72.2787262194362 71.4741215705682 67.9330371790942 0 78.8179418809182 75.2408599357581
73.7989102258118 73.9968508302003 75.8987805111985 78.8179418809182 0 69.6356543330438
67.8452979360192 66.9639370490137 70.4372372021832 75.2408599357581 69.6356543330438 0
