0 69.5765657369386 83.8946079882559 85.2457006698491 78.9021373091748 85.8019704317074
69.5765657369386 0 82.0827706588024 83.6895333266464 78.5626155199393 84.4029525538654
83.8946079882559 82.0827706588024 0 70.0814756595712 84.7054556385607 78.5626155199393
85.2457006698491 83.6895333266464 70.0814756595712 0 85.3962648299937 75.9948369189331
78.9021373091748 78.5626155199393 84.7054556385607 85.3962648299937 0 84.5150597129644
85.8019704317074 84.4029525538654 78.5626155199393 75.9948369189331 84.5150597129644 0
