0 85.9539297579115 74.4420334859375 84.3616377049391 84.9675720577754 88.5617090336109
85.9539297579115 0 84.2463987334724 77.8007545217567 78.6783313690965 82.6001080108027
74.4420334859375 84.2463987334724 0 81.3538384942132 82.1027689051246 86.7239959740949
84.3616377049391 77.8007545217567 81.3538384942132 0 63.7922628867307 80.4766879884452
84.9675720577754 78.6783313690965 82.1027689051246 63.7922628867307 0 79.2492238225855
88.5617090336109 82.6001080108027 86.7239959740949 80.4766879884452 79.2492238225855 0
