0 50.943337135734 82.5570171580838 78.922933573106 83.6150544197642 86.051467240859
50.943337135734 0 82.3326765383033 78.7608908822587 83.4206154648313 85.9195436335469
82.5570171580838 82.3326765383033 0 82.9463689655499 77.9330371790942 82.9518421166448
78.922933573106 78.7608908822587 82.9463689655499 0 80.5906463462703 82.4600994442045
83.6150544197642 83.4206154648313 77.9330371790942 80.5906463462703 0 75.9948369189331
86.051467240859 85.9195436335469 82.9518421166448 82.4600994442045 75.9948369189331 0
