0 62.0827706588024 79.3443980803016 86.2440528241078 83.7491208394148 84.2169264795973
62.0827706588024 0 78.9021373091748 85.8203757673713 83.1990142701287 83.7262992166468
79.3443980803016 78.9021373091748 0 87.7602710557797 78.0360367454923 78.4018890874713
86.2440528241078 85.8203757673713 87.7602710557797 0 87.3031982537424 87.7593671230427
83.7491208394148 83.1990142701287 78.0360367454923 87.3031982537424 0 62.0827706588024
84.2169264795973 83.7262992166468 78.4018890874713 87.7593671230427 62.0827706588024 0
