0 63.2478263495168 76.9747808619358 80.273145354966 82.79025144391 82.5420156066597
63.2478263495168 0 76.625354376404 79.8864977625784 81.8810549507213 81.5729154765791
76.9747808619358 76.625354376404 0 70.4857622301273 83.8946079882559 83.323798167022
80.273145354966 79.8864977625784 70.4857622301273 0 84.4632316900903 83.8213544350363
82.79025144391 81.8810549507213 83.8946079882559 84.4632316900903 0 63.2478263495168
82.5420156066597 81.5729154765791 83.323798167022 83.8213544350363 63.2478263495168 0
