0 69.0724707021626 81.199240987626 83.2707577629414 85.3978222783945 79.7604769635275
69.0724707021626 0 79.4339654276228 81.9401435468265 84.1406420790363 77.6206897219325
81.199240987626 79.4339654276228 0 69.9211163360906 77.7043168509747 82.045866309268
83.2707577629414 81.9401435468265 69.9211163360906 0 74.9227372224544 83.6847078560932
85.3978222783945 84.1406420790363 77.7043168509747 74.9227372224544 0 84.2983807021697
79.7604769635275 77.6206897219325 82.045866309268 83.6847078560932 84.2983807021697 0
