0 73.6150544197642 83.6964506811521 87.4754622734875 87.8783767048553 81.9321040094743
73.6150544197642 0 80.4761005024071 85.5447953106515 86.0386933152286 80.0956861785927
83.6964506811521 80.4761005024071 0 78.4638216139284 79.5349265211226 80.4433012583974
87.4754622734875 85.5447953106515 78.4638216139284 0 61.4414514822234 84.2665591359704
87.8783767048553 86.0386933152286 79.5349265211226 61.4414514822234 0 84.8615063718665
81.9321040094743 80.0956861785927 80.4433012583974 84.2665591359704 84.8615063718665 0
