0 83.1574795141574 79.0724707021626 79.546717201444 85.2505360143668 81.8388559645986
83.1574795141574 0 79.8920337031865 84.3872598725851 71.9124372658146 74.2066957450215
79.0724707021626 79.8920337031865 0 76.5662657802988 82.2595237792253 74.4651623168477
79.546717201444 84.3872598725851 76.5662657802988 0 85.8862748223873 81.5653952239311
85.2505360143668 71.9124372658146 82.2595237792253 85.8862748223873 0 77.7647878994723
81.8388559645986 74.2066957450215 74.4651623168477 81.5653952239311 77.7647878994723 0
