0 79.7799514872702 78.6159220041763 78.3390605802349 79.7799514872702 80.5622918724125
79.7799514872702 0 84.1414634863537 82.1883793840769 84.4651623168477 85.0813623034275
78.6159220041763 84.1414634863537 0 73.4989203797086 63.4960674134126 66.621492214461
78.3390605802349 82.1883793840769 73.4989203797086 0 73.0384872811603 75.1757958751021
79.7799514872702 84.4651623168477 63.4960674134126 73.0384872811603 0 62.0827706588024
80.5622918724125 85.0813623034275 66.621492214461 75.1757958751021 62.0827706588024 0
