0 74.598216984643 70.2290811078897 76.5662657802988 80.7705710124195 79.4290594975323
74.598216984643 0 70.4522149120862 79.8026005337483 76.0621707455228 76.3352878633518
70.2290811078897 70.4522149120862 0 76.2252147390167 77.8325819623988 75.7863355292019
76.5662657802988 79.8026005337483 76.2252147390167 0 81.7423818124012 78.9244581195096
80.7705710124195 76.0621707455228 77.8325819623988 81.7423818124012 0 71.638343049582
79.4290594975323 76.3352878633518 75.7863355292019 78.9244581195096 71.638343049582 0
