0 85.0813623034275 80.2528274474092 87.1812369884221 83.4499763303665 84.2014522864199
85.0813623034275 0 84.9227372224544 74.5772127698676 85.8987805111985 84.9072319911929
80.2528274474092 84.9227372224544 0 86.3603169727731 73.2478263495168 76.0105693756199
87.1812369884221 74.5772127698676 86.3603169727731 0 86.8064269627797 85.6518503809952
83.4499763303665 85.8987805111985 73.2478263495168 86.8064269627797 0 70.5687727182046
84.2014522864199 84.9072319911929 76.0105693756199 85.6518503809952 70.5687727182046 0
