0 81.7387672097631 78.8179418809182 79.3002428506583 68.1860958317419 72.9845369622933
81.7387672097631 0 86.4186229003318 86.6230062039656 80.0174507434799 78.4944597996847
78.8179418809182 86.4186229003318 0 53.9536370923738 80.8378353124009 82.1654959184623
79.3002428506583 86.6230062039656 53.9536370923738 0 81.2209091826396 82.4936594236437
68.1860958317419 80.0174507434799 80.8378353124009 81.2209091826396 0 65.5673171147236
72.9845369622933 78.4944597996847 82.1654959184623 82.4936594236437 65.5673171147236 0
