0 80.3134982103822 84.9504435034663 84.4166372889035 85.9084823227115 85.903199081025
80.3134982103822 0 83.6687149094864 82.0827706588024 84.2596343120333 83.375460661232
84.9504435034663 83.6687149094864 0 69.5765657369386 67.4754622734875 73.0629990308664
84.4166372889035 82.0827706588024 69.5765657369386 0 71.1963957883817 70.1942366298691
85.9084823227115 84.2596343120333 67.4754622734875 71.1963957883817 0 69.5839475730945
85.903199081025 83.375460661232 73.0629990308664 70.1942366298691 69.5839475730945 0
