0 79.6707254104607 82.764629276264 80.4857622301273 82.9436298012717 81.5535394712174
79.6707254104607 0 72.3105428072981 84.5719301653208 86.4930717190664 85.3853758833934
82.764629276264 72.3105428072981 0 86.1560258917179 87.8025450576794 86.8408830501238
80.4857622301273 84.5719301653208 86.1560258917179 0 72.5570171580838 64.4426384244503
82.9436298012717 86.4930717190664 87.8025450576794 72.5570171580838 0 68.2605985610801
81.5535394712174 85.3853758833934 86.8408830501238 64.4426384244503 68.2605985610801 0
