0 79.1453517305904 79.0051368755729 82.4979374688217 84.5093314929837 82.9888959570973
79.1453517305904 0 57.9330371790942 75.8798567531427 83.8879993973499 76.635173520909
79.0051368755729 57.9330371790942 0 75.0802610230779 83.440211413787 75.9735128484718
82.4979374688217 75.8798567531427 75.0802610230779 0 81.2337039111567 57.9330371790942
84.5093314929837 83.8879993973499 83.440211413787 81.2337039111567 0 81.4135281656921
82.9888959570973 76.635173520909 75.9735128484718 57.9330371790942 81.4135281656921 0
