0 86.0393941818496 87.8309327692656 84.9435334863856 86.3152293981705 86.4790127775112
86.0393941818496 0 78.0732104529388 85.9195436335469 84.3990346962979 86.3088998164862
87.8309327692656 78.0732104529388 0 84.9544914525023 82.0876201004435 84.7054556385607
84.9435334863856 85.9195436335469 84.9544914525023 0 75.2408599357581 70.9401944678502
86.3152293981705 84.3990346962979 82.0876201004435 75.2408599357581 0 73.0125100808008
86.4790127775112 86.3088998164862 84.7054556385607 70.9401944678502 73.0125100808008 0
