0 77.3082160992677 80.2023803166474 83.1990142701287 79.8026005337483 80.8810261900258
77.3082160992677 0 83.8198724787739 78.2511598923979 79.0051368755729 81.0545734993698
80.2023803166474 83.8198724787739 0 85.6682076107781 80.3219351157575 79.2428040951504
83.1990142701287 78.2511598923979 85.6682076107781 0 79.178079427437 80.9898350135042
79.8026005337483 79.0051368755729 80.3219351157575 79.178079427437 0 67.87073808854
80.8810261900258 81.0545734993698 79.2428040951504 80.9898350135042 67.87073808854 0
