0 72.6751998198568 78.7320818557614 86.1297923790371 84.6133490002532 82.420100378145
72.6751998198568 0 78.0529683256868 86.2118970069928 84.5547111496286 81.5729154765791
78.7320818557614 78.0529683256868 0 81.9124372658146 78.9909596936039 73.2478263495168
86.1297923790371 86.2118970069928 81.9124372658146 0 71.2891228971072 79.5166621000467
84.6133490002532 84.5547111496286 78.9909596936039 71.2891228971072 0 75.3147953109187
82.420100378145 81.5729154765791 73.2478263495168 79.5166621000467 75.3147953109187 0
