0 74.3872598725851 77.7285209261352 83.0411672842192 81.3295387552311 81.692024054916
74.3872598725851 0 81.9124372658146 85.4795778716485 83.9925487547429 83.2527894791181
77.7285209261352 81.9124372658146 0 76.2581263061566 72.9845369622933 78.2635876052109
83.0411672842192 85.4795778716485 76.2581263061566 0 70.943337135734 79.297753190649
81.3295387552311 83.9925487547429 72.9845369622933 70.943337135734 0 75.5744204881718
81.692024054916 83.2527894791181 78.2635876052109 79.297753190649 75.5744204881718 0
