0 83.273038578556 65.0930706154422 86.6218316414651 82.5936413941423 85.2585829776085
83.273038578556 0 84.1120734578887 77.0042082414041 74.3872598725851 79.5489615298998
65.0930706154422 84.1120734578887 0 87.1561388112382 83.2393665253333 85.61053085255
86.6218316414651 77.0042082414041 87.1561388112382 0 79.2306333383821 79.2684262627964
82.5936413941423 74.3872598725851 83.2393665253333 79.2306333383821 0 74.8835896543616
85.2585829776085 79.5489615298998 85.61053085255 79.2684262627964 74.8835896543616 0
