0 79.9796622965764 86.5528844275314 86.8042075820012 89.1368019765385 87.1882207608685
79.9796622965764 0 81.1944849500927 82.5937581848983 87.6457956664753 82.21762491425
86.5528844275314 81.1944849500927 0 75.8987805111985 86.2381737190912 69.4126677899924
86.8042075820012 82.5937581848983 75.8987805111985 0 83.089658153531 79.0529277761845
89.1368019765385 87.6457956664753 86.2381737190912 83.089658153531 0 87.3072129938656
87.1882207608685 82.21762491425 69.4126677899924 79.0529277761845 87.3072129938656 0
