0 71.4741215705682 79.5407227977055 82.2531040517902 83.1990142701287 83.5201228844259
71.4741215705682 0 75.1757958751021 79.546717201444 81.5047597563245 83.051870788883
79.5407227977055 75.1757958751021 0 74.2066957450215 79.7799514872702 83.5201228844259
82.2531040517902 79.546717201444 74.2066957450215 0 74.8349979793793 81.8564887327063
83.1990142701287 81.5047597563245 79.7799514872702 74.8349979793793 0 77.5424991364325
83.5201228844259 83.051870788883 83.5201228844259 81.8564887327063 77.5424991364325 0
