0 75.9948369189331 83.1365622199274 83.3264419377722 84.5473776830334 86.6499338359494
75.9948369189331 0 78.1117143687293 78.4452264480564 80.4905850455247 85.303372492433
83.1365622199274 78.1117143687293 0 51.1969601467606 68.103370572082 84.5719301653208
83.3264419377722 78.4452264480564 51.1969601467606 0 67.0651630669578 84.6741435250554
84.5473776830334 80.4905850455247 68.103370572082 67.0651630669578 0 84.6168963459942
86.6499338359494 85.303372492433 84.5719301653208 84.6741435250554 84.6168963459942 0
