0 77.4947214838478 82.1654959184623 82.1155816120899 85.604595839916 85.5516598442731
77.4947214838478 0 85.9195436335469 81.4848908302692 86.5982734344227 85.9078046544971
82.1654959184623 85.9195436335469 0 84.8561740255162 83.8879993973499 85.2596766579602
82.1155816120899 81.4848908302692 84.8561740255162 0 80.492441689278 78.103370572082
85.604595839916 86.5982734344227 83.8879993973499 80.492441689278 0 72.4383074060698
85.5516598442731 85.9078046544971 85.2596766579602 78.103370572082 72.4383074060698 0
