0 80.6047544631244 78.753193727173 84.3774230737726 85.2440876912534 80.7342661421173
80.6047544631244 0 66.3806446929657 76.9639370490137 78.6148957965558 84.8913549073611
78.753193727173 66.3806446929657 0 78.5853964823867 80.0981973202756 83.9435898126804
84.3774230737726 76.9639370490137 78.5853964823867 0 64.9227372224544 86.051467240859
85.2440876912534 78.6148957965558 80.0981973202756 64.9227372224544 0 86.7331655627619
80.7342661421173 84.8913549073611 83.9435898126804 86.051467240859 86.7331655627619 0
