0 81.9124372658146 73.7989102258118 78.103370572082 86.0981015495578 87.5906968209211
81.9124372658146 0 82.4570356382086 82.7445958873746 88.0908247429846 85.8695443561659
73.7989102258118 82.4570356382086 0 70.237526392877 83.7491208394148 86.0487872378001
78.103370572082 82.7445958873746 70.237526392877 0 82.1523653118793 84.6595564074942
86.0981015495578 88.0908247429846 83.7491208394148 82.1523653118793 0 84.6354957098355
87.5906968209211 85.8695443561659 86.0487872378001 84.6595564074942 84.6354957098355 0
