0 86.5840769255055 87.1561388112382 78.9298435901867 82.9463689655499 84.193437639114 87.7783103125321 90.3129961068127 88.7716451877599 90.5101817104406 88.9042214225407 89.0724707021626 89.6497167678421 89.447605744865 90.6779362267382 90.753364035148 91.4250351233942 92.2338485466828
86.5840769255055 0 63.4960621867671 82.9023336598264 87.5453491495408 87.5073133473623 90.7886102691719 93.5153213971275 91.9724741636262 86.2174885717139 90.8128450143192 88.2390343987537 87.7130152786816 90.2569016051184 93.0026245618257 90.7246856097169 93.1139631942595 89.4459845697412
87.1561388112382 63.4960621867671 0 83.785387812752 88.0402758330119 87.9829270575321 91.1086565453067 93.7659319665738 92.2608065867428 86.2131603939988 91.1011246996244 88.5028475457753 87.9165025530579 90.5216362697426 93.2430774082751 90.9281101660991 93.3313227628732 89.447605744865
78.9298435901867 82.9023336598264 83.785387812752 0 81.3136159332918 82.0372308405706 87.3382020284199 90.788610269172 88.8306757240111 87.9100886734243 87.9762509169206 86.728583188484 87.1561388112382 87.9945482388886 90.5194537795626 89.2408763249838 90.9822487981031 90.2676130847835
82.9463689655499 87.5453491495408 88.0402758330119 81.3136159332918 0 68.0099312121377 81.3295387552311 87.4454406823376 84.1427215355371 88.257695934863 82.9436298012717 84.1779208042287 85.7520263726057 83.9270088449285 86.8255443020935 86.3715914053258 87.6131943190306 89.8192534271912
84.193437639114 87.5073133473623 87.9829270575321 82.0372308405706 68.0099312121377 0 80.8120769794785 87.5553508832807 84.057762189786 87.5652470443241 81.8968371698219 82.7237834576248 84.6107340932749 82.5868656935784 86.5364172448041 85.3048775989566 87.1470861991989 89.1368019765385
87.7783103125321 90.7886102691719 91.1086565453067 87.3382020284199 81.3295387552311 80.8120769794785 0 82.9023336598264 74.8172353991213 89.8113105121049 74.6354957098355 84.7904545651168 86.7787253282775 80.7438710591027 80.257307127265 84.3852942944484 82.1292907879716 90.3439569111794
90.3129961068127 93.5153213971275 93.7659319665738 90.788610269172 87.4454406823376 87.5553508832807 82.9023336598264 0 78.5626155199393 93.0306396811289 84.8172353991213 89.813317592445 90.9955713843154 87.3266572553061 79.4997132424533 88.9484459046777 83.447537158823 93.2596114564797
88.7716451877599 91.9724741636262 92.2608065867428 88.8306757240111 84.1427215355371 84.057762189786 74.8172353991213 78.5626155199393 0 91.2142799373838 79.4313841462521 87.0764687502886 88.6555361552294 83.6881772298808 76.8782219181974 86.2491757321852 81.2209091826396 91.5703530443475
90.5101817104406 86.2174885717139 86.2131603939988 87.9100886734243 88.257695934863 87.5652470443241 89.8113105121049 93.0306396811289 91.2142799373838 0 88.8956894796033 83.0491215253013 79.8859770630946 87.1530214921769 91.6801541304969 86.4372394625468 91.2239651798476 79.3002428506583
88.9042214225407 90.8128450143192 91.1011246996244 87.9762509169206 82.9436298012717 81.8968371698219 74.6354957098355 84.8172353991213 79.4313841462521 88.8956894796033 0 82.7417264159659 85.2068228736091 75.4519776498852 80.5772950433512 81.0843403509302 80.4857622301273 89.1336201395408
89.0724707021626 88.2390343987537 88.5028475457753 86.728583188484 84.1779208042287 82.7237834576248 84.7904545651168 89.813317592445 87.0764687502886 83.0491215253013 82.7417264159659 0 73.091775616211 78.7222684714934 87.6646980752622 78.6665542029632 86.9996193558102 83.9393087598787
89.6497167678421 87.7130152786816 87.9165025530579 87.1561388112382 85.7520263726057 84.6107340932749 86.7787253282775 90.9955713843154 88.6555361552294 79.8859770630946 85.2068228736091 73.091775616211 0 82.2388758670681 89.1258258777566 81.1963957883817 88.4784017056437 81.3467761752918
89.447605744865 90.2569016051184 90.5216362697426 87.9945482388886 83.9270088449285 82.5868656935784 80.7438710591027 87.3266572553061 83.6881772298808 87.1530214921769 75.4519776498852 78.7222684714934 82.2388758670681 0 83.9209422467254 75.2702652738362 82.7879108067956 87.1561388112382
90.6779362267382 93.0026245618257 93.2430774082751 90.5194537795626 86.8255443020935 86.5364172448041 80.257307127265 79.4997132424533 76.8782219181974 91.6801541304969 80.5772950433512 87.6646980752622 89.1258258777566 83.9209422467254 0 85.8339144675001 74.851733641342 91.644454963556
90.753364035148 90.7246856097169 90.9281101660991 89.2408763249838 86.3715914053258 85.3048775989566 84.3852942944484 88.9484459046777 86.2491757321852 86.4372394625468 81.0843403509302 78.6665542029632 81.1963957883817 75.2702652738362 85.8339144675001 0 84.1923321062572 85.5018260732807
91.4250351233942 93.1139631942595 93.3313227628732 90.9822487981031 87.6131943190306 87.1470861991989 82.1292907879716 83.447537158823 81.2209091826396 91.2239651798476 80.4857622301273 86.9996193558102 88.4784017056437 82.7879108067956 74.851733641342 84.1923321062572 0 90.8904426150366
92.2338485466828 89.4459845697412 89.447605744865 90.2676130847835 89.8192534271912 89.1368019765385 90.3439569111794 93.2596114564797 91.5703530443475 79.3002428506583 89.1336201395408 83.9393087598787 81.3467761752918 87.1561388112382 91.644454963556 85.5018260732807 90.8904426150366 0
