0 87.2628453983262 86.4785265372237 88.1634209918376 89.5166621000467 89.2202600224785 91.0653800960415 89.7657356159223 90.5902353180748 91.3307306167815 91.7990968329191 90.7951101619171 91.0906420857516 91.3513377482993 92.365040998495 91.7701139422151 93.3857259827656 93.3490792059179
87.2628453983262 0 75.0930706154422 91.6330304968735 86.1297923790371 87.0775265860798 88.3516992063071 91.2856097434395 93.1002025625211 94.0144449195348 89.3349739648805 90.7055430978217 90.4372372021832 92.5570171580838 94.1808068928841 92.6839352129843 90.9377661518028 95.0934046752723
86.4785265372237 75.0930706154422 0 90.3596433834865 83.6687149094864 84.7054556385607 86.6230062039656 89.8329905787374 91.9872268926325 93.0433100965577 87.8497272528937 89.1548368078845 88.8728542182353 91.3096260893556 93.1762193267035 91.4548623602078 89.8889640874374 94.1956194144425
88.1634209918376 91.6330304968735 90.3596433834865 0 89.0218729690875 87.8093836019572 89.6158895356329 80.3915496842995 78.3311427205777 81.6978085625491 90.060990134256 85.7677850549167 87.0508894831048 83.128653261873 84.0689273365794 84.4882843391547 91.7819451443998 86.4108934140345
89.5166621000467 86.1297923790371 83.6687149094864 89.0218729690875 0 71.9124372658146 76.0621707455228 86.7514468623435 90.2372391465226 91.6698793090644 79.7170505944318 83.9726261405189 82.8100758107315 88.3001243947931 91.1902457592883 88.2293095695683 84.6220476359695 92.4247345007462
89.2202600224785 87.0775265860798 84.7054556385607 87.8093836019572 71.9124372658146 0 76.9639370490137 85.015546065008 89.1218806429034 90.7369995596956 80.0228223518567 81.7485170778225 80.5906463462703 86.9049079448957 90.1964580507305 86.8628826862014 85.0556619548421 91.5729154765791
91.0653800960415 88.3516992063071 86.6230062039656 89.6158895356329 76.0621707455228 76.9639370490137 0 86.8249332995649 90.3689364193379 91.798383529999 70.4372372021832 82.8479208026069 80.7750878561122 87.8858782559868 90.9865508735604 87.5972706385311 80.7861502505222 92.1883793840769
89.7657356159223 91.2856097434395 89.8329905787374 80.3915496842995 86.7514468623435 85.015546065008 86.8249332995649 0 80.8706981254701 84.5869706818913 87.1768639511139 79.3864897931013 82.0154368322127 75.9948369189331 83.4033961764943 78.0529683256868 89.2981760342917 86.2196361444474
90.5902353180748 93.1002025625211 91.9872268926325 78.3311427205777 90.2372391465226 89.1218806429034 90.3689364193379 80.8706981254701 0 75.4219463974131 90.585055788769 86.0016174742824 87.3537333932591 80.6034029847795 77.9028020089193 82.3318503226824 91.9970762771725 82.057486539661
91.3307306167815 94.0144449195348 93.0433100965577 81.6978085625491 91.6698793090644 90.7369995596956 91.798383529999 84.5869706818913 75.4219463974131 0 91.9748721612208 88.2201968242034 89.2849999751602 84.0438945132429 78.8108513571896 85.1395907446115 93.1662819499596 80.802090708818
91.7990968329191 89.3349739648805 87.8497272528937 90.060990134256 79.7170505944318 80.0228223518567 70.4372372021832 87.1768639511139 90.585055788769 91.9748721612208 0 82.9613082718265 80.6607330446118 87.9199887622108 91.012701649377 87.5186760113139 77.9457561561573 92.1664791154221
90.7951101619171 90.7055430978217 89.1548368078845 85.7677850549167 83.9726261405189 81.7485170778225 82.8479208026069 79.3864897931013 86.0016174742824 88.2201968242034 82.9613082718265 0 70.531191164207 80.7662227250436 86.6788493546733 80.1553317589418 85.9744315024477 88.563952493832
91.0906420857516 90.4372372021832 88.8728542182353 87.0508894831048 82.8100758107315 80.5906463462703 80.7750878561122 82.0154368322127 87.3537333932591 89.2849999751602 80.6607330446118 70.531191164207 0 82.9845369622933 87.8718063285063 82.3358293114501 84.3812576881069 89.5033716757062
91.3513377482993 92.5570171580838 91.3096260893556 83.128653261873 88.3001243947931 86.9049079448957 87.8858782559868 75.9948369189331 80.6034029847795 84.0438945132429 87.9199887622108 80.7662227250436 82.9845369622933 0 80.5527990930723 67.9330371790942 89.528732987064 84.0438945132429
92.365040998495 94.1808068928841 93.1762193267035 84.0689273365794 91.1902457592883 90.1964580507305 90.9865508735604 83.4033961764943 77.9028020089193 78.8108513571896 91.012701649377 86.6788493546733 87.8718063285063 80.5527990930723 0 81.557861926606 92.1067105610679 75.0930706154422
91.7701139422151 92.6839352129843 91.4548623602078 84.4882843391547 88.2293095695683 86.8628826862014 87.5972706385311 78.0529683256868 82.3318503226824 85.1395907446115 87.5186760113139 80.1553317589418 82.3358293114501 67.9330371790942 81.557861926606 0 89.0483946594057 84.5150597129644
93.3857259827656 90.9377661518028 89.8889640874374 91.7819451443998 84.6220476359695 85.0556619548421 80.7861502505222 89.2981760342917 91.9970762771725 93.1662819499596 77.9457561561573 85.9744315024477 84.3812576881069 89.528732987064 92.1067105610679 89.0483946594057 0 93.0384285807478
93.3490792059179 95.0934046752723 94.1956194144425 86.4108934140345 92.4247345007462 91.5729154765791 92.1883793840769 86.2196361444474 82.057486539661 80.802090708818 92.1664791154221 88.563952493832 89.5033716757062 84.0438945132429 75.0930706154422 84.5150597129644 93.0384285807478 0
