0 84.7904545651168 87.3975598292249 88.2032697249812 90.5955005619965 90.2807401307034 91.48789523564 90.5589717593547 92.0211739427439 91.5879170280032 92.3898428961358 91.6160008871382 92.0861101013499 92.9924014247597 91.9147950356464 92.0218068038758 92.161442951051 92.5860549824409
84.7904545651168 0 76.5662657802988 86.2402066734632 92.5009524628117 89.9360690089101 92.7530786665005 90.3822376182188 92.8997398880663 89.966086340479 93.3102610441814 91.6801398218549 90.0415708322431 94.0975822551092 92.1162138618439 92.2022123683548 90.6936764652172 90.4765748047206
87.3975598292249 76.5662657802988 0 85.4288545277498 92.8305202227078 89.5317156500199 92.8812896098324 90.0287234574536 92.8960038054026 88.9090804678383 93.3199472839912 91.3853894906614 88.7320818557614 94.173175205218 91.8687898126477 91.9453194444376 89.6996521500642 89.1212962034889
88.2032697249812 86.2402066734632 85.4288545277498 0 88.9022196173096 81.0463367021322 88.4942324583068 82.3105428072981 88.2871163926901 81.8246980227395 89.0025985795867 85.3002876997198 83.2910400873432 90.4372372021832 86.2512172176991 86.3946699337741 83.5331746488253 84.6781252359255
90.5955005619965 92.5009524628117 92.8305202227078 88.9022196173096 0 86.2835807877044 76.2325041385106 85.8024478468407 80.6792333700066 89.8721878424544 80.8776994407101 85.2003092693599 91.0616453750358 81.2300238214751 84.7544879428325 84.924474053039 90.0522480221793 91.6669391753689
90.2807401307034 89.9360690089101 89.5317156500199 81.0463367021322 86.2835807877044 0 84.766335844938 65.0930706154422 83.8539056825008 80.5098229277861 84.9953118934783 77.0598281265677 83.6033008406848 87.2699342686732 79.3473038649679 79.6500862266783 81.3466525800185 84.9932982193949
91.48789523564 92.7530786665005 92.8812896098324 88.4942324583068 76.2325041385106 84.766335844938 0 83.9902243141406 72.79025144391 88.7304871472597 73.5201228844259 82.3452739215203 90.0781604641889 77.2963977335146 81.3769599159453 81.561630208681 88.7887968762792 90.7100459419821
90.5589717593547 90.3822376182188 90.0287234574536 82.3105428072981 85.8024478468407 65.0930706154422 83.9902243141406 0 82.8576950797146 81.3454034114811 84.1187026833141 74.6034616473496 84.2250937501173 86.6136007973246 77.4929280081077 77.8789656597846 81.8658606311119 85.4891946726778
92.0211739427439 92.8997398880663 92.8960038054026 88.2871163926901 80.6792333700066 83.8539056825008 72.79025144391 82.8576950797146 0 87.8848410338156 66.9639370490137 80.0174507434799 89.337343372679 77.5220059268606 78.2993261327158 78.4407002914246 87.8221923842211 89.9796622965764
91.5879170280032 89.966086340479 88.9090804678383 81.8246980227395 89.8721878424544 80.5098229277861 88.7304871472597 81.3454034114811 87.8848410338156 0 88.5598735890997 83.4258996194562 73.2478263495168 90.1513509539906 84.5581350240854 84.5882593555717 68.8348519683732 77.1046618074516
92.3898428961358 93.3102610441814 93.3199472839912 89.0025985795867 80.8776994407101 84.9953118934783 73.5201228844259 84.1187026833141 66.9639370490137 88.5598735890997 0 81.557861926606 89.9021469401187 74.6425733539284 80.0174507434799 80.0708701724473 88.4638216139284 90.4905850455247
91.6160008871382 91.6801398218549 91.3853894906614 85.3002876997198 85.2003092693599 77.0598281265677 82.3452739215203 74.6034616473496 80.0174507434799 83.4258996194562 81.557861926606 0 85.7132509931145 84.7836140416462 66.9639370490137 67.9330371790942 83.2834453116058 86.6604254538209
92.0861101013499 90.0415708322431 88.7320818557614 83.2910400873432 91.0616453750358 83.6033008406848 90.0781604641889 84.2250937501173 89.337343372679 73.2478263495168 89.9021469401187 85.7132509931145 0 91.2795848479266 86.5717784996264 86.5812748178497 74.2370817730669 68.8053729726131
92.9924014247597 94.0975822551092 94.173175205218 90.4372372021832 81.2300238214751 87.2699342686732 77.2963977335146 86.6136007973246 77.5220059268606 90.1513509539906 74.6425733539284 84.7836140416462 91.2795848479266 0 83.7233612588265 83.7370778797911 90.0568145768037 91.7773610565026
91.9147950356464 92.1162138618439 91.8687898126477 86.2512172176991 84.7544879428325 79.3473038649679 81.3769599159453 77.4929280081077 78.2993261327158 84.5581350240854 80.0174507434799 66.9639370490137 86.5717784996264 83.7233612588265 0 53.9536370923738 84.3398387118709 87.4034512316464
92.0218068038758 92.2022123683548 91.9453194444376 86.3946699337741 84.924474053039 79.6500862266783 81.561630208681 77.8789656597846 78.4407002914246 84.5882593555717 80.0708701724473 67.9330371790942 86.5812748178497 83.7370778797911 53.9536370923738 0 84.3279020717801 87.3975598292249
92.161442951051 90.6936764652172 89.6996521500642 83.5331746488253 90.0522480221793 81.3466525800185 88.7887968762792 81.8658606311119 87.8221923842211 68.8348519683732 88.4638216139284 83.2834453116058 74.2370817730669 90.0568145768037 84.3398387118709 84.3279020717801 0 76.8761978059386
92.5860549824409 90.4765748047206 89.1212962034889 84.6781252359255 91.6669391753689 84.9932982193949 90.7100459419821 85.4891946726778 89.9796622965764 77.1046618074516 90.4905850455247 86.6604254538209 68.8053729726131 91.7773610565026 87.4034512316464 87.3975598292249 76.8761978059386 0
