0 90.539950838469 82.7388876739763 78.9298435901867 85.6361701273423 88.5127394962013 83.2910400873432 86.5087742205692 87.8319828162819 88.3182779268828 91.5446471310445 88.7197799126989 89.1656719381225 90.6676799053077 91.5532878792118 91.6270513160605 92.5882756000465 92.5188113915121
90.539950838469 0 86.0683167623691 88.1647383903082 84.1839673810775 81.0505757896518 93.2834453116058 93.7593515739906 90.0303314592563 93.6357530749109 88.1383073018398 91.2840039217096 93.9161262380652 93.6141153031384 93.1492460929831 94.0672266294399 95.8439522753889 95.504871029481
82.7388876739763 86.0683167623691 0 74.9239007616254 75.6120133392751 82.5225775066928 88.3843638659877 89.5419896627402 86.2945424565993 89.9399009387904 88.8155079323097 88.0012513933307 90.5179101590355 90.9401026646789 91.1220143253691 91.7681272970627 93.4847074445887 93.2111962562925
78.9298435901867 88.1647383903082 74.9239007616254 0 80.3004175408394 85.0274329204183 86.3114457956494 87.8497272528937 85.6238550502764 88.5760043692699 89.4387596557842 87.210845672568 89.3002428506583 90.1162911451909 90.6084755929647 91.0767661791875 92.682421226422 92.449059612424
85.6361701273423 84.1839673810775 75.6120133392751 80.3004175408394 0 77.5222916794506 89.6061514985891 90.2571244140319 85.2745696854225 90.2119042252309 86.8527548576673 87.3277166414806 90.6862427895672 90.6704031608362 90.5227604901881 91.4400902456587 93.4941315600098 93.1332978748085
88.5127394962013 81.0505757896518 82.5225775066928 85.0274329204183 77.5222916794506 0 91.398522764579 91.7250042174156 86.213187821334 91.3904302690342 84.8190149299059 88.0908247429846 91.7224641652286 91.2844054328105 90.739917382953 91.8849027535593 94.1007900967326 93.6814491297281
83.2910400873432 93.2834453116058 88.3843638659877 86.3114457956494 89.6061514985891 91.398522764579 0 78.8179418809182 88.3532764515829 84.4639039226912 92.6978753982388 88.3406424213812 85.7376505077114 88.9090804678383 90.652117643022 90.0356871694171 90.0240556437243 90.2283198169709
86.5087742205692 93.7593515739906 89.5419896627402 87.8497272528937 90.2571244140319 91.7250042174156 78.8179418809182 0 87.2991797988463 78.7529292691711 92.2276529466665 86.6639170349971 80.8776994407101 86.1924886111327 88.7608724144743 87.6131943190306 87.2301290674429 87.5263136388159
87.8319828162819 90.0303314592563 86.2945424565993 85.6238550502764 85.2745696854225 86.213187821334 88.3532764515829 87.2991797988463 0 85.3499236667684 84.9607879581046 73.9536370923738 85.6854997764966 84.2066957450215 83.7411270889672 85.6120133392751 89.6434871592498 88.9021373091748
88.3182779268828 93.6357530749109 89.9399009387904 88.5760043692699 90.2119042252309 91.3904302690342 84.4639039226912 78.7529292691711 85.3499236667684 0 91.0676365451162 83.7330079205038 68.7714906771071 81.4290554415194 85.6282873808047 83.7291521747348 84.3872598725851 84.2656972344674
91.5446471310445 88.1383073018398 88.8155079323097 89.4387596557842 86.8527548576673 84.8190149299059 92.6978753982388 92.2276529466665 84.9607879581046 91.0676365451162 0 86.2196361444474 91.1211806667008 89.4839672543982 87.6813099919736 89.7651660120367 92.9521961777583 92.2787262194362
88.7197799126989 91.2840039217096 88.0012513933307 87.210845672568 87.3277166414806 88.0908247429846 88.3406424213812 86.6639170349971 73.9536370923738 83.7330079205038 86.2196361444474 0 83.8213544350363 81.0463367021322 80.8156033929847 82.9899622532162 88.1662892898929 87.2272264362371
89.1656719381225 93.9161262380652 90.5179101590355 89.3002428506583 90.6862427895672 91.7224641652286 85.7376505077114 80.8776994407101 85.6854997764966 68.7714906771071 91.1211806667008 83.8213544350363 0 79.9085993106296 84.9135729855738 82.3859648733539 82.9177896640103 82.6751998198568
90.6676799053077 93.6141153031384 90.9401026646789 90.1162911451909 90.6704031608362 91.2844054328105 88.9090804678383 86.1924886111327 84.2066957450215 81.4290554415194 89.4839672543982 81.0463367021322 79.9085993106296 0 78.0055389539289 72.0827706588024 83.3520340423287 81.4121890441111
91.5532878792118 93.1492460929831 91.1220143253691 90.6084755929647 90.5227604901881 90.739917382953 90.652117643022 88.7608724144743 83.7411270889672 85.6282873808047 87.6813099919736 80.8156033929847 84.9135729855738 78.0055389539289 0 76.8241440163899 86.4198537193337 84.7618499951036
91.6270513160605 94.0672266294399 91.7681272970627 91.0767661791875 91.4400902456587 91.8849027535593 90.0356871694171 87.6131943190306 85.6120133392751 83.7291521747348 89.7651660120367 82.9899622532162 82.3859648733539 72.0827706588024 76.8241440163899 0 82.924948686918 80.3485019850597
92.5882756000465 95.8439522753889 93.4847074445887 92.682421226422 93.4941315600098 94.1007900967326 90.0240556437243 87.2301290674429 89.6434871592498 84.3872598725851 92.9521961777583 88.1662892898929 82.9177896640103 83.3520340423287 86.4198537193337 82.924948686918 0 71.8757162881506
92.5188113915121 95.504871029481 93.2111962562925 92.449059612424 93.1332978748085 93.6814491297281 90.2283198169709 87.5263136388159 88.9021373091748 84.2656972344674 92.2787262194362 87.2272264362371 82.6751998198568 81.4121890441111 84.7618499951036 80.3485019850597 71.8757162881506 0
