0 82.4324470668276 64.9227372224544 87.1561388112382 75.6120133392751 89.1147139085564 83.8146333429251 81.1963957883817 84.4805765116235 86.0661777685526 85.0274329204183 86.2151647497409 85.2341706152966 86.3152293981705 86.904565673111 87.3031982537424 87.9822666720595 88.3000473796994
82.4324470668276 0 82.2787262194362 91.1078203183244 79.0724707021626 92.3708882575867 74.9227372224544 87.3827962632147 88.444562403568 89.7651660120367 85.3461292680899 89.2905253309598 85.5942163810779 85.6854997764966 89.0509344388538 87.0028487113828 89.9360690089101 90.3510220424997
64.9227372224544 82.2787262194362 0 87.210845672568 73.8213544350363 89.1132674378341 83.323798167022 80.6792333700066 83.8325331923513 85.6445006672441 84.1323142820089 85.6332261832787 84.3590160332503 85.5673171147236 86.2600461319019 86.625354376404 87.4269372455433 87.787048443382
87.1561388112382 91.1078203183244 87.210845672568 0 88.773792856881 75.6917885110456 91.3887347396581 82.8438513133261 84.5850934634402 82.9023336598264 89.8920337031865 85.7454637654564 89.9101194164389 90.8351646482895 87.943957052975 91.0131290414768 88.2511598923979 87.9709176699956
75.6120133392751 79.0724707021626 73.8213544350363 88.773792856881 0 90.3385320328235 79.8195101390914 83.2093361878076 84.924474053039 86.7889107409908 82.5809123755536 86.2874109467986 82.8977159047949 83.9405886754904 86.3267625356627 85.3681348263785 87.5253596696042 87.9928814946651
89.1147139085564 92.3708882575867 89.1132674378341 75.6917885110456 90.3385320328235 0 92.536285790372 85.4405729875004 86.0339652537356 84.0830409917572 90.8944237992311 86.625354376404 90.8913461286801 91.7227459451738 88.6496484135121 91.7907149556895 88.7231564195826 88.3311427205777
83.8146333429251 74.9227372224544 83.323798167022 91.3887347396581 79.8195101390914 92.536285790372 0 87.4879904709355 88.0402758330119 89.5033716757062 83.2222041818708 88.7204662452208 83.5231808601858 83.2222041818708 88.1276100001002 84.9192614761152 89.0724707021626 89.5791342000351
81.1963957883817 87.3827962632147 80.6792333700066 82.8438513133261 83.2093361878076 85.4405729875004 87.4879904709355 0 76.8982993539898 79.0119174309222 85.0070354904267 80.853774974986 85.0778712729646 86.6029953102007 83.5314947782876 87.0679967752654 84.7327641218684 84.8420121776573
84.4805765116235 88.444562403568 83.8325331923513 84.5850934634402 84.924474053039 86.0339652537356 88.0402758330119 76.8982993539898 0 73.5201228844259 83.622091328923 72.1477648207386 83.5851092446865 85.3915891308315 78.5859733308124 85.5024395395615 80.3134982103822 80.3996551827821
86.0661777685526 89.7651660120367 85.6445006672441 82.9023336598264 86.7889107409908 84.0830409917572 89.5033716757062 79.0119174309222 73.5201228844259 0 85.9126336164662 74.8081208510838 85.8664927413872 87.2699342686732 80.9461390188651 87.2537141011014 81.5047597563245 80.9687118890257
85.0274329204183 85.3461292680899 84.1323142820089 89.8920337031865 82.5809123755536 90.8944237992311 83.2222041818708 85.0070354904267 83.622091328923 85.9126336164662 0 83.755952639344 54.6197689566789 71.1136705287218 81.4824179309675 74.598216984643 83.2222041818708 84.2745342066785
86.2151647497409 89.2905253309598 85.6332261832787 85.7454637654564 86.2874109467986 86.625354376404 88.7204662452208 80.853774974986 72.1477648207386 74.8081208510838 83.755952639344 0 83.6408008670417 85.3347296751945 75.042668369047 85.1222342251002 76.5143197531451 76.2581263061566
85.2341706152966 85.5942163810779 84.3590160332503 89.9101194164389 82.8977159047949 90.8913461286801 83.5231808601858 85.0778712729646 83.5851092446865 85.8664927413872 54.6197689566789 83.6408008670417 0 70.9478138469061 81.2209091826396 73.9719676213033 82.9790722134419 84.0672266294399
86.3152293981705 85.6854997764966 85.5673171147236 90.8351646482895 83.9405886754904 91.7227459451738 83.2222041818708 86.6029953102007 85.3915891308315 87.2699342686732 71.1136705287218 85.3347296751945 70.9478138469061 0 83.1074568214526 69.9742370056535 84.3872598725851 85.3510851993844
86.904565673111 89.0509344388538 86.2600461319019 87.943957052975 86.3267625356627 88.6496484135121 88.1276100001002 83.5314947782876 78.5859733308124 80.9461390188651 81.4824179309675 75.042668369047 81.2209091826396 83.1074568214526 0 82.412908027009 69.7410115318568 73.323798167022
87.3031982537424 87.0028487113828 86.625354376404 91.0131290414768 85.3681348263785 91.7907149556895 84.9192614761152 87.0679967752654 85.5024395395615 87.2537141011014 74.598216984643 85.1222342251002 73.9719676213033 69.9742370056535 82.412908027009 0 83.5392759245935 84.6054920492395
87.9822666720595 89.9360690089101 87.4269372455433 88.2511598923979 87.5253596696042 88.7231564195826 89.0724707021626 84.7327641218684 80.3134982103822 81.5047597563245 83.2222041818708 76.5143197531451 82.9790722134419 84.3872598725851 69.7410115318568 83.5392759245935 0 65.8613839639746
88.3000473796994 90.3510220424997 87.787048443382 87.9709176699956 87.9928814946651 88.3311427205777 89.5791342000351 84.8420121776573 80.3996551827821 80.9687118890257 84.2745342066785 76.2581263061566 84.0672266294399 85.3510851993844 73.323798167022 84.6054920492395 65.8613839639746 0
