0 89.5178683060867 83.0196808096236 92.5323873476095 87.7130152786816 91.1655581808111 91.6151619909681 88.9847314590875 89.1386232060147 90.8101589335291 89.7793837449569 90.8737294538031 91.2154441701626 91.5873323623519 91.3990187996711 91.9100045354878 92.7984753779194 94.5291571029192
89.5178683060867 0 85.1675938994461 87.1342704420015 89.7360167039801 86.9476203930553 88.7630438748595 92.7123489996475 91.157446121036 89.4387596557842 93.0290942252098 93.7411469057037 92.2570167892039 92.0553001638588 93.595728903889 92.8926411279113 94.9959467516818 93.0470574759869
83.0196808096236 85.1675938994461 0 89.0301722270237 84.5719301653208 87.0711757029314 88.0664662225477 88.6496484135121 87.0785774345495 87.3590696675158 89.3002428506583 90.4605968899799 89.3917239236386 89.5224880174754 90.5658439650567 90.3134982103822 92.4027558314952 92.4616305370527
92.5323873476095 87.1342704420015 89.0301722270237 0 88.6819326595009 77.7647878994723 80.8600272095335 91.9895737400873 89.5472427556477 84.6280655201376 92.0387851445175 92.5525221311318 89.6623951581462 88.9059913052527 91.9482070253692 90.2359933182647 93.5117167947744 87.7047839392961
87.7130152786816 89.7360167039801 84.5719301653208 88.6819326595009 0 85.7749292329038 85.1757958751021 82.4692779150087 75.1700239898558 82.0052461083682 83.1548703552811 85.1097422091168 82.0876962558117 82.7769452182768 84.7799640913032 84.0735682389664 88.1729652251589 89.4589779583689
91.1655581808111 86.9476203930553 87.0711757029314 77.7647878994723 85.7749292329038 0 74.598216984643 90.1262622632876 87.0067022920382 80.0228223518567 90.2119042252309 90.8838677716108 87.4292886451991 86.5808220167869 90.2150301233187 88.2753097867997 92.1365560003738 87.1143894407578
91.6151619909681 88.7630438748595 88.0664662225477 80.8600272095335 85.1757958751021 74.598216984643 0 89.444283079601 85.9297641211879 75.9539297579115 89.4153607755433 90.0174507434799 85.7566699761418 84.5285511387405 89.1367436512623 86.6323912855628 91.2103036955156 85.0002150024618
88.9847314590875 92.7123489996475 88.6496484135121 91.9895737400873 82.4692779150087 90.1262622632876 89.444283079601 0 79.8876867091308 87.3975598292249 68.7966354858417 76.706750637792 82.9382611371381 84.7107232752857 79.6398546866107 83.8146333429251 83.8325331923513 91.1086565453067
89.1386232060147 91.157446121036 87.0785774345495 89.5472427556477 75.1700239898558 87.0067022920382 85.9297641211879 79.8876867091308 0 82.6503391087702 80.0045924171154 82.2762719638902 77.7738075181225 79.7799514872702 81.3769599159453 80.6702781556415 86.0542243983222 88.8547579577868
90.8101589335291 89.4387596557842 87.3590696675158 84.6280655201376 82.0052461083682 80.0228223518567 75.9539297579115 87.3975598292249 82.6503391087702 0 87.3431796161499 88.1142143850042 82.6115508684238 81.1060069622473 87.0605664073196 84.0417671828947 89.6736352563445 85.4519840595317
89.7793837449569 93.0290942252098 89.3002428506583 92.0387851445175 83.1548703552811 90.2119042252309 89.4153607755433 68.7966354858417 80.0045924171154 87.3431796161499 0 72.5868656935784 81.9691780589806 83.9931570450183 76.7879232306827 82.6459542896836 82.240236057727 90.7447349131916
90.8737294538031 93.7411469057037 90.4605968899799 92.5525221311318 85.1097422091168 90.8838677716108 90.0174507434799 76.706750637792 82.2762719638902 88.1142143850042 72.5868656935784 0 82.367415980961 84.3077404809613 73.2918760136815 82.3358293114501 78.7966354858417 90.7228583477486
91.2154441701626 92.2570167892039 89.3917239236386 89.6623951581462 82.0876962558117 87.4292886451991 85.7566699761418 82.9382611371381 77.7738075181225 82.6115508684238 81.9691780589806 82.367415980961 0 70.4372372021832 79.4497994875647 70.3826747961884 84.5923839187591 86.8238271486369
91.5873323623519 92.0553001638588 89.5224880174754 88.9059913052527 82.7769452182768 86.5808220167869 84.5285511387405 84.7107232752857 79.7799514872702 81.1060069622473 83.9931570450183 84.3077404809613 70.4372372021832 0 81.9401435468265 73.2918760136815 85.857977031496 85.4502268727024
91.3990187996711 93.595728903889 90.5658439650567 91.9482070253692 84.7799640913032 90.2150301233187 89.1367436512623 79.6398546866107 81.3769599159453 87.0605664073196 76.7879232306827 73.2918760136815 79.4497994875647 81.9401435468265 0 78.7935233444903 78.4757981842917 89.5182829228782
91.9100045354878 92.8926411279113 90.3134982103822 90.2359933182647 84.0735682389664 88.2753097867997 86.6323912855628 83.8146333429251 80.6702781556415 84.0417671828947 82.6459542896836 82.3358293114501 70.3826747961884 73.2918760136815 78.7935233444903 0 83.6009463029101 86.560312462274
92.7984753779194 94.9959467516818 92.4027558314952 93.5117167947744 88.1729652251589 92.1365560003738 91.2103036955156 83.8325331923513 86.0542243983222 89.6736352563445 82.240236057727 78.7966354858417 84.5923839187591 85.857977031496 78.4757981842917 83.6009463029101 0 90.8115021815894
94.5291571029192 93.0470574759869 92.4616305370527 87.7047839392961 89.4589779583689 87.1143894407578 85.0002150024618 91.1086565453067 88.8547579577868 85.4519840595317 90.7447349131916 90.7228583477486 86.8238271486369 85.4502268727024 89.5182829228782 86.560312462274 90.8115021815894 0
