0 85.8862748223873 79.0133374602867 78.5626155199393 86.2190445633642 88.3477535852317 88.8426679450515 88.3666599593055 91.8590070865631 89.5765657369386 93.2897752133517 90.8915698485004 92.7123489996475 92.8075320272888 92.8148310476242 94.3929550236308 92.4945710728411 95.2003092693599
85.8862748223873 0 84.1102125341831 86.5840769255055 90.9674829270107 84.5832154332189 86.6813329578914 89.3217457522892 88.8654109004862 88.9785910914993 90.788610269172 90.4087050140243 90.6398255405413 91.4741215705682 91.6315199485073 92.5809123755536 93.408322943692 93.7301873629909
79.0133374602867 84.1102125341831 0 74.6208018325586 85.7217818991216 84.8903420614614 85.4666015259462 85.3176716527015 89.6806109422008 86.6261884200278 91.4629162880802 88.4653586674992 90.7078053138571 90.8348625047725 90.8542682162229 92.7757172637758 91.0029711784781 93.7363263647859
78.5626155199393 86.5840769255055 74.6208018325586 0 83.0799514419312 86.6639170349971 86.7239959740949 85.0947406576928 90.6380356924685 87.1112419990312 92.2004263954606 88.7288353694922 91.3769599159453 91.2795848479266 91.2488641540003 93.2897752133517 90.5456658670192 94.1314806233406
86.2190445633642 90.9674829270107 85.7217818991216 83.0799514419312 0 89.8708219316197 89.2632195150224 85.5014230874557 92.3559530419549 88.3383026694433 93.4668212824861 89.1969490952604 92.5101740899983 91.9317301071365 91.7883849681963 94.0674833643368 88.6816335774974 94.63516231017
88.3477535852317 84.5832154332189 84.8903420614614 86.6639170349971 89.8708219316197 0 74.2066957450215 84.484421527208 82.3085430088003 81.9504880014648 86.0728479354589 84.5864463003754 85.0813623034275 86.2734273606889 86.5364770854238 88.6341550069162 90.251809052559 90.2847852536588
88.8426679450515 86.6813329578914 85.4666015259462 86.7239959740949 89.2632195150224 74.2066957450215 0 82.0154368322127 82.0339535444981 77.4269372455433 85.6120133392751 81.4734313116191 83.8325331923513 84.4613002047043 84.6672088701952 87.8770886459859 88.7966354858417 89.5244964576347
88.3666599593055 89.3217457522892 85.3176716527015 85.0947406576928 85.5014230874557 84.484421527208 82.0154368322127 0 87.4927495370631 77.4269372455433 89.1453517305904 80.1980022667787 87.4181448674708 86.3391159691871 86.1095220677233 90.0131486680226 84.9504435034663 90.9420340568167
91.8590070865631 88.8654109004862 89.6806109422008 90.6380356924685 92.3559530419549 82.3085430088003 82.0339535444981 87.4927495370631 0 84.3411471857804 77.0587688908577 84.7904545651168 77.0718104497992 82.3335264454165 83.1548703552811 83.4201990575676 90.6310644995264 86.4134748077924
89.5765657369386 88.9785910914993 86.6261884200278 87.1112419990312 88.3383026694433 81.9504880014648 77.4269372455433 77.4269372455433 84.3411471857804 0 86.5364172448041 74.3874569620632 84.1406420790363 82.987250454927 82.8363852432923 87.7998589768893 86.0661777685526 89.1189908313318
93.2897752133517 90.788610269172 91.4629162880802 92.2004263954606 93.4668212824861 86.0728479354589 85.6120133392751 89.1453517305904 77.0587688908577 86.5364172448041 0 86.2108404616391 75.3681348263785 81.7711908388985 82.7403226749476 78.5626155199393 91.0809756830733 83.3513248469073
90.8915698485004 90.4087050140243 88.4653586674992 88.7288353694922 89.1969490952604 84.5864463003754 81.4734313116191 80.1980022667787 84.7904545651168 74.3874569620632 86.2108404616391 0 83.3598259109514 80.588859904585 80.0228223518567 86.8240158597995 84.5427518035806 87.991850357362
92.7123489996475 90.6398255405413 90.7078053138571 91.3769599159453 92.5101740899983 85.0813623034275 83.8325331923513 87.4181448674708 77.0718104497992 84.1406420790363 75.3681348263785 83.3598259109514 0 76.5662657802988 78.2490652189563 79.3002428506583 89.5317156500199 83.3637795294295
92.8075320272888 91.4741215705682 90.8348625047725 91.2795848479266 91.9317301071365 86.2734273606889 84.4613002047043 86.3391159691871 82.3335264454165 82.987250454927 81.7711908388985 80.588859904585 76.5662657802988 0 63.2350728652325 81.1136705287218 87.5519919157727 83.2401555589108
92.8148310476242 91.6315199485073 90.8542682162229 91.2488641540003 91.7883849681963 86.5364770854238 84.6672088701952 86.1095220677233 83.1548703552811 82.8363852432923 82.7403226749476 80.0228223518567 78.2490652189563 63.2350728652325 0 81.8793434798083 87.043428250759 83.5619135167699
94.3929550236308 92.5809123755536 92.7757172637758 93.2897752133517 94.0674833643368 88.6341550069162 87.8770886459859 90.0131486680226 83.4201990575676 87.7998589768893 78.5626155199393 86.8240158597995 79.3002428506583 81.1136705287218 81.8793434798083 0 90.738820882775 75.8987805111985
92.4945710728411 93.408322943692 91.0029711784781 90.5456658670192 88.6816335774974 90.251809052559 88.7966354858417 84.9504435034663 90.6310644995264 86.0661777685526 91.0809756830733 84.5427518035806 89.5317156500199 87.5519919157727 87.043428250759 90.738820882775 0 90.8737294538031
95.2003092693599 93.7301873629909 93.7363263647859 94.1314806233406 94.63516231017 90.2847852536588 89.5244964576347 90.9420340568167 86.4134748077924 89.1189908313318 83.3513248469073 87.991850357362 83.3637795294295 83.2401555589108 83.5619135167699 75.8987805111985 90.8737294538031 0
