0 77.8007545217567 80.0867687069284 76.5662657802988 82.8662232614152 85.9744315024477 88.018801963142 88.9922245819579 89.5317156500199 90.7429160691407 91.0501520670485 91.3176021151403 93.6143501013337 92.8143121415688 91.9994607326019 92.9209654927564 92.5489227568096 92.3921913186054
77.8007545217567 0 69.0051368755729 79.6239007539644 86.1782004591663 88.3279715303536 87.6355100197587 88.6385873374445 89.2849999751602 91.5946508571361 90.3345343122189 92.0509172245329 94.5272547222242 93.6779798619475 91.8409756806509 93.5346647207551 92.0052461083682 92.069722241919
80.0867687069284 69.0051368755729 0 80.237526392877 86.706750637792 88.6694876342257 87.0213611871916 88.0715171378125 88.7780850115565 91.5404855911982 89.7170505944318 91.9693890769997 94.5937219576911 93.6964506811521 91.4510002480644 93.4555858292702 91.5039964300515 91.6359469985815
76.5662657802988 79.6239007539644 80.237526392877 0 81.2614598490377 84.5416919591329 85.3708944967328 86.6580961725535 87.3382020284199 89.1754702685607 89.3756649167141 89.813317592445 92.8055524984423 91.7726262858853 90.3930962198545 91.6949872225941 91.1286778400159 90.8843080316161
82.8662232614152 86.1782004591663 86.706750637792 81.2614598490377 0 75.5673171147236 87.2658535586887 88.1200421657566 88.4407002914246 87.1882207608685 90.8564841175001 88.1407920610298 90.6902958548309 89.7170505944318 90.8280348378328 90.2770695310581 92.1464435620986 91.567276508266
85.9744315024477 88.3279715303536 88.6694876342257 84.5416919591329 75.5673171147236 0 87.6562395411065 88.3073021585004 88.4638216139284 85.3176715737137 91.0531172574814 86.5220167514142 89.0294974900039 87.9486437055199 90.5299314062634 88.908418603258 92.1602484388098 91.4063373322637
88.018801963142 87.6355100197587 87.0213611871916 85.3708944967328 87.2658535586887 87.6562395411065 0 69.5490951568693 74.0478041801487 86.659573041076 81.4501736423377 86.9326716549567 92.0715265013477 90.4174558269105 83.5256524470168 89.115684439989 84.9845966929828 84.3377882434207
88.9922245819579 88.6385873374445 88.0715171378125 86.6580961725535 88.1200421657566 88.3073021585004 69.5490951568693 0 66.9639370490137 86.5063621434069 79.7170505944318 86.6359054690201 92.0052461083682 90.280234225313 81.6251957531956 88.7294202038794 83.5630990497122 82.6017133826353
89.5317156500199 89.2849999751602 88.7780850115565 87.3382020284199 88.4407002914246 88.4638216139284 74.0478041801487 66.9639370490137 0 86.0056807318553 79.6707254104607 86.0393941818496 91.7300798693387 89.9130061550656 79.9850808185757 88.1549792719264 82.9953807752155 81.4548623602078
90.7429160691407 91.5946508571361 91.5404855911982 89.1754702685607 87.1882207608685 85.3176715737137 86.659573041076 86.5063621434069 86.0056807318553 0 89.2543527807476 68.7966354858417 85.4304003347848 81.3414426772175 86.6136007973246 79.8812101616349 89.7992106976306 88.2293095695683
91.0501520670485 90.3345343122189 89.7170505944318 89.3756649167141 90.8564841175001 91.0531172574814 81.4501736423377 79.7170505944318 79.6707254104607 89.2543527807476 0 89.1473223627738 93.5085903842151 92.0215398082145 81.1963957883817 90.3978083802233 76.8982993539898 79.4005173154006
91.3176021151403 92.0509172245329 91.9693890769997 89.813317592445 88.1407920610298 86.5220167514142 86.9326716549567 86.6359054690201 86.0393941818496 68.7966354858417 89.1473223627738 0 85.435034457386 81.0505757896518 86.0981015495578 77.4859209762669 89.5220873909696 87.8168428313143
93.6143501013337 94.5272547222242 94.5937219576911 92.8055524984423 90.6902958548309 89.0294974900039 92.0715265013477 92.0052461083682 91.7300798693387 85.4304003347848 93.5085903842151 85.435034457386 0 77.5519919157727 91.676854159603 84.1864988185626 93.6779798619475 92.6168059115904
92.8143121415688 93.6779798619475 93.6964506811521 91.7726262858853 89.7170505944318 87.9486437055199 90.4174558269105 90.280234225313 89.9130061550656 81.3414426772175 92.0215398082145 81.0505757896518 77.5519919157727 0 89.7754074692579 79.1997548318963 92.202701805395 90.9315953261369
91.9994607326019 91.8409756806509 91.4510002480644 90.3930962198545 90.8280348378328 90.5299314062634 83.5256524470168 81.6251957531956 79.9850808185757 86.6136007973246 81.1963957883817 86.0981015495578 91.676854159603 89.7754074692579 0 87.2129828682779 79.9850808185757 72.9023336598264
92.9209654927564 93.5346647207551 93.4555858292702 91.6949872225941 90.2770695310581 88.908418603258 89.115684439989 88.7294202038794 88.1549792719264 79.8812101616349 90.3978083802233 77.4859209762669 84.1864988185626 79.1997548318963 87.2129828682779 0 90.3473274724008 88.6905108253916
92.5489227568096 92.0052461083682 91.5039964300515 91.1286778400159 92.1464435620986 92.1602484388098 84.9845966929828 83.5630990497122 82.9953807752155 89.7992106976306 76.8982993539898 89.5220873909696 93.6779798619475 92.202701805395 79.9850808185757 90.3473274724008 0 75.2408599357581
92.3921913186054 92.069722241919 91.6359469985815 90.8843080316161 91.567276508266 91.4063373322637 84.3377882434207 82.6017133826353 81.4548623602078 88.2293095695683 79.4005173154006 87.8168428313143 92.6168059115904 90.9315953261369 72.9023336598264 88.6905108253916 75.2408599357581 0
