0 90.1799213536671 92.3859648733539 90.1585571953105 91.1457065748421 92.2742532382811 92.1602484388098 91.3036344422995 90.0543803137744 90.4396763737266 90.8115021815894 91.7542887013474 92.4074084886045 91.7079210128555 92.1743275970901 92.6975854336372 93.4648509841964 93.9040627993324
90.1799213536671 0 79.9742370056535 81.4066433444972 80.6047544631244 84.3872598725851 86.9312422033652 87.6836771400466 92.5163934390137 90.1430041505679 92.7195677520476 89.9856222991348 89.4833594670039 92.1084183731075 92.5829112748052 93.6860705133182 93.9555571376292 93.3480807704128
92.3859648733539 79.9742370056535 0 82.7077538435474 79.546717201444 81.6251957531956 85.8653516496594 87.6019601377656 93.3200309745183 90.7246856097169 93.3878402270883 90.0330101399179 89.0597573502655 92.4921395829216 92.8988314924952 94.0321812799542 94.1401171637474 93.2531878528696
90.1585571953105 81.4066433444972 82.7077538435474 0 73.2269205225163 79.0033483380824 81.0592603083773 81.9130719267216 90.2937250035532 86.5184375979675 90.4178143243552 85.9641898918761 85.1629655549214 89.3091911288516 89.9311372686323 91.4463088038547 91.7097415724374 90.8232308237171
91.1457065748421 80.6047544631244 79.546717201444 73.2269205225163 0 75.7863355292019 81.3454034114811 83.447537158823 91.3493605368748 87.9208598774116 91.4184221916742 87.0838681956062 85.9566689221897 90.2923597189572 90.8232680174422 92.2305599791183 92.3969949347064 91.4121890441111
92.2742532382811 84.3872598725851 81.6251957531956 79.0033483380824 75.7863355292019 0 77.7917907521781 82.3073716170739 91.4683527698718 87.7602710557797 91.4156962903308 86.2491757321852 84.3852942944484 89.9791200723646 90.46247493916 91.955651003641 91.9800070202968 90.6806177226143
92.1602484388098 86.9312422033652 85.8653516496594 81.0592603083773 81.3454034114811 77.7917907521781 0 75.8987805111985 89.8936931102572 85.0274329204183 89.7176265436162 82.3073716170739 78.9021373091748 87.7130152786816 88.2858817512808 90.1638411574058 90.1274768733033 88.447649622336
91.3036344422995 87.6836771400466 87.6019601377656 81.9130719267216 83.447537158823 82.3073716170739 75.8987805111985 0 87.9607434601061 81.3176021151403 87.7629817256808 77.7917907521781 75.5372620133263 85.3461292680899 86.1707995438657 88.4944597996847 88.6107724087068 87.0071507868401
90.0543803137744 92.5163934390137 93.3200309745183 90.2937250035532 91.3493605368748 91.4683527698718 89.8936931102572 87.9607434601061 0 82.5809123755536 69.9742370056535 85.9126336164662 88.0428173008416 80.5622918724125 81.2809524459714 81.3176021151403 84.1176439862372 86.5828917856921
90.4396763737266 90.1430041505679 90.7246856097169 86.5184375979675 87.9208598774116 87.7602710557797 85.0274329204183 81.3176021151403 82.5809123755536 0 82.1556516872302 76.8092101824516 81.6841840260165 78.2511598923979 80.4184460099113 84.1984937693655 85.0667484995913 84.5869706818913
90.8115021815894 92.7195677520476 93.3878402270883 90.4178143243552 91.4184221916742 91.4156962903308 89.7176265436162 87.7629817256808 69.9742370056535 82.1556516872302 0 85.3208427639379 87.5859951372108 78.3311427205777 78.856167843725 78.6223132959149 82.2226458811333 85.289026176076
91.7542887013474 89.9856222991348 90.0330101399179 85.9641898918761 87.0838681956062 86.2491757321852 82.3073716170739 77.7917907521781 85.9126336164662 76.8092101824516 85.3208427639379 0 74.8172353991213 81.1136705287218 82.2261396174006 85.6591876775859 85.6793214409304 83.4864004590469
92.4074084886045 89.4833594670039 89.0597573502655 85.1629655549214 85.9566689221897 84.3852942944484 78.9021373091748 75.5372620133263 88.0428173008416 81.6841840260165 87.5859951372108 74.8172353991213 0 84.4224890007509 85.0735109094915 87.6476512293401 87.4293260687066 84.9296803811179
91.7079210128555 92.1084183731075 92.4921395829216 89.3091911288516 90.2923597189572 89.9791200723646 87.7130152786816 85.3461292680899 80.5622918724125 78.2511598923979 78.3311427205777 81.1136705287218 84.4224890007509 0 67.5956002979799 78.2511598923979 79.8775928392298 81.1303421223965
92.1743275970901 92.5829112748052 92.8988314924952 89.9311372686323 90.8232680174422 90.46247493916 88.2858817512808 86.1707995438657 81.2809524459714 80.4184460099113 78.856167843725 82.2261396174006 85.0735109094915 67.5956002979799 0 75.9401859474501 77.4658005457673 79.8271986403101
92.6975854336372 93.6860705133182 94.0321812799542 91.4463088038547 92.2305599791183 91.955651003641 90.1638411574058 88.4944597996847 81.3176021151403 84.1984937693655 78.6223132959149 85.6591876775859 87.6476512293401 78.2511598923979 75.9401859474501 0 73.3520806413757 81.7711908388985
93.4648509841964 93.9555571376292 94.1401171637474 91.7097415724374 92.3969949347064 91.9800070202968 90.1274768733033 88.6107724087068 84.1176439862372 85.0667484995913 82.2226458811333 85.6793214409304 87.4293260687066 79.8775928392298 77.4658005457673 73.3520806413757 0 78.7930729376121
93.9040627993324 93.3480807704128 93.2531878528696 90.8232308237171 91.4121890441111 90.6806177226143 88.447649622336 87.0071507868401 86.5828917856921 84.5869706818913 85.289026176076 83.4864004590469 84.9296803811179 81.1303421223965 79.8271986403101 81.7711908388985 78.7930729376121 0
