0 78.4944597996847 80.1445703986413 69.6356543330438 87.3031982537424 76.706750637792 80.788610269172 86.921385559777 91.2385552435805 85.8358888194266 90.1990362311678 89.8603838981258 89.5084263280794 91.8044428737472 92.0133057644227 88.5663707686117 92.0729809883728 92.4921395829216
78.4944597996847 0 64.9227372224544 77.8718063285063 89.7754074692579 78.6665542029632 84.484421527208 89.3002428506583 92.8659859838583 84.3398387118709 91.676854159603 91.3295387552311 90.9390386081402 93.1155436921792 93.1562974009179 88.7016252803801 93.0621419223646 93.2890161120909
80.1445703986413 64.9227372224544 0 79.5765657369386 90.2380372975089 79.9360690089101 85.2457006698491 89.7657356159223 93.187350456127 84.3139343989393 91.9967355337869 91.6536838862755 91.2646359383593 93.3947608622636 93.4120717568363 88.8679544492035 93.2966622212778 93.4914755460828
69.6356543330438 77.8718063285063 79.5765657369386 0 87.2302909628742 71.6251957531956 79.4005173154006 86.6265279866851 91.1669926587184 84.4166372889035 89.8402750501759 89.4467356815688 89.0210103429807 91.5537130363682 91.685207852354 87.5680821732371 91.6745810843178 92.0536086459958
87.3031982537424 89.7754074692579 90.2380372975089 87.2302909628742 0 87.3955942510882 83.5392759245935 72.6459542896836 82.470914337248 89.9850808185757 82.5570171580838 82.6342007106042 83.0665274582097 85.0325173442018 86.3763856668549 88.8965747790272 87.4003721738293 88.7966354858417
76.706750637792 78.6665542029632 79.9360690089101 71.6251957531956 87.3955942510882 0 78.6957997331364 86.5376151333289 91.1923338276599 82.2337877346136 89.5070003723265 89.0443175425455 88.5196112184045 91.3295387552311 91.3455656123436 86.1651703119209 91.2279996166617 91.53442531487
80.788610269172 84.484421527208 85.2457006698491 79.4005173154006 83.5392759245935 78.6957997331364 0 82.022217387562 88.846051253537 84.8913549073611 86.7365991732866 86.1677794707972 85.5654633945048 89.1084015061976 89.269782517468 85.5673171147236 89.307295048416 89.8964573804919
86.921385559777 89.3002428506583 89.7657356159223 86.6265279866851 72.6459542896836 86.5376151333289 82.022217387562 0 83.5842247052281 88.9669688788295 80.9865508735604 80.6188168979226 80.701658688566 84.598216984643 85.5511627842641 87.4658005457673 86.3569342756245 87.7629817256808
91.2385552435805 92.8659859838583 93.187350456127 91.1669926587184 82.470914337248 91.1923338276599 88.846051253537 83.5842247052281 0 92.5937013656777 82.0154574583751 83.1868769306986 84.4805765116235 80.3730714436831 83.8703271661733 91.0486625036058 86.1192544428531 88.058167748962
85.8358888194266 84.3398387118709 84.3139343989393 84.4166372889035 89.9850808185757 82.2337877346136 84.8913549073611 88.9669688788295 92.5937013656777 0 90.3534795727897 89.8195101390914 89.1518880978206 92.0397974466437 91.6663205211425 82.3358293114501 91.16197742396 91.0463367021322
90.1990362311678 91.676854159603 91.9967355337869 89.8402750501759 82.5570171580838 89.5070003723265 86.7365991732866 80.9865508735604 82.0154574583751 90.3534795727897 0 66.2581263061566 73.1172262037814 77.0711757029314 77.7947091607507 87.5935153898588 80.0566911494465 83.2222041818708
89.8603838981258 91.3295387552311 91.6536838862755 89.4467356815688 82.6342007106042 89.0443175425455 86.1677794707972 80.6188168979226 83.1868769306986 89.8195101390914 66.2581263061566 0 67.8688491478277 79.1123755294906 78.8435688259333 86.8159556326594 80.047640087997 82.9188992672694
89.5084263280794 90.9390386081402 91.2646359383593 89.0210103429807 83.0665274582097 88.5196112184045 85.5654633945048 80.701658688566 84.4805765116235 89.1518880978206 73.1172262037814 67.8688491478277 0 81.0881434382876 80.2272956583012 85.7755618841348 80.3733330693944 82.6900836145003
91.8044428737472 93.1155436921792 93.3947608622636 91.5537130363682 85.0325173442018 91.3295387552311 89.1084015061976 84.598216984643 80.3730714436831 92.0397974466437 77.0711757029314 79.1123755294906 81.0881434382876 0 74.4703021366897 89.6602337925892 80.1355557325877 83.6477962159136
92.0133057644227 93.1562974009179 93.4120717568363 91.685207852354 86.3763856668549 91.3455656123436 89.269782517468 85.5511627842641 83.8703271661733 91.6663205211425 77.7947091607507 78.8435688259333 80.2272956583012 74.4703021366897 0 88.8064526974742 73.88799939735 79.9659592019323
88.5663707686117 88.7016252803801 88.8679544492035 87.5680821732371 88.8965747790272 86.1651703119209 85.5673171147236 87.4658005457673 91.0486625036058 82.3358293114501 87.5935153898588 86.8159556326594 85.7755618841348 89.6602337925892 88.8064526974742 0 87.7817409987736 87.3001847612063
92.0729809883728 93.0621419223646 93.2966622212778 91.6745810843178 87.4003721738293 91.2279996166617 89.307295048416 86.3569342756245 86.1192544428531 91.16197742396 80.0566911494465 80.047640087997 80.3733330693944 80.1355557325877 73.88799939735 87.7817409987736 0 74.1132039348053
92.4921395829216 93.2890161120909 93.4914755460828 92.0536086459958 88.7966354858417 91.53442531487 89.8964573804919 87.7629817256808 88.058167748962 91.0463367021322 83.2222041818708 82.9188992672694 82.6900836145003 83.6477962159136 79.9659592019323 87.3001847612063 74.1132039348053 0
