0 79.546717201444 84.7904545651168 90.606635798136 85.1014144120895 88.2905355522908 85.0002150024618 85.2198208476034 93.0695725561328 92.0509172245329 92.1559801880298 89.6952971005695 89.8559233047754 92.2124400817356 92.2697756454648 95.2674174500048 95.3926805776476 94.658633456727
79.546717201444 0 77.9330371790942 87.7591172000572 81.1136705287218 84.9504435034663 85.5523155632995 85.6120133392751 91.1287134337693 89.9448227429275 90.1246893973976 87.9831621047167 89.1558514511934 90.775539282215 91.6359469985815 94.0841170535261 94.3489679690677 93.7262992166468
84.7904545651168 77.9330371790942 0 84.3771164894781 79.6356543330438 81.3414426772175 87.0605702158074 87.0178873678807 89.0972590581728 87.7430640785082 88.0377328770581 86.8530516653633 89.0496941384894 89.5771606201419 91.3211865532704 92.987250454927 93.4147193967429 92.9518421166448
90.606635798136 87.7591172000572 84.3771164894781 0 86.3141852895124 82.5473484024741 90.950025787186 90.8600955810707 83.2222041818708 82.7404882467437 83.6427311242231 87.8461841608603 90.7758969872079 88.658204280769 91.9988234280021 90.8856208725664 91.8520203435129 92.069127020362
85.1014144120895 81.1136705287218 79.6356543330438 86.3141852895124 0 78.922933573106 83.323798167022 83.1391823978766 89.0567635323305 87.1363578944901 87.2353937067571 82.7460043401325 85.4795778716485 87.3511319091826 88.8115609307259 92.045866309268 92.2819183877674 91.4121890441111
88.2905355522908 84.9504435034663 81.3414426772175 82.5473484024741 78.922933573106 0 87.0520671395345 86.8784130290517 85.8219824095121 82.9899622532162 83.2631274040491 81.8813861659854 86.6511008236815 85.4535216572886 88.940188044825 90.3930962198545 90.9268025096977 90.3802604067942
85.0002150024618 85.5523155632995 87.0605702158074 90.950025787186 83.323798167022 87.0520671395345 0 56.9639370490137 92.2684234754095 90.8396148431855 90.7841074747623 85.5187231651885 83.3588019416995 89.2408763249838 87.7783103125321 93.5201228844259 93.3707385817903 92.045866309268
85.2198208476034 85.6120133392751 87.0178873678807 90.8600955810707 83.1391823978766 86.8784130290517 56.9639370490137 0 92.1512198924262 90.6967359817886 90.6356319343604 85.2027101048172 82.9518421166448 89.0301722270237 87.5453491495408 93.3925375748586 93.2386197736107 91.8922391058005
93.0695725561328 91.1287134337693 89.0972590581728 83.2222041818708 89.0567635323305 85.8219824095121 92.2684234754095 92.1512198924262 0 76.1668753838966 77.198409349809 87.7998589768893 90.8298872368641 86.3926835017295 91.2002824917958 86.7415668610639 88.5713767741266 89.6424485020503
92.0509172245329 89.9448227429275 87.7430640785082 82.7404882467437 87.1363578944901 82.9899622532162 90.8396148431855 90.6967359817886 76.1668753838966 0 63.9536370923738 85.1674098643326 89.0724707021626 83.8146333429251 89.6829336831675 86.6580961725535 88.1067100146295 88.6148957965558
92.1559801880298 90.1246893973976 88.0377328770581 83.6427311242231 87.2353937067571 83.2631274040491 90.7841074747623 90.6356319343604 77.198409349809 63.9536370923738 0 84.813935167235 88.8108513571896 82.987250454927 89.3223765816634 86.107368620208 87.5859951372108 88.0916622600674
89.6952971005695 87.9831621047167 86.8530516653633 87.8461841608603 82.7460043401325 81.8813861659854 85.5187231651885 85.2027101048172 87.7998589768893 85.1674098643326 84.813935167235 0 80.359006343221 80.4026889694197 83.8469067735921 89.154738228248 89.1147775893979 87.4730903453665
89.8559233047754 89.1558514511934 89.0496941384894 90.7758969872079 85.4795778716485 86.6511008236815 83.3588019416995 82.9518421166448 90.8298872368641 89.0724707021626 88.8108513571896 80.359006343221 0 84.6669329609772 79.9796622965764 90.903197114872 90.4196346095776 88.2106092259997
92.2124400817356 90.775539282215 89.5771606201419 88.658204280769 87.3511319091826 85.4535216572886 89.2408763249838 89.0301722270237 86.3926835017295 83.8146333429251 82.987250454927 80.4026889694197 84.6669329609772 0 83.8879993973499 85.3287606235951 85.1544384336684 83.1155436921792
92.2697756454648 91.6359469985815 91.3211865532704 91.9988234280021 88.8115609307259 88.940188044825 87.7783103125321 87.5453491495408 91.2002824917958 89.6829336831675 89.3223765816634 83.8469067735921 79.9796622965764 83.8879993973499 0 89.6549784637635 88.6141533493672 85.1872526798368
95.2674174500048 94.0841170535261 92.987250454927 90.8856208725664 92.045866309268 90.3930962198545 93.5201228844259 93.3925375748586 86.7415668610639 86.6580961725535 86.107368620208 89.154738228248 90.903197114872 85.3287606235951 89.6549784637635 0 76.0487872378001 83.323798167022
95.3926805776476 94.3489679690677 93.4147193967429 91.8520203435129 92.2819183877674 90.9268025096977 93.3707385817903 93.2386197736107 88.5713767741266 88.1067100146295 87.5859951372108 89.1147775893979 90.4196346095776 85.1544384336684 88.6141533493672 76.0487872378001 0 79.5287091114304
94.658633456727 93.7262992166468 92.9518421166448 92.069127020362 91.4121890441111 90.3802604067942 92.045866309268 91.8922391058005 89.6424485020503 88.6148957965558 88.0916622600674 87.4730903453665 88.2106092259997 83.1155436921792 85.1872526798368 83.323798167022 79.5287091114304 0
