0 86.5364172448041 88.7110751598551 93.0064676550936 78.0105149591016 93.8760107254327 79.3818913619656 87.5110249283942 87.1804268268082 91.7758543079501 82.6135550936366 88.8791458094156 86.125843648819 89.1183297544116 93.8714337899069 90.7082125087859 89.8739362899672 90.9472440282331
86.5364172448041 0 75.6562542463234 87.4132525105052 83.3836330260342 89.0671738122833 86.1192544428531 79.5287091114304 79.8129325620692 85.4887369853822 85.0325173442018 82.1556516872302 84.6595564074942 83.8525827295616 89.8419543483159 86.6580961725535 86.9243890293969 87.3719376615789
88.7110751598551 75.6562542463234 0 84.8385417941978 86.2504555155506 86.9911833878042 88.1573208909491 80.3185160559075 81.0290334095433 82.5510227543453 87.0541944698827 81.4741215705682 86.0661777685526 83.5201228844259 88.3564292247297 86.0056807318553 86.9255903809805 86.8428331489911
93.0064676550936 87.4132525105052 84.8385417941978 0 91.5766707252515 76.7110353264028 92.5847829604358 87.8718063285063 88.2673766330353 81.0632682823266 91.8069354424815 87.3082160992677 90.8222332357115 88.1581456834345 85.7777836167194 88.5626155199393 90.0308862524093 89.1295543994929
78.0105149591016 83.3836330260342 86.2504555155506 91.5766707252515 0 92.5016835511701 76.0621707455228 83.9968508302003 83.4795796899435 89.8831728078525 77.4754622734875 85.9566689221897 82.3073716170739 86.2937452682456 92.3553255847814 88.4515055622316 87.4774789967263 88.7880835733592
93.8760107254327 89.0671738122833 86.9911833878042 76.7110353264028 92.5016835511701 0 93.2989120129874 88.832142725995 89.1865483842417 81.5540955319808 92.4925733838545 88.0093419371525 91.3804870230042 88.5973718717851 83.3445363245671 88.4707271075617 90.1052437355394 88.9518130365299
79.3818913619656 86.1192544428531 88.1573208909491 92.5847829604358 76.0621707455228 93.2989120129874 0 85.4719304936925 84.9468253393045 90.8115021815894 74.0608757462916 86.9257690522703 81.7060996897762 86.8817337465467 92.8041379966485 88.6643528285041 87.2848976682365 88.8567341753854
87.5110249283942 79.5287091114304 80.3185160559075 87.8718063285063 83.9968508302003 88.832142725995 85.4719304936925 0 61.2902864136005 84.0608757462916 83.2222041818708 72.5269620566865 80.1497871498019 75.9948369189331 88.1778938560859 81.9401435468265 82.0952479508046 83.0384872811603
87.1804268268082 79.8129325620692 81.0290334095433 88.2673766330353 83.4795796899435 89.1865483842417 84.9468253393045 61.2902864136005 0 84.6535647034751 82.5063491428644 73.8963677304096 79.1632675724759 76.2987744123148 88.48149200921 82.1284495402504 81.9193804244781 83.140895435743
91.7758543079501 85.4887369853822 82.5510227543453 81.0632682823266 89.8831728078525 81.5540955319808 90.8115021815894 84.0608757462916 84.6535647034751 0 89.6614007803213 82.4108172720404 88.002829084837 83.5201228844259 82.2787262194362 83.8123906654578 86.2768176065201 84.7635075614827
82.6135550936366 85.0325173442018 87.0541944698827 91.8069354424815 77.4754622734875 92.4925733838545 74.0608757462916 83.2222041818708 82.5063491428644 89.6614007803213 0 84.8913549073611 77.0605702158074 84.7054556385607 91.7826611521203 86.8806271228131 85.1628134387358 87.1112419990312
88.8791458094156 82.1556516872302 81.4741215705682 87.3082160992677 85.9566689221897 88.0093419371525 86.9257690522703 72.5269620566865 73.8963677304096 82.4108172720404 84.8913549073611 0 81.5313920024931 69.9742370056535 86.7159566715922 78.7966354858417 80.3199630152544 80.4857622301273
86.125843648819 84.6595564074942 86.0661777685526 90.8222332357115 82.3073716170739 91.3804870230042 81.7060996897762 80.1497871498019 79.1632675724759 88.002829084837 77.0605702158074 81.5313920024931 0 80.6234942756704 90.174222290158 83.555965823659 80.8406869032997 83.8414555269102
89.1183297544116 83.8525827295616 83.5201228844259 88.1581456834345 86.2937452682456 88.5973718717851 86.8817337465467 75.9948369189331 76.2987744123148 83.5201228844259 84.7054556385607 69.9742370056535 80.6234942756704 0 86.706750637792 75.9126336164662 77.1769240086827 77.9330371790942
93.8714337899069 89.8419543483159 88.3564292247297 85.7777836167194 92.3553255847814 83.3445363245671 92.8041379966485 88.1778938560859 88.48149200921 82.2787262194362 91.7826611521203 86.7159566715922 90.174222290158 86.706750637792 0 85.0796871077196 87.4580013313517 85.3681348263785
90.7082125087859 86.6580961725535 86.0056807318553 88.5626155199393 88.4515055622316 88.4707271075617 88.6643528285041 81.9401435468265 82.1284495402504 83.8123906654578 86.8806271228131 78.7966354858417 83.555965823659 75.9126336164662 85.0796871077196 0 75.2028200053694 66.2581263061566
89.8739362899672 86.9243890293969 86.9255903809805 90.0308862524093 87.4774789967263 90.1052437355394 87.2848976682365 82.0952479508046 81.9193804244781 86.2768176065201 85.1628134387358 80.3199630152544 80.8406869032997 77.1769240086827 87.4580013313517 75.2028200053694 0 74.2790738695327
90.9472440282331 87.3719376615789 86.8428331489911 89.1295543994929 88.7880835733592 88.9518130365299 88.8567341753854 83.0384872811603 83.140895435743 84.7635075614827 87.1112419990312 80.4857622301273 83.8414555269102 77.9330371790942 85.3681348263785 66.2581263061566 74.2790738695327 0
