0 90.9176378737087 69.6356543330438 91.1622558749251 93.1821886544929 84.4029525538654 90.5665568630299 84.5416919591329 89.2408763249838 91.5597464763509 93.3200309745183 88.1067100146295 88.1200421657566 92.1968483408815 91.6121845670317 90.8391735182666 92.935676441103 91.693328996376
90.9176378737087 0 90.1450923558343 60.943337135734 81.5047597563245 87.989131632697 81.5729154765791 90.5170152200493 86.0434222651364 87.0006960745015 87.4093346529378 92.7973419676385 92.9586738701678 88.280925491606 88.8179418809182 89.6610663971378 88.7623263292455 89.157162133207
69.6356543330438 90.1450923558343 0 90.4103155081914 92.5847829604358 82.9953807752155 89.7657356159223 83.8924062417859 88.3917411035878 90.9193850103386 92.7734717665533 88.0173354470665 88.0715171378125 91.6251957531956 91.0365710695442 90.2796856797981 92.4061682673299 91.1357466396925
91.1622558749251 60.943337135734 90.4103155081914 0 80.6560956231151 88.2293095695683 81.4741215705682 90.6861507245123 86.125843648819 86.8982993539898 87.1530214921769 92.9037165430793 93.0654796099334 88.170498810619 88.7651958006542 89.6676560541941 88.6148957965558 89.1084015061976
93.1821886544929 81.5047597563245 92.5847829604358 80.6560956231151 0 90.3509914920462 83.1391823978766 92.1900093127201 87.4735316467302 86.5111849588043 84.7054556385607 93.8563594933325 94.0176556529315 87.4532080795685 88.5716226676249 89.9417902311664 87.3877230304124 88.9132410411909
84.4029525538654 87.989131632697 82.9953807752155 88.2293095695683 90.3509914920462 0 85.6694391116945 78.6665542029632 82.0052461083682 86.5982734344227 89.6127053130504 85.7634929002411 86.0621707455228 87.6532131658344 86.6545999065771 85.4647161477181 88.8707549940815 86.8193244329465
90.5665568630299 81.5729154765791 89.7657356159223 81.4741215705682 83.1391823978766 85.6694391116945 0 88.4691989231381 79.4681370721026 80.4372372021832 83.0811701290871 90.8701975273553 91.0956768982011 83.051870788883 83.8703271661733 85.4425428758037 84.2066957450215 84.4613002047043
84.5416919591329 90.5170152200493 83.8924062417859 90.6861507245123 92.1900093127201 78.6665542029632 88.4691989231381 0 85.2068228736091 88.2777174066446 90.9783732831594 80.9865508735604 81.4121890441111 88.8728542182353 87.6726240401613 85.8809455194952 89.9464621055713 87.679995898191
89.2408763249838 86.0434222651364 88.3917411035878 86.125843648819 87.4735316467302 82.0052461083682 79.4681370721026 85.2068228736091 0 78.9642297145514 84.9504435034663 88.2000037388758 88.5119793763395 81.6065963893544 80.4761005024071 80.78161180787 83.8123906654578 81.1136705287218
91.5597464763509 87.0006960745015 90.9193850103386 86.8982993539898 86.5111849588043 86.5982734344227 80.4372372021832 88.2777174066446 78.9642297145514 0 79.5765657369386 89.9179585158647 90.1887143134889 71.6251957531956 75.0930706154422 80.4788314941945 76.625354376404 76.625354376404
93.3200309745183 87.4093346529378 92.7734717665533 87.1530214921769 84.7054556385607 89.6127053130504 83.0811701290871 90.9783732831594 84.9504435034663 79.5765657369386 0 92.1900093127201 92.3999618428095 79.2234877779738 82.5570171580838 85.6326269932393 77.0071507868401 83.0384872811603
88.1067100146295 92.7973419676385 88.0173354470665 92.9037165430793 93.8563594933325 85.7634929002411 90.8701975273553 80.9865508735604 88.2000037388758 89.9179585158647 92.1900093127201 0 59.9742370056535 90.0782967319053 88.8482999054051 86.8754848292186 90.9350776916189 88.7110751598551
88.1200421657566 92.9586738701678 88.0715171378125 93.0654796099334 94.0176556529315 86.0621707455228 91.0956768982011 81.4121890441111 88.5119793763395 90.1887143134889 92.3999618428095 59.9742370056535 0 90.3455126917314 89.1551959618225 87.2578294603652 91.1770965171296 89.0220684557673
92.1968483408815 88.280925491606 91.6251957531956 88.170498810619 87.4532080795685 87.6532131658344 83.051870788883 88.8728542182353 81.6065963893544 71.6251957531956 79.2234877779738 90.0782967319053 90.3455126917314 0 72.6751998198568 80.0337698946492 71.3176021151403 74.0608757462916
91.6121845670317 88.8179418809182 91.0365710695442 88.7651958006542 88.5716226676249 86.6545999065771 83.8703271661733 87.6726240401613 80.4761005024071 75.0930706154422 82.5570171580838 88.8482999054051 89.1551959618225 72.6751998198568 0 75.175886572471 77.5519919157727 60.943337135734
90.8391735182666 89.6610663971378 90.2796856797981 89.6676560541941 89.9417902311664 85.4647161477181 85.4425428758037 85.8809455194952 80.78161180787 80.4788314941945 85.6326269932393 86.8754848292186 87.2578294603652 80.0337698946492 75.175886572471 0 82.3914929713715 74.3150175121036
92.935676441103 88.7623263292455 92.4061682673299 88.6148957965558 87.3877230304124 88.8707549940815 84.2066957450215 89.9464621055713 83.8123906654578 76.625354376404 77.0071507868401 90.9350776916189 91.1770965171296 71.3176021151403 77.5519919157727 82.3914929713715 0 78.0360367454923
91.693328996376 89.157162133207 91.1357466396925 89.1084015061976 88.9132410411909 86.8193244329465 84.4613002047043 87.679995898191 81.1136705287218 76.625354376404 83.0384872811603 88.7110751598551 89.0220684557673 74.0608757462916 60.943337135734 74.3150175121036 78.0360367454923 0
