0 90.922877176428 87.694702180414 88.2032697249812 75.1757958751021 84.2169264795973 88.6208308091898 80.9302887188506 84.6595564074942 82.6135550936366 86.4247735100825 88.6154641438512 84.3715971762085 85.5807743482046 85.0813623034275 89.3274199206759 88.6994416157976 90.9580781026514
90.922877176428 0 81.6841840260165 80.6188168979226 91.0480328336979 86.2093142267685 80.9302887188506 89.5407227977055 93.9222547772806 89.1084015061976 86.0621707455228 85.5713543596503 92.7566200153068 93.6408008670417 93.1423245261837 85.8653516496594 86.8092101824516 84.7904545651168
87.694702180414 81.6841840260165 0 63.4960621867671 87.5803463896305 78.5776170713634 70.0281873245205 85.0561662659079 91.5313920024931 84.2959097000793 78.5475619699661 80.0605197430581 89.9093329419004 91.1153405709724 90.4401640436861 81.557861926606 82.1556516872302 83.1574795141574
88.2032697249812 80.6188168979226 63.4960621867671 0 88.1067100146295 79.9850808185757 67.4754622734875 85.7376505077114 91.8663319014765 85.015546065008 79.6239007539644 80.3287839893463 90.2940386152916 91.4548623602078 90.802090708818 81.6251957531956 82.4416841028919 82.764629276264
75.1757958751021 91.0480328336979 87.5803463896305 88.1067100146295 0 83.7808709690593 88.3760823708534 77.3382020284199 83.0384872811603 79.8531331056309 85.4673355948484 87.7576486258986 81.0181600337389 83.201597050353 82.1883793840769 88.4761028375782 87.6457956664753 90.3708563400322
84.2169264795973 86.2093142267685 78.5776170713634 79.9850808185757 83.7808709690593 0 80.715999260007 79.6707254104607 89.3255293548103 78.6665542029632 75.5971656502182 81.4486915891547 87.3229161736127 88.8728542182353 88.0309443726372 83.0811701290871 82.3859648733539 85.8019704317074
88.6208308091898 80.9302887188506 70.0281873245205 67.4754622734875 88.3760823708534 80.715999260007 0 85.9195436335469 91.9817162959901 85.1014144120895 79.1189908313318 78.6374680878231 90.3191814222935 91.4929130958581 90.8222332357115 79.9796622965764 81.2004909747474 81.1303421223965
80.9302887188506 89.5407227977055 85.0561662659079 85.7376505077114 77.3382020284199 79.6707254104607 85.9195436335469 0 86.0056807318553 67.9330371790942 81.3176021151403 84.6677070351403 82.6946806015026 85.1757958751021 83.8658978492988 85.6591876775859 84.484421527208 88.2000037388758
84.6595564074942 93.9222547772806 91.5313920024931 91.8663319014765 83.0384872811603 89.3255293548103 91.9817162959901 86.0056807318553 0 86.8249332995649 89.9448227429275 91.2029976462891 79.4645008402231 75.9126336164662 78.5475619699661 91.6036130852226 90.9311598340514 93.0237176292658
82.6135550936366 89.1084015061976 84.2959097000793 85.015546065008 79.8531331056309 78.6665542029632 85.1014144120895 67.9330371790942 86.8249332995649 0 79.5407227977055 83.3706133908542 83.4622198322473 85.840110052371 84.5416919591329 84.484421527208 83.0970686635682 87.3590696675158
86.4247735100825 86.0621707455228 78.5475619699661 79.6239007539644 85.4673355948484 75.5971656502182 79.1189908313318 81.3176021151403 89.9448227429275 79.5407227977055 0 75.6571999382938 87.594776482363 89.178079427437 88.2688829342483 78.5475619699661 77.0711757029314 83.1574795141574
88.6154641438512 85.5713543596503 80.0605197430581 80.3287839893463 87.7576486258986 81.4486915891547 78.6374680878231 84.6677070351403 91.2029976462891 83.3706133908542 75.6571999382938 0 88.9949461517284 90.367445972418 89.5455872982739 67.7605243745765 69.3979536908769 78.6814917347055
84.3715971762085 92.7566200153068 89.9093329419004 90.2940386152916 81.0181600337389 87.3229161736127 90.3191814222935 82.6946806015026 79.4645008402231 83.4622198322473 87.594776482363 88.9949461517284 0 73.6709931690018 65.9115894655201 89.434662410344 88.5243808710086 91.2206313733674
85.5807743482046 93.6408008670417 91.1153405709724 91.4548623602078 83.201597050353 88.8728542182353 91.4929130958581 85.1757958751021 75.9126336164662 85.840110052371 89.178079427437 90.367445972418 73.6709931690018 0 69.6356543330438 90.738820882775 89.9579203496951 92.2956180379946
85.0813623034275 93.1423245261837 90.4401640436861 90.802090708818 82.1883793840769 88.0309443726372 90.8222332357115 83.8658978492988 78.5475619699661 84.5416919591329 88.2688829342483 89.5455872982739 65.9115894655201 69.6356543330438 0 89.9448227429275 89.0831478920987 91.6359469985815
89.3274199206759 85.8653516496594 81.557861926606 81.6251957531956 88.4761028375782 83.0811701290871 79.9796622965764 85.6591876775859 91.6036130852226 84.484421527208 78.5475619699661 67.7605243745765 89.434662410344 90.738820882775 89.9448227429275 0 69.6356543330438 76.6136007973246
88.6994416157976 86.8092101824516 82.1556516872302 82.4416841028919 87.6457956664753 82.3859648733539 81.2004909747474 84.484421527208 90.9311598340514 83.0970686635682 77.0711757029314 69.3979536908769 88.5243808710086 89.9579203496951 89.0831478920987 69.6356543330438 0 79.7571837034398
90.9580781026514 84.7904545651168 83.1574795141574 82.764629276264 90.3708563400322 85.8019704317074 81.1303421223965 88.2000037388758 93.0237176292658 87.3590696675158 83.1574795141574 78.6814917347055 91.2206313733674 92.2956180379946 91.6359469985815 76.6136007973246 79.7571837034398 0
