0 73.323798167022 69.0724707021626 84.1009420423914 74.5416919591329 88.8261781005576 80.273145354966 85.3915891308315 85.7416570452662 84.8615063718665 87.0933632809799 86.1297923790371 87.9719488414633 90.4299114571472 88.0198903710459 91.1124175754548 93.8770689826603 94.4054972672841
73.323798167022 0 73.0384872811603 85.7777836167194 77.0711757029314 87.3902635780301 81.1220143253691 86.2581263061566 83.3829591558993 84.1114246562642 87.3975598292249 85.5523155632995 87.3620425904971 89.1663258483577 87.1530214921769 90.1799213536671 93.0623947248658 93.6351964638735
69.0724707021626 73.0384872811603 0 83.5008850021645 69.2684262627964 88.8978600003531 77.7917907521781 84.3557033681209 85.2327716615262 83.3288160125473 86.0621707455228 84.8172353991213 86.9312422033652 90.0281873245205 87.0200315026164 90.5289759679537 93.5765470683669 94.1314806233406
84.1009420423914 85.7777836167194 83.5008850021645 0 81.9401435468265 92.6046977792955 80.5906463462703 77.4947214838478 90.0008740442733 85.4427470234674 82.9188992672694 85.9209243186067 87.7157555952006 92.739429472996 88.5731220444114 92.2531040517902 95.2904494270658 95.7677850549167
74.5416919591329 77.0711757029314 69.2684262627964 81.9401435468265 0 89.5939135435264 73.9536370923738 82.6751998198568 85.8770327319004 82.2531040517902 84.7635075614827 83.8213544350363 86.2196361444474 90.251809052559 86.5063621434069 90.4284448241106 93.6733643700997 94.2312091392794
88.8261781005576 87.3902635780301 88.8978600003531 92.6046977792955 89.5939135435264 0 90.4049418900172 92.521106167329 82.9518421166448 90.0884706496931 92.6533200342381 90.6910509206934 91.1320748922091 85.7541968576661 90.3506795759896 90.0434246356339 90.3802604067942 90.9133029646441
80.273145354966 81.1220143253691 77.7917907521781 80.5906463462703 73.9536370923738 90.4049418900172 0 79.3818913619656 86.5102328714662 79.5166621000467 81.828241837558 81.2614598490377 84.3872598725851 90.280234225313 85.0930706154422 89.8964573804919 93.5647397695935 94.1406420790363
85.3915891308315 86.2581263061566 84.3557033681209 77.4947214838478 82.6751998198568 92.521106167329 79.3818913619656 0 89.4496426208395 82.6751998198568 76.2581263061566 82.79025144391 84.984829627831 91.9587458613175 86.3616248035471 90.9589436621598 94.5503012677022 95.0719728738623
85.7416570452662 83.3829591558993 85.2327716615262 90.0008740442733 85.8770327319004 82.9518421166448 86.5102328714662 89.4496426208395 0 85.1698351599683 89.3683497814312 86.1400261299894 86.85099063102 83.0616415029698 85.6053689130667 86.6178548738247 89.7170505944318 90.518562249118
84.8615063718665 84.1114246562642 83.3288160125473 85.4427470234674 82.2531040517902 90.0884706496931 79.5166621000467 82.6751998198568 85.1698351599683 0 81.1881938127257 69.2684262627964 77.5519919157727 88.3564292247297 78.607465606858 86.9574177410809 92.0052674186417 92.6972954496743
87.0933632809799 87.3975598292249 86.0621707455228 82.9188992672694 84.7635075614827 92.6533200342381 81.828241837558 76.2581263061566 89.3683497814312 81.1881938127257 0 80.237526392877 82.1883793840769 91.4238688668901 84.3557033681209 89.8195101390914 93.9392745100627 94.4955528603382
86.1297923790371 85.5523155632995 84.8172353991213 85.9209243186067 83.8213544350363 90.6910509206934 81.2614598490377 82.79025144391 86.1400261299894 69.2684262627964 80.237526392877 0 73.9968508302003 88.6223132959149 77.0071507868401 86.6604254538209 91.9965600339622 92.68916802751
87.9719488414633 87.3620425904971 86.9312422033652 87.7157555952006 86.2196361444474 91.1320748922091 84.3872598725851 84.984829627831 86.85099063102 77.5519919157727 82.1883793840769 73.9968508302003 0 88.2753097867997 72.0827706588024 85.16595164387 91.3922652292766 92.1259843966288
90.4299114571472 89.1663258483577 90.0281873245205 92.739429472996 90.251809052559 85.7541968576661 90.280234225313 91.9587458613175 83.0616415029698 88.3564292247297 91.4238688668901 88.6223132959149 88.2753097867997 0 86.8226906220976 82.79025144391 84.2885930431127 85.7376505077114
88.0198903710459 87.1530214921769 87.0200315026164 88.5731220444114 86.5063621434069 90.3506795759896 85.0930706154422 86.3616248035471 85.6053689130667 78.607465606858 84.3557033681209 77.0071507868401 72.0827706588024 86.8226906220976 0 83.2631274040491 90.4436824325757 91.2614598490377
91.1124175754548 90.1799213536671 90.5289759679537 92.2531040517902 90.4284448241106 90.0434246356339 89.8964573804919 90.9589436621598 86.6178548738247 86.9574177410809 89.8195101390914 86.6604254538209 85.16595164387 82.79025144391 83.2631274040491 0 85.7337804077665 87.0605702158074
93.8770689826603 93.0623947248658 93.5765470683669 95.2904494270658 93.6733643700997 90.3802604067942 93.5647397695935 94.5503012677022 89.7170505944318 92.0052674186417 93.9392745100627 91.9965600339622 91.3922652292766 84.2885930431127 90.4436824325757 85.7337804077665 0 70.3845589043845
94.4054972672841 93.6351964638735 94.1314806233406 95.7677850549167 94.2312091392794 90.9133029646441 94.1406420790363 95.0719728738623 90.518562249118 92.6972954496743 94.4955528603382 92.68916802751 92.1259843966288 85.7376505077114 91.2614598490377 87.0605702158074 70.3845589043845 0
