0 90.2584243544002 84.8615063718665 87.4322200956016 83.0331223084966 83.051870788883 90.9372527529249 87.0849242308258 91.4879355081281 90.3708563400322 90.0543803137744 93.2224611532515 91.0002889469191 92.913244663448 91.004144962895 92.2972082195579 92.2198913334861 93.3354694644549
90.2584243544002 0 85.4024912752453 82.3948234751491 91.0603100168754 90.5327964606734 80.6234942756704 93.4127522605666 87.9822666720595 90.1871639077538 92.9023336598264 88.6030013835912 90.2175540862382 88.9634922272596 91.6488872940843 91.4452006324876 95.015546065008 91.7293496266464
84.8615063718665 85.4024912752453 0 76.2049480208471 84.6669329609772 83.5201228844259 85.1675938994461 89.0119174309222 86.4736672977584 86.2504555155506 88.8306757240111 89.1453517305904 86.921385559777 88.7665863162545 88.0529683256868 88.9976660170554 91.9290822359911 90.1544771961142
87.4322200956016 82.3948234751491 76.2049480208471 0 87.2999075374637 86.4344089244696 81.4010197401224 90.6386079081169 84.9951983989283 86.4128436941463 89.8831819263002 87.593501102756 86.7712764459447 87.3749017919311 88.4615629490162 88.7849221194191 92.7363403130602 89.6614007803213
83.0331223084966 91.0603100168754 84.6669329609772 87.2999075374637 0 67.0711757029314 90.6188168979226 81.0335945566031 89.6462054256599 86.9476203930553 84.9659509602808 91.9487656358587 87.9762509169206 91.3902244362474 87.2628453983262 89.5479150899687 88.5962964327146 91.0972962673548
83.051870788883 90.5327964606734 83.5201228844259 86.4344089244696 67.0711757029314 0 90.0222854898969 82.4416841028919 89.0355663526282 86.2937452682456 84.9607879581046 91.475658624139 87.3827962632147 90.9000945283857 86.8249332995649 89.115684439989 88.8349120548484 90.7095810531158
90.9372527529249 80.6234942756704 85.1675938994461 81.4010197401224 90.6188168979226 90.0222854898969 0 92.9092436769071 83.5008850021645 87.6689334133668 91.604732064441 84.2169264795973 87.4658005457673 84.7764913879659 89.5914134259955 88.8868231746949 93.9884578319764 89.0364268473802
87.0849242308258 93.4127522605666 89.0119174309222 90.6386079081169 81.0335945566031 82.4416841028919 92.9092436769071 0 91.604732064441 88.8335004036678 84.1114246562642 93.5008850021645 89.6666483480365 92.9481383834542 88.2753097867997 90.6192848624529 85.9975504115668 92.069897940916
91.4879355081281 87.9822666720595 86.4736672977584 84.9951983989283 89.6462054256599 89.0355663526282 83.5008850021645 91.604732064441 0 81.4702765549837 88.725573403395 79.3756649167141 80.0814756595712 76.6736677302071 84.7036289530158 82.3105428072981 91.684550194797 82.6259553491458
90.3708563400322 90.1871639077538 86.2504555155506 86.4128436941463 86.9476203930553 86.2937452682456 87.6689334133668 88.8335004036678 81.4702765549837 0 83.7989102258118 86.2325041385106 69.0724707021626 84.7298330736253 75.5673171147236 78.2753097867997 88.5127394962013 82.722875190304
90.0543803137744 92.9023336598264 88.8306757240111 89.8831819263002 84.9659509602808 84.9607879581046 91.604732064441 84.1114246562642 88.725573403395 83.7989102258118 0 91.1011246996244 84.9659509602808 90.2498192285432 81.1136705287218 85.7563298690626 81.7060996897762 88.107673715521
93.2224611532515 88.6030013835912 89.1453517305904 87.593501102756 91.9487656358587 91.475658624139 84.2169264795973 93.5008850021645 79.3756649167141 86.2325041385106 91.1011246996244 0 85.2003092693599 70.9460257978491 87.9762509169206 85.4658028809384 93.3152545014854 84.0377718738811
91.0002889469191 90.2175540862382 86.921385559777 86.7712764459447 87.9762509169206 87.3827962632147 87.4658005457673 89.6666483480365 80.0814756595712 69.0724707021626 84.9659509602808 85.2003092693599 0 83.4243173783571 77.0178873678807 75.5673171147236 89.0543932059133 80.8270082638233
92.913244663448 88.9634922272596 88.7665863162545 87.3749017919311 91.3902244362474 90.9000945283857 84.7764913879659 92.9481383834542 76.6736677302071 84.7298330736253 90.2498192285432 70.9460257978491 83.4243173783571 0 86.6872841700198 83.6609332650485 92.6357671261572 82.0727368965748
91.004144962895 91.6488872940843 88.0529683256868 88.4615629490162 87.2628453983262 86.8249332995649 89.5914134259955 88.2753097867997 84.7036289530158 75.5673171147236 81.1136705287218 87.9762509169206 77.0178873678807 86.6872841700198 0 78.2106092259997 86.573399006352 83.0975996741551
92.2972082195579 91.4452006324876 88.9976660170554 88.7849221194191 89.5479150899687 89.115684439989 88.8868231746949 90.6192848624529 82.3105428072981 78.2753097867997 85.7563298690626 85.4658028809384 75.5673171147236 83.6609332650485 78.2106092259997 0 88.9949461517284 75.810592311469
92.2198913334861 95.015546065008 91.9290822359911 92.7363403130602 88.5962964327146 88.8349120548484 93.9884578319764 85.9975504115668 91.684550194797 88.5127394962013 81.7060996897762 93.3152545014854 89.0543932059133 92.6357671261572 86.573399006352 88.9949461517284 0 90.4791877870604
93.3354694644549 91.7293496266464 90.1544771961142 89.6614007803213 91.0972962673548 90.7095810531158 89.0364268473802 92.069897940916 82.6259553491458 82.722875190304 88.107673715521 84.0377718738811 80.8270082638233 82.0727368965748 83.0975996741551 75.810592311469 90.4791877870604 0
