0 89.2716184311276 85.4719304936925 89.8608368744627 89.0078503682066 89.0870859449968 88.7916799192671 92.134370785054 91.7441879861927 91.54351256105 90.917116872383 92.3533291196573 92.513671632346 93.323798167022 92.3981702029757 92.2383803569175 93.3099691227681 93.0718690352051
89.2716184311276 0 89.1885004158061 81.9482974292251 83.9903961178617 92.2814277265138 90.3183128177436 86.2272718062586 88.4653586674992 94.120001559299 92.5792316908743 89.4278083582417 89.5220873909696 89.5914134259955 94.4430600434046 93.907530103661 90.6122600944054 95.1070790510882
85.4719304936925 89.1885004158061 0 87.1424732704018 85.0002150024618 82.1620957549548 78.8327615219955 89.2935367738107 87.4327889573908 87.2016042685911 84.7343234307554 88.1776394289101 88.456898132988 90.0372925954051 88.226293417693 87.5408768303828 89.53712217999 89.4681370721026
89.8608368744627 81.9482974292251 87.1424732704018 0 74.3299909258819 90.4201245351034 87.4802850888848 79.8531331056309 82.9153522027486 92.4649831844992 90.2868064031166 84.6669329609772 84.8454057614136 85.3100497264128 92.6999046085507 91.9321960782572 86.6732647113058 93.5059470728342
89.0078503682066 83.9903961178617 85.0002150024618 74.3299909258819 0 88.9382611594881 85.3419284921971 81.8482843963931 81.7819451443998 91.3295387552311 88.8448508532278 83.8122342295332 84.1239704853616 85.4519840595317 91.62353391607 90.7762313906865 86.1821018921153 92.532086120294
89.0870859449968 92.2814277265138 82.1620957549548 90.4201245351034 88.9382611594881 0 79.9742370056535 91.3969581622675 89.1955280526878 80.0923354842328 78.3311427205777 89.4412153781109 89.670711873299 91.2377014591597 82.5269620566865 81.9745296711912 90.2737239488459 84.6671437712282
88.7916799192671 90.3183128177436 78.8327615219955 87.4802850888848 85.3419284921971 79.9742370056535 0 88.6819326595009 85.6237722268589 85.2781317407049 79.9085993106296 86.1494823545164 86.4956230672646 88.6315153761212 85.9948369189331 84.575695180571 87.5541478000141 87.653441715309
92.134370785054 86.2272718062586 89.2935367738107 79.8531331056309 81.8482843963931 91.3969581622675 88.6819326595009 0 80.0935317194453 92.9729913418505 90.7356330659556 81.5766707252515 81.4873399919741 79.9457254949447 93.0032256432585 92.1533514856304 83.4490243525739 93.7547125887077
91.7441879861927 88.4653586674992 87.4327889573908 82.9153522027486 81.7819451443998 89.1955280526878 85.6237722268589 80.0935317194453 0 90.9350776916189 87.944061182434 70.213894202011 71.6251957531956 78.3073021585004 90.8768758736236 89.7441191585671 78.1860958317419 91.8069354424815
91.54351256105 94.120001559299 87.2016042685911 92.4649831844992 91.3295387552311 80.0923354842328 85.2781317407049 92.9729913418505 90.9350776916189 0 80.2474748241975 90.9380268505357 91.1078203183244 92.4545830362408 73.1802080099571 77.2413378355731 91.3844210101952 77.2272264362371
90.917116872383 92.5792316908743 84.7343234307554 90.2868064031166 88.8448508532278 78.3311427205777 79.9085993106296 90.7356330659556 87.944061182434 80.2474748241975 0 87.9399803377578 88.1810723622641 90.0170173258435 80.4078597858648 76.9639370490137 88.6171506691186 83.3263347074182
92.3533291196573 89.4278083582417 88.1776394289101 84.6669329609772 83.8122342295332 89.4412153781109 86.1494823545164 81.5766707252515 70.213894202011 90.9380268505357 87.9399803377578 0 58.5049837997925 76.6839326662567 90.7750878561122 89.593191742332 73.8851078938711 91.6837597705013
92.513671632346 89.5220873909696 88.456898132988 84.8454057614136 84.1239704853616 89.670711873299 86.4956230672646 81.4873399919741 71.6251957531956 91.1078203183244 88.1810723622641 58.5049837997925 0 75.6562542463234 90.9317248183478 89.7676187081521 72.6751998198568 91.818666893075
93.323798167022 89.5914134259955 90.0372925954051 85.3100497264128 85.4519840595317 91.2377014591597 88.6315153761212 79.9457254949447 78.3073021585004 92.4545830362408 90.0170173258435 76.6839326662567 75.6562542463234 0 92.2782848725684 91.2830511965483 75.7863355292019 93.0290942252098
92.3981702029757 94.4430600434046 88.226293417693 92.6999046085507 91.62353391607 82.5269620566865 85.9948369189331 93.0032256432585 90.8768758736236 73.1802080099571 80.4078597858648 90.7750878561122 90.9317248183478 92.2782848725684 0 73.091775616211 91.088736751774 72.4795053385976
92.2383803569175 93.907530103661 87.5408768303828 91.9321960782572 90.7762313906865 81.9745296711912 84.575695180571 92.1533514856304 89.7441191585671 77.2413378355731 76.9639370490137 89.593191742332 89.7676187081521 91.2830511965483 73.091775616211 0 89.9237137520025 78.3108433493583
93.3099691227681 90.6122600944054 89.53712217999 86.6732647113058 86.1821018921153 90.2737239488459 87.5541478000141 83.4490243525739 78.1860958317419 91.3844210101952 88.6171506691186 73.8851078938711 72.6751998198568 75.7863355292019 91.088736751774 89.9237137520025 0 91.9089615194754
93.0718690352051 95.1070790510882 89.4681370721026 93.5059470728342 92.532086120294 84.6671437712282 87.653441715309 93.7547125887077 91.8069354424815 77.2272264362371 83.3263347074182 91.6837597705013 91.818666893075 93.0290942252098 72.4795053385976 78.3108433493583 91.9089615194754 0
