0 83.964480905296 80.2908068315882 78.0105149591016 91.4683527698718 87.8066718442707 82.8100758107315 90.3194391296071 88.889707339575 89.2881980512975 91.7535284550276 88.5392602221938 91.1303421223965 90.2079623497606 91.3043818447275 94.2873490068512 94.0865698036649 93.5795476630545
83.964480905296 0 87.8318300036092 85.8457319881969 86.7365991732866 79.4494843272262 79.2428040951504 84.7130768517897 83.4340317405175 85.0008365618841 88.1193982667977 88.3532764515829 87.7130152786816 91.2406923643933 88.709772179859 91.6265769969602 91.479490811776 91.1699716742495
80.2908068315882 87.8318300036092 0 75.2114667874291 93.293872892222 90.174222290158 85.701424688473 92.1857702252005 90.5556491061807 90.593000884045 92.8623164804882 87.9808779979306 92.115149290688 88.5210920458533 91.9332335297458 95.1085772784206 94.855511968128 94.2003405648939
78.0105149591016 85.8457319881969 75.2114667874291 0 92.2324969202724 88.537980328553 82.6459542896836 90.910438430173 88.9290361670066 88.9804489203521 91.645040125973 86.3691018983393 90.7953557193797 87.8832670683803 90.6419502775733 94.1874127557783 93.9118171678231 93.2052255442497
91.4683527698718 86.7365991732866 93.293872892222 92.2324969202724 0 83.3321338640195 88.9669688788295 77.6694118452224 85.1771860579501 86.7568472762623 85.8113262146367 91.9772688354693 87.2425274907694 94.2864759994993 89.2604873732449 88.397283932936 88.7611450779333 89.6754247444596
87.8066718442707 79.4494843272262 90.174222290158 88.537980328553 83.3321338640195 0 82.6078386749252 78.4944597996847 77.2272264362371 81.0208149157414 84.4166372889035 88.3370853932427 84.3703337596911 91.570660767788 86.3902173587608 89.2234877779738 89.0891422958372 88.9243164563589
82.8100758107315 79.2428040951504 85.701424688473 82.6459542896836 88.9669688788295 82.6078386749252 0 86.7597574738158 83.2493394972813 83.7296921806993 88.0133683066559 84.8172353991213 86.9345227862877 88.7297607826026 87.2712747689725 91.6569428552275 91.3493993485391 90.612175987396
90.3194391296071 84.7130768517897 92.1857702252005 90.910438430173 77.6694118452224 78.4944597996847 86.7597574738158 0 80.4372372021832 83.0088975767243 82.6342007106042 90.1407748441848 84.1294618681319 92.9224801689182 86.804707388042 87.3749017919311 87.4947214838478 88.0232945999633
88.889707339575 83.4340317405175 90.5556491061807 88.9290361670066 85.1771860579501 77.2272264362371 83.2493394972813 80.4372372021832 0 72.3105428072981 80.7750878561122 86.7194365416754 79.5939518316576 90.5892330106331 82.6751998198568 87.6019601377656 87.2272264362371 86.5840769255055
89.2881980512975 85.0008365618841 90.593000884045 88.9804489203521 86.7568472762623 81.0208149157414 83.7296921806993 83.0088975767243 72.3105428072981 0 80.1288824412368 85.4518601204675 76.7846048124468 89.7992106976306 79.7571837034398 87.2699342686732 86.6917490863679 85.4887369853822
91.7535284550276 88.1193982667977 92.8623164804882 91.645040125973 85.8113262146367 84.4166372889035 88.0133683066559 82.6342007106042 80.7750878561122 80.1288824412368 0 88.7000103975564 74.2814584773407 91.818666893075 80.7841074747623 82.3578348697387 81.6326132525547 81.3926525972256
88.5392602221938 88.3532764515829 87.9808779979306 86.3691018983393 91.9772688354693 88.3370853932427 84.8172353991213 90.1407748441848 86.7194365416754 85.4518601204675 88.7000103975564 0 86.921385559777 81.7178332167189 85.2469277149013 91.6230708435267 91.0550368275364 89.5252529625883
91.1303421223965 87.7130152786816 92.115149290688 90.7953557193797 87.2425274907694 84.3703337596911 86.9345227862877 84.1294618681319 79.5939518316576 76.7846048124468 74.2814584773407 86.921385559777 0 90.5902340236225 75.7672249522787 84.4886023754476 83.5019307989143 81.550906169263
90.2079623497606 91.2406923643933 88.5210920458533 87.8832670683803 94.2864759994993 91.570660767788 88.7297607826026 92.9224801689182 90.5892330106331 89.7992106976306 91.818666893075 81.7178332167189 90.5902340236225 0 89.2970716604341 93.7944074314021 93.3129901267638 92.022217387562
91.3043818447275 88.709772179859 91.9332335297458 90.6419502775733 89.2604873732449 86.3902173587608 87.2712747689725 86.804707388042 82.6751998198568 79.7571837034398 80.7841074747623 85.2469277149013 75.7672249522787 89.2970716604341 0 85.9689738268077 84.8172353991213 81.561630208681
94.2873490068512 91.6265769969602 95.1085772784206 94.1874127557783 88.397283932936 89.2234877779738 91.6569428552275 87.3749017919311 87.6019601377656 87.2699342686732 82.3578348697387 91.6230708435267 84.4886023754476 93.7944074314021 85.9689738268077 0 69.5765657369386 80.0814756595712
94.0865698036649 91.479490811776 94.855511968128 93.9118171678231 88.7611450779333 89.0891422958372 91.3493993485391 87.4947214838478 87.2272264362371 86.6917490863679 81.6326132525547 91.0550368275364 83.5019307989143 93.3129901267638 84.8172353991213 69.5765657369386 0 77.0178873678807
93.5795476630545 91.1699716742495 94.2003405648939 93.2052255442497 89.6754247444596 88.9243164563589 90.612175987396 88.0232945999633 86.5840769255055 85.4887369853822 81.3926525972256 89.5252529625883 81.550906169263 92.022217387562 81.561630208681 80.0814756595712 77.0178873678807 0
