0 80.6047544631244 83.4499763303665 80.2528274474092 90.9835398682664 84.3566214939423 86.7651075126181 89.2970716604341 87.650433087972 92.0266190783959 88.1901910181076 89.1875818503219 88.940188044825 89.8864977625784 92.8399243462261 89.7846646079219 90.0491946241187 92.2482830209687
80.6047544631244 0 87.8168428313143 82.7674836600796 93.1433713973034 84.0686761005831 84.8913549073611 91.6244533060071 86.0621707455228 93.778610784351 88.7852291895436 88.7029419071337 88.9969862103985 91.3812810589918 94.3772261103576 89.2244737003094 89.598224540262 93.7295014724124
83.4499763303665 87.8168428313143 0 83.0331223084966 86.3691018983393 86.0541348005583 88.7262970466224 83.201597050353 89.1767750439405 88.0105149591016 86.9027061984258 89.2990483389189 88.3564292247297 86.1192544428531 89.3248989832555 89.9029932004576 89.9974117536755 88.662150337635
80.2528274474092 82.7674836600796 83.0331223084966 0 90.649594902617 76.8399901757363 82.7273505510716 88.1465843099084 83.8481352690408 91.1286778400159 83.7989102258118 85.4778502636245 84.9607879581046 87.3590696675158 91.8512064152267 86.3996094236491 86.7452364966814 90.8821062851461
90.9835398682664 93.1433713973034 86.3691018983393 90.649594902617 0 91.7117385564546 93.1679005025265 80.237526392877 93.3152545014854 79.9850808185757 90.8838677716108 92.8037450215297 91.9193804244781 87.4142314228996 83.361291448686 93.144765865042 93.0955604239876 85.015546065008
84.3566214939423 84.0686761005831 86.0541348005583 76.8399901757363 91.7117385564546 0 77.2060817091674 89.2738048723855 78.8689938988284 91.7886708071675 81.3180809556133 81.8211513138294 81.8091461716585 87.3756033798195 92.32020635621 83.1365622199274 83.7262992166468 91.203734004087
86.7651075126181 84.8913549073611 88.7262970466224 82.7273505510716 93.1679005025265 77.2060817091674 0 91.1002870209992 68.103370572082 93.1150169234456 83.4033961764943 80.4032395585952 82.3358293114501 89.115684439989 93.5049801885302 81.4152229674001 82.3851779462903 92.4515153347507
89.2970716604341 91.6244533060071 83.201597050353 88.1465843099084 80.237526392877 89.2738048723855 91.1002870209992 0 91.240420760883 80.6560956231151 87.8718063285063 90.4840976310382 89.3002428506583 82.7760355725621 83.4107842329724 90.9208125568416 90.8534872596116 82.6459542896836
87.650433087972 86.0621707455228 89.1767750439405 83.8481352690408 93.3152545014854 78.8689938988284 68.103370572082 91.240420760883 0 93.1600871064417 82.968220306335 78.5503710409556 81.3493605368748 89.019363834899 93.5030535230213 79.5651944925849 80.7798708559237 92.405858156664
92.0266190783959 93.778610784351 88.0105149591016 91.1286778400159 79.9850808185757 91.7886708071675 93.1150169234456 80.6560956231151 93.1600871064417 0 90.2283198169709 92.2841272138398 91.2719412952555 85.4288545277498 73.7989102258118 92.5811036807305 92.4661016654441 78.6665542029632
88.1901910181076 88.7852291895436 86.9027061984258 83.7989102258118 90.8838677716108 81.3180809556133 83.4033961764943 87.8718063285063 82.968220306335 90.2283198169709 0 78.8267494588422 72.9845369622933 83.1574795141574 90.56845107081 80.3483170839995 80.1909449584163 88.9021373091748
89.1875818503219 88.7029419071337 89.2990483389189 85.4778502636245 92.8037450215297 81.8211513138294 80.4032395585952 90.4840976310382 78.5503710409556 92.2841272138398 78.8267494588422 0 73.2156575062525 87.1486895145172 92.5108398262459 66.625354376404 69.6356543330438 91.1560779804815
88.940188044825 88.9969862103985 88.3564292247297 84.9607879581046 91.9193804244781 81.8091461716585 82.3358293114501 89.3002428506583 81.3493605368748 91.2719412952555 72.9845369622933 73.2156575062525 0 85.2003092693599 91.5142900318607 75.5742583956877 75.2154840402211 89.9796622965764
89.8864977625784 91.3812810589918 86.1192544428531 87.3590696675158 87.4142314228996 87.3756033798195 89.115684439989 82.7760355725621 89.019363834899 85.4288545277498 83.1574795141574 87.1486895145172 85.2003092693599 0 85.7777836167194 87.6211838427159 87.3842965664195 82.6017133826353
92.8399243462261 94.3772261103576 89.3248989832555 91.8512064152267 83.361291448686 92.32020635621 93.5049801885302 83.4107842329724 93.5030535230213 73.7989102258118 90.56845107081 92.5108398262459 91.5142900318607 85.7777836167194 0 92.7624474609292 92.6198564029246 76.4210841896122
89.7846646079219 89.2244737003094 89.9029932004576 86.3996094236491 93.144765865042 83.1365622199274 81.4152229674001 90.9208125568416 79.5651944925849 92.5811036807305 80.3483170839995 66.625354376404 75.5742583956877 87.6211838427159 92.7624474609292 0 63.2478263495168 91.423778860388
90.0491946241187 89.598224540262 89.9974117536755 86.7452364966814 93.0955604239876 83.7262992166468 82.3851779462903 90.8534872596116 80.7798708559237 92.4661016654441 80.1909449584163 69.6356543330438 75.2154840402211 87.3842965664195 92.6198564029246 63.2478263495168 0 91.2407198427699
92.2482830209687 93.7295014724124 88.662150337635 90.8821062851461 85.015546065008 91.203734004087 92.4515153347507 82.6459542896836 92.405858156664 78.6665542029632 88.9021373091748 91.1560779804815 89.9796622965764 82.6017133826353 76.4210841896122 91.423778860388 91.2407198427699 0
