0 81.7819451443998 76.5304228410657 84.2979161426279 93.1718019354755 83.778610784351 90.4649628778786 85.4918895016445 93.9242228296478 94.2928982971025 87.9399803377578 90.2612667725133 94.909688805571 94.7841573626176 91.5131475024152 91.8243434821606 92.4711112837065 92.0171329637785
81.7819451443998 0 77.9762509169206 81.7423818124012 90.5556491061807 83.7491208394148 87.0838681956062 83.8137530280314 91.6311307658296 92.1556516872302 88.6643528285041 88.5378482153944 93.1044681088858 93.1521036319103 91.1157579812105 91.3887347396581 91.5552221823547 91.6303893326534
76.5304228410657 77.9762509169206 0 79.9360690089101 91.9280437922403 80.1912970937131 88.5843509004963 82.0519900777769 92.7460299124228 93.1467719867045 86.5662657802988 88.3590620675389 93.8072281080192 93.6514326309921 90.2375263928769 90.5797990005825 91.1510920176696 90.8204465670371
84.2979161426279 81.7423818124012 79.9360690089101 0 90.48383160337 74.3279020717801 85.876523218055 70.3500974088099 91.2396095262082 91.6155340254754 84.0161576060675 84.2184708236393 92.1654959184623 91.8140588973589 87.5263136388159 87.9486437055199 88.4383813744954 88.2993261327158
93.1718019354755 90.5556491061807 91.9280437922403 90.48383160337 0 91.6834515958235 82.9463689655499 90.6367795214057 74.9227372224544 78.7966354858417 93.1194924223973 89.0971125128802 84.4651623168477 86.7631262662598 92.4616305370527 92.4717222346562 91.2147937934774 92.670533749229
83.778610784351 83.7491208394148 80.1912970937131 74.3279020717801 91.6834515958235 0 87.7738075181225 73.5076592217674 92.2940272739685 92.5939989196316 81.3769599159453 85.1511516387019 92.972577412112 92.5249338381623 86.9866778667631 87.4908764682633 88.5150190578767 87.8221923842211
90.4649628778786 87.0838681956062 88.5843509004963 85.876523218055 82.9463689655499 87.7738075181225 0 86.0320802831725 84.5150597129644 85.3962648299937 89.9377116785958 84.1366543670582 87.0838681956062 87.3939770814169 89.5341193832037 89.6356543330438 88.3823526405858 89.9360690089101
85.4918895016445 83.8137530280314 82.0519900777769 70.3500974088099 90.6367795214057 73.5076592217674 86.0320802831725 0 91.2742910562974 91.5928515225777 82.4192284488356 82.8354320315571 91.9958877999092 91.5093368986618 86.237889912185 86.7311119023441 87.401164809535 87.1306481513603
93.9242228296478 91.6311307658296 92.7460299124228 91.2396095262082 74.9227372224544 92.2940272739685 84.5150597129644 91.2742910562974 0 69.9742370056535 93.4242964466753 89.2622658430094 81.1963957883817 84.7682491114546 92.4309056489519 92.4008933721061 90.9628365465767 92.5850805549005
94.2928982971025 92.1556516872302 93.1467719867045 91.6155340254754 78.7966354858417 92.5939989196316 85.3962648299937 91.5928515225777 69.9742370056535 0 93.5633366222523 89.361754748946 78.5776170713634 83.4033537330766 92.3887678784619 92.3358293114501 90.8007445462348 92.5106454007282
87.9399803377578 88.6643528285041 86.5662657802988 84.0161576060675 93.1194924223973 81.3769599159453 89.9377116785958 82.4192284488356 93.4242964466753 93.5633366222523 0 85.4723004608259 93.5376034016045 92.785000747272 83.323798167022 84.1427215355371 86.8316543916761 84.4399969767003
90.2612667725133 88.5378482153944 88.3590620675389 84.2184708236393 89.0971125128802 85.1511516387019 84.1366543670582 82.8354320315571 89.2622658430094 89.361754748946 85.4723004608259 0 89.170924101064 87.9899889902793 82.8430604487381 83.0751414612353 81.2783555721856 83.7103798506363
94.909688805571 93.1044681088858 93.8072281080192 92.1654959184623 84.4651623168477 92.972577412112 87.0838681956062 91.9958877999092 81.1963957883817 78.5776170713634 93.5376034016045 89.170924101064 0 77.2507443854659 91.8342596941612 91.7148350829037 89.8648399147477 91.8670341320252
94.7841573626176 93.1521036319103 93.6514326309921 91.8140588973589 86.7631262662598 92.5249338381623 87.3939770814169 91.5093368986618 84.7682491114546 83.4033537330766 92.785000747272 87.9899889902793 77.2507443854659 0 90.5189261109161 90.3345353507657 88.0330378283304 90.4825409856606
91.5131475024152 91.1157579812105 90.2375263928769 87.5263136388159 92.4616305370527 86.9866778667631 89.5341193832037 86.237889912185 92.4309056489519 92.3887678784619 83.323798167022 82.8430604487381 91.8342596941612 90.5189261109161 0 63.2478263495168 78.7966354858417 67.0711757029314
91.8243434821606 91.3887347396581 90.5797990005825 87.9486437055199 92.4717222346562 87.4908764682633 89.6356543330438 86.7311119023441 92.4008933721061 92.3358293114501 84.1427215355371 83.0751414612353 91.7148350829037 90.3345353507657 63.2478263495168 0 77.8007545217567 60.943337135734
92.4711112837065 91.5552221823547 91.1510920176696 88.4383813744954 91.2147937934774 88.5150190578767 88.3823526405858 87.401164809535 90.9628365465767 90.8007445462348 86.8316543916761 81.2783555721856 89.8648399147477 88.0330378283304 78.7966354858417 77.8007545217567 0 78.3073021585004
92.0171329637785 91.6303893326534 90.8204465670371 88.2993261327158 92.670533749229 87.8221923842211 89.9360690089101 87.1306481513603 92.5850805549005 92.5106454007282 84.4399969767003 83.7103798506363 91.8670341320252 90.4825409856606 67.0711757029314 60.943337135734 78.3073021585004 0
