0 85.5673171147236 89.1656719381225 78.6738840693766 89.3500427490681 86.7468837467999 81.7532076048429 88.9374319318853 82.7760355725621 84.7081389634654 85.1362843532686 87.5944545064845 88.1901910181076 89.2332746615361 91.2154518456491 89.67130753563 91.3386680124279 92.854772035283
85.5673171147236 0 93.2978640483662 83.555965823659 93.3977234760917 73.7989102258118 88.2390343987537 92.9279834894532 86.7468837467999 89.5482822910203 83.6337942323103 81.7819451443998 84.3616377049391 86.9052675107624 93.7445106255589 87.5605177126806 89.966086340479 94.6497631353031
89.1656719381225 93.2978640483662 0 89.9404480814455 56.9639370490137 93.5124379546276 86.4797404980476 74.2066957450215 88.6562715620246 85.4346554431081 91.3797102316597 93.2088206741481 93.0234486246624 92.9579824502001 85.5220015557825 93.0710708709332 93.5483441131249 88.939499180549
78.6738840693766 83.555965823659 89.9404480814455 0 90.0782967319053 84.09464030757 80.6374962592738 89.3255293548103 77.8275353557611 83.5932983444166 79.546717201444 84.1779208042287 84.7635075614827 86.1788107234079 90.7012838151852 86.7956877693918 89.0724707021626 92.1602484388098
89.3500427490681 93.3977234760917 56.9639370490137 90.0782967319053 0 93.6009463029101 86.6604254538209 73.9536370923738 88.7780850115565 85.5795545566733 91.4683527698718 93.2834453116058 93.0885966885451 93.0077898619005 85.3292770400042 93.1155436921792 93.5711692342417 88.7966354858417
86.7468837467999 73.7989102258118 93.5124379546276 84.09464030757 93.6009463029101 0 88.4453344140258 93.0577464915207 86.6136007973246 89.5736149850874 82.3326765383033 77.9330371790942 81.8069354424815 85.1209683067171 93.6038151744041 85.8987805111985 88.7147042607757 94.4029525538654
81.7532076048429 88.2390343987537 86.4797404980476 80.6374962592738 86.6604254538209 88.4453344140258 0 85.3681348263785 76.2581263061566 73.9700054285958 84.2169264795973 87.8858782559868 87.7139289096556 88.0040842940993 87.7538477572286 88.3406424213812 89.7468991299264 90.0228223518567
88.9374319318853 92.9279834894532 74.2066957450215 89.3255293548103 73.9536370923738 93.0577464915207 85.3681348263785 0 87.59539342008 83.6562030939313 90.593000884045 92.5904337711328 92.3105428072981 92.1402912882118 83.051216214016 92.2383025659006 92.6722841132558 87.3975598292249
82.7760355725621 86.7468837467999 88.6562715620246 77.8275353557611 88.7780850115565 86.6136007973246 76.2581263061566 87.59539342008 0 78.8885041605212 79.9796622965764 85.4304003347848 85.042668369047 85.4284751529338 88.607602780968 85.907097675858 87.8876340453048 90.3255313138615
84.7081389634654 89.5482822910203 85.4346554431081 83.5932983444166 85.5795545566733 89.5736149850874 73.9700054285958 83.6562030939313 78.8885041605212 0 85.4012222537696 88.7480833556836 88.3421436865323 88.2543876478932 85.7863355292019 88.4860876141334 89.546314179407 88.5408012425472
85.1362843532686 83.6337942323103 91.3797102316597 79.546717201444 91.4683527698718 82.3326765383033 84.2169264795973 90.593000884045 79.9796622965764 85.4012222537696 0 78.8461887760664 78.3073021585004 80.7519927536342 90.8989553876807 81.9089615194754 85.7505909256189 91.9141740963992
87.5944545064845 81.7819451443998 93.2088206741481 84.1779208042287 93.2834453116058 77.9330371790942 87.8858782559868 92.5904337711328 85.4304003347848 88.7480833556836 78.8461887760664 0 72.9845369622933 80.1544669907742 92.7300361061057 81.4741215705682 85.7520263726057 93.4181597425046
88.1901910181076 84.3616377049391 93.0234486246624 84.7635075614827 93.0885966885451 81.8069354424815 87.7139289096556 92.3105428072981 85.042668369047 88.3421436865323 78.3073021585004 72.9845369622933 0 75.1529941976304 92.1723874215526 77.3975598292249 83.5201228844259 92.7754659686765
89.2332746615361 86.9052675107624 92.9579824502001 86.1788107234079 93.0077898619005 85.1209683067171 88.0040842940993 92.1402912882118 85.4284751529338 88.2543876478932 80.7519927536342 80.1544669907742 75.1529941976304 0 91.570660767788 64.8799833067588 79.4377816507317 91.9911960072785
91.2154518456491 93.7445106255589 85.5220015557825 90.7012838151852 85.3292770400042 93.6038151744041 87.7538477572286 83.051216214016 88.607602780968 85.7863355292019 90.8989553876807 92.7300361061057 92.1723874215526 91.570660767788 0 91.533737289796 91.4224964001961 79.3203806455974
89.67130753563 87.5605177126806 93.0710708709332 86.7956877693918 93.1155436921792 85.8987805111985 88.3406424213812 92.2383025659006 85.907097675858 88.4860876141334 81.9089615194754 81.4741215705682 77.3975598292249 64.8799833067588 91.533737289796 0 77.6457956664753 91.8670341320252
91.3386680124279 89.966086340479 93.5483441131249 89.0724707021626 93.5711692342417 88.7147042607757 89.7468991299264 92.6722841132558 87.8876340453048 89.546314179407 85.7505909256189 85.7520263726057 83.5201228844259 79.4377816507317 91.4224964001961 77.6457956664753 0 91.3390645016617
92.854772035283 94.6497631353031 88.939499180549 92.1602484388098 88.7966354858417 94.4029525538654 90.0228223518567 87.3975598292249 90.3255313138615 88.5408012425472 91.9141740963992 93.4181597425046 92.7754659686765 91.9911960072785 79.3203806455974 91.8670341320252 91.3390645016617 0
