0 89.9047396501542 89.126256043734 88.0195799826533 83.9670819507725 88.3379319076185 87.4515477524184 87.2016042685911 87.5972706385311 90.3150041728844 91.9504880014648 88.1036697057641 90.9502802943976 89.2945330399795 88.9614065785135 88.8539249283103 90.1450923558343 91.4063373322637
89.9047396501542 0 75.0930706154422 80.2787113565357 86.7544841340125 83.7080402287052 85.4654232286314 92.8572883068551 92.9191748260918 86.5662657802988 86.3202690794079 93.0704912541049 86.7787253282775 88.8868231746949 89.9640972244086 93.0300248059922 92.6751998198568 92.0921146346624
89.126256043734 75.0930706154422 0 73.7813935380903 84.6239527627069 79.68328831402 82.388694498206 91.8161810502716 91.8680872649938 84.0608757462916 84.4786527265116 92.0215214645408 84.5016820945834 86.9027061984258 88.2410315294384 91.9341283707936 91.463346936747 90.7732816823207
88.0195799826533 80.2787113565357 73.7813935380903 0 81.8246980227395 74.8349979793794 78.5550952672913 90.661171320341 90.7161664515536 82.4216696954048 84.2885947489835 90.8882683645691 83.3395476846841 85.0635693539403 86.5650757693805 90.788610269172 90.2949903883598 89.6592563485491
83.9670819507725 86.7544841340125 84.6239527627069 81.8246980227395 0 80.855597892659 77.9330371790942 86.9274241715931 87.0711026978009 84.6151691130892 87.6457250573285 87.3985422847928 85.808847436844 83.1756063613266 83.5153213971275 87.4802850888848 87.5394394388692 87.9727157742548
88.3379319076185 83.7080402287052 79.68328831402 74.8349979793794 80.855597892659 0 72.2787262194362 89.8245048023292 89.8365241252389 78.326748009142 82.6173853070708 89.9769504982872 80.166558885579 81.955087606228 84.1984937693655 89.7428929869615 88.9264961614574 87.9575171750311
87.4515477524184 85.4654232286314 82.388694498206 78.5550952672913 77.9330371790942 72.2787262194362 0 88.5892816234284 88.6022707854583 79.3328418445577 84.2251171714759 88.765912872367 81.3688499835538 79.9143910279044 82.1883793840769 88.5150190578767 87.7010005620749 86.9584816643108
87.2016042685911 92.8572883068551 91.8161810502716 90.661171320341 86.9274241715931 89.8245048023292 88.5892816234284 0 62.0827706588024 90.2211456292078 92.1900093127201 68.7729603255312 90.8204465670371 87.5196314496235 85.7951409318771 75.7334826537013 82.8354320315571 87.2272264362371
87.5972706385311 92.9191748260918 91.8680872649938 90.7161664515536 87.0711026978009 89.8365241252389 88.6022707854583 62.0827706588024 0 90.1450923558343 92.1259843966288 63.5172612981962 90.738820882775 87.3630331127546 85.5577369740521 73.7475364916573 82.099442252477 86.8461811729156
90.3150041728844 86.5662657802988 84.0608757462916 82.4216696954048 84.6151691130892 78.326748009142 79.3328418445577 90.2211456292078 90.1450923558343 0 78.3390605802349 90.1795229308686 68.1860958317419 79.3818913619656 82.9264772500514 89.7031313772664 88.2106092259997 86.0728479354589
91.9504880014648 86.3202690794079 84.4786527265116 84.2885947489835 87.6457250573285 82.6173853070708 84.2251171714759 92.1900093127201 92.1259843966288 78.3390605802349 0 92.1464701984049 75.5673171147236 84.7544879428325 86.8334480009449 91.7426431180038 90.4533104756221 88.444562403568
88.1036697057641 93.0704912541049 92.0215214645408 90.8882683645691 87.3985422847928 89.9769504982872 88.765912872367 68.7729603255312 63.5172612981962 90.1795229308686 92.1464701984049 0 90.7569958068318 87.3542303532376 85.4963548523048 71.1136705287218 81.3688499835538 86.5184668851877
90.9502802943976 86.7787253282775 84.5016820945834 83.3395476846841 85.808847436844 80.166558885579 81.3688499835538 90.8204465670371 90.738820882775 68.1860958317419 75.5673171147236 90.7569958068318 0 81.0505757896518 84.0641152954985 90.2765141261244 88.765912872367 86.483380345853
89.2945330399795 88.8868231746949 86.9027061984258 85.0635693539403 83.1756063613266 81.955087606228 79.9143910279044 87.5196314496235 87.3630331127546 79.3818913619656 84.7544879428325 87.3542303532376 81.0505757896518 0 73.4388141363336 86.5932665712729 84.3517426338573 81.9332335297458
88.9614065785135 89.9640972244086 88.2410315294384 86.5650757693805 83.5153213971275 84.1984937693655 82.1883793840769 85.7951409318771 85.5577369740521 82.9264772500514 86.8334480009449 85.4963548523048 84.0641152954985 73.4388141363336 0 84.4632316900903 81.5595968973241 80.0579486250506
88.8539249283103 93.0300248059922 91.9341283707936 90.788610269172 87.4802850888848 89.7428929869615 88.5150190578767 75.7334826537013 73.7475364916573 89.7031313772664 91.7426431180038 71.1136705287218 90.2765141261244 86.5932665712729 84.4632316900903 0 78.2959782105703 85.0438347527647
90.1450923558343 92.6751998198568 91.463346936747 90.2949903883598 87.5394394388692 88.9264961614574 87.7010005620749 82.8354320315571 82.099442252477 88.2106092259997 90.4533104756221 81.3688499835538 88.765912872367 84.3517426338573 81.5595968973241 78.2959782105703 0 79.8419543483159
91.4063373322637 92.0921146346624 90.7732816823207 89.6592563485491 87.9727157742548 87.9575171750311 86.9584816643108 87.2272264362371 86.8461811729156 86.0728479354589 88.444562403568 86.5184668851877 86.483380345853 81.9332335297458 80.0579486250506 85.0438347527647 79.8419543483159 0
