0 81.2559719136594 88.8398492236681 80.1243485223377 82.1654959184623 86.8148321182775 82.4108172720404 83.7331583043885 85.61053085255 86.1560258917179 87.3630331127546 87.3750415911321 87.650433087972 88.2346677743181 89.73836613068 90.00991931245 92.3452739215203 91.9321960782572
81.2559719136594 0 91.6670056461169 75.5523155632995 79.4075253544592 89.7234782994845 84.456747799431 85.0648240625082 87.7368479589251 85.6299673900919 89.0712399809293 84.7109310897828 88.7574102327634 89.546717201444 91.2343328039695 91.008280604889 93.4809997878421 92.8662710565493
88.8398492236681 91.6670056461169 0 90.6545524085061 90.6122600944054 81.1136705287218 88.251967056199 88.5776170713634 86.5662657802988 90.3693696241556 86.6511008236815 92.3407686241326 88.2171228302489 87.5786014050569 86.4573949207605 88.5241253582302 88.5241253582302 89.291357676221
80.1243485223377 75.5523155632995 90.6545524085061 0 71.5738887332856 88.1289033237491 80.6982922915791 81.5376014603159 85.3597362809428 82.621328554343 87.0453081720306 82.7445958873746 86.6143622109111 87.6169325975649 89.7020490430077 89.403090944028 92.314716854096 91.5945256927512
82.1654959184623 79.4075253544592 90.6122600944054 71.5738887332856 0 87.7647878994723 78.9847314590875 79.4313841462521 84.2959097000793 79.8419543483159 86.0487872378001 80.4597836173476 85.3208427639379 86.5508888023574 88.9742116839467 88.47226868458 91.7441879861927 90.891785631268
86.8148321182775 89.7234782994845 81.1136705287218 88.1289033237491 87.7647878994723 0 83.9296849669784 84.2066957450215 80.0281873245205 86.8249332995649 80.2375263928769 89.7318099766826 83.201597050353 82.2342232902742 81.741024718255 84.4786527265116 86.5840769255055 86.6813329578914
82.4108172720404 84.456747799431 88.251967056199 80.6982922915791 78.9847314590875 83.9296849669784 0 67.0711757029314 77.7285209261352 78.7320818557614 81.3769599159453 83.9321847202757 81.0505757896518 82.6183184679906 85.9100070713055 85.6854997764966 89.6916329145312 88.8030383870541
83.7331583043885 85.0648240625082 88.5776170713634 81.5376014603159 79.4313841462521 84.2066957450215 67.0711757029314 0 77.0711757029314 76.5304228410657 80.5906463462703 83.2622231155386 79.6239007539644 81.6552019389027 85.4605894266425 84.9383437488801 89.3625602525285 88.3279715303536
85.61053085255 87.7368479589251 86.5662657802988 85.3597362809428 84.2959097000793 80.0281873245205 77.7285209261352 77.0711757029314 0 81.5729154765791 72.6459542896836 86.4033996277516 75.6562542463234 76.6734685634124 81.6754284090014 82.0323684124072 87.2180198603311 86.2196361444474
86.1560258917179 85.6299673900919 90.3693696241556 82.621328554343 79.8419543483159 86.8249332995649 78.7320818557614 76.5304228410657 81.5729154765791 0 82.8967977192182 79.1822395507565 80.6374962592738 82.8665166490433 86.5431147617537 85.1872526798368 89.8178221382336 88.4944597996847
87.3630331127546 89.0712399809293 86.6511008236815 87.0453081720306 86.0487872378001 80.2375263928769 81.3769599159453 80.5906463462703 72.6459542896836 82.8967977192182 0 87.2564135136199 72.6459542896836 69.5840283175201 78.1251558625203 78.6148957965558 85.4841598430449 84.1779208042287
87.3750415911321 84.7109310897828 92.3407686241326 82.7445958873746 80.4597836173476 89.7318099766826 83.9321847202757 83.2622231155386 86.4033996277516 79.1822395507565 87.2564135136199 0 85.8871841415086 87.1768639511139 89.593191742332 88.4739269112184 91.9242964345863 90.7934103796188
87.650433087972 88.7574102327634 88.2171228302489 86.6143622109111 85.3208427639379 83.201597050353 81.0505757896518 79.6239007539644 75.6562542463234 80.6374962592738 72.6459542896836 85.8871841415086 0 69.9807712440058 80.4157618261795 78.1778938560859 86.1924886111327 84.4029525538654
88.2346677743181 89.546717201444 87.5786014050569 87.6169325975649 86.5508888023574 82.2342232902742 82.6183184679906 81.6552019389027 76.6734685634124 82.8665166490433 69.5840283175201 87.1768639511139 69.9807712440058 0 77.3082160992677 75.3465833519117 84.8219442192424 82.9440096433478
89.73836613068 91.2343328039695 86.4573949207605 89.7020490430077 88.9742116839467 81.741024718255 85.9100070713055 85.4605894266425 81.6754284090014 86.5431147617537 78.1251558625203 89.593191742332 80.4157618261795 77.3082160992677 0 75.7017666033442 80.7028748845976 79.5204490057532
90.00991931245 91.008280604889 88.5241253582302 89.403090944028 88.47226868458 84.4786527265116 85.6854997764966 84.9383437488801 82.0323684124072 85.1872526798368 78.6148957965558 88.4739269112184 78.1778938560859 75.3465833519117 75.7017666033442 0 82.240236057727 78.6148957965558
92.3452739215203 93.4809997878421 88.5241253582302 92.314716854096 91.7441879861927 86.5840769255055 89.6916329145312 89.3625602525285 87.2180198603311 89.8178221382336 85.4841598430449 91.9242964345863 86.1924886111327 84.8219442192424 80.7028748845976 82.240236057727 0 75.5523155632995
91.9321960782572 92.8662710565493 89.291357676221 91.5945256927512 90.891785631268 86.6813329578914 88.8030383870541 88.3279715303536 86.2196361444474 88.4944597996847 84.1779208042287 90.7934103796188 84.4029525538654 82.9440096433478 79.5204490057532 78.6148957965558 75.5523155632995 0
