0 82.2305599791183 88.2000037388758 79.9579203496951 83.201597050353 86.8059434436661 89.4295383100754 87.8718063285063 88.7284672531233 90.6806177226143 89.4098004215052 89.9003244053271 89.9921148053681 91.5093368986618 90.8807847012786 91.3513377482993 92.1602484388098 92.9422595709972
82.2305599791183 0 91.2856097434395 84.4613002047043 84.0417671828947 83.0543523195504 91.4184221916742 85.8695443561659 89.9579203496951 92.3200425081016 90.5098229277861 88.375297950221 90.1246893973976 92.5513226711176 91.4145275229358 90.4372372021832 92.6567981026058 93.7418309597023
88.2000037388758 91.2856097434395 0 86.2118970069928 87.9060271031894 91.4250839967252 81.8211513138294 90.9697486257344 86.125843648819 84.0608757462916 86.5662657802988 91.7883849681963 89.3556800907944 87.4454406823376 88.8349120548484 92.0827706588024 89.7543293196242 89.3818913619656
79.9579203496951 84.4613002047043 86.2118970069928 0 76.1677794707972 85.1358562299658 86.393932982674 85.303372492433 84.8065428746745 88.0377328770581 85.8541512699659 87.6457956664753 86.8428331489911 88.9042214225407 87.9831253858179 89.157162133207 89.7153222884519 90.7732816823207
83.201597050353 84.0417671828947 87.9060271031894 76.1677794707972 0 81.9023416443783 86.8817337465467 81.5879170280032 83.8325331923513 88.2293095695683 84.924474053039 84.9728254291781 84.8615063718665 88.4638216139284 86.7696515306304 87.1143894407578 88.7966354858417 90.3150041728844
86.8059434436661 83.0543523195504 91.4250839967252 85.1358562299658 81.9023416443783 0 90.3849108186859 75.9565517094629 87.7190848774942 91.1297208370414 88.248645099212 81.7599847720023 86.54670657546 90.7487623400154 88.7255938045607 85.8079477271717 90.2817783556451 91.976333717029
89.4295383100754 91.4184221916742 81.8211513138294 86.393932982674 86.8817337465467 90.3849108186859 0 89.3349739648805 80.237526392877 73.447537158823 80.3185160559075 89.7992106976306 85.6120133392751 81.0505757896518 84.0608757462916 89.6683961291933 85.3287606235951 84.8667886893461
87.8718063285063 85.8695443561659 90.9697486257344 85.303372492433 81.5879170280032 75.9565517094629 89.3349739648805 0 85.9029410845511 90.0158379645473 86.4198537193337 76.5662657802988 83.6964506811521 89.3002428506583 86.6545999065771 82.6722841132558 88.5263989529871 90.6305009104019
88.7284672531233 89.9579203496951 86.125843648819 84.8065428746745 83.8325331923513 87.7190848774942 80.237526392877 85.9029410845511 0 81.557861926606 66.9639370490137 86.3114457956494 79.2428040951504 80.788610269172 78.5776170713634 86.1677794707972 82.6017133826353 84.7922451010396
90.6806177226143 92.3200425081016 84.0608757462916 88.0377328770581 88.2293095695683 91.1297208370414 73.447537158823 90.0158379645473 81.557861926606 0 80.943337135734 90.2036731025225 85.823200447028 78.2106092259997 83.5630990497122 89.7799514872702 84.1427215355371 82.6046768387851
89.4098004215052 90.5098229277861 86.5662657802988 85.8541512699659 84.924474053039 88.248645099212 80.3185160559075 86.4198537193337 66.9639370490137 80.943337135734 0 86.5376151333289 78.8108513571896 79.0119174309222 76.4578371154628 86.0621707455228 81.1011246996244 83.6337942323103
89.9003244053271 88.375297950221 91.7883849681963 87.6457956664753 84.9728254291781 81.7599847720023 89.7992106976306 76.5662657802988 86.3114457956494 90.2036731025225 86.5376151333289 0 82.6046768387851 89.0112398515747 85.876523218055 77.3382020284199 87.5906968209211 90.0814756595712
89.9921148053681 90.1246893973976 89.3556800907944 86.8428331489911 84.8615063718665 86.54670657546 85.6120133392751 83.6964506811521 79.2428040951504 85.823200447028 78.8108513571896 82.6046768387851 0 83.361291448686 75.9948369189331 81.1220143253691 81.1510920176696 85.4795778716485
91.5093368986618 92.5513226711176 87.4454406823376 88.9042214225407 88.4638216139284 90.7487623400154 81.0505757896518 89.3002428506583 80.788610269172 78.2106092259997 79.0119174309222 89.0112398515747 83.361291448686 0 78.9021373091748 88.002829084837 78.1860958317419 76.6604254538209
90.8807847012786 91.4145275229358 88.8349120548484 87.9831253858179 86.7696515306304 88.7255938045607 84.0608757462916 86.6545999065771 78.5776170713634 83.5630990497122 76.4578371154628 85.876523218055 75.9948369189331 78.9021373091748 0 84.2596343120333 75.1757958751021 81.9401435468265
91.3513377482993 90.4372372021832 92.0827706588024 89.157162133207 87.1143894407578 85.8079477271717 89.6683961291933 82.6722841132558 86.1677794707972 89.7799514872702 86.0621707455228 77.3382020284199 81.1220143253691 88.002829084837 84.2596343120333 0 85.6811254822013 88.773792856881
92.1602484388098 92.6567981026058 89.7543293196242 89.7153222884519 88.7966354858417 90.2817783556451 85.3287606235951 88.5263989529871 82.6017133826353 84.1427215355371 81.1011246996244 87.5906968209211 81.1510920176696 78.1860958317419 75.1757958751021 85.6811254822013 0 78.3073021585004
92.9422595709972 93.7418309597023 89.3818913619656 90.7732816823207 90.3150041728844 91.976333717029 84.8667886893461 90.6305009104019 84.7922451010396 82.6046768387851 83.6337942323103 90.0814756595712 85.4795778716485 76.6604254538209 81.9401435468265 88.773792856881 78.3073021585004 0
