0 87.6726240401613 81.1011246996244 86.9996193558102 81.7097415724374 86.7055985102301 83.8414555269102 85.9195436335469 90.8966172265081 90.0415708322431 88.3327642662061 88.3658738348 88.2390343987537 89.2331801345923 88.6819326595009 91.4556343706656 88.9649146676036 93.5900989572223
87.6726240401613 0 82.2787262194362 77.0711757029314 86.8806271228131 81.9332335297458 86.125843648819 87.5972706385311 86.000262209856 86.2118970069928 87.2558526864443 88.9042214225407 91.2904236491447 92.7831766467937 91.0403950196392 88.5301856345584 90.4245313795394 90.1762955422891
81.1011246996244 82.2787262194362 0 81.1220143253691 81.1963957883817 81.7060996897762 81.4741215705682 84.5150597129644 88.0933368098544 87.2699342686732 86.1126714686452 87.1394871931621 88.8504100090108 90.4610833118126 88.8461887760664 89.3500427490681 88.5369933522933 91.7050065291834
86.9996193558102 77.0711757029314 81.1220143253691 0 84.5719301653208 74.6354957098355 83.091775616211 84.7922451010396 83.5008850021645 83.0331223084966 84.0381808095142 86.3653649600743 89.6038463758268 91.4657755675604 89.2221969636326 86.2899428940185 88.3784347830183 88.9429424097939
81.7097415724374 86.8806271228131 81.1963957883817 84.5719301653208 0 82.5868656935784 72.0827706588024 77.6085169412828 88.1498907012513 86.6112462595499 83.1259747086727 82.9436298012717 84.2312091392794 86.8427832850723 84.3872598725851 88.3917411035878 84.3239158899316 91.4683527698718
86.7055985102301 81.9332335297458 81.7060996897762 74.6354957098355 82.5868656935784 0 80.0708701724473 81.8069354424815 82.5868656935784 80.7841074747623 80.5267029288863 83.760486836007 88.015631329007 90.2668134835758 87.4889526831515 84.7544879428325 86.3914562533118 88.444562403568
83.8414555269102 86.125843648819 81.4741215705682 83.091775616211 72.0827706588024 80.0708701724473 0 73.9968508302003 86.6882798185873 84.8065428746745 80.4723334305496 81.0505757896518 84.4029525538654 87.3582878182214 84.1239704853616 86.9693623399366 83.447537158823 90.4823830698686
85.9195436335469 87.5972706385311 84.5150597129644 84.7922451010396 77.6085169412828 81.8069354424815 73.9968508302003 0 86.4578371154628 84.2066957450215 77.6620629399257 76.2196361444474 82.1883793840769 86.1687525766097 81.3493605368748 86.0016174742824 79.941542160005 89.9985976200845
90.8966172265081 86.000262209856 88.0933368098544 83.5008850021645 88.1498907012513 82.5868656935784 86.6882798185873 86.4578371154628 0 74.1239704853616 83.0579932776645 85.8695443561659 90.0708701724473 92.0168895845523 89.3255293548103 77.9762509169206 87.9831253858179 82.3578348697387
90.0415708322431 86.2118970069928 87.2699342686732 83.0331223084966 86.6112462595499 80.7841074747623 84.8065428746745 84.2066957450215 74.1239704853616 0 79.2469201724595 83.2707577629414 88.5626155199393 90.8332189032267 87.669856364134 76.2196361444474 86.0299807662634 84.1427215355371
88.3327642662061 87.2558526864443 86.1126714686452 84.0381808095142 83.1259747086727 80.5267029288863 80.4723334305496 77.6620629399257 83.0579932776645 79.2469201724595 0 75.190263770231 84.969369211542 88.2032697249812 83.6890234255671 81.8096720863702 81.1921547515854 87.6070822264427
88.3658738348 88.9042214225407 87.1394871931621 86.3653649600743 82.9436298012717 83.760486836007 81.0505757896518 76.2196361444474 85.8695443561659 83.2707577629414 75.190263770231 0 81.7819451443998 86.1401397486043 79.6648998632169 84.2066957450215 75.1757958751021 88.9628594842768
88.2390343987537 91.2904236491447 88.8504100090108 89.6038463758268 84.2312091392794 88.015631329007 84.4029525538654 82.1883793840769 90.0708701724473 88.5626155199393 84.969369211542 81.7819451443998 0 78.0696500061145 70.4857622301273 89.0112398515747 77.7738075181225 92.0225561375968
89.2331801345923 92.7831766467937 90.4610833118126 91.4657755675604 86.8427832850723 90.2668134835758 87.3582878182214 86.1687525766097 92.0168895845523 90.8332189032267 88.2032697249812 86.1401397486043 78.0696500061145 0 80.7514081245524 91.1451921087896 83.7535692522959 93.564870401572
88.6819326595009 91.0403950196392 88.8461887760664 89.2221969636326 84.3872598725851 87.4889526831515 84.1239704853616 81.3493605368748 89.3255293548103 87.669856364134 83.6890234255671 79.6648998632169 70.4857622301273 80.7514081245524 0 88.0198903710459 73.091775616211 91.3132171138031
91.4556343706656 88.5301856345584 89.3500427490681 86.2899428940185 88.3917411035878 84.7544879428325 86.9693623399366 86.0016174742824 77.9762509169206 76.2196361444474 81.8096720863702 84.2066957450215 89.0112398515747 91.1451921087896 88.0198903710459 0 86.3152293981705 81.4741215705682
88.9649146676036 90.4245313795394 88.5369933522933 88.3784347830183 84.3239158899316 86.3914562533118 83.447537158823 79.941542160005 87.9831253858179 86.0299807662634 81.1921547515854 75.1757958751021 77.7738075181225 83.7535692522959 73.091775616211 86.3152293981705 0 90.1762955422891
93.5900989572223 90.1762955422891 91.7050065291834 88.9429424097939 91.4683527698718 88.444562403568 90.4823830698686 89.9985976200845 82.3578348697387 84.1427215355371 87.6070822264427 88.9628594842768 92.0225561375968 93.564870401572 91.3132171138031 81.4741215705682 90.1762955422891 0
