0 79.3255293548103 82.0827706588024 89.9377116785958 83.7881595798289 89.6676136884167 90.8737294538031 90.9281101660991 92.4555029242986 91.3611906772446 94.0534546255469 94.604584503974 93.8358812162758 91.7614891420568 94.1458388545984 93.3263518790021 95.1627608674458 93.7485583645677
79.3255293548103 0 70.8110544783965 87.0006960745015 79.8651778283247 86.5443042800704 88.2106092259997 88.7666298257024 90.4235524671451 90.8860169428872 92.4256607321831 93.0478527323 92.2130885244123 90.8396148431855 92.5874605767817 91.8307590237785 93.7567425126644 92.3979308473902
82.0827706588024 70.8110544783965 0 85.5628220877717 79.7724485264749 85.0546633254019 86.9780287330724 87.9822666720595 89.5914134259955 90.9469842713966 91.7844506551408 92.4258124296112 91.5882914036613 90.7008710260969 91.989915045822 91.3162579093372 93.2126939714377 91.9497923166857
89.9377116785958 87.0006960745015 85.5628220877717 0 87.6309042516648 79.0551233433474 79.05908719444 87.221090888027 86.2093142267685 93.052058453935 89.0281477013935 89.4084353370714 89.2338005042658 92.1654959184623 89.689314822766 90.3289984997801 90.802688983795 91.1956914505265
83.7881595798289 79.8651778283247 79.7724485264749 87.6309042516648 0 85.6238550502764 87.529155554386 86.0308044184026 88.9394856401752 88.1407920610298 91.1315285933292 91.9752146242434 90.7386407935292 87.9540113312004 91.1703779786709 89.813317592445 92.6135550936366 90.4284448241106
89.6676136884167 86.5443042800704 85.0546633254019 79.0551233433474 85.6238550502764 0 73.4817753592993 82.9355127404009 82.608848426705 91.2956326992361 86.8964041750874 87.7738075181225 86.8618078190429 90.0642999661451 87.5140062562325 87.7457855061601 89.2428040951504 88.8756516062992
90.8737294538031 88.2106092259997 86.9780287330724 79.05908719444 87.529155554386 73.4817753592993 0 83.8213544350363 81.1881938127257 92.0380096295212 85.7863355292019 86.5097293135643 86.0191975333641 90.7560854627999 86.6813329578914 87.6836105784357 88.322681264652 88.8463865857845
90.9281101660991 88.7666298257024 87.9822666720595 87.221090888027 86.0308044184026 82.9355127404009 83.8213544350363 0 80.3980229870522 88.249007045856 84.4651623168477 86.3857838872731 83.323798167022 85.7634929002411 84.2717598056775 81.4182632700819 87.2496141177467 83.3908386275521
92.4555029242986 90.4235524671451 89.5914134259955 86.2093142267685 88.9394856401752 82.608848426705 81.1881938127257 80.3980229870522 0 91.1256397964767 78.8108513571896 81.4308315619516 78.6957997331364 89.250506630103 80.237526392877 82.8380371426012 83.895342217052 84.7423378650813
91.3611906772446 90.8860169428872 90.9469842713966 93.052058453935 88.1407920610298 91.2956326992361 92.0380096295212 88.249007045856 91.1256397964767 0 91.9757537439434 92.8926411279113 91.2985655565046 78.1111111887313 91.5470699504895 88.8518161753883 92.8681753347607 88.6760806191086
94.0534546255469 92.4256607321831 91.7844506551408 89.0281477013935 91.1315285933292 86.8964041750874 85.7863355292019 84.4651623168477 78.8108513571896 91.9757537439434 0 72.9206744691892 69.9742370056535 90.094168152246 70.0814756595712 82.2202145092881 76.8339572049984 83.7151948123189
94.604584503974 93.0478527323 92.4258124296112 89.4084353370714 91.9752146242434 87.7738075181225 86.5097293135643 86.3857838872731 81.4308315619516 92.8926411279113 72.9206744691892 0 77.4407375673017 91.2139849699926 76.6429137513522 84.6669329609772 74.8172353991213 85.6913253237403
93.8358812162758 92.2130885244123 91.5882914036613 89.2338005042658 90.7386407935292 86.8618078190429 86.0191975333641 83.323798167022 78.6957997331364 91.2985655565046 69.9742370056535 77.4407375673017 0 89.22735792065 65.0930706154422 79.7887517119526 78.4634961123075 81.7564684560132
91.7614891420568 90.8396148431855 90.7008710260969 92.1654959184623 87.9540113312004 90.0642999661451 90.7560854627999 85.7634929002411 89.250506630103 78.1111111887313 90.094168152246 91.2139849699926 89.22735792065 0 89.5178683060867 85.9003801516246 91.130990616848 85.6246036585346
94.1458388545984 92.5874605767817 91.989915045822 89.689314822766 91.1703779786709 87.5140062562325 86.6813329578914 84.2717598056775 80.237526392877 91.5470699504895 70.0814756595712 76.6429137513522 65.0930706154422 89.5178683060867 0 80.3367043561506 76.5786269481902 81.9158679194018
93.3263518790021 91.8307590237785 91.3162579093372 90.3289984997801 89.813317592445 87.7457855061601 87.6836105784357 81.4182632700819 82.8380371426012 88.8518161753883 82.2202145092881 84.6669329609772 79.7887517119526 85.9003801516246 80.3367043561506 0 84.2413823573747 70.8110544783965
95.1627608674458 93.7567425126644 93.2126939714377 90.802688983795 92.6135550936366 89.2428040951504 88.322681264652 87.2496141177467 83.895342217052 92.8681753347607 76.8339572049984 74.8172353991213 78.4634961123075 91.130990616848 76.5786269481902 84.2413823573747 0 84.8667886893461
93.7485583645677 92.3979308473902 91.9497923166857 91.1956914505265 90.4284448241106 88.8756516062992 88.8463865857845 83.3908386275521 84.7423378650813 88.6760806191086 83.7151948123189 85.6913253237403 81.7564684560132 85.6246036585346 81.9158679194018 70.8110544783965 84.8667886893461 0
