0 75.1097422091168 83.4304244917432 80.345904187758 80.9994315893368 88.5873403652979 83.6964506811521 83.9296849669784 84.8349996590251 86.5364172448041 88.7197799126989 88.2491219886074 88.2390343987537 88.0706757264335 90.945680712768 89.8447517363798 89.062436939935 89.5830294433838
75.1097422091168 0 83.0384872811603 76.9648789598264 75.9948369189331 87.1217246129041 79.9850808185757 80.4857622301273 81.8796869491279 85.4427470234674 86.7956877693918 87.3323054302687 87.210845672568 85.8737330189105 89.5634611976894 89.1136993962343 87.7139289096556 87.7661249382657
83.4304244917432 83.0384872811603 0 78.318742282892 81.2614598490377 90.8873886026257 82.968220306335 82.5269620566865 82.6896326154804 78.0529683256868 89.726256628232 81.6930915568033 82.022217387562 88.4776355514882 91.9000358287869 84.5869706818913 84.9607879581046 89.1478686067726
80.345904187758 76.9648789598264 78.318742282892 0 70.7856850436359 88.5628732018952 76.9658239507646 76.6992327788658 78.1200421657566 81.3355923625971 87.2673783489907 84.1984937693655 84.0455654063172 85.7982025351345 90.0415708322431 86.6530331758636 85.0962684050573 87.1519818883852
80.9994315893368 75.9948369189331 81.2614598490377 70.7856850436359 0 87.4132525105052 72.5868656935784 73.091775616211 75.8981895936253 82.6751998198568 85.8737330189105 85.0568948410568 84.7922451010396 84.2066957450215 89.047244720953 87.2840773906087 85.1362843532686 85.9891729007375
88.5873403652979 87.1217246129041 90.8873886026257 88.5628732018952 87.4132525105052 0 86.8784130290517 87.2820597623173 87.6540147477644 91.0641131310442 80.5622918724125 91.8460377760583 91.6155340254754 83.447537158823 81.6261686985947 92.8078147434832 90.8882683645691 86.0911213240857
83.6964506811521 79.9850808185757 82.968220306335 76.9658239507646 72.5868656935784 86.8784130290517 0 60.943337135734 69.0521261532883 82.7273505510716 84.3872598725851 84.7853857242469 84.3517426338573 81.9950314157273 88.0564252630411 86.9639370490137 83.8481352690408 83.9570408912363
83.9296849669784 80.4857622301273 82.5269620566865 76.6992327788658 73.091775616211 87.2820597623173 60.943337135734 0 65.5478575792403 82.022217387562 84.7814907955383 84.2114978977777 83.7445660987571 82.3921913186054 88.3107011896161 86.5184091547906 83.2631274040491 84.0645651568663
84.8349996590251 81.8796869491279 82.6896326154804 78.1200421657566 75.8981895936253 87.6540147477644 69.0521261532883 65.5478575792403 0 81.3849976529704 84.905325717847 83.5201228844259 82.9499496687862 82.3385635897187 88.3635146071354 85.923931075408 82.1042235941579 83.6127062473257
86.5364172448041 85.4427470234674 78.0529683256868 81.3355923625971 82.6751998198568 91.0641131310442 82.7273505510716 82.022217387562 81.3849976529704 0 89.2849999751602 73.3117842118096 73.4960621867671 87.7285209261352 91.4934655529339 79.9085993106296 80.0814756595712 87.8770172745382
88.7197799126989 86.7956877693918 89.726256628232 87.2673783489907 85.8737330189105 80.5622918724125 84.3872598725851 84.7814907955383 84.905325717847 89.2849999751602 0 90.006403208357 89.6648998632169 74.1239704853616 78.8065487977304 91.0335945566031 88.3390605802349 79.5698325223225
88.2491219886074 87.3323054302687 81.6930915568033 84.1984937693655 85.0568948410568 91.8460377760583 84.7853857242469 84.2114978977777 83.5201228844259 73.3117842118096 90.006403208357 0 63.1921066913121 88.5205935894893 91.989915045822 74.4777662825801 78.5469031807343 88.3192387985912
88.2390343987537 87.210845672568 82.022217387562 84.0455654063172 84.7922451010396 91.6155340254754 84.3517426338573 83.7445660987571 82.9499496687862 73.4960621867671 89.6648998632169 63.1921066913121 0 88.1050406143326 91.7041700647627 75.289026176076 76.9639370490137 87.8454575396035
88.0706757264335 85.8737330189105 88.4776355514882 85.7982025351345 84.2066957450215 83.447537158823 81.9950314157273 82.3921913186054 82.3385635897187 87.7285209261352 74.1239704853616 88.5205935894893 88.1050406143326 0 82.4178267494482 89.7020490430077 86.4602762870063 75.7968562231911
90.945680712768 89.5634611976894 91.9000358287869 90.0415708322431 89.047244720953 81.6261686985947 88.0564252630411 88.3107011896161 88.3635146071354 91.4934655529339 78.8065487977304 91.989915045822 91.7041700647627 82.4178267494482 0 92.7467684292029 90.5020583484669 83.447537158823
89.8447517363798 89.1136993962343 84.5869706818913 86.6530331758636 87.2840773906087 92.8078147434832 86.9639370490137 86.5184091547906 85.923931075408 79.9085993106296 91.0335945566031 74.4777662825801 75.289026176076 89.7020490430077 92.7467684292029 0 80.1445703986413 89.271650807514
89.062436939935 87.7139289096556 84.9607879581046 85.0962684050573 85.1362843532686 90.8882683645691 83.8481352690408 83.2631274040491 82.1042235941579 80.0814756595712 88.3390605802349 78.5469031807343 76.9639370490137 86.4602762870063 90.5020583484669 80.1445703986413 0 85.5662828111968
89.5830294433838 87.7661249382657 89.1478686067726 87.1519818883852 85.9891729007375 86.0911213240857 83.9570408912363 84.0645651568663 83.6127062473257 87.8770172745382 79.5698325223225 88.3192387985912 87.8454575396035 75.7968562231911 83.447537158823 89.271650807514 85.5662828111968 0
