0 61.3661408320154 89.7337221881064 82.1654959184623 86.2899428940185 89.8469883502153 92.0157917815978 89.3956181063727 91.780154608477 91.7097415724374 90.3622720962713 89.9418301971791 93.2928102922609 91.1040647224677 93.9282782571296 91.3580535418715 92.721875220957 91.9086273428164
61.3661408320154 0 90.0263207453897 82.6859005604703 86.3286877311165 89.9451516010823 92.1388651124052 89.3443980803016 91.8607298106135 91.7863512358319 90.1471795575176 89.8026005337483 93.3631604220506 90.9788040667553 93.9910420209666 91.2612588132995 92.748062366895 91.8069354424815
89.7337221881064 90.0263207453897 0 85.7863355292019 88.7088962427666 87.8007545217567 87.2257374033863 91.0816460831553 89.0281477013935 89.1420653552395 94.2192126477188 92.8208064624269 90.3485019850597 93.504864468861 91.1291170356614 93.2214331764862 91.4494544410294 93.7587919769604
82.1654959184623 82.6859005604703 85.7863355292019 0 82.3546980369414 86.0487872378001 88.7821582571753 87.4179002546385 88.7966354858417 88.7429076482031 90.7115788036418 89.2203762036552 90.8101589335291 90.42632994354 91.6578164457989 90.3629213010421 90.521324885034 91.0800045986517
86.2899428940185 86.3286877311165 88.7088962427666 82.3546980369414 0 81.6177655634978 87.2473269594216 80.3223574784383 85.8005514005498 85.5807743482046 87.6959517572444 84.4751807732663 88.5731220444114 86.3286877311165 89.5897697816128 86.0393941818496 87.1112419990312 87.2105468834907
89.8469883502153 89.9451516010823 87.8007545217567 86.0487872378001 81.6177655634978 0 81.1495408434923 82.8006727619803 77.7917907521781 77.4269372455433 90.2279467748538 87.1531314972152 83.6150544197642 88.0246570014568 85.4104756667562 87.1519818883852 82.9463689655499 88.1470954564481
92.0157917815978 92.1388651124052 87.2257374033863 88.7821582571753 87.2473269594216 81.1495408434923 0 87.8319828162819 77.7745293945749 78.565141635888 92.7737567086404 90.5150984397825 79.9825612512857 90.9628365465767 82.3105428072981 90.2147432287225 84.4615185981995 90.8542682162229
89.3956181063727 89.3443980803016 91.0816460831553 87.4179002546385 80.3223574784383 82.8006727619803 87.8319828162819 0 85.2297551310884 84.8692281737356 85.5266933956535 79.0724707021626 87.7162899845376 81.3493605368748 88.6141533493672 80.0526532824906 84.4674074164005 82.2787262194362
91.780154608477 91.8607298106135 89.0281477013935 88.7966354858417 85.8005514005498 77.7917907521781 77.7745293945749 85.2297551310884 0 57.9330371790942 91.37252674586 88.5862648118189 77.3975598292249 88.9970245830438 80.741517179898 87.9822666720595 79.4313841462521 88.7609432157149
91.7097415724374 91.7863512358319 89.1420653552395 88.7429076482031 85.5807743482046 77.4269372455433 78.565141635888 84.8692281737356 57.9330371790942 0 91.1918793851912 88.3341664582595 77.8718063285063 88.7510543700226 81.015900272379 87.7047839392961 78.9298435901867 88.5084271523558
90.3622720962713 90.1471795575176 94.2192126477188 90.7115788036418 87.6959517572444 90.2279467748538 92.7737567086404 85.5266933956535 91.37252674586 91.1918793851912 0 80.1912970937131 92.5696325696758 80.6792333700066 93.0072777800428 83.2020402988245 90.5015414216938 83.1155436921792
89.9418301971791 89.8026005337483 92.8208064624269 89.2203762036552 84.4751807732663 87.1531314972152 90.5150984397825 79.0724707021626 88.5862648118189 88.3341664582595 80.1912970937131 0 90.1825172771522 73.091775616211 90.7683108277111 75.9540125690315 87.4050145299514 78.1860958317419
93.2928102922609 93.3631604220506 90.3485019850597 90.8101589335291 88.5731220444114 83.6150544197642 79.9825612512857 87.7162899845376 77.3975598292249 77.8718063285063 92.5696325696758 90.1825172771522 0 90.3152607225776 71.0313480533833 89.3500427490681 80.0814756595712 89.8973015881608
91.1040647224677 90.9788040667553 93.504864468861 90.42632994354 86.3286877311165 88.0246570014568 90.9628365465767 81.3493605368748 88.9970245830438 88.7510543700226 80.6792333700066 73.091775616211 90.3152607225776 0 90.7953557193797 71.3375548376088 87.3382910442723 72.0827706588024
93.9282782571296 93.9910420209666 91.1291170356614 91.6578164457989 89.5897697816128 85.4104756667562 82.3105428072981 88.6141533493672 80.741517179898 81.015900272379 93.0072777800428 90.7683108277111 71.0313480533833 90.7953557193797 0 89.8542705833577 81.1495408434923 90.3089771870867
91.3580535418715 91.2612588132995 93.2214331764862 90.3629213010421 86.0393941818496 87.1519818883852 90.2147432287225 80.0526532824906 87.9822666720595 87.7047839392961 83.2020402988245 75.9540125690315 89.3500427490681 71.3375548376088 89.8542705833577 0 85.8862748223873 69.3643342628094
92.721875220957 92.748062366895 91.4494544410294 90.521324885034 87.1112419990312 82.9463689655499 84.4615185981995 84.4674074164005 79.4313841462521 78.9298435901867 90.5015414216938 87.4050145299514 80.0814756595712 87.3382910442723 81.1495408434923 85.8862748223873 0 86.5948537507643
91.9086273428164 91.8069354424815 93.7587919769604 91.0800045986517 87.2105468834907 88.1470954564481 90.8542682162229 82.2787262194362 88.7609432157149 88.5084271523558 83.1155436921792 78.1860958317419 89.8973015881608 72.0827706588024 90.3089771870867 69.3643342628094 86.5948537507643 0
