0 80.6792333700066 83.5201228844259 86.8148321182775 78.3337052199672 86.2747000185204 88.9715741949312 90.5284981699644 88.4794546137926 91.4510002480644 89.7941825743861 92.0911144554496 91.8652783427072 90.5608692776019 90.6787718210589 91.2262022299968 91.8970792536779 93.8955615876343
80.6792333700066 0 72.6751998198568 81.0208149157414 79.7197961683284 80.237526392877 84.81168608738 87.1696213970273 87.9300203493185 88.7773699469597 87.8464165388003 89.8262555892992 89.6497167678421 90.2609660205458 89.9850808185757 89.5275059129689 90.4751464695897 92.0969409496904
83.5201228844259 72.6751998198568 0 76.8428331489911 82.6385143290576 77.5803463896305 82.738493565853 85.5266933956535 88.5184497384193 87.8007545217567 87.7323906891486 89.115684439989 89.019363834899 90.6935171120628 90.2868064031166 89.3349739648805 90.3529907678305 91.5236003373431
86.8148321182775 81.0208149157414 76.8428331489911 0 86.0310626277942 77.0071507868401 78.5866762516319 82.0827706588024 89.5830187512829 86.1821018921153 87.9187594464018 88.0173354470665 88.1117143687293 91.4510002480644 90.891785631268 89.250506630103 90.3217016064426 90.5740403050401
78.3337052199672 79.7197961683284 82.6385143290576 86.0310626277942 0 84.1625905311938 87.5935153898588 89.4576229671636 85.3350845341687 89.9397545494943 87.2016042685911 90.5089060393518 90.160067975445 88.2555618586813 88.3118264406377 89.0790703265615 89.8909270794529 92.6097100780521
86.2747000185204 80.237526392877 77.5803463896305 77.0071507868401 84.1625905311938 0 77.8716871848997 82.6459542896836 87.3208656290411 84.7182209694953 85.1186593857664 86.4505113704269 86.3114457956494 89.6426912422026 88.9298435901867 87.0414148290211 88.3832374310308 89.595910164952
88.9715741949312 84.81168608738 82.738493565853 78.5866762516319 87.5935153898588 77.8716871848997 0 75.1789248128685 89.0891422958372 81.5395008519535 86.0608342491838 84.587903258351 84.8881164821952 90.8395540279737 90.0099666473159 87.2580715468914 88.5776170713634 88.0740403942904
90.5284981699644 87.1696213970273 85.5266933956535 82.0827706588024 89.4576229671636 82.6459542896836 75.1789248128685 0 90.4151417320647 80.6047544631244 87.4167452570344 84.2107909313872 84.9192614761152 91.828241837558 91.0028600046079 88.0899870643594 89.2417338497726 87.3029902295651
88.4794546137926 87.9300203493185 88.5184497384193 89.5830187512829 85.3350845341687 87.3208656290411 89.0891422958372 90.4151417320647 0 89.0903292705419 81.8211513138294 88.735072964515 87.9674646943694 77.6966012546856 77.8073011572357 84.1029066616549 84.5700464329907 90.788610269172
91.4510002480644 88.7773699469597 87.8007545217567 86.1821018921153 89.9397545494943 84.7182209694953 81.5395008519535 80.6047544631244 89.0903292705419 0 84.4526325066362 74.8349979793794 77.0605702158074 90.3049545448456 89.126256043734 84.4088227212188 85.9130252775307 82.547247164124
89.7941825743861 87.8464165388003 87.7323906891486 87.9187594464018 87.2016042685911 85.1186593857664 86.0608342491838 87.4167452570344 81.8211513138294 84.4526325066362 0 83.5318042581039 82.0711559793169 84.1286477004399 81.6712235426848 74.864508542254 78.8179418809182 87.0520671395345
92.0911144554496 89.8262555892992 89.115684439989 88.0173354470665 90.5089060393518 86.4505113704269 84.587903258351 84.2107909313872 88.735072964515 74.8349979793794 83.5318042581039 0 68.103370572082 89.6648998632169 88.2993261327158 82.4108172720404 83.9179663049259 79.3700459584172
91.8652783427072 89.6497167678421 89.019363834899 88.1117143687293 90.160067975445 86.3114457956494 84.8881164821952 84.9192614761152 87.9674646943694 77.0605702158074 82.0711559793169 68.103370572082 0 88.9187822793513 87.4132525105052 80.5527990930723 82.4210067386541 80.4555062995662
90.5608692776019 90.2609660205458 90.6935171120628 91.4510002480644 88.2555618586813 89.6426912422026 90.8395540279737 91.828241837558 77.6966012546856 90.3049545448456 84.1286477004399 89.6648998632169 88.9187822793513 0 73.2478263495168 84.8667886893461 84.4322372009219 91.1781108863489
90.6787718210589 89.9850808185757 90.2868064031166 90.891785631268 88.3118264406377 88.9298435901867 90.0099666473159 91.0028600046079 77.8073011572357 89.126256043734 81.6712235426848 88.2993261327158 87.4132525105052 73.2478263495168 0 82.2595237792253 81.6445704071691 90.0000493959597
91.2262022299968 89.5275059129689 89.3349739648805 89.250506630103 89.0790703265615 87.0414148290211 87.2580715468914 88.0899870643594 84.1029066616549 84.4088227212188 74.864508542254 82.4108172720404 80.5527990930723 84.8667886893461 82.2595237792253 0 71.6413406158911 85.5189685117653
91.8970792536779 90.4751464695897 90.3529907678305 90.3217016064426 89.8909270794529 88.3832374310308 88.5776170713634 89.2417338497726 84.5700464329907 85.9130252775307 78.8179418809182 83.9179663049259 82.4210067386541 84.4322372009219 81.6445704071691 71.6413406158911 0 85.9195436335469
93.8955615876343 92.0969409496904 91.5236003373431 90.5740403050401 92.6097100780521 89.595910164952 88.0740403942904 87.3029902295651 90.788610269172 82.547247164124 87.0520671395345 79.3700459584172 80.4555062995662 91.1781108863489 90.0000493959597 85.5189685117653 85.9195436335469 0
