0 90.922877176428 74.0608757462916 85.5738316805973 82.0727368965748 80.2426151046464 85.2650098301599 88.2089792973565 91.475658624139 92.0827706588024 87.4298640870463 88.2777174066446 88.4383813744954 89.7168306642612 93.8856057808069 91.8901442694456 92.5834570008677 92.5236432616374
90.922877176428 0 89.6614007803213 85.4590345997325 92.9845369622933 90.1598021750612 87.8718063285063 85.9084823227115 84.5321991797927 85.435034457386 91.124514341644 91.4879355081281 93.6337942323103 92.1549463619945 91.120922324702 93.2028878646942 92.8997825272498 93.2222041818708
74.0608757462916 89.6614007803213 0 82.8972748096222 83.7491208394148 77.7991015799198 82.8354320315571 86.4050608189035 90.2359933182647 90.9368178278012 86.440724448383 87.4132525105052 88.4065647866336 89.0115360177617 93.0814260851498 91.324370238793 91.9409596322938 91.9332335297458
85.5738316805973 85.4590345997325 82.8972748096222 0 88.3812004358721 82.6751998198568 76.5788445651281 78.3242554848272 85.4151466996921 86.6202460664693 85.5309228435189 86.4282131672619 89.5063398403404 87.9486437055199 90.457198084537 90.1540809502798 90.3210228062334 90.5387266961865
82.0727368965748 92.9845369622933 83.7491208394148 88.3812004358721 0 82.0966867225727 86.9312422033652 89.6032551369968 92.5740559557722 93.0483950425437 86.0728479354589 86.7956877693918 84.4224890007509 88.1932957838932 93.9667159266509 90.593000884045 91.7081835687154 91.4741215705682
80.2426151046464 90.1598021750612 77.7991015799198 82.6751998198568 82.0966867225727 0 79.7896024731391 85.0083554280833 89.5758464075795 90.2692383340248 82.5403396050434 84.0063915156941 85.6497211665286 86.2734273606889 92.0062662574906 89.3248252191615 90.1887143134889 90.12944550481
85.2650098301599 87.8718063285063 82.8354320315571 76.5788445651281 86.9312422033652 79.7896024731391 0 78.1117143687293 86.1821018921153 87.1809971370733 81.7060996897762 83.0970686635682 87.3719376615789 85.3261074098034 89.8913977997117 88.3351034548413 88.766809465169 88.9298435901867
88.2089792973565 85.9084823227115 86.4050608189035 78.3242554848272 89.6032551369968 85.0083554280833 78.1117143687293 0 81.8211513138294 83.4181597425046 84.4088227212188 85.0612171811727 89.3097425514618 86.3571279404461 87.9916377339803 88.4776355514882 88.3179063256557 88.7168802665761
91.475658624139 84.5321991797927 90.2359933182647 85.4151466996921 92.5740559557722 89.5758464075795 86.1821018921153 81.8211513138294 0 69.0051368755729 88.6555361552294 88.8285560079588 92.0171329637785 89.2449959720974 85.6634958890291 90.0623670961744 89.2481586018767 89.8380349754291
92.0827706588024 85.435034457386 90.9368178278012 86.6202460664693 93.0483950425437 90.2692383340248 87.1809971370733 83.4181597425046 69.0051368755729 0 89.1865483842417 89.2894513429609 92.3662930186317 89.5711576746402 84.7822847683004 90.1633214488167 89.2169279983105 89.8469883502153
87.4298640870463 91.124514341644 86.440724448383 85.5309228435189 86.0728479354589 82.5403396050434 81.7060996897762 84.4088227212188 88.6555361552294 89.1865483842417 0 67.9330371790942 82.1556516872302 77.1868192384823 89.580485255754 84.0075874112409 85.6621061730994 85.4673355948484
88.2777174066446 91.4879355081281 87.4132525105052 86.4282131672619 86.7956877693918 84.0063915156941 83.0970686635682 85.0612171811727 88.8285560079588 89.2894513429609 67.9330371790942 0 81.9193804244781 73.5216605291848 89.2534500377869 82.5420156066597 84.5869540869331 84.2959097000793
88.4383813744954 93.6337942323103 88.4065647866336 89.5063398403404 84.4224890007509 85.6497211665286 87.3719376615789 89.3097425514618 92.0171329637785 92.3662930186317 82.1556516872302 81.9193804244781 0 82.5515393802765 92.1608060903591 85.7735013371753 87.9754762756391 87.3699604501544
89.7168306642612 92.1549463619945 89.0115360177617 87.9486437055199 88.1932957838932 86.2734273606889 85.3261074098034 86.3571279404461 89.2449959720974 89.5711576746402 77.1868192384823 73.5216605291848 82.5515393802765 0 88.6760806191086 78.7931071951652 82.1523653118793 81.5264450666525
93.8856057808069 91.120922324702 93.0814260851498 90.457198084537 93.9667159266509 92.0062662574906 89.8913977997117 87.9916377339803 85.6634958890291 84.7822847683004 89.580485255754 89.2534500377869 92.1608060903591 88.6760806191086 0 87.6855458074702 85.4304003347848 86.5438671183659
91.8901442694456 93.2028878646942 91.324370238793 90.1540809502798 90.593000884045 89.3248252191615 88.3351034548413 88.4776355514882 90.0623670961744 90.1633214488167 84.0075874112409 82.5420156066597 85.7735013371753 78.7931071951652 87.6855458074702 0 75.5737771281393 71.9124372658146
92.5834570008677 92.8997825272498 91.9409596322938 90.3210228062334 91.7081835687154 90.1887143134889 88.766809465169 88.3179063256557 89.2481586018767 89.2169279983105 85.6621061730994 84.5869540869331 87.9754762756391 82.1523653118793 85.4304003347848 75.5737771281393 0 68.1551398134953
92.5236432616374 93.2222041818708 91.9332335297458 90.5387266961865 91.4741215705682 90.12944550481 88.9298435901867 88.7168802665761 89.8380349754291 89.8469883502153 85.4673355948484 84.2959097000793 87.3699604501544 81.5264450666525 86.5438671183659 71.9124372658146 68.1551398134953 0
