0 91.2233529292026 92.1939186474548 83.6687149094864 91.1993969006847 86.5364172448041 87.8490072478999 89.5265029620776 92.8859822959892 93.9495093337998 92.0897805247568 92.4415716384106 95.0934046752723 95.6034078634827 92.6708255255615 92.8712411069405 93.0885966885451 94.997313048384
91.2233529292026 0 80.4905850455247 92.0911144554496 85.9715251462414 92.1559801880298 92.6394140227707 93.1360052504439 89.3874875404723 90.0158379645473 94.2549772152476 94.2444654560305 92.3408689926875 92.4404536326133 95.4496766417041 94.202186575424 93.7441103618535 93.1247518173108
92.1939186474548 80.4905850455247 0 92.1654959184623 81.8600036545127 91.8607099656506 92.2013557338586 92.4833155093715 86.1020755728508 86.6440941889501 93.3453338886256 93.2486708471134 89.8781805979189 89.9333298446319 94.7703499652831 93.087801592918 92.41855457111 91.0259312856468
83.6687149094864 92.0911144554496 92.1654959184623 0 90.0861893281478 76.2325041385106 79.7041536322192 83.4910181075497 91.2687189283341 92.5922167112136 88.0428173008416 88.6512769445226 93.5595339012134 94.2888798422065 88.8756516062992 89.3924558748554 89.9179585158647 93.1616509106304
91.1993969006847 85.9715251462414 81.8600036545127 90.0861893281478 0 89.2835682924729 89.553301503306 89.710133239926 80.3236894512191 83.3220202918152 90.6789829067225 90.5284981699644 87.4837315335126 88.1977709420017 92.5903693369614 90.3003558504589 89.3878318500807 88.3776760416869
86.5364172448041 92.1559801880298 91.8607099656506 76.2325041385106 89.2835682924729 0 70.9697289964406 78.8162124820153 90.1529141952885 91.6311307658296 85.5762932353541 86.3291461255464 92.532086120294 93.3878402270883 87.0605702158074 87.250666063906 87.9095217280563 91.9772688354693
87.8490072478999 92.6394140227707 92.2013557338586 79.7041536322192 89.553301503306 70.9697289964406 0 74.4651623168477 90.0898841539279 91.5526379583222 83.8577288530719 84.8172353991213 92.2989363664753 93.2091110545105 85.6010942740339 85.9740535986911 86.8877195919402 91.6147495994671
89.5265029620776 93.1360052504439 92.4833155093715 83.4910181075497 89.710133239926 78.8162124820153 74.4651623168477 0 89.7514947874708 91.2022497971312 80.2602704835183 81.6951556819209 91.7168643759867 92.7259889739888 83.2803758522021 83.3808324065559 84.8146714624674 90.8164408767474
92.8859822959892 89.3874875404723 86.1020755728508 91.2687189283341 80.3236894512191 90.1529141952885 90.0898841539279 89.7514947874708 0 75.5971656502182 89.843073519774 89.4799172371869 82.6017133826353 84.2169264795973 92.0161153643317 88.940188044825 87.4995229711462 84.056636658772
93.9495093337998 90.0158379645473 86.6440941889501 92.5922167112136 83.3220202918152 91.6311307658296 91.5526379583222 91.2022497971312 75.5971656502182 0 91.0505757896518 90.6735061483058 79.7571837034398 80.8600272095335 92.9676753606263 90.1052437355394 88.7429076482031 83.2478263495168
92.0897805247568 94.2549772152476 93.3453338886256 88.0428173008416 90.6789829067225 85.5762932353541 83.8577288530719 80.2602704835183 89.843073519774 91.0505757896518 0 67.7343637051893 90.9350776916189 92.0831047186325 78.922933573106 75.1757958751021 80.2119042252309 89.546717201444
92.4415716384106 94.2444654560305 93.2486708471134 88.6512769445226 90.5284981699644 86.3291461255464 84.8172353991213 81.6951556819209 89.4799172371869 90.6735061483058 67.7343637051893 0 90.4308319338042 91.6446670840509 80.378727933762 70.3965623535232 78.0517937050701 88.8975063718367
95.0934046752723 92.3408689926875 89.8781805979189 93.5595339012134 87.4837315335126 92.532086120294 92.2989363664753 91.7168643759867 82.6017133826353 79.7571837034398 90.9350776916189 90.4308319338042 0 73.9536370923738 92.793939960948 89.6648998632169 88.1117143687293 76.706750637792
95.6034078634827 92.4404536326133 89.9333298446319 94.2888798422065 88.1977709420017 93.3878402270883 93.2091110545105 92.7259889739888 84.2169264795973 80.8600272095335 92.0831047186325 91.6446670840509 73.9536370923738 0 93.7338436177243 90.9822487981031 89.6648998632169 81.1011246996244
92.6708255255615 95.4496766417041 94.7703499652831 88.8756516062992 92.5903693369614 87.0605702158074 85.6010942740339 83.2803758522021 92.0161153643317 92.9676753606263 78.922933573106 80.378727933762 92.793939960948 93.7338436177243 0 82.4324470668276 85.2068228736091 91.6065963893544
92.8712411069405 94.202186575424 93.087801592918 89.3924558748554 90.3003558504589 87.250666063906 85.9740535986911 83.3808324065559 88.940188044825 90.1052437355394 75.1757958751021 70.3965623535232 89.6648998632169 90.9822487981031 82.4324470668276 0 73.9536370923738 87.8990294060959
93.0885966885451 93.7441103618535 92.41855457111 89.9179585158647 89.3878318500807 87.9095217280563 86.8877195919402 84.8146714624674 87.4995229711462 88.7429076482031 80.2119042252309 78.0517937050701 88.1117143687293 89.6648998632169 85.2068228736091 73.9536370923738 0 85.9689738268077
94.997313048384 93.1247518173108 91.0259312856468 93.1616509106304 88.3776760416869 91.9772688354693 91.6147495994671 90.8164408767474 84.056636658772 83.2478263495168 89.546717201444 88.8975063718367 76.706750637792 81.1011246996244 91.6065963893544 87.8990294060959 85.9689738268077 0
