0 78.1860958317419 91.5218992231529 80.4905850455247 81.6951556819209 80.6047544631244 89.9355213142478 93.5775672444079 89.062436939935 83.3513248469073 90.1619948814362 85.042668369047 88.8030383870541 86.0393941818496 94.4216549741773 91.4591067204594 88.7320818557614 89.2869082629181
78.1860958317419 0 89.444283079601 68.1860958317419 72.3105428072981 73.6150544197642 87.3391980024683 91.9597769906372 86.2028505482141 83.6964506811521 87.8294726581144 83.5153213971275 86.4394995309249 84.7182209694953 93.0509222016955 89.77028975955 87.9399803377578 88.1142143850042
91.5218992231529 89.444283079601 0 88.7666298257024 88.2881350299898 89.3255293548103 78.6665542029632 80.9865508735604 82.6459542896836 91.9477318885251 84.4045717100551 90.6305009104019 87.4658005457673 90.8351646482895 87.8088962014016 88.118377883376 91.9002599641319 91.1170099712693
80.4905850455247 68.1860958317419 88.7666298257024 0 63.9536370923738 71.5879170280032 86.3715914053258 91.4168647432734 85.042668369047 83.8481352690408 86.8789057445002 82.9763862971189 85.4211172286802 84.2066957450215 92.5404280180201 89.0724707021626 87.5680821732371 87.59539342008
81.6951556819209 72.3105428072981 88.2881350299898 63.9536370923738 0 72.5269620566865 85.6942351696241 91.0480328336979 84.2434141444616 84.1984937693655 86.2657284041847 82.9436298012717 84.8314512704693 84.1323142820089 92.2196422260057 88.6665542029632 87.4802850888848 87.3955942510882
80.6047544631244 73.6150544197642 89.3255293548103 71.5879170280032 72.5269620566865 0 86.8249332995649 91.6900390249741 85.2408599357581 81.5729154765791 86.6939832532646 80.3134982103822 84.5681618832458 81.9745296711912 92.4665896938503 88.5596089813499 86.1350517739506 86.301340043983
89.9355213142478 87.3391980024683 78.6665542029632 86.3715914053258 85.6942351696241 86.8249332995649 0 84.3398387118709 73.9536370923738 89.9491930022336 79.1284920034653 88.1639148490487 83.6337942323103 88.4018890874713 87.5734757225298 85.4304003347848 89.77028975955 88.7880835733592
93.5775672444079 91.9597769906372 80.9865508735604 91.4168647432734 91.0480328336979 91.6900390249741 84.3398387118709 0 86.2504555155506 93.5114763815429 86.1769879165592 92.2700956266636 89.0724707021626 92.3320457089291 84.5894883847138 88.3406424213812 92.9224801689182 92.0727368965748
89.062436939935 86.2028505482141 82.6459542896836 85.042668369047 84.2434141444616 85.2408599357581 73.9536370923738 86.2504555155506 0 88.5910743048444 75.4929168998517 86.3653649600743 80.3185160559075 86.6136007973246 87.8923254905952 83.7989102258118 88.2390343987537 87.0838681956062
83.3513248469073 83.6964506811521 91.9477318885251 83.8481352690408 84.1984937693655 81.5729154765791 89.9491930022336 93.5114763815429 88.5910743048444 0 88.9525918345995 76.8428331489911 86.3340981236618 78.103370572082 93.4934814728285 89.3519226761528 82.6135550936366 84.3872598725851
90.1619948814362 87.8294726581144 84.4045717100551 86.8789057445002 86.2657284041847 86.6939832532646 79.1284920034653 86.1769879165592 75.4929168998517 88.9525918345995 0 86.5732044136195 78.1285802022417 86.5631966523438 86.1924886111327 79.7709463458011 87.5858410150887 86.0191391425474
85.042668369047 83.5153213971275 90.6305009104019 82.9763862971189 82.9436298012717 80.3134982103822 88.1639148490487 92.2700956266636 86.3653649600743 76.8428331489911 86.5732044136195 0 82.8100758107315 67.0711757029314 92.113433555569 87.0253872127773 79.9742370056535 81.0335945566031
88.8030383870541 86.4394995309249 87.4658005457673 85.4211172286802 84.8314512704693 84.5681618832458 83.6337942323103 89.0724707021626 80.3185160559075 86.3340981236618 78.1285802022417 82.8100758107315 0 82.5868656935784 88.4908717161193 79.8864977625784 84.0756800526813 81.828241837558
86.0393941818496 84.7182209694953 90.8351646482895 84.2066957450215 84.1323142820089 81.9745296711912 88.4018890874713 92.3320457089291 86.6136007973246 78.103370572082 86.5631966523438 67.0711757029314 82.5868656935784 0 91.9737401914193 86.625354376404 77.7647878994723 79.2299361010872
94.4216549741773 93.0509222016955 87.8088962014016 92.5404280180201 92.2196422260057 92.4665896938503 87.5734757225298 84.5894883847138 87.8923254905952 93.4934814728285 86.1924886111327 92.113433555569 88.4908717161193 91.9737401914193 0 85.4852116522612 91.9374188204379 90.8334859341329
91.4591067204594 89.77028975955 88.118377883376 89.0724707021626 88.6665542029632 88.5596089813499 85.4304003347848 88.3406424213812 83.7989102258118 89.3519226761528 79.7709463458011 87.0253872127773 79.8864977625784 86.625354376404 85.4852116522612 0 86.3303309311581 84.09464030757
88.7320818557614 87.9399803377578 91.9002599641319 87.5680821732371 87.4802850888848 86.1350517739506 89.77028975955 92.9224801689182 88.2390343987537 82.6135550936366 87.5858410150887 79.9742370056535 84.0756800526813 77.7647878994723 91.9374188204379 86.3303309311581 0 73.5201228844259
89.2869082629181 88.1142143850042 91.1170099712693 87.59539342008 87.3955942510882 86.301340043983 88.7880835733592 92.0727368965748 87.0838681956062 84.3872598725851 86.0191391425474 81.0335945566031 81.828241837558 79.2299361010872 90.8334859341329 84.09464030757 73.5201228844259 0
