0 82.1654959184623 81.2493343553935 88.0706757264335 91.1902457592883 83.964480905296 84.7109310897828 91.1856604331924 88.6148957965558 88.6818711723932 92.4756126361493 92.9510215835657 91.3761737914398 93.3836330260342 93.4907508966494 92.9436298012717 94.7236116117277 93.5023550068245
82.1654959184623 0 65.0930706154422 91.2298628720652 93.5630990497122 84.0311148723812 86.0941238864933 93.4656380257554 87.5944545064845 89.1053713890099 94.2290198159631 94.523447459055 92.5513226711176 94.469985132245 94.4452356357274 92.2867022452208 95.7044238781553 93.8925413235324
81.2493343553935 65.0930706154422 0 90.8110544783965 93.2462932749045 83.0970686635682 85.3208427639379 93.138362701297 87.1561388112382 88.6193156996258 93.9208947626514 94.2250937501173 92.1900093127201 94.1781270170356 94.1574571154741 92.069722241919 95.4511631884377 93.6204835247663
88.0706757264335 91.2298628720652 90.8110544783965 0 81.0208149157414 88.4944597996847 87.0414148290211 80.7690367059087 90.5892330106331 88.4866265043645 85.1223244436554 86.5184091547906 87.1809971370733 89.0031006429096 89.5961539856901 93.1645164233162 90.7344722971503 91.3945831405841
91.1902457592883 93.5630990497122 93.2462932749045 81.0208149157414 0 91.4556343706656 90.3693696241556 70.5113469120771 92.7632013805355 90.9318642233938 82.1274520205417 84.3596604935146 88.447649622336 88.7716451877599 89.6127053130504 94.4467866182246 89.9340551253182 92.1493403326803
83.964480905296 84.0311148723812 83.0970686635682 88.4944597996847 91.4556343706656 0 73.8213544350363 91.1158975749349 81.0335945566031 82.1240661736748 91.6252872389574 91.8831541748752 88.5603608111481 91.4591067204594 91.3734212345335 89.126256043734 93.1614232266732 90.5734689833384
84.7109310897828 86.0941238864933 85.3208427639379 87.0414148290211 90.3693696241556 73.8213544350363 0 89.9354764698824 81.8388559645986 79.9742580169 90.434225445831 90.7233152353214 86.9476203930553 90.3129961068127 90.2604578063016 89.0112398515747 92.2294975119039 89.677234042015
91.1856604331924 93.4656380257554 93.138362701297 80.7690367059087 70.5113469120771 91.1158975749349 89.9354764698824 0 92.3265734548876 90.3185160559075 79.7571837034398 82.5809239043709 87.3293368358155 87.6477444147267 88.5934777414902 93.9644338948812 89.0220684557673 91.4145275229358
88.6148957965558 87.5944545064845 87.1561388112382 90.5892330106331 92.7632013805355 81.0335945566031 81.8388559645986 92.3265734548876 0 79.4298369772493 92.2355861053541 92.2624095634779 88.0916622600674 91.0505757896518 90.7260555518404 84.9227372224544 92.7636168405771 88.7153811924849
88.6818711723932 89.1053713890099 88.6193156996258 88.4866265043645 90.9318642233938 82.1240661736748 79.9742580169 90.3185160559075 79.4298369772493 0 90.0093808529838 90.0158861489046 84.1865626489218 88.5303265904087 88.1961682830869 85.8357039936006 90.7917594497868 86.4505113704269
92.4756126361493 94.2290198159631 93.9208947626514 85.1223244436554 82.1274520205417 91.6252872389574 90.434225445831 79.7571837034398 92.2355861053541 90.0093808529838 0 71.4708876914439 85.1659862827511 83.7921824074192 85.3589259578895 93.2592294755177 85.3962648299937 89.6806109422008
92.9510215835657 94.523447459055 94.2250937501173 86.5184091547906 84.3596604935146 91.8831541748752 90.7233152353214 82.5809239043709 92.2624095634779 90.0158861489046 71.4708876914439 0 84.5700464329907 81.8388559645986 83.8146333429251 93.0032256432585 83.4519162234195 88.9698938957176
91.3761737914398 92.5513226711176 92.1900093127201 87.1809971370733 88.447649622336 88.5603608111481 86.9476203930553 87.3293368358155 88.0916622600674 84.1865626489218 85.1659862827511 84.5700464329907 0 80.5622918724125 80.3185160559075 88.9132410411909 85.4595144882809 83.1636814175285
93.3836330260342 94.469985132245 94.1781270170356 89.0031006429096 88.7716451877599 91.4591067204594 90.3129961068127 87.6477444147267 91.0505757896518 88.5303265904087 83.7921824074192 81.8388559645986 80.5622918724125 0 70.0814756595712 90.8776994407101 78.1687904109954 84.3246551602572
93.4907508966494 94.4452356357274 94.1574571154741 89.5961539856901 89.6127053130504 91.3734212345335 90.2604578063016 88.5934777414902 90.7260555518404 88.1961682830869 85.3589259578895 83.8146333429251 80.3185160559075 70.0814756595712 0 90.2129320195368 79.223568308137 82.5554922381418
92.9436298012717 92.2867022452208 92.069722241919 93.1645164233162 94.4467866182246 89.126256043734 89.0112398515747 93.9644338948812 84.9227372224544 85.8357039936006 93.2592294755177 93.0032256432585 88.9132410411909 90.8776994407101 90.2129320195368 0 92.2484678640185 86.0300525001537
94.7236116117277 95.7044238781553 95.4511631884377 90.7344722971503 89.9340551253182 93.1614232266732 92.2294975119039 89.0220684557673 92.7636168405771 90.7917594497868 85.3962648299937 83.4519162234195 85.4595144882809 78.1687904109954 79.223568308137 92.2484678640185 0 86.5268222233502
93.5023550068245 93.8925413235324 93.6204835247663 91.3945831405841 92.1493403326803 90.5734689833384 89.677234042015 91.4145275229358 88.7153811924849 86.4505113704269 89.6806109422008 88.9698938957176 83.1636814175285 84.3246551602572 82.5554922381418 86.0300525001537 86.5268222233502 0
