0 71.9124372658146 86.0981015495578 92.7509283879817 83.8325331923513 92.2892514828428 92.5716685745156 93.6486739775238 93.8193536298212 88.9949461517284 90.1073501717728 90.1304537895572 94.6140995584215 90.4635080362083 91.7224641652286 91.004144962895 91.638908181561 91.3168108134822
71.9124372658146 0 85.1626652685191 92.3243778389857 81.8069354424815 91.6797875908655 91.9346164129987 93.1222251053056 93.2663554822025 87.7647878994723 88.9738092406453 88.9969862103985 94.0841170535261 89.3874875404723 90.8110544783965 89.9883286897122 90.6939770966864 90.3632365042239
86.0981015495578 85.1626652685191 0 87.3312767235963 87.6624672601499 86.706750637792 87.4658005457673 89.1273968119333 89.5694360008416 89.2428040951504 87.4947214838478 88.7666298257024 90.9502802943976 89.5389228619946 88.6030013835912 89.726256628232 89.519074177209 90.6962649236172
92.7509283879817 92.3243778389857 87.3312767235963 0 93.0970363176113 79.8031461890745 82.286537397776 81.3769599159453 83.6501254971811 93.0030678280789 90.4979405866037 91.8712946583105 86.2275845679849 92.473317532009 89.7684125393858 92.2698208288465 91.3398261712464 93.2113976307413
83.8325331923513 81.8069354424815 87.6624672601499 93.0970363176113 0 91.9621820074094 91.9745296711912 93.2599577652266 93.2193379762577 82.5570171580838 86.6790148661262 85.7376505077114 93.8681130724119 85.9029410845511 89.2837273173287 86.9747808619358 88.4822304503324 87.0219602582611
92.2892514828428 91.6797875908655 86.706750637792 79.8031461890745 91.9621820074094 0 70.943337135734 76.8847473597429 78.8255098304222 91.3358915737989 87.8928971582322 89.726256628232 83.0970686635682 90.470777375883 86.5495758812333 90.1330714406636 88.7952113360276 91.3315325008106
92.5716685745156 91.9346164129987 87.4658005457673 82.286537397776 91.9745296711912 70.943337135734 0 76.1301096152475 76.3518952328768 91.0641131310442 87.3162326125158 89.2581955282206 81.3493605368748 90.0179882033926 85.4887369853822 89.5943768821453 88.0377328770581 90.8646158755422
93.6486739775238 93.1222251053056 89.1273968119333 81.3769599159453 93.2599577652266 76.8847473597429 76.1301096152475 0 71.1963957883817 92.4778550596308 89.3662764951928 90.9249785570462 78.8801881078463 91.5423396707175 87.7388672071687 91.1510162665797 89.7865302476281 92.2198913334861
93.8193536298212 93.2663554822025 89.5694360008416 83.6501254971811 93.2193379762577 78.8255098304222 76.3518952328768 71.1963957883817 0 92.2167791079292 88.9203363389092 90.5237716910649 75.0112231809141 91.1412258452173 86.9450846057099 90.6815928324092 89.1564372451907 91.7930300204839
88.9949461517284 87.7647878994723 89.2428040951504 93.0030678280789 82.5570171580838 91.3358915737989 91.0641131310442 92.4778550596308 92.2167791079292 0 82.2787262194362 78.1200421657566 92.6810253671005 76.9747808619358 86.051467240859 79.9085993106296 83.7491208394148 79.1278285395287
90.1073501717728 88.9738092406453 87.4947214838478 90.4979405866037 86.6790148661262 87.8928971582322 87.3162326125158 89.3662764951928 88.9203363389092 82.2787262194362 0 75.3208427639379 89.5598758378731 78.6738840693766 77.627196302634 77.7917907521781 76.2581263061566 81.8182947742209
90.1304537895572 88.9969862103985 88.7666298257024 91.8712946583105 85.7376505077114 89.726256628232 89.2581955282206 90.9249785570462 90.5237716910649 78.1200421657566 75.3208427639379 0 90.9822487981031 69.0724707021626 81.676854159603 70.855597892659 77.4754622734875 76.8769005924711
94.6140995584215 94.0841170535261 90.9502802943976 86.2275845679849 93.8681130724119 83.0970686635682 81.3493605368748 78.8801881078463 75.0112231809141 92.6810253671005 89.5598758378731 90.9822487981031 0 91.5142900318607 87.4034512316464 91.0002889469191 89.4313841462521 92.0337524025346
90.4635080362083 89.3874875404723 89.5389228619946 92.473317532009 85.9029410845511 90.470777375883 90.0179882033926 91.5423396707175 91.1412258452173 76.9747808619358 78.6738840693766 69.0724707021626 91.5142900318607 0 83.051870788883 69.0724707021626 78.7608908822587 72.6208189754893
91.7224641652286 90.8110544783965 88.6030013835912 89.7684125393858 89.2837273173287 86.5495758812333 85.4887369853822 87.7388672071687 86.9450846057099 86.051467240859 77.627196302634 81.676854159603 87.4034512316464 83.051870788883 0 81.6251957531956 76.2325041385106 84.429546625313
91.004144962895 89.9883286897122 89.726256628232 92.2698208288465 86.9747808619358 90.1330714406636 89.5943768821453 91.1510162665797 90.6815928324092 79.9085993106296 77.7917907521781 70.855597892659 91.0002889469191 69.0724707021626 81.6251957531956 0 75.6562542463234 73.5455645683628
91.638908181561 90.6939770966864 89.519074177209 91.3398261712464 88.4822304503324 88.7952113360276 88.0377328770581 89.7865302476281 89.1564372451907 83.7491208394148 76.2581263061566 77.4754622734875 89.4313841462521 78.7608908822587 76.2325041385106 75.6562542463234 0 80.2976213851043
91.3168108134822 90.3632365042239 90.6962649236172 93.2113976307413 87.0219602582611 91.3315325008106 90.8646158755422 92.2198913334861 91.7930300204839 79.1278285395287 81.8182947742209 76.8769005924711 92.0337524025346 72.6208189754893 84.429546625313 73.5455645683628 80.2976213851043 0
