0 86.5268222233502 83.0383147673987 64.9227372224544 87.3867381239972 89.4497994875647 77.1342704420015 89.4098004215052 86.8193244329465 90.3260636039347 89.5914134259955 89.4756697263714 91.0818862269569 87.8596656560061 87.8319828162819 87.8249092129423 89.1473223627738 90.0115342903995
86.5268222233502 0 90.9612891684019 86.6323912855628 70.0814756595712 78.9298435901867 88.7429076482031 82.8522543049557 92.0861101013499 85.2578580294249 85.1626652685191 85.3490373090986 86.6506927942509 91.7904306354308 87.5519919157727 88.4534599718995 90.9302887188506 91.5729154765791
83.0383147673987 90.9612891684019 0 82.8557110974564 91.4498487958577 92.7960711175829 78.6895256809752 92.5038038988571 82.4202447236204 93.0355373663839 92.391077436059 92.2608065867428 93.5392759245935 86.3902173587608 90.2365189989078 89.8335513566863 89.7521791955604 90.4293425332621
64.9227372224544 86.6323912855628 82.8557110974564 0 87.4132525105052 89.468746993432 75.7863355292019 89.2492238225855 86.2937452682456 90.1374463850881 89.3443980803016 89.2103424144012 90.8933079472781 87.2573056297144 87.3082160992677 87.2520381092287 88.6015122888332 89.5178683060867
87.3867381239972 70.0814756595712 91.4498487958577 87.4132525105052 0 75.9539297579115 89.299608797833 80.738820882775 92.3320457089291 83.7082949081931 83.785387812752 84.0596992202378 85.3291545669708 91.8885103390939 87.1112419990312 88.1417314771006 90.7750878561122 91.3989138270995
89.4497994875647 78.9298435901867 92.7960711175829 89.468746993432 75.9539297579115 0 90.9788040667553 80.2119042252309 93.4847074445887 82.9781365300112 83.964480905296 84.4008776996445 84.4550070411893 92.9820439411961 88.3287645450219 89.3240355652831 91.7282678173998 92.2405582226928
77.1342704420015 88.7429076482031 78.6895256809752 75.7863355292019 89.299608797833 90.9788040667553 0 90.5246738924964 83.4107842329724 91.190765628337 90.3985153565124 90.2413893906808 91.8166670733509 85.4572732965846 87.8532674567327 87.4911206836407 88.0740403942904 88.9922245819579
89.4098004215052 82.8522543049557 92.5038038988571 89.2492238225855 80.738820882775 80.2119042252309 90.5246738924964 0 92.6441932793929 72.9448865789656 74.9227372224544 76.2046967926422 77.642518924453 91.6987046163266 84.9227372224544 86.4462722821092 89.6462054256599 90.1985207175083
86.8193244329465 92.0861101013499 82.4202447236204 86.2937452682456 92.3320457089291 93.4847074445887 83.4107842329724 92.6441932793929 0 92.9381940855941 92.1766258049975 91.9914407309578 93.3291358015806 79.4396715802938 89.1136993962343 88.2818562302967 86.8092101824516 87.4735316467302
90.3260636039347 85.2578580294249 93.0355373663839 90.1374463850881 83.7082949081931 82.9781365300112 91.190765628337 72.9448865789656 92.9381940855941 0 71.7907982614491 73.7989102258118 70.237526392877 91.8409756806509 84.7619865391877 86.3114457956494 89.4671386613049 89.936596747459
89.5914134259955 85.1626652685191 92.391077436059 89.3443980803016 83.785387812752 83.964480905296 90.3985153565124 74.9227372224544 92.1766258049975 71.7907982614491 0 60.4100159343404 75.4249671314 90.9358268183309 82.5570171580838 84.5103523017635 88.2737039650698 88.8349120548484
89.4756697263714 85.3490373090986 92.2608065867428 89.2103424144012 84.0596992202378 84.4008776996445 90.2413893906808 76.2046967926422 91.9914407309578 73.7989102258118 60.4100159343404 0 76.4578371154628 90.6953567583125 81.8721323063339 83.964480905296 87.9170781621102 88.4992355949648
91.0818862269569 86.6506927942509 93.5392759245935 90.8933079472781 85.3291545669708 84.4550070411893 91.8166670733509 77.642518924453 93.3291358015806 70.237526392877 75.4249671314 76.4578371154628 0 92.1808738232924 85.3810617018814 86.7923005771085 89.6994268255496 90.0836279752798
87.8596656560061 91.7904306354308 86.3902173587608 87.2573056297144 91.8885103390939 92.9820439411961 85.4572732965846 91.6987046163266 79.4396715802938 91.8409756806509 90.9358268183309 90.6953567583125 92.1808738232924 0 86.8920453927953 85.5762932353541 82.2900084111692 83.17605819415
87.8319828162819 87.5519919157727 90.2365189989078 87.3082160992677 87.1112419990312 88.3287645450219 87.8532674567327 84.9227372224544 89.1136993962343 84.7619865391877 82.5570171580838 81.8721323063339 85.3810617018814 86.8920453927953 0 70.6348349631727 82.1027689051246 83.447537158823
87.8249092129423 88.4534599718995 89.8335513566863 87.2520381092287 88.1417314771006 89.3240355652831 87.4911206836407 86.4462722821092 88.2818562302967 86.3114457956494 84.5103523017635 83.964480905296 86.7923005771085 85.5762932353541 70.6348349631727 0 79.458061969629 81.3531184098653
89.1473223627738 90.9302887188506 89.7521791955604 88.6015122888332 90.7750878561122 91.7282678173998 88.0740403942904 89.6462054256599 86.8092101824516 89.4671386613049 88.2737039650698 87.9170781621102 89.6994268255496 82.2900084111692 82.1027689051246 79.458061969629 0 69.6356543330438
90.0115342903995 91.5729154765791 90.4293425332621 89.5178683060867 91.3989138270995 92.2405582226928 88.9922245819579 90.1985207175083 87.4735316467302 89.936596747459 88.8349120548484 88.4992355949648 90.0836279752798 83.17605819415 83.447537158823 81.3531184098653 69.6356543330438 0
