0 84.998878764199 90.7809372189559 80.9994315893368 92.8837604145983 92.5757795535912 93.3716434135241 92.2211858993557 88.8285560079588 92.8253073013216 92.12229048592 92.7180120822797 93.3878402270883 93.9835005009417 94.660826751812 93.179463972663 93.4752628345185 95.9458793646222
84.998878764199 0 84.6150320210808 84.4295179594857 88.5007271029943 87.8779684079293 89.2202600224785 87.6400021418086 85.8783099900834 89.9408292096889 90.2036731025225 90.4103155081914 90.8770473828245 91.4546301182389 92.0911144554496 91.9002599641319 91.7172311031415 93.4321387959769
90.7809372189559 84.6150320210808 0 90.3227052221529 79.6646997228266 78.5776170713634 82.8354320315571 83.511739645982 88.8094531053899 89.4897037090939 91.1853194578027 90.7260555518404 90.5200179356079 90.6635811734074 90.753364035148 92.8236175490848 92.1455677321431 91.3104243514329
80.9994315893368 84.4295179594857 90.3227052221529 0 92.5420156066597 91.9408927061884 92.5609197815499 90.8378353124009 84.8913549073611 90.7246856097169 89.4364431176316 90.3639143220755 91.3454034114811 92.1559801880298 93.0844275820845 90.7551284451032 91.2310824007349 94.7898608132661
92.8837604145983 88.5007271029943 79.6646997228266 92.5420156066597 0 74.7232896906483 80.0262782208515 84.8349979793794 91.0002889469191 90.5665568630299 92.4890487330161 91.8732120177567 91.4121890441111 91.2940305799451 91.0075199373472 93.8819322095082 93.1089544862133 90.7312086592611
92.5757795535912 87.8779684079293 78.5776170713634 91.9408927061884 74.7232896906483 0 75.3208427639379 81.5891237376676 89.8171708318734 89.0411274252443 91.3323192568793 90.5906463462703 90.0373367721052 89.9074747215589 89.6215462161898 92.8951355600531 92.0029167963821 89.5753757260203
93.3716434135241 89.2202600224785 82.8354320315571 92.5609197815499 80.0262782208515 75.3208427639379 0 80.1611788109145 90.0016780316553 88.2139678018751 90.9800961612219 90.0228223518567 89.1988627505932 88.8523962697596 88.2560006264889 92.5293741338488 91.4633539556953 87.7738075181225
92.2211858993557 87.6400021418086 83.511739645982 90.8378353124009 84.8349979793794 81.5891237376676 80.1611788109145 0 86.8249332995649 84.2495038086784 88.0684712114104 86.8239834614635 85.9209243186067 85.8358888194266 85.8039954932044 90.2078120795926 88.8986615628356 87.2909675513142
88.8285560079588 85.8783099900834 88.8094531053899 84.8913549073611 91.0002889469191 89.8171708318734 90.0016780316553 86.8249332995649 0 84.5700464329907 82.4290592927265 83.8673893441752 85.7376505077114 87.2384524777385 88.8798080351764 85.920319834861 85.9689738268077 91.6843148944971
92.8253073013216 89.9408292096889 89.4897037090939 90.7246856097169 90.5665568630299 89.0411274252443 88.2139678018751 84.2495038086784 84.5700464329907 0 80.9142138443194 75.9138570362376 71.6251957531956 75.9126336164662 80.7812380649892 84.5700038068482 81.3493605368748 87.0283542379692
92.12229048592 90.2036731025225 91.1853194578027 89.4364431176316 92.4890487330161 91.3323192568793 90.9800961612219 88.0684712114104 82.4290592927265 80.9142138443194 0 74.6168963459942 80.5676987354517 83.3787235401851 86.2389238659457 77.5424991364325 76.6628845885599 90.3310353635652
92.7180120822797 90.4103155081914 90.7260555518404 90.3639143220755 91.8732120177567 90.5906463462703 90.0228223518567 86.8239834614635 83.8673893441752 75.9138570362376 74.6168963459942 0 74.4827498815213 79.4607516202131 83.6009463029101 80.5906463462703 75.7143062487061 88.7780850115565
93.3878402270883 90.8770473828245 90.5200179356079 91.3454034114811 91.4121890441111 90.0373367721052 89.1988627505932 85.9209243186067 85.7376505077114 71.6251957531956 80.5676987354517 74.4827498815213 0 72.3105428072981 79.8597588522451 83.5028172941535 79.1189908313318 86.9264231057069
93.9835005009417 91.4546301182389 90.6635811734074 92.1559801880298 91.2940305799451 89.9074747215589 88.8523962697596 85.8358888194266 87.2384524777385 75.9126336164662 83.3787235401851 79.4607516202131 72.3105428072981 0 75.225739094243 85.2853189403244 81.676854159603 85.2189680419014
94.660826751812 92.0911144554496 90.753364035148 93.0844275820845 91.0075199373472 89.6215462161898 88.2560006264889 85.8039954932044 88.8798080351764 80.7812380649892 86.2389238659457 83.6009463029101 79.8597588522451 75.225739094243 0 87.5803463896305 84.9179712790559 81.9401435468265
93.179463972663 91.9002599641319 92.8236175490848 90.7551284451032 93.8819322095082 92.8951355600531 92.5293741338488 90.2078120795926 85.920319834861 84.5700038068482 77.5424991364325 80.5906463462703 83.5028172941535 85.2853189403244 87.5803463896305 0 76.0336422385094 91.2209091826396
93.4752628345185 91.7172311031415 92.1455677321431 91.2310824007349 93.1089544862133 92.0029167963821 91.4633539556953 88.8986615628356 85.9689738268077 81.3493605368748 76.6628845885599 75.7143062487061 79.1189908313318 81.676854159603 84.9179712790559 76.0336422385094 0 89.5608714818479
95.9458793646222 93.4321387959769 91.3104243514329 94.7898608132661 90.7312086592611 89.5753757260203 87.7738075181225 87.2909675513142 91.6843148944971 87.0283542379692 90.3310353635652 88.7780850115565 86.9264231057069 85.2189680419014 81.9401435468265 91.2209091826396 89.5608714818479 0
