0 87.2169957016613 88.3823526405858 84.3990346962979 87.9822666720595 87.7998589768893 90.0543803137744 89.4147433098681 91.4548623602078 92.2004263954606 91.7629277987388 91.8713777520491 91.6698793090644 93.0400460915714 93.1355108127389 94.4039314662598 93.5137086002987 93.8009349611884
87.2169957016613 0 92.3875223217547 88.922933573106 91.1506779898492 85.3413992496673 81.1011246996244 89.6922122441951 84.7635075614827 86.3353531286753 86.3152293981705 92.8655856903808 88.7284672531233 92.8587280719169 91.4072449607672 90.7338104052137 91.7041403093846 91.2375807763142
88.3823526405858 92.3875223217547 0 82.7531929436013 78.1860958317419 89.2684262627964 93.0132140832981 86.7911709256991 93.6442999499373 94.0604520236883 93.3672604494914 86.4018609845373 91.7358733600348 89.8619703487696 91.9888980527231 95.1223699556463 92.4568267946141 93.4941315600098
84.3990346962979 88.922933573106 82.7531929436013 0 79.1453517305904 84.4555005891274 89.9311372686323 83.4107842329724 90.9372527529249 91.567276508266 90.7228583477486 87.1050042991862 89.1551959618225 89.316379060069 90.334370312924 93.2897752133517 90.8974818957608 91.7528471795289
87.9822666720595 91.1506779898492 78.1860958317419 79.1453517305904 0 86.706750637792 91.5472933089331 82.7674836600796 92.1939186474548 92.6471278999648 91.7955291461834 83.8092963933333 89.6916329145312 87.7558026309011 90.0614264716943 93.7984601563965 90.6456572684574 91.8670341320252
87.7998589768893 85.3413992496673 89.2684262627964 84.4555005891274 86.706750637792 0 84.3239158899316 81.8069354424815 85.61053085255 86.6136007973246 84.9607879581046 88.255485529037 82.79025144391 88.1653961355766 86.6405539710001 89.4681370721026 87.3543783902541 87.7629817256808
90.0543803137744 81.1011246996244 93.0132140832981 89.9311372686323 91.5472933089331 84.3239158899316 0 89.0281477013935 75.5523155632995 79.5166621000467 79.6356543330438 92.3769027648945 85.5912123321934 91.7655809869865 89.2853521743326 87.2598037653182 89.5322275643306 88.4761028375782
89.4147433098681 89.6922122441951 86.7911709256991 83.4107842329724 82.7674836600796 81.8069354424815 89.0281477013935 0 89.4516367342193 89.8920337031865 88.5910743048444 82.6438681982287 84.6168963459942 83.768939411254 85.3380853564422 91.0208149157414 86.3268096824588 88.1200421657566
91.4548623602078 84.7635075614827 93.6442999499373 90.9372527529249 92.1939186474548 85.61053085255 75.5523155632995 89.4516367342193 0 70.8110544783965 73.88799939735 92.5384589709328 84.6373512727003 91.5885192579385 88.518650155318 84.7182209694953 88.6585358488818 87.0382140342669
92.2004263954606 86.3353531286753 94.0604520236883 91.567276508266 92.6471278999648 86.6136007973246 79.5166621000467 89.8920337031865 70.8110544783965 0 73.091775616211 92.7540655865354 84.6354957098355 91.6394580189973 88.3062336774721 82.9023336598264 88.3563956667878 86.3616248035471
91.7629277987388 86.3152293981705 93.3672604494914 90.7228583477486 91.7955291461834 84.9607879581046 79.6356543330438 88.5910743048444 73.88799939735 73.091775616211 0 91.8054720768467 82.0154368322127 90.5610245814534 86.8041450270956 82.9463689655499 86.9364886529085 84.8913549073611
91.8713777520491 92.8655856903808 86.4018609845373 87.1050042991862 83.8092963933333 88.255485529037 92.3769027648945 82.6438681982287 92.5384589709328 92.7540655865354 91.8054720768467 0 88.6983253080669 80.8821062851461 87.3975598292249 93.0456385396382 88.0664662225477 90.1720810211487
91.6698793090644 88.7284672531233 91.7358733600348 89.1551959618225 89.6916329145312 82.79025144391 85.5912123321934 84.6168963459942 84.6373512727003 84.6354957098355 82.0154368322127 88.6983253080669 0 86.5026262612645 80.0977460642019 85.3681348263785 80.9709394133405 80.5527990930723
93.0400460915714 92.8587280719169 89.8619703487696 89.316379060069 87.7558026309011 88.1653961355766 91.7655809869865 83.768939411254 91.5885192579385 91.6394580189973 90.5610245814534 80.8821062851461 86.5026262612645 0 83.0331223084966 91.2888737925851 83.8703271661733 87.264171252314
93.1355108127389 91.4072449607672 91.9888980527231 90.334370312924 90.0614264716943 86.6405539710001 89.2853521743326 85.3380853564422 88.518650155318 88.3062336774721 86.8041450270956 87.3975598292249 80.0977460642019 83.0331223084966 0 87.060897637896 66.9639370490137 79.0354425541495
94.4039314662598 90.7338104052137 95.1223699556463 93.2897752133517 93.7984601563965 89.4681370721026 87.2598037653182 91.0208149157414 84.7182209694953 82.9023336598264 82.9463689655499 93.0456385396382 85.3681348263785 91.2888737925851 87.060897637896 0 86.6412959147189 82.9188992672694
93.5137086002987 91.7041403093846 92.4568267946141 90.8974818957608 90.6456572684574 87.3543783902541 89.5322275643306 86.3268096824588 88.6585358488818 88.3563956667878 86.9364886529085 88.0664662225477 80.9709394133405 83.8703271661733 66.9639370490137 86.6412959147189 0 77.5688352380327
93.8009349611884 91.2375807763142 93.4941315600098 91.7528471795289 91.8670341320252 87.7629817256808 88.4761028375782 88.1200421657566 87.0382140342669 86.3616248035471 84.8913549073611 90.1720810211487 80.5527990930723 87.264171252314 79.0354425541495 82.9188992672694 77.5688352380327 0
