0 84.2169264795973 78.103370572082 80.5050214404877 80.4372372021832 90.3150041728844 83.622091328923 80.4372372021832 82.6135550936366 84.0268466216013 85.5266933956535 88.9649146676036 91.3404831063607 87.8319828162819 87.5453491495408 88.5028475457753 91.2940305799451 89.7314264593261
84.2169264795973 0 79.6648998632169 80.0228223518567 87.2425274907694 84.8314512704693 89.2027885677725 85.8076419242784 81.8564887327063 81.6951556819209 89.5214849154441 84.6280655201376 87.6641298679997 86.706750637792 90.251809052559 91.4417171419599 88.2560006264889 87.4269372455433
78.103370572082 79.6648998632169 0 69.9742370056535 82.5570171580838 87.9477781460115 85.6811254822013 80.237526392877 76.706750637792 78.7966354858417 86.3152293981705 86.082168991845 89.2152873584881 85.3790959332366 87.6169325975649 89.0382609051074 89.2202600224785 87.4337634765958
80.5050214404877 80.0228223518567 69.9742370056535 0 82.6751998198568 87.3867381239972 85.7849113793878 79.6707254104607 71.4741215705682 74.9227372224544 86.0016174742824 84.8615063718665 88.4368187960829 83.778610784351 87.0764687502886 88.725573403395 88.3351034548413 86.2080222604288
80.4372372021832 87.2425274907694 82.5570171580838 82.6751998198568 0 91.2844054328105 75.3681348263785 73.4960621867671 82.8100758107315 84.2066957450215 78.4638216139284 89.2073249576102 91.5715498891394 86.4050608189035 82.6722841132558 84.1427215355371 91.1820321496173 89.0704658033877
90.3150041728844 84.8314512704693 87.9477781460115 87.3867381239972 91.2844054328105 0 92.5420156066597 90.1450923558343 87.210845672568 86.3453801341546 92.3219399572626 81.1136705287218 80.4124029112103 87.4889526831515 92.3897018116189 93.5153213971275 83.5201228844259 85.7634929002411
83.622091328923 89.2027885677725 85.6811254822013 85.7849113793878 75.3681348263785 92.5420156066597 0 80.1912970937131 85.7777836167194 86.7514468623435 75.8005514005498 90.6607330446118 92.6821121020211 87.9538334430254 81.7423818124012 81.9124372658146 92.2595237792253 90.3104847178461
80.4372372021832 85.8076419242784 80.237526392877 79.6707254104607 73.4960621867671 90.1450923558343 80.1912970937131 0 79.3002428506583 81.2614598490377 80.3733330693944 87.6541394631225 90.4137038789783 84.3852942944484 82.9436298012717 85.1213743621328 89.9791200723646 87.5605177126806
82.6135550936366 81.8564887327063 76.706750637792 71.4741215705682 82.8100758107315 87.210845672568 85.7777836167194 79.3002428506583 0 68.1860958317419 85.4673355948484 83.7445660987571 87.7669526532479 81.3887347396581 86.2196361444474 88.1778938560859 87.4327889573908 84.6871541162429
84.0268466216013 81.6951556819209 78.7966354858417 74.9227372224544 84.2066957450215 86.3453801341546 86.7514468623435 81.2614598490377 68.1860958317419 0 86.2899428940185 82.1654959184623 86.8082729833538 80.1912970937131 86.7468837467999 88.6819326595009 86.4394995309249 83.4499763303665
85.5266933956535 89.5214849154441 86.3152293981705 86.0016174742824 78.4638216139284 92.3219399572626 75.8005514005498 80.3733330693944 85.4673355948484 86.2899428940185 0 90.0814756595712 92.1544184487503 86.5662657802988 75.6562542463234 77.8275353557611 91.561630208681 89.3002428506583
88.9649146676036 84.6280655201376 86.082168991845 84.8615063718665 89.2073249576102 81.1136705287218 90.6607330446118 87.6541394631225 83.7445660987571 82.1654959184623 90.0814756595712 0 79.1509290539417 81.9401435468265 89.9130061550656 91.4168647432734 79.0724707021626 78.5626155199393
91.3404831063607 87.6641298679997 89.2152873584881 88.4368187960829 91.5715498891394 80.4124029112103 92.6821121020211 90.4137038789783 87.7669526532479 86.8082729833538 92.1544184487503 79.1509290539417 0 85.973866790014 91.8894183906809 93.119195361287 74.3720007514577 82.269612631991
87.8319828162819 86.706750637792 85.3790959332366 83.778610784351 86.4050608189035 87.4889526831515 87.9538334430254 84.3852942944484 81.3887347396581 80.1912970937131 86.5662657802988 81.9401435468265 85.973866790014 0 85.7749292329038 88.1050406143326 84.4224890007509 77.9330371790942
87.5453491495408 90.251809052559 87.6169325975649 87.0764687502886 82.6722841132558 92.3897018116189 81.7423818124012 82.9436298012717 86.2196361444474 86.7468837467999 75.6562542463234 89.9130061550656 91.8894183906809 85.7749292329038 0 75.5372620133263 91.1211806667008 88.6385873374445
88.5028475457753 91.4417171419599 89.0382609051074 88.725573403395 84.1427215355371 93.5153213971275 81.9124372658146 85.1213743621328 88.1778938560859 88.6819326595009 77.8275353557611 91.4168647432734 93.119195361287 88.1050406143326 75.5372620133263 0 92.4545830362408 90.3693696241556
91.2940305799451 88.2560006264889 89.2202600224785 88.3351034548413 91.1820321496173 83.5201228844259 92.2595237792253 89.9791200723646 87.4327889573908 86.4394995309249 91.561630208681 79.0724707021626 74.3720007514577 84.4224890007509 91.1211806667008 92.4545830362408 0 79.05908719444
89.7314264593261 87.4269372455433 87.4337634765958 86.2080222604288 89.0704658033877 85.7634929002411 90.3104847178461 87.5605177126806 84.6871541162429 83.4499763303665 89.3002428506583 78.5626155199393 82.269612631991 77.9330371790942 88.6385873374445 90.3693696241556 79.05908719444 0
