0 82.1259843966288 88.6911091799682 87.5119820512232 86.0393941818496 91.7097415724374 91.0161196090765 90.9972874546011 89.5765657369386 90.6435497940177 92.1336804348105 92.0404721836635 93.3201327782788 93.5481057190082 93.3278129071452 93.6582681575906 95.0034560698587 93.9832848363944
82.1259843966288 0 88.064434501719 85.891837352535 77.4754622734875 90.9368178278012 89.546717201444 89.3443980803016 86.0232443839309 87.9330371790942 90.2920116120355 89.9003244053271 91.3790924372241 90.8378353124009 90.6861507245123 90.9865508735604 93.7491208394148 91.4230911885249
88.6911091799682 88.064434501719 0 75.9054115898575 87.9361529743876 81.1117045633117 80.8157020701335 81.5813505326952 85.58772818865 85.0620589580634 85.3681348263785 86.2253139149006 88.4967489738495 92.8125339978481 91.3346119322756 92.9512326866433 90.0894099144392 93.354561663452
87.5119820512232 85.891837352535 75.9054115898575 0 85.4535216572886 83.8658978492988 81.4548623602078 81.5313920024931 82.8354320315571 83.051870788883 84.9525141093326 85.3208427639379 87.9463210377152 91.693328996376 90.2119042252309 91.8512064152267 90.3410248902675 92.308323217301
86.0393941818496 77.4754622734875 87.9361529743876 85.4535216572886 0 90.4103155081914 88.5626155199393 88.2106092259997 82.987250454927 85.7863355292019 88.8933104696326 88.222814231182 89.8393944056241 88.8179418809182 88.5513302520412 89.0119174309222 92.764629276264 89.5753757260203
91.7097415724374 90.9368178278012 81.1117045633117 83.8658978492988 90.4103155081914 0 77.7647878994723 79.546717201444 87.1530214921769 85.5447953106515 83.0364785990421 84.9504435034663 86.8152456804939 93.1780369473532 91.3454034114811 93.3049294415307 87.1143894407578 93.6758969702515
91.0161196090765 89.546717201444 80.8157020701335 81.4548623602078 88.5626155199393 77.7647878994723 0 65.0930706154422 83.6687149094864 80.9865508735604 77.9741879734315 80.6047544631244 84.1466227088554 91.5766707252515 89.3874875404723 91.7300798693387 86.5662657802988 92.1759718947623
90.9972874546011 89.3443980803016 81.5813505326952 81.5313920024931 88.2106092259997 79.546717201444 65.0930706154422 0 82.7417264159659 79.5166621000467 76.3587426022193 79.1453517305904 83.3590165013514 91.1568842665482 88.8426679450515 91.3176021151403 86.4284596991444 91.7840928135208
89.5765657369386 86.0232443839309 85.58772818865 82.8354320315571 82.987250454927 87.1530214921769 83.6687149094864 82.7417264159659 0 74.7635075614827 82.9556231652472 81.3493605368748 84.6530922100068 87.8532674567327 85.4519840595317 88.0975203616846 89.3650594295902 88.7916489169787
90.6435497940177 87.9330371790942 85.0620589580634 83.051870788883 85.7863355292019 85.5447953106515 80.9865508735604 79.5166621000467 74.7635075614827 0 78.6901260968544 76.0621707455228 81.8188055680902 88.5776170713634 85.604595839916 88.7966354858417 87.6085169412828 89.4239960897739
92.1336804348105 90.2920116120355 85.3681348263785 84.9525141093326 88.8933104696326 83.0364785990421 77.9741879734315 76.3587426022193 82.9556231652472 78.6901260968544 0 71.6669481993159 78.2753097867997 90.2438694806262 87.3087143882848 90.4115395847781 84.1003460678995 90.8999970982813
92.0404721836635 89.9003244053271 86.2253139149006 85.3208427639379 88.222814231182 84.9504435034663 80.6047544631244 79.1453517305904 81.3493605368748 76.0621707455228 71.6669481993159 0 76.3120440163199 89.1551959618225 85.7634929002411 89.3450256281416 84.9659509602808 89.895904667183
93.3201327782788 91.3790924372241 88.4967489738495 87.9463210377152 89.8393944056241 86.8152456804939 84.1466227088554 83.3590165013514 84.6530922100068 81.8188055680902 78.2753097867997 76.3120440163199 0 89.0000722993226 85.1439084099383 89.1673787770796 82.7182209623666 89.6618787677287
93.5481057190082 90.8378353124009 92.8125339978481 91.693328996376 88.8179418809182 93.1780369473532 91.5766707252515 91.1568842665482 87.8532674567327 88.5776170713634 90.2438694806262 89.1551959618225 89.0000722993226 0 80.1912970937131 56.9639370490137 92.240236057727 69.0051368755729
93.3278129071452 90.6861507245123 91.3346119322756 90.2119042252309 88.5513302520412 91.3454034114811 89.3874875404723 88.8426679450515 85.4519840595317 85.604595839916 87.3087143882848 85.7634929002411 85.1439084099383 80.1912970937131 0 80.6047544631244 89.7451826639983 81.8246980227395
93.6582681575906 90.9865508735604 92.9512326866433 91.8512064152267 89.0119174309222 93.3049294415307 91.7300798693387 91.3176021151403 88.0975203616846 88.7966354858417 90.4115395847781 89.3450256281416 89.1673787770796 56.9639370490137 80.6047544631244 0 92.3408689926875 66.5063621434069
95.0034560698587 93.7491208394148 90.0894099144392 90.3410248902675 92.764629276264 87.1143894407578 86.5662657802988 86.4284596991444 89.3650594295902 87.6085169412828 84.1003460678995 84.9659509602808 82.7182209623666 92.240236057727 89.7451826639983 92.3408689926875 0 92.6436061172452
93.9832848363944 91.4230911885249 93.354561663452 92.308323217301 89.5753757260203 93.6758969702515 92.1759718947623 91.7840928135208 88.7916489169787 89.4239960897739 90.8999970982813 89.895904667183 89.6618787677287 69.0051368755729 81.8246980227395 66.5063621434069 92.6436061172452 0
