0 71.4741215705682 86.6917490863679 75.2408599357581 80.1288824412368 85.8987805111985 92.7495804165749 86.1821018921153 86.8282951458061 90.6019129108719 88.2751199207083 88.5369933522933 89.259475688825 93.1925505915743 90.9934253424577 93.8880761660102 91.8974717802185 90.9795573308772
71.4741215705682 0 85.0561662659079 77.0071507868401 79.0724707021626 85.3350845341687 92.0284595755121 86.0056807318553 87.2272264362371 89.9058443164744 88.5737340376502 88.7197799126989 89.4833594670039 92.6064539423299 90.539950838469 93.360146769413 91.4207573175404 90.9791494675865
86.6917490863679 85.0561662659079 0 86.8428331489911 84.9435334863856 86.0608342491838 87.2611766519618 87.7430640785082 90.0517147856609 86.3465280088195 90.7496105267739 90.5150984397825 91.2147937934774 89.1176685768479 88.8115609307259 90.2651897518119 89.2221969636326 91.5825659397609
75.2408599357581 77.0071507868401 86.8428331489911 0 75.6854997764966 83.4499763303665 92.4578863687178 83.447537158823 84.2107909313872 89.6877721277657 86.103601798621 86.4198537193337 87.3391980024683 92.641844154349 89.7997758540917 93.3497624091243 90.9093293627357 89.4443678530175
80.1288824412368 79.0724707021626 84.9435334863856 75.6854997764966 0 79.6648998632169 91.1718174350596 80.8821062851461 83.8481352690408 87.7618463659664 85.6039379398868 85.604595839916 86.7468837467999 91.3128182576868 88.0706757264335 92.1316505661566 89.3443980803016 88.4948736752129
85.8987805111985 85.3350845341687 86.0608342491838 83.4499763303665 79.6648998632169 0 90.1538270166188 73.2222041818708 82.2819183877674 84.7351508257079 83.4037145226605 82.6459542896836 84.2717598056775 89.5819167545738 84.1114246562642 90.4667632515594 86.213187821334 85.3494600540482
92.7495804165749 92.0284595755121 87.2611766519618 92.4578863687178 91.1718174350596 90.1538270166188 0 91.2351283111203 93.0581126455617 84.7904545651168 93.2222041818708 92.8375280976832 93.2896491481915 80.9955077982174 88.3095487404715 82.9845369622933 87.2611766519618 92.6708255255615
86.1821018921153 86.0056807318553 87.7430640785082 83.447537158823 80.8821062851461 73.2222041818708 91.2351283111203 0 78.6223132959149 86.3485363682138 80.2033420812633 79.2492238225855 81.5766707252515 90.5327964606734 84.9659509602808 91.2735195684965 87.0605702158074 83.8287827027393
86.8282951458061 87.2272264362371 90.0517147856609 84.2107909313872 83.8481352690408 82.2819183877674 93.0581126455617 78.6223132959149 0 89.2298942965103 72.0743716029921 74.8349979793794 77.1861580940907 92.3921913186054 87.7566541954257 92.949744955996 89.3843794427092 83.609732035001
90.6019129108719 89.9058443164744 86.3465280088195 89.6877721277657 87.7618463659664 84.7351508257079 84.7904545651168 86.3485363682138 89.2298942965103 0 89.2970716604341 88.6252964081268 89.2945742532547 82.2100022131704 79.2644848840994 84.1758581374509 78.501453293214 88.1860958317419
88.2751199207083 88.5737340376502 90.7496105267739 86.103601798621 85.6039379398868 83.4037145226605 93.2222041818708 80.2033420812633 72.0743716029921 89.2970716604341 0 68.0900077810742 70.2313205579087 92.3686277164013 87.4183373789605 92.8712411069405 89.1042452350088 81.3769599159453
88.5369933522933 88.7197799126989 90.5150984397825 86.4198537193337 85.604595839916 82.6459542896836 92.8375280976832 79.2492238225855 74.8349979793794 88.6252964081268 68.0900077810742 0 69.0051368755729 91.8722972449526 86.4602762870063 92.3879660894495 88.3192387985912 79.6813403409142
89.259475688825 89.4833594670039 91.2147937934774 87.3391980024683 86.7468837467999 84.2717598056775 93.2896491481915 81.5766707252515 77.1861580940907 89.2945742532547 70.2313205579087 69.0051368755729 0 92.2841515103591 87.094417010166 92.7421464442079 88.8115609307259 78.9838039059082
93.1925505915743 92.6064539423299 89.1176685768479 92.641844154349 91.3128182576868 89.5819167545738 80.9955077982174 90.5327964606734 92.3921913186054 82.2100022131704 92.3686277164013 91.8722972449526 92.2841515103591 0 85.4963548523048 72.117601429834 83.237595614941 91.1628535302028
90.9934253424577 90.539950838469 88.8115609307259 89.7997758540917 88.0706757264335 84.1114246562642 88.3095487404715 84.9659509602808 87.7566541954257 79.2644848840994 87.4183373789605 86.4602762870063 87.094417010166 85.4963548523048 0 86.3438545222954 74.0608757462916 84.8015122131881
93.8880761660102 93.360146769413 90.2651897518119 93.3497624091243 92.1316505661566 90.4667632515594 82.9845369622933 91.2735195684965 92.949744955996 84.1758581374509 92.8712411069405 92.3879660894495 92.7421464442079 72.117601429834 86.3438545222954 0 84.0784564872957 91.5355622610309
91.8974717802185 91.4207573175404 89.2221969636326 90.9093293627357 89.3443980803016 86.213187821334 87.2611766519618 87.0605702158074 89.3843794427092 78.501453293214 89.1042452350088 88.3192387985912 88.8115609307259 83.237595614941 74.0608757462916 84.0784564872957 0 86.7568206833297
90.9795573308772 90.9791494675865 91.5825659397609 89.4443678530175 88.4948736752129 85.3494600540482 92.6708255255615 83.8287827027393 83.609732035001 88.1860958317419 81.3769599159453 79.6813403409142 78.9838039059082 91.1628535302028 84.8015122131881 91.5355622610309 86.7568206833297 0
