0 81.7387672097631 80.8776994407101 82.1259843966288 90.2520359635228 82.4570356382086 91.1249742487413 85.0115106273678 86.5840769255055 88.8143980660997 90.7072760446247 92.8760343964822 92.6708255255615 91.1190958196448 90.7192015157725 92.9807352220726 91.220094294783 92.0103444593576
81.7387672097631 0 69.2684262627964 70.855597892659 92.9649015736224 84.598216984643 93.5187987806513 86.1218994925637 89.0078503682066 90.4547687368095 92.5077187921151 94.6099182030769 94.3461915304387 90.4761005024071 91.4725839728113 94.4140990964314 91.630018568593 92.6046768387851
80.8776994407101 69.2684262627964 0 65.0930706154422 92.601465924912 82.9953807752155 93.1233912545362 84.7749312904421 88.103370572082 89.6707254104607 91.9185746369958 94.1845010902359 93.8924062417859 89.8195101390914 90.7750878561122 93.9416775421926 90.959376377232 91.9991201762544
82.1259843966288 70.855597892659 65.0930706154422 0 92.8800984517205 83.2222041818708 93.3544374808701 84.7689215077436 88.2753097867997 89.7388831451238 92.0331577845468 94.3208424707145 94.0144449195348 89.5178683060867 90.715999260007 94.0253517422448 90.8471697247964 91.9283899677472
90.2520359635228 92.9649015736224 92.601465924912 92.8800984517205 0 90.4814144005042 76.4578371154628 90.922877176428 88.4475134401483 89.4280635219098 87.7357985898726 86.5507701462811 87.3214000097218 94.2422039965851 91.7383329584239 89.2175539546419 92.6478452844354 92.521705016414
82.4570356382086 84.598216984643 82.9953807752155 83.2222041818708 90.4814144005042 0 90.7395732977116 73.1490395552253 81.1963957883817 84.2717598056775 88.1296047201809 91.5870793234286 91.1086565453067 87.3975598292249 86.6580961725535 91.0721310074469 87.3152313572216 88.6223132959149
91.1249742487413 93.5187987806513 93.1233912545362 93.3544374808701 76.4578371154628 90.7395732977116 0 90.9662939612834 88.1659586370184 88.7344387882953 86.0621707455228 83.3513248469073 84.5941400930762 93.9685299606475 91.0528876297447 87.2164523409638 92.0522981812224 91.7514910710466
85.0115106273678 86.1218994925637 84.7749312904421 84.7689215077436 90.922877176428 73.1490395552253 90.9662939612834 0 80.3285636602619 82.6978357611198 87.5110249283942 91.3769599159453 90.7923651543881 85.6814547535778 84.8172025356073 90.5575449187903 85.4820648647119 87.1569302703608
86.5840769255055 89.0078503682066 88.103370572082 88.2753097867997 88.4475134401483 81.1963957883817 88.1659586370184 80.3285636602619 0 76.2581263061566 82.944548922337 88.5472541949484 87.7917907521781 88.015631329007 83.6009463029101 87.7348895485676 85.3978222783945 86.1651703119209
88.8143980660997 90.4547687368095 89.6707254104607 89.7388831451238 89.4280635219098 84.2717598056775 88.7344387882953 82.6978357611198 76.2581263061566 0 80.6146776956766 87.8993553074974 86.8092101824516 87.1217246129041 79.4681370721026 86.1033994395945 82.5659932787142 83.0384872811603
90.7072760446247 92.5077187921151 91.9185746369958 92.0331577845468 87.7357985898726 88.1296047201809 86.0621707455228 87.5110249283942 82.944548922337 80.6146776956766 0 83.051870788883 80.9592749944297 90.1998379108893 84.3543396265528 80.3251456409608 86.3653120819921 85.4444290768047
92.8760343964822 94.6099182030769 94.1845010902359 94.3208424707145 86.5507701462811 91.5870793234286 83.3513248469073 91.3769599159453 88.5472541949484 87.8993553074974 83.051870788883 0 71.6596872039905 93.332027320975 89.5976743138023 80.057999148081 90.7083105741289 89.8783737261491
92.6708255255615 94.3461915304387 93.8924062417859 94.0144449195348 87.3214000097218 91.1086565453067 84.5941400930762 90.7923651543881 87.7917907521781 86.8092101824516 80.9592749944297 71.6596872039905 0 92.6646941022297 88.5142593369233 76.1677794707972 89.7428929869615 88.7651958006542
91.1190958196448 90.4761005024071 89.8195101390914 89.5178683060867 94.2422039965851 87.3975598292249 93.9685299606475 85.6814547535778 88.015631329007 87.1217246129041 90.1998379108893 93.332027320975 92.6646941022297 0 84.3279020717801 91.8652783427072 82.2819183877674 85.0930706154422
90.7192015157725 91.4725839728113 90.7750878561122 90.715999260007 91.7383329584239 86.6580961725535 91.0528876297447 84.8172025356073 83.6009463029101 79.4681370721026 84.3543396265528 89.5976743138023 88.5142593369233 84.3279020717801 0 87.1394871931621 72.79025144391 74.8172353991213
92.9807352220726 94.4140990964314 93.9416775421926 94.0253517422448 89.2175539546419 91.0721310074469 87.2164523409638 90.5575449187903 87.7348895485676 86.1033994395945 80.3251456409608 80.057999148081 76.1677794707972 91.8652783427072 87.1394871931621 0 88.4407002914246 87.042481236594
91.220094294783 91.630018568593 90.959376377232 90.8471697247964 92.6478452844354 87.3152313572216 92.0522981812224 85.4820648647119 85.3978222783945 82.5659932787142 86.3653120819921 90.7083105741289 89.7428929869615 82.2819183877674 72.79025144391 88.4407002914246 0 74.5416919591329
92.0103444593576 92.6046768387851 91.9991201762544 91.9283899677472 92.521705016414 88.6223132959149 91.7514910710466 87.1569302703608 86.1651703119209 83.0384872811603 85.4444290768047 89.8783737261491 88.7651958006542 85.0930706154422 74.8172353991213 87.042481236594 74.5416919591329 0
