0 69.0724707021626 87.491838041348 89.6032551369968 91.4529317334505 91.7009959178914 88.939499180549 91.9290822359911 91.5552221823547 89.9742370056535 92.8818153354696 93.1593049931367 90.422083684711 95.0773407476321 90.867104733722 93.051870788883 92.0951137909965 94.4560785088276
69.0724707021626 0 87.3082160992677 88.9847314590875 90.8564841175001 91.1157579812105 88.6848557252811 91.3812810589918 91.0054295411106 89.5556933220744 92.3887678784619 92.68916802751 90.2160139438428 94.6623240835214 90.5380441564851 92.5942958832762 91.6797875908655 94.0392171625851
87.491838041348 87.3082160992677 0 84.8667886893461 88.939499180549 89.3223765816634 74.0608757462916 89.115684439989 88.2688829342483 81.8670341320252 90.2604578063016 90.4440634332356 79.8195101390914 93.5547758127407 82.7760355725621 89.9769504982872 87.1696213970273 92.2347194778255
89.6032551369968 88.9847314590875 84.8667886893461 0 80.4078597858648 81.3926525972256 83.4984742639294 80.9822487981031 78.7966354858417 78.3073021585004 83.8146333429251 84.3557033681209 84.5832154332189 89.6291938013217 81.5766707252515 83.6964506811521 80.5527990930723 87.6869373514128
91.4529317334505 90.8564841175001 88.939499180549 80.4078597858648 0 62.0827706588024 88.0538131744044 68.7966354858417 71.8069354424815 84.9659509602808 76.706750637792 78.5626155199393 88.4653586674992 86.1192544428531 86.2028505482141 78.9847314590875 82.3358293114501 83.7762130839506
91.7009959178914 91.1157579812105 89.3223765816634 81.3926525972256 62.0827706588024 0 88.4638216139284 68.5776170713634 73.323798167022 85.5160989963473 75.5971656502182 77.7647878994723 88.8285560079588 85.5673171147236 86.6394168112023 78.5776170713634 82.764629276264 83.1725100351296
88.939499180549 88.6848557252811 74.0608757462916 83.4984742639294 88.0538131744044 88.4638216139284 0 88.1067100146295 87.1185824845969 78.2993261327158 89.2849999751602 89.4344587975798 74.3872598725851 92.9106243619669 78.9090804678383 88.8461887760664 85.2970022018606 91.3855664895274
91.9290822359911 91.3812810589918 89.115684439989 80.9822487981031 68.7966354858417 68.5776170713634 88.1067100146295 0 68.7966354858417 84.8667886893461 73.2478263495168 75.6120133392751 88.3351034548413 85.6238550502764 85.8987805111985 75.8005514005498 81.0843403509302 82.5669085750218
91.5552221823547 91.0054295411106 88.2688829342483 78.7966354858417 71.8069354424815 73.323798167022 87.1185824845969 68.7966354858417 0 83.381156296672 76.6604254538209 77.9330371790942 87.3719376615789 86.7331655627619 84.6224845236715 77.0605702158074 79.2684262627964 83.8442943303298
89.9742370056535 89.5556933220744 81.8670341320252 78.3073021585004 84.9659509602808 85.5160989963473 78.2993261327158 84.8667886893461 83.381156296672 0 86.440724448383 86.6218316414651 78.9298435901867 91.1411444397705 72.5868656935784 85.7863355292019 80.3733330693944 89.2090403939793
92.8818153354696 92.3887678784619 90.2604578063016 83.8146333429251 76.706750637792 75.5971656502182 89.2849999751602 73.2478263495168 76.6604254538209 86.440724448383 0 64.9227372224544 89.3122722994984 83.5725918290523 87.0711757029314 71.1136705287218 82.2305599791183 78.9397590287996
93.1593049931367 92.68916802751 90.4440634332356 84.3557033681209 78.5626155199393 77.7647878994723 89.4344587975798 75.6120133392751 77.9330371790942 86.6218316414651 64.9227372224544 0 89.3706773252167 83.3513248469073 87.1185824845969 68.1860958317419 82.0827706588024 77.7539780617157
90.422083684711 90.2160139438428 79.8195101390914 84.5832154332189 88.4653586674992 88.8285560079588 74.3872598725851 88.3351034548413 87.3719376615789 78.9298435901867 89.3122722994984 89.3706773252167 0 92.8926411279113 76.6136007973246 88.6906959612515 84.676136068509 91.2382111581917
95.0773407476321 94.6623240835214 93.5547758127407 89.6291938013217 86.1192544428531 85.5673171147236 92.9106243619669 85.6238550502764 86.7331655627619 91.1411444397705 83.5725918290523 83.3513248469073 92.8926411279113 0 91.4556343706656 84.598216984643 88.7110751598551 78.5508005744218
90.867104733722 90.5380441564851 82.7760355725621 81.5766707252515 86.2028505482141 86.6394168112023 78.9090804678383 85.8987805111985 84.6224845236715 72.5868656935784 87.0711757029314 87.1185824845969 76.6136007973246 91.4556343706656 0 86.2118970069928 80.3134982103822 89.4543604054668
93.051870788883 92.5942958832762 89.9769504982872 83.6964506811521 78.9847314590875 78.5776170713634 88.8461887760664 75.8005514005498 77.0605702158074 85.7863355292019 71.1136705287218 68.1860958317419 88.6906959612515 84.598216984643 86.2118970069928 0 80.2528274474092 79.4651194845386
92.0951137909965 91.6797875908655 87.1696213970273 80.5527990930723 82.3358293114501 82.764629276264 85.2970022018606 81.0843403509302 79.2684262627964 80.3733330693944 82.2305599791183 82.0827706588024 84.676136068509 88.7110751598551 80.3134982103822 80.2528274474092 0 85.7455309361203
94.4560785088276 94.0392171625851 92.2347194778255 87.6869373514128 83.7762130839506 83.1725100351296 91.3855664895274 82.5669085750218 83.8442943303298 89.2090403939793 78.9397590287996 77.7539780617157 91.2382111581917 78.5508005744218 89.4543604054668 79.4651194845386 85.7455309361203 0
