0 84.4632316900903 89.157162133207 87.5529400534949 89.7428929869615 90.3763032814006 90.4857622301273 89.9704352654328 91.6536838862755 92.3999618428095 93.596469161277 93.0430423028275 92.6999046085507 92.2301118580396 93.3099691227681 92.5967214666634 93.1865954989289 92.8007413114836
84.4632316900903 0 92.7114819424818 83.3836330260342 86.4210841896122 87.3031982537424 87.6726240401613 88.8461887760664 92.8522543049557 93.7070359384284 94.8993964288663 94.1514443964103 93.6890717776987 91.097539163331 94.2377227435285 91.4825687623236 93.8179951891663 92.1226754861304
89.157162133207 92.7114819424818 0 92.4247345007462 93.3200309745183 93.6150544197642 93.5316248416738 91.898866095928 88.5663707686117 88.4691989231381 89.1865483842417 89.5124377387419 89.6945287903597 93.3438399852128 90.2584243544002 93.6001404706142 90.9994315893368 93.1925505915743
87.5529400534949 83.3836330260342 92.4247345007462 0 76.8316543916761 79.3756649167141 79.9796622965764 82.6459542896836 90.5556491061807 91.7532076048429 93.274314014381 92.1654959184623 91.475658624139 86.511355037598 92.1365560003738 87.145426030966 91.3734212345335 88.2560006264889
89.7428929869615 86.4210841896122 93.3200309745183 76.8316543916761 0 67.4754622734875 70.237526392877 81.1303421223965 90.6607330446118 91.8670341320252 93.3597979157479 92.1576223194136 91.4121890441111 84.2486082963438 92.0215398082145 84.948918768579 91.0738170968863 86.706750637792
90.3763032814006 87.3031982537424 93.6150544197642 79.3756649167141 67.4754622734875 0 62.9845369622933 81.1676208475889 90.7501868793672 91.9432494711809 93.4125063058833 92.1900093127201 91.4343539178196 83.488537072531 92.0184893922487 84.1767700780522 91.0165466649615 86.213187821334
90.4857622301273 87.6726240401613 93.5316248416738 79.9796622965764 70.237526392877 62.9845369622933 0 80.2528274474092 90.4649628778786 91.693328996376 93.1966884539194 91.9321960782572 91.1490214837476 82.6316013152075 91.7441879861927 83.3976619897446 90.6939770966864 85.5927014269514
89.9704352654328 88.8461887760664 91.898866095928 82.6459542896836 81.1303421223965 81.1676208475889 80.2528274474092 0 87.2598037653182 88.9847314590875 90.9813878713843 89.3255293548103 88.2608359710067 79.4314171646203 89.1084015061976 80.9283874458364 87.753034320393 82.1556516872302
91.6536838862755 92.8522543049557 88.5663707686117 90.5556491061807 90.6607330446118 90.7501868793672 90.4649628778786 87.2598037653182 0 74.1239704853616 81.9124372658146 77.0071507868401 73.8213544350363 88.1211776835506 78.103370572082 88.3736684679057 78.9021373091748 86.9639370490137
92.3999618428095 93.7070359384284 88.4691989231381 91.7532076048429 91.8670341320252 91.9432494711809 91.693328996376 88.9847314590875 74.1239704853616 0 77.3975598292249 70.943337135734 73.2478263495168 89.5721194712968 75.6562542463234 89.7498089409168 79.9360690089101 88.4622840161715
93.596469161277 94.8993964288663 89.1865483842417 93.274314014381 93.3597979157479 93.4125063058833 93.1966884539194 90.9813878713843 81.9124372658146 77.3975598292249 0 76.3340981236618 80.0174507434799 91.2872797102134 78.7966354858417 91.3913677756156 83.051870788883 90.2528274474093
93.0430423028275 94.1514443964103 89.5124377387419 92.1654959184623 92.1576223194136 92.1900093127201 91.9321960782572 89.3255293548103 77.0071507868401 70.943337135734 76.3340981236618 0 70.855597892659 89.5811125418042 69.2684262627964 89.703323259437 78.0105149591016 88.302518301047
92.6999046085507 93.6890717776987 89.6945287903597 91.475658624139 91.4121890441111 91.4343539178196 91.1490214837476 88.2608359710067 73.8213544350363 73.2478263495168 80.0174507434799 70.855597892659 0 88.5156503377259 70.0814756595712 88.660967378802 74.5416919591329 87.0859800093211
92.2301118580396 91.097539163331 93.3438399852128 86.511355037598 84.2486082963438 83.488537072531 82.6316013152075 79.4314171646203 88.1211776835506 89.5721194712968 91.2872797102134 89.5811125418042 88.5156503377259 0 89.113896039233 64.9227372224544 87.386318218352 75.0376711391039
93.3099691227681 94.2377227435285 90.2584243544002 92.1365560003738 92.0215398082145 92.0184893922487 91.7441879861927 89.1084015061976 78.103370572082 75.6562542463234 78.7966354858417 69.2684262627964 70.0814756595712 89.113896039233 0 89.2007491371755 74.8349979793794 87.6457956664753
92.5967214666634 91.4825687623236 93.6001404706142 87.145426030966 84.948918768579 84.1767700780522 83.3976619897446 80.9283874458364 88.3736684679057 89.7498089409168 91.3913677756156 89.703323259437 88.660967378802 64.9227372224544 89.2007491371755 0 87.4475120376082 74.1502555637185
93.1865954989289 93.8179951891663 90.9994315893368 91.3734212345335 91.0738170968863 91.0165466649615 90.6939770966864 87.753034320393 78.9021373091748 79.9360690089101 83.051870788883 78.0105149591016 74.5416919591329 87.386318218352 74.8349979793794 87.4475120376082 0 85.4535216572886
92.8007413114836 92.1226754861304 93.1925505915743 88.2560006264889 86.706750637792 86.213187821334 85.5927014269514 82.1556516872302 86.9639370490137 88.4622840161715 90.2528274474093 88.302518301047 87.0859800093211 75.0376711391039 87.6457956664753 74.1502555637185 85.4535216572886 0
