0 83.3313227628732 87.9060271031893 82.6135550936366 85.907097675858 86.7923005771085 89.3002428506583 86.2848542995451 91.5867937073557 91.7358733600348 92.4808762002859 89.8178221382336 89.7292410124304 90.470777375883 90.416203582512 90.7501868793672 91.7020900883324 92.4555029242986
83.3313227628732 0 80.4078597858648 67.9330371790942 78.8179418809182 80.1445703986413 83.6127062473257 88.8770253376371 87.5972706385311 87.9994087697801 89.0058154076919 87.4269372455433 90.348586681741 88.1067100146295 89.7066704265978 89.6215462161898 92.1292907879716 91.4494544410294
87.9060271031893 80.4078597858648 0 81.9401435468265 82.3578348697387 82.0827706588024 80.1912970937131 91.4463265632304 84.8172353991213 85.8246120982086 86.6545999065771 88.3327274477688 92.1405517454185 88.7016252803801 91.0641131310442 90.738820882775 93.5095525964311 92.1674620898468
82.6135550936366 67.9330371790942 81.9401435468265 0 77.5803463896305 79.4313841462521 83.9209422467254 88.079102076902 87.7935849867912 88.0908247429846 89.1551959618225 86.8226906220976 89.6772570966304 87.59539342008 89.0724707021626 89.0335443405708 91.5946508571361 91.0028600046079
85.907097675858 78.8179418809182 82.3578348697387 77.5803463896305 0 66.625354376404 80.5527990930723 88.1429302950868 85.5085157137867 85.6120133392751 87.1426142386487 83.4499763303665 88.7449166908206 84.4632316900903 87.2425274907694 86.9257690522703 90.6953567583125 89.2511478917976
86.7923005771085 80.1445703986413 82.0827706588024 79.4313841462521 66.625354376404 0 78.8461887760664 88.6745484267301 84.484421527208 84.5775764649058 86.2899428940185 82.9463689655499 88.9977421595515 83.8924062417859 87.2516823140145 86.804707388042 90.8324923408609 89.0724707021626
89.3002428506583 83.6127062473257 80.1912970937131 83.9209422467254 80.5527990930723 78.8461887760664 0 91.082459932525 78.9298435901867 80.0814756595712 82.3105428072981 85.0947406576928 91.0513100333854 85.3413992496673 89.2073249576102 88.5663707686117 92.3912579207112 90.1178670550307
86.2848542995451 88.8770253376371 91.4463265632304 88.079102076902 88.1429302950868 88.6745484267301 91.082459932525 0 92.6215912256502 92.4463317152382 93.2409239003594 88.2244578962425 81.9504880014648 88.9510093625091 86.1665768780747 87.377593888332 85.7762928850667 89.4073033221169
91.5867937073557 87.5972706385311 84.8172353991213 87.7935849867912 85.5085157137867 84.484421527208 78.9298435901867 92.6215912256502 0 69.5765657369386 72.5570171580838 86.301340043983 92.1554585736057 86.0487872378001 90.1120859211209 89.3116400006228 93.1423245261837 90.2923597189572
91.7358733600348 87.9994087697801 85.8246120982086 88.0908247429846 85.6120133392751 84.5775764649058 80.0814756595712 92.4463317152382 69.5765657369386 0 72.0827706588024 85.4288545277498 91.7902876997999 85.0206444159974 89.5317156500199 88.6230543495502 92.7460299124228 89.56524744625
92.4808762002859 89.0058154076919 86.6545999065771 89.1551959618225 87.1426142386487 86.2899428940185 82.3105428072981 93.2409239003594 72.5570171580838 72.0827706588024 0 87.042481236594 92.6215912256502 86.6359054690201 90.5456658670192 89.7107101071407 93.4594760311699 90.416203582512
89.8178221382336 87.4269372455433 88.3327274477688 86.8226906220976 83.4499763303665 82.9463689655499 85.0947406576928 88.2244578962425 86.301340043983 85.4288545277498 87.042481236594 0 86.1745925533349 67.9330371790942 81.1303421223965 78.9642297145514 87.8718063285063 83.2222041818708
89.7292410124304 90.348586681741 92.1405517454185 89.6772570966304 88.7449166908206 88.9977421595515 91.0513100333854 81.9504880014648 92.1554585736057 91.7902876997999 92.6215912256502 86.1745925533349 0 86.7989985345143 80.4726307466422 83.0329377965481 77.9083000319629 85.3321873481914
90.470777375883 88.1067100146295 88.7016252803801 87.59539342008 84.4632316900903 83.8924062417859 85.3413992496673 88.9510093625091 86.0487872378001 85.0206444159974 86.6359054690201 67.9330371790942 86.7989985345143 0 81.7423818124012 79.2428040951504 88.1762516005099 82.6459542896836
90.416203582512 89.7066704265978 91.0641131310442 89.0724707021626 87.2425274907694 87.2516823140145 89.2073249576102 86.1665768780747 90.1120859211209 89.5317156500199 90.5456658670192 81.1303421223965 80.4726307466422 81.7423818124012 0 71.1963957883817 82.5570171580838 79.4313841462521
90.7501868793672 89.6215462161898 90.738820882775 89.0335443405708 86.9257690522703 86.804707388042 88.5663707686117 87.377593888332 89.3116400006228 88.6230543495502 89.7107101071407 78.9642297145514 83.0329377965481 79.2428040951504 71.1963957883817 0 84.4224890007509 77.4947214838478
91.7020900883324 92.1292907879716 93.5095525964311 91.5946508571361 90.6953567583125 90.8324923408609 92.3912579207112 85.7762928850667 93.1423245261837 92.7460299124228 93.4594760311699 87.8718063285063 77.9083000319629 88.1762516005099 82.5570171580838 84.4224890007509 0 84.9435334863856
92.4555029242986 91.4494544410294 92.1674620898468 91.0028600046079 89.2511478917976 89.0724707021626 90.1178670550307 89.4073033221169 90.2923597189572 89.56524744625 90.416203582512 83.2222041818708 85.3321873481914 82.6459542896836 79.4313841462521 77.4947214838478 84.9435334863856 0
