0 79.9360690089101 82.2305599791183 80.9994315893368 84.3324112371201 91.0809756830733 88.9782601180794 93.0462547382712 91.604732064441 92.9961927901318 90.4920308463988 90.5779097369011 93.3550650034345 90.8418382317658 92.0225561375968 94.3187283777011 92.6990426180775 92.9114525623608
79.9360690089101 0 85.8457319881969 80.5622918724125 83.0359335433252 92.1900093127201 87.1668228748177 93.8645681728627 92.2124400817356 93.7672428620266 88.5142593369233 90.3494979591081 94.0362312422866 90.738820882775 90.9119548206408 94.637165752086 91.8356069542751 91.8019488736185
82.2305599791183 85.8457319881969 0 81.3414426772175 83.3459468553851 87.2180198603311 88.415198505707 90.1288824412368 88.3327274477688 90.0812532768205 90.4078597858648 88.1316743187726 90.6056933767198 88.2737039650698 91.1019622167072 92.0951137909965 91.5746458687205 92.1654959184623
80.9994315893368 80.5622918724125 81.3414426772175 0 74.4135937904532 89.6338933227531 84.7429059535509 91.7762128290069 89.580133814493 91.6411569054893 87.3302260026353 87.3242343555791 91.9731594409166 87.7917907521781 89.178079427437 92.7460299124228 90.0836495427041 90.4088422414326
84.3324112371201 83.0359335433252 83.3459468553851 74.4135937904532 0 89.3263857379704 81.7711908388985 91.3924062126811 88.8057884381113 91.2066265229575 85.418267852262 85.4634744757606 91.4931767198898 86.1269567705931 87.4306202813451 92.0589467425236 88.5241253582302 88.9233281470785
91.0809756830733 92.1900093127201 87.2180198603311 89.6338933227531 89.3263857379704 0 90.754094183672 79.2492238225855 79.1453517305904 79.2817761842959 92.2700956266636 86.7468837467999 81.2004909747474 86.1350517739506 91.3418389132307 86.2325041385106 91.1124677925623 92.263691519009
88.9782601180794 87.1668228748177 88.415198505707 84.7429059535509 81.7711908388985 90.754094183672 0 92.1271820958665 89.4024499730051 91.8722972449526 76.9900415762883 83.9876654149961 91.9779326728308 85.0445201351229 81.7999029479313 91.7837822937057 84.2979161426279 84.2083777515997
93.0462547382712 93.8645681728627 90.1288824412368 91.7762128290069 91.3924062126811 79.2492238225855 92.1271820958665 0 80.8378353124009 63.9765030194873 93.3313227628732 88.1860958317419 71.1963957883817 87.5196314496235 92.099442252477 83.2299067168234 91.6552074697488 92.8354320315571
91.604732064441 92.2124400817356 88.3327274477688 89.580133814493 88.8057884381113 79.1453517305904 89.4024499730051 80.8378353124009 0 79.7720208059206 90.9822487981031 83.3288160125473 80.237526392877 82.1556516872302 89.3905934154663 83.0196808096236 88.8984049653725 90.4372372021832
92.9961927901318 93.7672428620266 90.0812532768205 91.6411569054893 91.2066265229575 79.2817761842959 91.8722972449526 63.9765030194873 79.7720208059206 0 93.0925423533939 87.7214282684389 67.9696794997053 87.0066994040102 91.7835596268364 82.4034273369272 91.3072304223909 92.5363932832865
90.4920308463988 88.5142593369233 90.4078597858648 87.3302260026353 85.418267852262 92.2700956266636 76.9900415762883 93.3313227628732 90.9822487981031 93.0925423533939 0 86.440724448383 93.1391823978766 87.2415090959192 81.0632682823266 92.7184135576832 84.1238083919054 82.5570171580838
90.5779097369011 90.3494979591081 88.1316743187726 87.3242343555791 85.4634744757606 86.7468837467999 83.9876654149961 88.1860958317419 83.3288160125473 87.7214282684389 86.440724448383 0 87.7575586929441 66.2581263061566 83.6150544197642 87.2628453983262 83.2967097504734 85.7376505077114
93.3550650034345 94.0362312422866 90.6056933767198 91.9731594409166 91.4931767198898 81.2004909747474 91.9779326728308 71.1963957883817 80.237526392877 67.9696794997053 93.1391823978766 87.7575586929441 0 87.0200315026164 91.7148350829037 80.7342661421173 91.1682189923508 92.4324470668276
90.8418382317658 90.738820882775 88.2737039650698 87.7917907521781 86.1269567705931 86.1350517739506 85.0445201351229 87.5196314496235 82.1556516872302 87.0066994040102 87.2415090959192 66.2581263061566 87.0200315026164 0 84.484421527208 86.4736672977584 83.9462627151067 86.3516352768448
92.0225561375968 90.9119548206408 91.1019622167072 89.178079427437 87.4306202813451 91.3418389132307 81.7999029479313 92.099442252477 89.3905934154663 91.7835596268364 81.0632682823266 83.6150544197642 91.7148350829037 84.484421527208 0 90.706378301254 73.5805704713605 73.447537158823
94.3187283777011 94.637165752086 92.0951137909965 92.7460299124228 92.0589467425236 86.2325041385106 91.7837822937057 83.2299067168234 83.0196808096236 82.4034273369272 92.7184135576832 87.2628453983262 80.7342661421173 86.4736672977584 90.706378301254 0 89.7961819703608 91.2811923041563
92.6990426180775 91.8356069542751 91.5746458687205 90.0836495427041 88.5241253582302 91.1124677925623 84.2979161426279 91.6552074697488 88.8984049653725 91.3072304223909 84.1238083919054 83.2967097504734 91.1682189923508 83.9462627151067 73.5805704713605 89.7961819703608 0 75.2300624561875
92.9114525623608 91.8019488736185 92.1654959184623 90.4088422414326 88.9233281470785 92.263691519009 84.2083777515997 92.8354320315571 90.4372372021832 92.5363932832865 82.5570171580838 85.7376505077114 92.4324470668276 86.3516352768448 73.447537158823 91.2811923041563 75.2300624561875 0
