0 80.6047544631244 88.8436427968181 84.1758581374509 91.7148350829037 82.420100378145 82.7399471175304 82.5659932787142 82.9953807752155 81.0505757896518 91.3620386755965 85.0964100579897 90.3345343122189 91.1286778400159 87.2668975981248 84.7904545651168 84.7290367050397 89.4705762436461
80.6047544631244 0 84.7544028366827 77.627196302634 88.940188044825 77.4754622734875 77.5038313768206 86.7889107409908 87.0933632809799 83.2222041818708 88.6153924674563 81.8810549507213 87.2991797988463 88.3823526405858 83.9925487547429 87.8293148865457 87.6230152905867 86.5075683494469
88.8436427968181 84.7544028366827 0 81.8285775582881 80.7535096855338 84.2978216019754 83.9731365032165 91.1263409774811 91.3106925243568 88.4012971322045 79.9742370056535 83.7991244265702 77.2789409809989 79.8472536406648 81.632961355715 91.4305679847653 91.2066265229575 79.6512587990549
84.1758581374509 77.627196302634 81.8285775582881 0 87.3031982537424 72.2787262194362 70.9472887005754 87.4908764682633 87.7711035988784 83.0384872811603 86.4282275192691 75.5523155632995 84.4632316900903 85.9635092840055 78.3311427205777 88.0360367454923 87.7291198096371 82.8100758107315
91.7148350829037 88.940188044825 80.7535096855338 87.3031982537424 0 88.6848557252811 88.4892882016738 93.3908075640954 93.5316248416738 91.3370816934188 75.2076085901462 88.1383073018398 79.3443980803016 77.9330371790942 86.4345964033151 93.5775672444079 93.3929811238067 83.5630990497122
82.420100378145 77.4754622734875 84.2978216019754 72.2787262194362 88.6848557252811 0 55.6402675255052 85.8457319881969 86.1821018921153 80.0814756595712 87.8370198971447 74.3872598725851 86.1297923790371 87.3827962632147 79.9085993106296 86.4967004156867 86.1357296585523 84.4088227212188
82.7399471175304 77.5038313768206 83.9731365032165 70.9472887005754 88.4892882016738 55.6402675255052 0 86.10787421147 86.4341894737254 80.5586732917868 87.6243995150613 73.9988164469289 85.8738548241107 87.162308359432 79.505127114981 86.7288578048414 86.3740794860693 84.1253481091253
82.5659932787142 86.7889107409908 91.1263409774811 87.4908764682633 93.3908075640954 85.8457319881969 86.10787421147 0 57.9330371790942 80.0174507434799 92.8219559578872 86.7696515306304 91.8652783427072 92.5163934390137 88.6957997331364 73.091775616211 74.0172089474293 90.7683108277111
82.9953807752155 87.0933632809799 91.3106925243568 87.7711035988784 93.5316248416738 86.1821018921153 86.4341894737254 57.9330371790942 0 80.6234942756704 92.9672361291426 87.0520671395345 92.0262806451349 92.6646941022297 88.9180900111074 72.5570171580838 73.8489142761701 90.943337135734
81.0505757896518 83.2222041818708 88.4012971322045 83.0384872811603 91.3370816934188 80.0814756595712 80.5586732917868 80.0174507434799 80.6234942756704 0 90.5693775273868 81.4238688668901 89.3046786303878 90.1659193700637 84.716399646416 80.855597892659 80.1539762937446 87.7998589768893
91.3620386755965 88.6153924674563 79.9742370056535 86.4282275192691 75.2076085901462 87.8370198971447 87.6243995150613 92.8219559578872 92.9672361291426 90.5693775273868 0 86.8671161956351 73.2937512044852 66.8163653801142 84.5866143222568 92.9301717438959 92.7184135576832 80.1673726791551
85.0964100579897 81.8810549507213 83.7991244265702 75.5523155632995 88.1383073018398 74.3872598725851 73.9988164469289 86.7696515306304 87.0520671395345 81.4238688668901 86.8671161956351 0 84.8349979793794 86.2196361444474 74.8349979793794 86.965022649524 86.5503620255366 82.1556516872302
90.3345343122189 87.2991797988463 77.2789409809989 84.4632316900903 79.3443980803016 86.1297923790371 85.8738548241107 91.8652783427072 92.0262806451349 89.3046786303878 73.2937512044852 84.8349979793794 0 69.9742370056535 81.8246980227395 91.9748721612208 91.7375571176944 75.289026176076
91.1286778400159 88.3823526405858 79.8472536406648 85.9635092840055 77.9330371790942 87.3827962632147 87.162308359432 92.5163934390137 92.6646941022297 90.1659193700637 66.8163653801142 86.2196361444474 69.9742370056535 0 83.6501254971811 92.5966708617039 92.3727072443863 78.2993261327158
87.2668975981248 83.9925487547429 81.632961355715 78.3311427205777 86.4345964033151 79.9085993106296 79.505127114981 88.6957997331364 88.9180900111074 84.716399646416 84.5866143222568 74.8349979793794 81.8246980227395 83.6501254971811 0 88.7623263292455 88.410190431033 77.3082160992677
84.7904545651168 87.8293148865457 91.4305679847653 88.0360367454923 93.5775672444079 86.4967004156867 86.7288578048414 73.091775616211 72.5570171580838 80.855597892659 92.9301717438959 86.965022649524 91.9748721612208 92.5966708617039 88.7623263292455 0 61.6645068601648 90.7953557193797
84.7290367050397 87.6230152905867 91.2066265229575 87.7291198096371 93.3929811238067 86.1357296585523 86.3740794860693 74.0172089474293 73.8489142761701 80.1539762937446 92.7184135576832 86.5503620255366 91.7375571176944 92.3727072443863 88.410190431033 61.6645068601648 0 90.5123304055673
89.4705762436461 86.5075683494469 79.6512587990549 82.8100758107315 83.5630990497122 84.4088227212188 84.1253481091253 90.7683108277111 90.943337135734 87.7998589768893 80.1673726791551 82.1556516872302 75.289026176076 78.2993261327158 77.3082160992677 90.7953557193797 90.5123304055673 0
