0 89.4608113270667 93.4181597425046 90.0925836177855 88.0706757264335 89.3255293548103 94.2832477514291 89.7314264593261 91.3608158529667 90.4057961559684 93.1553923124741 90.5399943980151 92.4321388270163 91.3926525972256 94.2350153507452 92.635671648745 92.8438032843147 93.2799605500998
89.4608113270667 0 84.6944839826563 78.6148957965558 85.3915891308315 86.9312422033652 87.3431796161499 90.4396763737266 86.1664750873007 87.9064056442778 86.6136007973246 90.9997419818328 87.2016042685911 88.4944597996847 88.1830841643428 92.9510215835657 92.494103516246 92.2722980791558
93.4181597425046 84.6944839826563 0 84.9659509602808 89.7793837449569 90.2119042252309 79.7571837034398 92.9092436769071 87.989131632697 90.4131930371917 84.7922451010396 93.1757396898176 87.6392949459772 90.3134982103822 84.4646898162149 94.440579362078 93.835856809277 93.3481592462399
90.0925836177855 78.6148957965558 84.9659509602808 0 82.4108172720404 83.8056556760196 86.0487872378001 88.7016252803801 81.4741215705682 84.7844419273668 83.1574795141574 89.2549524084192 83.2222041818708 85.3413992496673 85.9354470826487 91.4331901614411 90.7722306813113 90.3882117005992
88.0706757264335 85.3915891308315 89.7793837449569 82.4108172720404 0 73.6150544197642 89.9883286897122 83.323798167022 81.5729154765791 78.8185894021949 86.921385559777 84.5839334948905 84.5681618832458 81.8246980227395 89.1361332025863 88.3784347830183 87.8391954376383 87.8766868370439
89.3255293548103 86.9312422033652 90.2119042252309 83.8056556760196 73.6150544197642 0 90.0222854898969 81.4548623602078 79.9579203496951 72.0770440751548 86.5111849588043 82.6257171834872 83.3011458390096 77.9330371790942 88.8113633208272 86.9301481248057 86.1071793484296 86.0330499455666
94.2832477514291 87.3431796161499 79.7571837034398 86.0487872378001 89.9883286897122 90.0222854898969 0 92.6529911988424 87.0520671395345 89.8997445665518 81.4548623602078 92.8053377743742 85.8987805111985 89.4614222780164 78.2255985812558 93.8698844377139 93.1171178699483 92.43503601277
89.7314264593261 90.4396763737266 92.9092436769071 88.7016252803801 83.323798167022 81.4548623602078 92.6529911988424 0 86.2093142267685 81.3607688251737 90.0222854898969 69.6461452814891 87.669856364134 83.051870788883 91.5623009500428 82.1292907879716 82.419841539967 84.0382335510847
91.3608158529667 86.1664750873007 87.989131632697 81.4741215705682 81.5729154765791 79.9579203496951 87.0520671395345 86.2093142267685 0 78.8396289926991 81.1011246996244 86.5152315701345 73.8658978492988 77.7285209261352 84.9555525284397 88.8335004036678 87.6570069015348 86.7985317576264
90.4057961559684 87.9064056442778 90.4131930371917 84.7844419273668 78.8185894021949 72.0770440751548 89.8997445665518 81.3607688251737 78.8396289926991 0 86.0286469503739 81.9504880014648 82.0468592038042 72.1062388242724 88.375297950221 86.010161930528 84.7635075614827 84.3517426338573
93.1553923124741 86.6136007973246 84.7922451010396 83.1574795141574 86.921385559777 86.5111849588043 81.4548623602078 90.0222854898969 81.1011246996244 86.0286469503739 0 90.1572363731987 77.9762509169206 85.1329754427702 76.205465255426 91.4944435142755 90.4891568741302 89.5762452481441
90.5399943980151 90.9997419818328 93.1757396898176 89.2549524084192 84.5839334948905 82.6257171834872 92.8053377743742 69.6461452814891 86.5152315701345 81.9504880014648 90.1572363731987 0 87.7671218278822 83.0758451180844 91.6315014349562 79.8341273461081 80.2119042252309 82.4692779150087
92.4321388270163 87.2016042685911 87.6392949459772 83.2222041818708 84.5681618832458 83.3011458390096 85.8987805111985 87.669856364134 73.8658978492988 82.0468592038042 77.9762509169206 87.7671218278822 0 80.1912970937131 82.7393936449185 89.4412153781109 88.1707643578241 87.0454089567546
91.3926525972256 88.4944597996847 90.3134982103822 85.3413992496673 81.8246980227395 77.9330371790942 89.4614222780164 83.051870788883 77.7285209261352 72.1062388242724 85.1329754427702 83.0758451180844 80.1912970937131 0 87.5724231227437 86.0070343066891 84.3373199761735 83.2711550075531
94.2350153507452 88.1830841643428 84.4646898162149 85.9354470826487 89.1361332025863 88.8113633208272 78.2255985812558 91.5623009500428 84.9555525284397 88.375297950221 76.205465255426 91.6315014349562 82.7393936449185 87.5724231227437 0 92.6301396976826 91.6980767816235 90.802090708818
92.635671648745 92.9510215835657 94.440579362078 91.4331901614411 88.3784347830183 86.9301481248057 93.8698844377139 82.1292907879716 88.8335004036678 86.010161930528 91.4944435142755 79.8341273461081 89.4412153781109 86.0070343066891 92.6301396976826 0 73.7613952456892 79.7842852949126
92.8438032843147 92.494103516246 93.835856809277 90.7722306813113 87.8391954376383 86.1071793484296 93.1171178699483 82.419841539967 87.6570069015348 84.7635075614827 90.4891568741302 80.2119042252309 88.1707643578241 84.3373199761735 91.6980767816235 73.7613952456892 0 73.8213544350363
93.2799605500998 92.2722980791558 93.3481592462399 90.3882117005992 87.8766868370439 86.0330499455666 92.43503601277 84.0382335510847 86.7985317576264 84.3517426338573 89.5762452481441 82.4692779150087 87.0454089567546 83.2711550075531 90.802090708818 79.7842852949126 73.8213544350363 0
