0 75.8987805111985 84.9659509602808 89.4147433098681 79.9828739550145 86.1604459158695 86.2688193362317 89.9045533998691 85.7102045651905 90.9680216370173 85.5628220877716 87.5424991364325 87.6910302758883 92.083891791694 88.8179418809182 90.3373809508113 89.7342959307347 92.0891386522067
75.8987805111985 0 81.1963957883817 91.0259312856468 83.367592291624 83.5780943454464 83.7680233894326 91.3669668561917 87.3501386685107 92.2234504614938 86.3340981236618 86.2028505482141 87.7285209261352 93.0862898056696 88.2584189716943 89.7386768847131 89.6127053130504 91.6233455755423
84.9659509602808 81.1963957883817 0 93.4073380372769 88.0354810168855 79.5295149155239 79.9749642504256 93.6038691950349 90.251809052559 94.2181525497562 88.8108513571896 85.3350845341687 89.0496941384894 94.7834839114251 88.4599765983439 89.4763342411959 90.2847852536588 91.3059633768884
89.4147433098681 91.0259312856468 93.4073380372769 0 86.8707259885206 93.3172293977675 93.3237613318809 73.9565453410661 85.7548958440144 79.8195101390914 88.9090804678383 93.0032256432585 90.8351646482895 85.0710126584862 92.5621059040169 93.5576719104155 92.0509172245329 94.4733670297169
79.9828739550145 83.367592291624 88.0354810168855 86.8707259885206 0 87.7239661854775 87.7457855061601 87.1143894407578 79.4882123966248 88.373640625281 81.3724899693126 87.5987864480753 85.4245481553059 89.6648998632169 87.7731432487464 89.553301503306 88.0494813997175 91.3168051714149
86.1604459158695 83.5780943454464 79.5295149155239 93.3172293977675 87.7239661854775 0 53.9536370923738 93.3313227628732 89.338172881478 93.8313444442367 87.0314337563239 79.3343743896372 86.4858114350266 94.1954140305632 84.9436232384112 86.2093142267685 87.7236598202265 88.725573403395
86.2688193362317 83.7680233894326 79.9749642504256 93.3237613318809 87.7457855061601 53.9536370923738 0 93.3278129071452 89.3116956106285 93.8201626227175 86.9603008793478 78.8840656173836 86.3503913834034 94.171523345808 84.7237747727727 86.000262209856 87.5753164708108 88.5663707686117
89.9045533998691 91.3669668561917 93.6038691950349 73.9565453410661 87.1143894407578 93.3313227628732 93.3278129071452 0 85.066881775226 74.1021507750034 88.4197333588676 92.8238106038191 90.3171547031983 82.2819183877674 92.1806558441716 93.1715419489557 91.4790937314851 94.0424054914208
85.7102045651905 87.3501386685107 90.251809052559 85.7548958440144 79.4882123966248 89.338172881478 89.3116956106285 85.066881775226 0 86.0056807318553 78.607465606858 88.2584189716943 83.7989102258118 86.9715984827891 87.2628453983262 89.0277463490784 86.5075683494469 90.6013642174969
90.9680216370173 92.2234504614938 94.2181525497562 79.8195101390914 88.373640625281 93.8313444442367 93.8201626227175 74.1021507750034 86.0056807318553 0 88.939499180549 93.1925505915743 90.5632400101347 78.3124915681864 92.3949903092406 93.3006396897642 91.5325297429229 94.0526844155306
85.5628220877716 86.3340981236618 88.8108513571896 88.9090804678383 81.3724899693126 87.0314337563239 86.9603008793478 88.4197333588676 78.607465606858 88.939499180549 0 84.9590655924985 77.3975598292249 89.2399938222199 83.3011458390096 85.9975095226496 82.7760355725621 88.2988042980005
87.5424991364325 86.2028505482141 85.3350845341687 93.0032256432585 87.5987864480753 79.3343743896372 78.8840656173836 92.8238106038191 88.2584189716943 93.1925505915743 84.9590655924985 0 82.764629276264 93.3266538824807 78.6665542029632 81.0620943696367 83.8213544350363 85.3194139509072
87.6910302758883 87.7285209261352 89.0496941384894 90.8351646482895 85.4245481553059 86.4858114350266 86.3503913834034 90.3171547031983 83.7989102258118 90.5632400101347 77.3975598292249 82.764629276264 0 90.4460020058481 77.9762509169206 82.1567113984501 76.4210841896122 85.3864387136106
92.083891791694 93.0862898056696 94.7834839114251 85.0710126584862 89.6648998632169 94.1954140305632 94.171523345808 82.2819183877674 86.9715984827891 78.3124915681864 89.2399938222199 93.3266538824807 90.4460020058481 0 92.2598530607428 93.049464799263 91.1126843175201 93.6263080079717
88.8179418809182 88.2584189716943 88.4599765983439 92.5621059040169 87.7731432487464 84.9436232384112 84.7237747727727 92.1806558441716 87.2628453983262 92.3949903092406 83.3011458390096 78.6665542029632 77.9762509169206 92.2598530607428 0 74.9117687671535 77.0071507868401 82.0450102172802
90.3373809508113 89.7386768847131 89.4763342411959 93.5576719104155 89.553301503306 86.2093142267685 86.000262209856 93.1715419489557 89.0277463490784 93.3006396897642 85.9975095226496 81.0620943696367 82.1567113984501 93.049464799263 74.9117687671535 0 79.1779578828612 77.4269372455433
89.7342959307347 89.6127053130504 90.2847852536588 92.0509172245329 88.0494813997175 87.7236598202265 87.5753164708108 91.4790937314851 86.5075683494469 91.5325297429229 82.7760355725621 83.8213544350363 76.4210841896122 91.1126843175201 77.0071507868401 79.1779578828612 0 82.2058135902965
92.0891386522067 91.6233455755423 91.3059633768884 94.4733670297169 91.3168051714149 88.725573403395 88.5663707686117 94.0424054914208 90.6013642174969 94.0526844155306 88.2988042980005 85.3194139509072 85.3864387136106 93.6263080079717 82.0450102172802 77.4269372455433 82.2058135902965 0
