0 80.5527990930723 89.6945287903597 84.7904545651168 82.1654959184623 82.3452739215203 92.2219780822815 91.0955679973673 87.7647878994723 91.9002599641319 88.5384817152275 90.6752564552554 90.5418887722494 93.2388757755454 92.0737413166122 93.1852998323364 94.2904354851848 93.0024147620079
80.5527990930723 0 92.1965229169693 88.6289782308698 80.8600272095335 81.3769599159453 93.922232449015 92.7569673767609 87.7303414857171 93.436054666465 89.686078522377 91.9724181863567 90.7928912346331 94.0636289359894 91.8736996651857 93.8403412370211 95.0540077184913 93.2478263495168
89.6945287903597 92.1965229169693 0 82.9463689655499 91.1444628313887 91.0505757896518 83.6675237076205 85.2854774475906 91.3307306167815 85.9975504115668 89.1839492389832 88.2320874707375 91.7546869789009 91.0259312856468 93.5008850021645 91.7387672097631 91.8697641427734 93.014022950875
84.7904545651168 88.6289782308698 82.9463689655499 0 86.8982993539898 86.7594207960546 87.4797250957036 86.1122736684962 87.9719488414633 87.3975598292249 85.9387514315044 86.9118997553581 89.4608346701606 90.6607330446118 91.6244533060071 91.0002889469191 91.8928363472342 91.6918670945465
82.1654959184623 80.8600272095335 91.1444628313887 86.8982993539898 0 56.9639370490137 92.4914321012226 90.8029722652322 82.5420156066597 91.6326132525547 85.9746964939817 89.4231406266166 87.4699501541841 92.0052461083682 89.1558514511934 91.6651005805237 93.2452620040267 90.8701975273553
82.3452739215203 81.3769599159453 91.0505757896518 86.7594207960546 56.9639370490137 0 92.3726472025136 90.6433684779003 82.1259843966288 91.486402794218 85.6618840999066 89.217842214892 87.2261404866167 91.8501491803079 88.9847314590875 91.5047597563245 93.1109613938657 90.706378301254
92.2219780822815 93.922232449015 83.6675237076205 87.4797250957036 92.4914321012226 92.3726472025136 0 79.7342959307347 91.5375162762805 78.3083506540906 88.7515488942688 85.7634929002411 90.9697486257344 87.8589723865862 92.7186545684196 89.2232589651136 88.5119793763395 91.4880955189341
91.0955679973673 92.7569673767609 85.2854774475906 86.1122736684962 90.8029722652322 90.6433684779003 79.7342959307347 0 89.1344641653944 70.9616943337119 85.1329754427703 79.7799514872702 88.1860958317419 84.7467969853941 90.5199496836184 86.3201902836534 86.4186229003319 89.0508422958025
87.7647878994723 87.7303414857171 91.3307306167815 87.9719488414633 82.5420156066597 82.1259843966288 91.5375162762805 89.1344641653944 0 90.0093808529838 80.5465178362418 86.3191312777942 80.2972853659312 89.115684439989 83.9209422467254 88.3477535852317 90.7739364098187 86.6998332832862
91.9002599641319 93.436054666465 85.9975504115668 87.3975598292249 91.6326132525547 91.486402794218 78.3083506540906 70.9616943337119 90.0093808529838 0 86.4525306338944 81.4551338154057 88.9123750338896 84.4651623168477 90.9925666286993 86.3391159691871 85.7726780628815 89.3475349130989
88.5384817152275 89.686078522377 89.1839492389832 85.9387514315044 85.9746964939817 85.6618840999066 88.7515488942688 85.1329754427703 80.5465178362418 86.4525306338944 0 80.211904225231 80.0814756595712 86.0164623921358 85.4371280722171 85.5735524971737 88.3311427205777 85.5657277595762
90.6752564552554 91.9724181863567 88.2320874707375 86.9118997553581 89.4231406266166 89.217842214892 85.7634929002411 79.7799514872702 86.3191312777942 81.4551338154057 80.211904225231 0 84.1260579378503 81.6451624812485 87.5422842567085 82.5915754109877 84.9728254291781 85.624381843878
90.5418887722494 90.7928912346331 91.7546869789009 89.4608346701606 87.4699501541841 87.2261404866167 90.9697486257344 88.1860958317419 80.2972853659312 88.9123750338896 80.0814756595712 84.1260579378503 0 86.0287310124038 78.720897360694 84.4560122114691 88.1860958317419 81.080288661024
93.2388757755454 94.0636289359894 91.0259312856468 90.6607330446118 92.0052461083682 91.8501491803079 87.8589723865862 84.7467969853941 89.115684439989 84.4651623168477 86.0164623921358 81.6451624812485 86.0287310124038 0 87.7593671230427 73.8213544350363 75.7253174559685 83.6964506811521
92.0737413166122 91.8736996651857 93.5008850021645 91.6244533060071 89.1558514511934 88.9847314590875 92.7186545684196 90.5199496836184 83.9209422467254 90.9925666286993 85.4371280722171 87.5422842567085 78.720897360694 87.7593671230427 0 86.0191975333641 89.2704230193989 80.3534795727897
93.1852998323364 93.8403412370211 91.7387672097631 91.0002889469191 91.6651005805237 91.5047597563245 89.2232589651136 86.3201902836534 88.3477535852317 86.3391159691871 85.5735524971737 82.5915754109877 84.4560122114691 73.8213544350363 86.0191975333641 0 79.2488223799673 80.3930962198545
94.2904354851848 95.0540077184913 91.8697641427734 91.8928363472342 93.2452620040267 93.1109613938657 88.5119793763395 86.4186229003319 90.7739364098187 85.7726780628815 88.3311427205777 84.9728254291781 88.1860958317419 75.7253174559685 89.2704230193989 79.2488223799673 0 85.6263815332979
93.0024147620079 93.2478263495168 93.014022950875 91.6918670945465 90.8701975273553 90.706378301254 91.4880955189341 89.0508422958025 86.6998332832862 89.3475349130989 85.5657277595762 85.624381843878 81.080288661024 83.6964506811521 80.3534795727897 80.3930962198545 85.6263815332979 0
