0 91.0050907349573 78.6148957965558 89.126256043734 81.8388559645986 90.1522908822539 84.6259152887397 81.676854159603 86.3340981236618 86.573399006352 86.9257690522703 91.4234800451146 87.3630331127546 87.7783103125321 88.7520946667985 88.3192387985912 88.5663707686117 91.9446291693321
91.0050907349573 0 89.131514863063 78.4818762040002 88.4535018646165 79.4005173154006 87.817734881193 91.6401347523542 93.4659106929527 92.6475450398705 91.8594066294379 86.1879782736022 91.5786172966426 93.2692752133968 89.6426912422026 93.8829488682979 93.8778084210758 87.2843265604048
78.6148957965558 89.131514863063 0 86.4578371154628 71.8069354424815 87.6611439209262 78.7147675571451 80.8422827729217 86.4050608189035 85.5807743482046 85.0930706154422 89.1663258483577 85.289026176076 87.0605702158074 85.9833179050913 87.9899889902793 88.1432753994101 89.8419543483159
89.126256043734 78.4818762040002 86.4578371154628 0 85.3303424647414 73.7525048805822 84.2169035171928 89.553301503306 91.7758543079501 90.755632009934 89.7697207526944 84.09464030757 89.4239960897739 91.5222793329793 87.0434447911981 92.2665745361439 92.2608065867428 85.5971656502182
81.8388559645986 88.4535018646165 71.8069354424815 85.3303424647414 0 86.4848176838321 73.501497015989 81.4548623602078 86.5698338578532 85.2650098301599 84.2596343120333 87.9330371790942 84.2434141444616 86.7911709256991 84.2780928065606 87.8770886459859 87.9762509169206 88.6914254388411
90.1522908822539 79.4005173154006 87.6611439209262 73.7525048805822 86.4848176838321 0 85.0830368532146 90.1214949050352 92.074430992836 90.9680289793481 89.8886513504699 81.400941832469 89.4649531218085 91.6642773726499 86.6029953102007 92.4178429001567 92.3851616323967 83.3534248857248
84.6259152887397 87.817734881193 78.7147675571451 84.2169035171928 73.501497015989 85.0830368532146 0 82.9952464080213 87.0617384700563 85.3161756127977 83.6893688198428 86.1926944940095 83.3006967589788 86.7591954861146 81.7532076048429 87.9682789817507 87.9946689159964 87.0710508167906
81.676854159603 91.6401347523542 80.8422827729217 89.553301503306 81.4548623602078 90.1214949050352 82.9952464080213 0 79.9085993106296 79.2684262627964 80.4905850455247 90.4004842763326 81.7097415724374 81.9089615194754 85.6838458968551 83.1990142701287 83.555965823659 90.8061266947939
86.3340981236618 93.4659106929527 86.4050608189035 91.7758543079501 86.5698338578532 92.074430992836 87.0617384700563 79.9085993106296 0 75.5971656502182 80.7342661421173 91.8044428737472 82.3452739215203 75.7863355292019 87.2598193424133 75.1757958751021 76.5662657802988 92.0171329637785
86.573399006352 92.6475450398705 85.5807743482046 90.755632009934 85.2650098301599 90.9680289793481 85.3161756127977 79.2684262627964 75.5971656502182 0 73.7989102258118 90.4299114571472 77.0178873678807 70.9865508735604 84.6944327819539 76.3715914053258 76.5662657802988 90.6435497940177
86.9257690522703 91.8594066294379 85.0930706154422 89.7697207526944 84.2596343120333 89.8886513504699 83.6893688198428 80.4905850455247 80.7342661421173 73.7989102258118 0 89.0764777251924 66.9639370490137 77.0711757029314 81.7885412351278 80.5527990930723 80.3485019850597 89.3040452248854
91.4234800451146 86.1879782736022 89.1663258483577 84.09464030757 87.9330371790942 81.400941832469 86.1926944940095 90.4004842763326 91.8044428737472 90.4299114571472 89.0764777251924 0 88.4391544843896 90.9796655057781 84.2557343657398 91.798383529999 91.6951556819209 69.6356543330438
87.3630331127546 91.5786172966426 85.289026176076 89.4239960897739 84.2434141444616 89.4649531218085 83.3006967589788 81.7097415724374 82.3452739215203 77.0178873678807 66.9639370490137 88.4391544843896 0 79.0724707021626 80.1536281416554 81.9401435468265 81.676854159603 88.6548006238839
87.7783103125321 93.2692752133968 87.0605702158074 91.5222793329793 86.7911709256991 91.6642773726499 86.7591954861146 81.9089615194754 75.7863355292019 70.9865508735604 77.0711757029314 90.9796655057781 79.0724707021626 0 85.6249148351358 70.943337135734 70.4857622301273 91.1211806667008
88.7520946667985 89.6426912422026 85.9833179050913 87.0434447911981 84.2780928065606 86.6029953102007 81.7532076048429 85.6838458968551 87.2598193424133 84.6944327819539 81.7885412351278 84.2557343657398 80.1536281416554 85.6249148351358 0 87.0792753548476 86.8943040199317 84.562120349275
88.3192387985912 93.8829488682979 87.9899889902793 92.2665745361439 87.8770886459859 92.4178429001567 87.9682789817507 83.1990142701287 75.1757958751021 76.3715914053258 80.5527990930723 91.798383529999 81.9401435468265 70.943337135734 87.0792753548476 0 60.943337135734 91.917298642149
88.5663707686117 93.8778084210758 88.1432753994101 92.2608065867428 87.9762509169206 92.3851616323967 87.9946689159964 83.555965823659 76.5662657802988 76.5662657802988 80.3485019850597 91.6951556819209 81.676854159603 70.4857622301273 86.8943040199317 60.943337135734 0 91.798383529999
91.9446291693321 87.2843265604048 89.8419543483159 85.5971656502182 88.6914254388411 83.3534248857248 87.0710508167906 90.8061266947939 92.0171329637785 90.6435497940177 89.3040452248854 69.6356543330438 88.6548006238839 91.1211806667008 84.562120349275 91.917298642149 91.798383529999 0
