0 68.1860958317419 85.9140164997191 82.436818983558 84.7904545651168 90.3708563400322 87.0849242308258 88.280925491606 89.2511478917976 91.7050065291834 90.4004842763326 90.2275712435182 91.3084284210613 93.4006840702999 92.4945710728411 92.828504199059 94.1009420423914 94.1158198201872
68.1860958317419 0 84.9192614761152 80.6221693868056 83.8879993973499 90.3693696241556 86.0434222651364 87.4444687801697 88.7262970466224 91.5313920024931 89.710133239926 89.5376238319834 90.8378353124009 93.1600871064417 92.0323684124072 92.4685613182068 93.8811599390343 93.8325331923513
85.9140164997191 84.9192614761152 0 78.5815458284837 87.2415090959192 93.2508908761539 80.0281873245205 86.3914562533118 89.9742370056535 93.4181597425046 86.9487100793787 87.4119246857663 91.0403950196392 94.1260579378503 91.4308617127289 92.7906669258722 94.7463542387859 94.2377227435285
82.436818983558 80.6221693868056 78.5815458284837 0 83.5423529467407 91.4985328648925 79.6441783351052 84.3344945184792 87.9036985215671 91.851661000815 86.5818211073657 86.625354376404 89.6537001613883 92.9158353075592 90.5423909284763 91.6492564508544 93.6441483014181 93.2509404770616
84.7904545651168 83.8879993973499 87.2415090959192 83.5423529467407 0 87.3975598292249 84.8913549073611 81.828241837558 81.3414426772175 87.6457956664753 86.6604254538209 85.8420891537481 85.8203757673713 89.6038463758268 88.1860958317419 88.4439658545051 90.6676799053077 90.5050214404877
90.3708563400322 90.3693696241556 93.2508908761539 91.4985328648925 87.3975598292249 0 92.2357232370533 90.3733330693944 86.8806271228131 81.3887347396581 92.420100378145 91.8331325530406 89.1295543994929 87.5878764215456 91.2904236491447 89.4611986672946 88.5663707686117 90.1466578511299
87.0849242308258 86.0434222651364 80.0281873245205 79.6441783351052 84.8913549073611 92.2357232370533 0 81.1136705287218 87.3242343555791 91.9669880491193 81.9745296711912 82.5974805838239 88.3406424213812 92.4784370287424 88.7147042607757 90.6395426990849 93.197722303789 92.4570356382086
88.280925491606 87.4444687801697 86.3914562533118 84.3344945184792 81.828241837558 90.3733330693944 81.1136705287218 0 82.022217387562 89.4153607755433 79.3443980803016 77.2316252946955 83.408322943692 89.7697207526944 84.7054556385607 87.1407909783782 90.7246856097169 89.7342959307347
89.2511478917976 88.7262970466224 89.9742370056535 87.9036985215671 81.3414426772175 86.8806271228131 87.3242343555791 82.022217387562 0 84.598216984643 86.125843648819 84.7823081000848 78.7966354858417 85.7634929002411 84.2312091392794 83.4163792826466 87.3352127350916 86.7956877693918
91.7050065291834 91.5313920024931 93.4181597425046 91.851661000815 87.6457956664753 81.3887347396581 91.9669880491193 89.4153607755433 84.598216984643 0 91.3580535418715 90.6283576885892 86.1782004591663 81.7423818124012 88.9090804678383 85.6668478198575 83.6408008670417 86.2581263061566
90.4004842763326 89.710133239926 86.9487100793787 86.5818211073657 86.6604254538209 92.420100378145 81.9745296711912 79.3443980803016 86.125843648819 91.3580535418715 0 69.5893866881433 85.4024912752453 91.0480328336979 84.4029525538654 88.1844859289523 91.7729850735115 90.4401640436861
90.2275712435182 89.5376238319834 87.4119246857663 86.625354376404 85.8420891537481 91.8331325530406 82.5974805838239 77.2316252946955 84.7823081000848 90.6283576885892 69.5893866881433 0 83.9032533536443 90.2958920739413 83.102990813398 87.1809971370733 91.094615317789 89.7022301231816
91.3084284210613 90.8378353124009 91.0403950196392 89.6537001613883 85.8203757673713 89.1295543994929 88.3406424213812 83.408322943692 78.7966354858417 86.1782004591663 85.4024912752453 83.9032533536443 0 84.6354957098355 78.1860958317419 78.0169211048803 86.1192544428531 84.0097315459766
93.4006840702999 93.1600871064417 94.1260579378503 92.9158353075592 89.6038463758268 87.5878764215456 92.4784370287424 89.7697207526944 85.7634929002411 81.7423818124012 91.0480328336979 90.2958920739413 84.6354957098355 0 86.8428331489911 81.0625249704699 71.9124372658146 78.9642297145514
92.4945710728411 92.0323684124072 91.4308617127289 90.5423909284763 88.1860958317419 91.2904236491447 88.7147042607757 84.7054556385607 84.2312091392794 88.9090804678383 84.4029525538654 83.102990813398 78.1860958317419 86.8428331489911 0 80.6144177336311 87.6910302758883 84.7814907955383
92.828504199059 92.4685613182068 92.7906669258722 91.6492564508544 88.4439658545051 89.4611986672946 90.6395426990849 87.1407909783782 83.4163792826466 85.6668478198575 88.1844859289523 87.1809971370733 78.0169211048803 81.0625249704699 80.6144177336311 0 82.6438660301422 77.9773959909557
94.1009420423914 93.8811599390343 94.7463542387859 93.6441483014181 90.6676799053077 88.5663707686117 93.197722303789 90.7246856097169 87.3352127350916 83.6408008670417 91.7729850735115 91.094615317789 86.1192544428531 71.9124372658146 87.6910302758883 82.6438660301422 0 78.6738840693766
94.1158198201872 93.8325331923513 94.2377227435285 93.2509404770616 90.5050214404877 90.1466578511299 92.4570356382086 89.7342959307347 86.7956877693918 86.2581263061566 90.4401640436861 89.7022301231816 84.0097315459766 78.9642297145514 84.7814907955383 77.9773959909557 78.6738840693766 0
