0 63.2478263495168 77.3975598292249 77.8007545217567 81.0843403509302 88.4135689102503 88.2969304657511 86.2325041385106 84.7904545651168 85.6635841127368 85.7376505077114 92.9345782819673 89.9360690089101 92.4120260058076 93.0811701290871 94.3252814818774 92.4515153347507 93.7118597741768
63.2478263495168 0 77.2272264362371 76.8982993539898 81.3176021151403 87.929561432755 87.8007545217567 85.604595839916 84.1239704853616 85.7634929002411 85.2970022018606 92.6459542896836 89.8715153788298 92.1348450643285 92.8222089198295 94.0920671403024 92.2237738739986 93.4776864881441
77.3975598292249 77.2272264362371 0 70.4372372021832 74.0608757462916 88.7110751598551 88.444562403568 85.6120133392751 82.9436298012717 81.8388559645986 82.6751998198568 92.653284156097 87.5972706385311 91.5533644688014 92.3099087544728 93.7693369821782 91.2103036955156 92.9213786674681
77.8007545217567 76.8982993539898 70.4372372021832 0 78.103370572082 87.59539342008 87.2820597623173 83.964480905296 80.8110544783965 83.2478263495168 81.3454034114811 91.9724741636262 87.8355375083724 90.9083008417941 91.715198676593 93.2387727234521 90.7301627873035 92.3977874971121
81.0843403509302 81.3176021151403 74.0608757462916 78.103370572082 0 90.0782967319053 89.8195101390914 87.2991797988463 84.8632678583311 77.9330371790942 83.622091328923 93.361291448686 86.4541757875918 92.0495730314919 92.7700510024888 94.2160993656342 91.3938272656236 93.2890161120909
88.4135689102503 87.929561432755 88.7110751598551 87.59539342008 90.0782967319053 0 65.0930706154422 80.1288824412368 84.2959097000793 91.3358915737989 87.1809971370733 86.0434222651364 92.2482830209687 88.1180306944286 88.8482999054051 89.9853677185905 90.3230271652485 90.0814756595712
88.2969304657511 87.8007545217567 88.444562403568 87.2820597623173 89.8195101390914 65.0930706154422 0 78.7608908822587 83.5201228844259 91.0480328336979 86.5840769255055 85.7863355292019 91.9030463591712 87.5796420003138 88.3886138704597 89.6766590294787 89.8469883502153 89.6788680708702
86.2325041385106 85.604595839916 85.6120133392751 83.964480905296 87.2991797988463 80.1288824412368 78.7608908822587 0 76.0621707455228 88.6994416157976 82.0827706588024 87.6131943190306 89.7890252849174 87.0775536651892 88.1860958317419 90.0692625377125 88.4776355514882 89.3949379122535
84.7904545651168 84.1239704853616 82.9436298012717 80.8110544783965 84.8632678583311 84.2959097000793 83.5201228844259 76.0621707455228 0 86.4210841896122 76.5662657802988 89.2684262627964 87.9512393494775 87.7480156944349 88.8707549940815 90.8743502608078 88.1142143850042 89.8620554401899
85.6635841127368 85.7634929002411 81.8388559645986 83.2478263495168 77.9330371790942 91.3358915737989 91.0480328336979 88.6994416157976 86.4210841896122 0 84.1593214403875 93.8020594064266 83.0625479788191 92.0494089784951 92.7574850982769 94.2728627576773 90.856041027685 93.1595657132219
85.7376505077114 85.2970022018606 82.6751998198568 81.3454034114811 83.622091328923 87.1809971370733 86.5840769255055 82.0827706588024 76.5662657802988 84.1593214403875 0 90.3310353635652 85.2279248708898 87.916698438916 89.0483506133993 91.2013797855742 87.1509420356761 89.8335513566863
92.9345782819673 92.6459542896836 92.653284156097 91.9724741636262 93.361291448686 86.0434222651364 85.7863355292019 87.6131943190306 89.2684262627964 93.8020594064266 90.3310353635652 0 93.4895428788343 83.9064426177064 83.622091328923 82.8447785686414 88.6877768249837 85.4211172286802
89.9360690089101 89.8715153788298 87.5972706385311 87.8355375083724 86.4541757875918 92.2482830209687 91.9030463591712 89.7890252849174 87.9512393494775 83.0625479788191 85.2279248708898 93.4895428788343 0 90.7941274484928 91.5131475024152 93.2669986603173 88.3390605802349 91.7020900883324
92.4120260058076 92.1348450643285 91.5533644688014 90.9083008417941 92.0495730314919 88.1180306944286 87.5796420003138 87.0775536651892 87.7480156944349 92.0494089784951 87.916698438916 83.9064426177064 90.7941274484928 0 70.7884310465479 81.3769599159453 81.2703276405299 76.7856697178712
93.0811701290871 92.8222089198295 92.3099087544728 91.715198676593 92.7700510024888 88.8482999054051 88.3886138704597 88.1860958317419 88.8707549940815 92.7574850982769 89.0483506133993 83.622091328923 91.5131475024152 70.7884310465479 0 78.5433600451409 82.4784370287424 72.5570171580838
94.3252814818774 94.0920671403024 93.7693369821782 93.2387727234521 94.2160993656342 89.9853677185905 89.6766590294787 90.0692625377125 90.8743502608078 94.2728627576773 91.2013797855742 82.8447785686414 93.2669986603173 81.3769599159453 78.5433600451409 0 86.4641106593794 78.5989822177282
92.4515153347507 92.2237738739986 91.2103036955156 90.7301627873035 91.3938272656236 90.3230271652485 89.8469883502153 88.4776355514882 88.1142143850042 90.856041027685 87.1509420356761 88.6877768249837 88.3390605802349 81.2703276405299 82.4784370287424 86.4641106593794 0 82.1259843966288
93.7118597741768 93.4776864881441 92.9213786674681 92.3977874971121 93.2890161120909 90.0814756595712 89.6788680708702 89.3949379122535 89.8620554401899 93.1595657132219 89.8335513566863 85.4211172286802 91.7020900883324 76.7856697178712 72.5570171580838 78.5989822177282 82.1259843966288 0
