0 85.239245157967 84.5549470876843 83.4206154648313 81.0335945566031 83.4694405414077 84.924474053039 86.3653649600743 91.9030463591712 91.0721310074469 87.5878764215456 94.0059780558688 94.5532451215232 90.2119042252309 93.0718690352051 90.8701975273553 90.775539282215 95.2092629587856
85.239245157967 0 74.2066957450215 76.9639370490137 84.0311148723812 82.5510227543453 81.4510002480644 84.484421527208 87.4658005457673 87.2272264362371 88.0941738426833 90.7140456079182 91.4145275229358 87.679995898191 89.9360690089101 89.7537582176681 89.7992106976306 92.6064539423299
84.5549470876843 74.2066957450215 0 68.103370572082 81.3414426772175 78.5776170713634 76.5063621434069 81.3414426772175 87.1112419990312 86.1677794707972 86.1350517739506 90.5048903813163 91.2880173632844 86.0393941818496 89.3406308877979 88.2993261327158 88.3311427205777 92.3326765383033
83.4206154648313 76.9639370490137 68.103370572082 0 79.2428040951504 76.1020755728508 74.8172353991213 80.4857622301273 87.8007545217567 86.6604254538209 85.3978222783945 90.9683336115258 91.7300798693387 86.0981015495578 89.7342959307347 88.1067100146295 88.1067100146295 92.6652784204033
81.0335945566031 84.0311148723812 81.3414426772175 79.2428040951504 0 73.4960621867671 78.2993261327158 79.8864977625784 89.8520165238484 88.3327274477688 82.420100378145 92.3566137762691 93.051870788883 86.6545999065771 90.9580781026514 87.4947214838478 87.3620425904971 93.6575708131698
83.4694405414077 82.5510227543453 78.5776170713634 76.1020755728508 73.4960621867671 0 70.943337135734 75.5971656502182 88.4205617560891 86.6323912855628 81.9089615194754 91.3061578926888 92.0861101013499 84.8615063718665 89.7434655194017 86.4136961331341 86.3340981236618 92.7760355725621
84.924474053039 81.4510002480644 76.5063621434069 74.8172353991213 78.2993261327158 70.943337135734 0 74.1239704853616 87.1861580940907 85.2279248708898 82.6839352129843 90.4561883804743 91.3072304223909 83.6779798619475 88.7952113360276 86.0056807318553 85.9948369189331 92.099442252477
86.3653649600743 84.484421527208 81.3414426772175 80.4857622301273 79.8864977625784 75.5971656502182 74.1239704853616 0 87.2272264362371 84.5416919591329 79.2492238225855 90.2990746014176 91.1939368217298 81.3295387552311 88.2560006264889 83.5725918290523 83.5153213971275 91.7819451443998
91.9030463591712 87.4658005457673 87.1112419990312 87.8007545217567 89.8520165238484 88.4205617560891 87.1861580940907 87.2272264362371 0 78.103370572082 89.553301503306 80.7029974643361 82.9518421166448 84.5245899885005 79.5407227977055 87.9208598774116 88.2106092259997 85.6149767954249
91.0721310074469 87.2272264362371 86.1677794707972 86.6604254538209 88.3327274477688 86.6323912855628 85.2279248708898 84.5416919591329 78.103370572082 0 87.1185824845969 84.0882239656838 85.8457319881969 78.9298435901867 79.3443980803016 84.5416919591329 84.9607879581046 86.8806271228131
87.5878764215456 88.0941738426833 86.1350517739506 85.3978222783945 82.420100378145 81.9089615194754 82.6839352129843 79.2492238225855 89.553301503306 87.1185824845969 0 91.7237368645785 92.4982157571468 83.3288160125473 89.6945287903597 81.8246980227395 81.3295387552311 92.7161042483199
94.0059780558688 90.7140456079182 90.5048903813163 90.9683336115258 92.3566137762691 91.3061578926888 90.4561883804743 90.2990746014176 80.7029974643361 84.0882239656838 91.7237368645785 0 71.1214646738198 87.6399773252729 79.0655438846483 89.7357433844112 90.0061064020198 79.0603390493331
94.5532451215232 91.4145275229358 91.2880173632844 91.7300798693387 93.051870788883 92.0861101013499 91.3072304223909 91.1939368217298 82.9518421166448 85.8457319881969 92.4982157571468 71.1214646738198 0 88.8426679450515 81.8211513138294 90.6607330446118 90.9058262814253 78.0360367454923
90.2119042252309 87.679995898191 86.0393941818496 86.0981015495578 86.6545999065771 84.8615063718665 83.6779798619475 81.3295387552311 84.5245899885005 78.9298435901867 83.3288160125473 87.6399773252729 88.8426679450515 0 84.0075874112409 78.5550952672913 79.2492238225855 89.126256043734
93.0718690352051 89.9360690089101 89.3406308877979 89.7342959307347 90.9580781026514 89.7434655194017 88.7952113360276 88.2560006264889 79.5407227977055 79.3443980803016 89.6945287903597 79.0655438846483 81.8211513138294 84.0075874112409 0 86.7707867926468 87.1530214921769 82.2531040517902
90.8701975273553 89.7537582176681 88.2993261327158 88.1067100146295 87.4947214838478 86.4136961331341 86.0056807318553 83.5725918290523 87.9208598774116 84.5416919591329 81.8246980227395 89.7357433844112 90.6607330446118 78.5550952672913 86.7707867926468 0 59.9742370056535 90.4790012783041
90.775539282215 89.7992106976306 88.3311427205777 88.1067100146295 87.3620425904971 86.3340981236618 85.9948369189331 83.5153213971275 88.2106092259997 84.9607879581046 81.3295387552311 90.0061064020198 90.9058262814253 79.2492238225855 87.1530214921769 59.9742370056535 0 90.7342661421173
95.2092629587856 92.6064539423299 92.3326765383033 92.6652784204033 93.6575708131698 92.7760355725621 92.099442252477 91.7819451443998 85.6149767954249 86.8806271228131 92.7161042483199 79.0603390493331 78.0360367454923 89.126256043734 82.2531040517902 90.4790012783041 90.7342661421173 0
