0 86.728583188484 87.8196187450496 78.6957997331364 85.2207389471267 84.598216984643 87.1269564468328 90.1795317550462 90.0790076581902 91.7308044784701 90.9719280529903 93.0718690352051 91.7079210128555 91.2233440847614 91.2303718444429 91.3036344422995 92.3458932399823 92.3452739215203
86.728583188484 0 69.4471784928347 87.7602710557797 91.3093509305733 88.9042214225407 89.53712217999 92.872631772262 90.2503249021114 89.7337221881064 92.9616204773254 90.8821062851461 94.1181202749642 91.9109510264046 92.8870918848031 92.7531929436013 93.9400907993311 93.4468051401423
87.8196187450496 69.4471784928347 0 88.6180375905714 91.8821046896345 89.5028835146014 89.9663646027473 93.1990142701287 90.4024523039268 89.5385007873924 93.2245163771025 90.5893897513081 94.3984238938674 92.0630155077947 93.1194924223973 92.9676302482822 94.1458388545984 93.6087758348002
78.6957997331364 87.7602710557797 88.6180375905714 0 81.8235883296643 78.5776170713634 83.2093361878076 87.5466487178669 87.7760257241224 90.4078597858648 88.5514592576818 92.0171329637785 89.6056196095305 89.0302392449185 88.8940505226189 89.0031006429096 90.3240743489489 90.3455126917314
85.2207389471267 91.3093509305733 91.8821046896345 81.8235883296643 0 82.1479138342821 84.8384799787598 85.0274329204183 89.0483506133993 92.0703086434372 87.1342704420015 93.4333105307285 87.0768253211378 89.3116400006228 87.929561432755 88.3218508613568 89.0537222217762 89.7524600428756
84.598216984643 88.9042214225407 89.5028835146014 78.5776170713634 82.1479138342821 0 75.7863355292019 84.4406342237851 84.5481771515869 88.7966354858417 85.4460298044926 90.7246856097169 87.3827962632147 85.9894849895492 85.8137767357839 85.9195436335469 87.8612667057513 87.7647878994723
87.1269564468328 89.53712217999 89.9663646027473 83.2093361878076 84.8384799787598 75.7863355292019 0 83.1330137644779 80.8455734647007 87.2016042685911 83.2795144018357 89.4448963599549 86.4602762870063 82.8083162368157 83.3329540657691 83.237595614941 86.1210590527507 85.5628220877716
90.1795317550462 92.872631772262 93.1990142701287 87.5466487178669 85.0274329204183 84.4406342237851 83.1330137644779 0 85.8862748223873 90.4452480297938 75.042668369047 91.8857654888498 76.6372943109455 84.2169264795973 78.5550952672913 80.1859722651297 80.4905850455247 82.97749831158
90.0790076581902 90.2503249021114 90.4024523039268 87.7760257241224 89.0483506133993 84.5481771515869 80.8455734647007 85.8862748223873 0 82.6709002953178 84.3199260459954 85.9451000688605 87.9461439425381 77.0071507868401 83.2478263495168 82.3107437019171 85.8737330189105 83.6652420577024
91.7308044784701 89.7337221881064 89.5385007873924 90.4078597858648 92.0703086434372 88.7966354858417 87.2016042685911 90.4452480297938 82.6709002953178 0 89.4578985860882 76.706750637792 91.6684094910221 85.4260126162069 88.7712414060994 88.2032697249812 90.0736055136026 88.4267681806095
90.9719280529903 92.9616204773254 93.2245163771025 88.5514592576818 87.1342704420015 85.4460298044926 83.2795144018357 75.042668369047 84.3199260459954 89.4578985860882 0 90.9477951984565 78.7090507339888 81.2614598490377 69.2684262627964 73.6097017514465 75.6562542463234 78.5340567623199
93.0718690352051 90.8821062851461 90.5893897513081 92.0171329637785 93.4333105307285 90.7246856097169 89.4448963599549 91.8857654888498 85.9451000688605 76.706750637792 90.9477951984565 0 92.8432905353772 87.5388849322557 90.314237249605 89.8116271825038 91.2872910592736 89.77028975955
91.7079210128555 94.1181202749642 94.3984238938674 89.6056196095305 87.0768253211378 87.3827962632147 86.4602762870063 76.6372943109455 87.9461439425381 91.6684094910221 78.7090507339888 92.8432905353772 0 86.0618357899861 80.9390921048453 82.3105428072981 79.4420780076757 83.555965823659
91.2233440847614 91.9109510264046 92.0630155077947 89.0302392449185 89.3116400006228 85.9894849895492 82.8083162368157 84.2169264795973 77.0071507868401 85.4260126162069 81.2614598490377 87.5388849322557 86.0618357899861 0 79.05908719444 77.057385760821 82.4416841028919 78.3163744858734
91.2303718444429 92.8870918848031 93.1194924223973 88.8940505226189 87.929561432755 85.8137767357839 83.3329540657691 78.5550952672913 83.2478263495168 88.7712414060994 69.2684262627964 90.314237249605 80.9390921048453 79.05908719444 0 65.7107675943195 75.0930706154422 75.343187147418
91.3036344422995 92.7531929436013 92.9676302482822 89.0031006429096 88.3218508613568 85.9195436335469 83.237595614941 80.1859722651297 82.3107437019171 88.2032697249812 73.6097017514465 89.8116271825038 82.3105428072981 77.057385760821 65.7107675943195 0 76.4905470864733 73.6150544197642
92.3458932399823 93.9400907993311 94.1458388545984 90.3240743489489 89.0537222217762 87.8612667057513 86.1210590527507 80.4905850455247 85.8737330189105 90.0736055136026 75.6562542463234 91.2872910592736 79.4420780076757 82.4416841028919 75.0930706154422 76.4905470864733 0 75.7739425840944
92.3452739215203 93.4468051401423 93.6087758348002 90.3455126917314 89.7524600428756 87.7647878994723 85.5628220877716 82.97749831158 83.6652420577024 88.4267681806095 78.5340567623199 89.77028975955 83.555965823659 78.3163744858734 75.343187147418 73.6150544197642 75.7739425840944 0
