0 77.1861580940907 75.9539297579115 71.4741215705682 82.5659932787142 82.4416841028919 85.0458183193406 92.6108935223864 90.2604578063016 90.1199673790078 91.1307580933578 92.2892514828428 91.6566330043375 94.1181202749642 91.7560899310274 92.653284156097 93.0032256432585 93.043203813029
77.1861580940907 0 82.5868656935784 77.8452979360192 85.4887369853822 84.5700464329907 84.1921999346751 91.2135696816211 88.6914254388411 89.2027885677725 90.4673865315043 91.5946508571361 92.1259843966288 93.2582879002163 91.6418673468703 92.4416841028919 92.6909108988406 93.152435665625
75.9539297579115 82.5868656935784 0 77.0711757029314 79.8195101390914 81.4702765549837 86.2485710876367 93.622091328923 91.4114092712714 90.891785631268 91.6951556819209 92.8438513133261 91.2493343553935 94.7615248519914 91.8821046896345 92.8354320315571 93.2585427454365 92.9426065668658
71.4741215705682 77.8452979360192 77.0711757029314 0 80.8821062851461 79.9360690089101 83.1621673295101 92.2234504614938 89.5836989629918 89.1754702685607 90.251809052559 91.5472933089331 90.8110544783965 93.6143501013337 90.8737294538031 91.8670341320252 92.2595237792253 92.2903779568451
82.5659932787142 85.4887369853822 79.8195101390914 80.8821062851461 0 73.6150544197642 84.5628672383337 93.5196429745056 90.9994315893368 89.6648998632169 90.3175129505054 91.7009959178914 88.6030013835912 94.1458388545984 89.9179585158647 91.1568842665482 91.7618488509086 90.9792051835335
82.4416841028919 84.5700464329907 81.4702765549837 79.9360690089101 73.6150544197642 0 81.6953822138178 92.6344949380912 89.7657356159223 88.1901910181076 89.0058154076919 90.5892330106331 88.002829084837 93.2905341819528 88.8179418809182 90.1762955422891 90.8007445462348 90.249160323457
85.0458183193406 84.1921999346751 86.2485710876367 83.1621673295101 84.5628672383337 81.6953822138178 0 89.7906228899877 85.4213440177708 83.2338581063554 85.1836668928541 87.3952106785635 88.395120560247 90.7527674874478 86.8590296177054 88.1997338785071 88.6546081723589 89.4412153781109
92.6108935223864 91.2135696816211 93.622091328923 92.2234504614938 93.5196429745056 92.6344949380912 89.7906228899877 0 81.9193804244781 87.1217246129041 88.1860958317419 87.6085169412828 93.9501613460346 84.8615063718665 91.4529317334505 91.2912254482459 90.7841074747623 93.3022961386473
90.2604578063016 88.6914254388411 91.4114092712714 89.5836989629918 90.9994315893368 89.7657356159223 85.4213440177708 81.9193804244781 0 81.1136705287218 83.8481352690408 84.2959097000793 91.6251957531956 85.61053085255 88.57836579041 88.7320818557614 88.3532764515829 91.1227998319237
90.1199673790078 89.2027885677725 90.891785631268 89.1754702685607 89.6648998632169 88.1901910181076 83.2338581063554 87.1217246129041 81.1136705287218 0 74.1239704853616 79.2428040951504 88.6694876342257 86.2899428940185 83.8146333429251 84.3557033681209 84.1323142820089 87.8419991157785
91.1307580933578 90.4673865315043 91.6951556819209 90.251809052559 90.3175129505054 89.0058154076919 85.1836668928541 88.1860958317419 83.8481352690408 74.1239704853616 0 75.0930706154422 87.9016548640009 85.9195436335469 81.3769599159453 81.4121890441111 80.855597892659 86.3096102354085
92.2892514828428 91.5946508571361 92.8438513133261 91.5472933089331 91.7009959178914 90.5892330106331 87.3952106785635 87.6085169412828 84.2959097000793 79.2428040951504 75.0930706154422 0 89.22735792065 83.381156296672 83.4499763303665 82.2337877346136 80.5050214404877 87.1957908227197
91.6566330043375 92.1259843966288 91.2493343553935 90.8110544783965 88.6030013835912 88.002829084837 88.395120560247 93.9501613460346 91.6251957531956 88.6694876342257 87.9016548640009 89.22735792065 0 92.793939960948 83.0838239298534 85.1757958751021 86.7594207960546 80.7798897851089
94.1181202749642 93.2582879002163 94.7615248519914 93.6143501013337 94.1458388545984 93.2905341819528 90.7527674874478 84.8615063718665 85.61053085255 86.2899428940185 85.9195436335469 83.381156296672 92.793939960948 0 89.3756649167141 88.4967489738495 87.3827962632147 91.2809607389198
91.7560899310274 91.6418673468703 91.8821046896345 90.8737294538031 89.9179585158647 88.8179418809182 86.8590296177054 91.4529317334505 88.57836579041 83.8146333429251 81.3769599159453 83.4499763303665 83.0838239298534 89.3756649167141 0 73.88799939735 78.3073021585004 79.2316932544214
92.653284156097 92.4416841028919 92.8354320315571 91.8670341320252 91.1568842665482 90.1762955422891 88.1997338785071 91.2912254482459 88.7320818557614 84.3557033681209 81.4121890441111 82.2337877346136 85.1757958751021 88.4967489738495 73.88799939735 0 71.1963957883817 80.0730359373705
93.0032256432585 92.6909108988406 93.2585427454365 92.2595237792253 91.7618488509086 90.8007445462348 88.6546081723589 90.7841074747623 88.3532764515829 84.1323142820089 80.855597892659 80.5050214404877 86.7594207960546 87.3827962632147 78.3073021585004 71.1963957883817 0 82.4829386111562
93.043203813029 93.152435665625 92.9426065668658 92.2903779568451 90.9792051835335 90.249160323457 89.4412153781109 93.3022961386473 91.1227998319237 87.8419991157785 86.3096102354085 87.1957908227197 80.7798897851089 91.2809607389198 79.2316932544214 80.0730359373705 82.4829386111562 0
