0 75.1757958751021 70.0814756595712 85.9566689221897 88.7952113360276 89.0078503682066 90.4103155081914 87.8319828162819 88.7016252803801 88.9969862103985 89.22735792065 92.9213786674681 93.3192771437265 91.4909993141239 91.5957721475987 91.7017253954809 91.8576658609187 93.0134675704029
75.1757958751021 0 72.79025144391 83.8681130724119 87.205713987203 87.6689334133668 89.1189908313318 87.5859951372108 88.036884894078 88.6848557252811 89.3800243655255 92.1812004218877 92.6002308959102 91.2844054328105 91.4556343706656 91.6581068127232 91.9444731656561 92.7846112124331
70.0814756595712 72.79025144391 0 84.4805765116235 87.7738075181225 87.9762509169206 89.56524744625 86.7923005771085 87.6624672601499 88.0715171378125 88.4944597996847 92.271375315754 92.6996147794058 90.8208933031192 90.9541809486562 91.1011246996244 91.3193783961178 92.4417007165
85.9566689221897 83.8681130724119 84.4805765116235 0 77.8452979360192 78.6665542029632 82.5057990397075 84.0161576060675 82.4416841028919 84.8314512704693 87.3342158465714 88.0062467083217 88.662150337635 88.2511598923979 88.6819326595009 89.2428040951504 89.9991255493517 90.0053796094406
88.7952113360276 87.205713987203 87.7738075181225 77.8452979360192 0 72.0827706588024 75.042668369047 85.8076419242784 83.2631274040491 85.8653516496594 88.5550952672913 85.61053085255 86.3740794860693 88.3073021585004 88.8426679450515 89.546717201444 90.4595662308779 89.6458961112533
89.0078503682066 87.6689334133668 87.9762509169206 78.6665542029632 72.0827706588024 0 75.8987805111985 84.2979161426279 80.7841074747623 84.1239704853616 87.3975598292249 84.4088227212188 85.3681348263785 86.8628826862014 87.4995229711462 88.3311427205777 89.3972714772519 88.4192866128244
90.4103155081914 89.1189908313318 89.56524744625 82.5057990397075 75.042668369047 75.8987805111985 0 87.0006960745015 84.3774230737726 86.696370469958 89.2970716604341 83.2478263495168 84.1009420423914 88.3477535852317 88.9298435901867 89.703782638195 90.6940892379625 89.3077422304688
87.8319828162819 87.5859951372108 86.7923005771085 84.0161576060675 85.8076419242784 84.2979161426279 87.0006960745015 0 75.9539297579115 71.3176021151403 77.4269372455433 88.118377883376 88.8058810936318 82.21762491425 82.5868656935784 83.1574795141574 84.1984746672087 86.0749611139528
88.7016252803801 88.036884894078 87.6624672601499 82.4416841028919 83.2631274040491 80.7841074747623 84.3774230737726 75.9539297579115 0 74.2066957450215 82.0154368322127 85.8076419242784 86.706750637792 82.0154368322127 82.8884805545587 84.0311148723812 85.5394807093673 85.4474706098571
88.9969862103985 88.6848557252811 88.0715171378125 84.8314512704693 85.8653516496594 84.1239704853616 86.696370469958 71.3176021151403 74.2066957450215 0 77.6457956664753 87.1227714840238 87.8718063285063 79.5407227977055 80.2528274474092 81.3414426772175 83.0410745105 84.3844298157612
89.22735792065 89.3800243655255 88.4944597996847 87.3342158465714 88.5550952672913 87.3975598292249 89.2970716604341 77.4269372455433 82.0154368322127 77.6457956664753 0 89.4344587975798 89.9883286897122 81.0463367021322 80.6047544631244 80.0814756595712 80.2005214643476 85.2608063555823
92.9213786674681 92.1812004218877 92.271375315754 88.0062467083217 85.61053085255 84.4088227212188 83.2478263495168 88.118377883376 85.8076419242784 87.1227714840238 89.4344587975798 0 66.625354376404 86.593546419187 87.3082160992677 88.3065052147751 89.574827764732 86.253876074843
93.3192771437265 92.6002308959102 92.6996147794058 88.662150337635 86.3740794860693 85.3681348263785 84.1009420423914 88.8058810936318 86.706750637792 87.8718063285063 89.9883286897122 66.625354376404 0 87.2272264362371 87.8814856746282 88.8122703883472 90.0110250606789 86.6901869762106
91.4909993141239 91.2844054328105 90.8208933031192 88.2511598923979 88.3073021585004 86.8628826862014 88.3477535852317 82.21762491425 82.0154368322127 79.5407227977055 81.0463367021322 86.593546419187 87.2272264362371 0 65.5673171147236 73.4960621867671 78.8899171707721 77.3266201646938
91.5957721475987 91.4556343706656 90.9541809486562 88.6819326595009 88.8426679450515 87.4995229711462 88.9298435901867 82.5868656935784 82.8884805545587 80.2528274474092 80.6047544631244 87.3082160992677 87.8814856746282 65.5673171147236 0 69.0724707021626 76.8122376318352 77.625929903608
91.7017253954809 91.6581068127232 91.1011246996244 89.2428040951504 89.546717201444 88.3311427205777 89.703782638195 83.1574795141574 84.0311148723812 81.3414426772175 80.0814756595712 88.3065052147751 88.8122703883472 73.4960621867671 69.0724707021626 0 72.2382230576211 79.180247065881
91.8576658609187 91.9444731656561 91.3193783961178 89.9991255493517 90.4595662308779 89.3972714772519 90.6940892379625 84.1984746672087 85.5394807093673 83.0410745105 80.2005214643476 89.574827764732 90.0110250606789 78.8899171707721 76.8122376318352 72.2382230576211 0 81.8069354424815
93.0134675704029 92.7846112124331 92.4417007165 90.0053796094406 89.6458961112533 88.4192866128244 89.3077422304688 86.0749611139528 85.4474706098571 84.3844298157612 85.2608063555823 86.253876074843 86.6901869762106 77.3266201646938 77.625929903608 79.180247065881 81.8069354424815 0
