0 62.0827706588024 83.555965823659 90.3509914920462 77.8007545217567 86.3603773685769 87.0711757029314 86.7159566715922 91.7629277987388 90.8631250456799 89.4221471101878 89.2021401250958 92.6002308959102 89.4516367342193 90.4722435164319 90.0158379645473 90.3822376182188 90.2787161554511
62.0827706588024 0 83.5725918290523 90.2487524343784 76.625354376404 85.9126336164662 86.7055985102301 86.2028505482141 91.5472933089331 90.5906463462703 89.0496941384894 88.8122703883472 92.3859648733539 89.0764777251924 90.1444193264108 89.6707254104607 90.0415708322431 89.941542160005
83.555965823659 83.5725918290523 0 93.5100336226064 86.2504555155506 89.9850808185757 84.3616377049391 89.1183297544116 93.9371024663375 92.9594929588735 91.0403950196392 89.8609411503007 94.4029525538654 89.7890252849174 91.9036651706264 89.950284880258 91.1374082159229 90.3104847178461
90.3509914920462 90.2487524343784 93.5100336226064 0 88.607465606858 86.3516352768448 93.379917402121 89.1969490952604 85.8203757673713 87.3242343555791 89.8419543483159 91.6488872940843 88.1316743187726 92.1292907879716 90.1739108256078 92.7896837015968 91.6977117515901 92.764629276264
77.8007545217567 76.625354376404 86.2504555155506 88.607465606858 0 82.3105428072981 86.9693623399366 83.4984742639294 89.8296243895863 88.6914254388411 87.1342704420015 87.4444687801697 90.8564841175001 87.9016548640009 88.4428012722614 88.7320818557614 88.6848557252811 88.9628594842768
86.3603773685769 85.9126336164662 89.9850808185757 86.3516352768448 82.3105428072981 0 88.4967489738495 78.2106092259997 85.2505360143668 83.0277507001197 82.1556516872302 85.1362843532686 86.7956877693918 86.0728479354589 83.9346590877622 87.3382020284199 85.8076419242784 87.3699604501544
87.0711757029314 86.7055985102301 84.3616377049391 93.379917402121 86.9693623399366 88.4967489738495 0 85.9975504115668 92.5344953540117 91.0518467094733 87.7602710557797 84.7904545651168 92.7391422696881 84.2495038086784 88.797095548572 84.0417671828947 86.9027061984258 84.7761036398105
86.7159566715922 86.2028505482141 89.1183297544116 89.1969490952604 83.4984742639294 78.2106092259997 85.9975504115668 0 87.042481236594 84.2169264795973 77.9762509169206 80.1497871498019 87.6836771400466 81.6658361118692 81.3935291755686 83.6501254971811 82.022217387562 83.760486836007
91.7629277987388 91.5472933089331 93.9371024663375 85.8203757673713 89.8296243895863 85.2505360143668 92.5344953540117 87.042481236594 0 77.2169957016613 85.6942351696241 88.9021373091748 75.5372620133263 89.546717201444 85.1838866668997 90.3405259592751 88.2000037388758 90.1529141952885
90.8631250456799 90.5906463462703 92.9594929588735 87.3242343555791 88.6914254388411 83.0277507001197 91.0518467094733 84.2169264795973 77.2169957016613 0 81.6251957531956 86.301340043983 78.103370572082 87.1530214921769 80.8013697086209 88.1762516005099 85.3287606235951 87.9330371790942
89.4221471101878 89.0496941384894 91.0403950196392 89.8419543483159 87.1342704420015 82.1556516872302 87.7602710557797 77.9762509169206 85.6942351696241 81.6251957531956 0 78.6957997331364 85.6238550502764 80.6374962592738 71.7021895866613 82.7445958873746 77.3877230304124 82.3859648733539
89.2021401250958 88.8122703883472 89.8609411503007 91.6488872940843 87.4444687801697 85.1362843532686 84.7904545651168 80.1497871498019 88.9021373091748 86.301340043983 78.6957997331364 0 88.7666298257024 66.9639370490137 80.5807302635466 74.6354957098355 73.88799939735 74.484421527208
92.6002308959102 92.3859648733539 94.4029525538654 88.1316743187726 90.8564841175001 86.7956877693918 92.7391422696881 87.6836771400466 75.5372620133263 78.103370572082 85.6238550502764 88.7666298257024 0 89.3706773252167 84.5510532958922 90.094168152246 87.7239661854775 89.8419543483159
89.4516367342193 89.0764777251924 89.7890252849174 92.1292907879716 87.9016548640009 86.0728479354589 84.2495038086784 81.6658361118692 89.546717201444 87.1530214921769 80.6374962592738 66.9639370490137 89.3706773252167 0 81.9828769153562 70.0814756595712 75.4304003347848 70.4857622301273
90.4722435164319 90.1444193264108 91.9036651706264 90.1739108256078 88.4428012722614 83.9346590877622 88.797095548572 81.3935291755686 85.1838866668997 80.8013697086209 71.7021895866613 80.5807302635466 84.5510532958922 81.9828769153562 0 83.5716844230662 77.5875575939721 83.055466988118
90.0158379645473 89.6707254104607 89.950284880258 92.7896837015968 88.7320818557614 87.3382020284199 84.0417671828947 83.6501254971811 90.3405259592751 88.1762516005099 82.7445958873746 74.6354957098355 90.094168152246 70.0814756595712 83.5716844230662 0 77.8007545217567 62.9845369622933
90.3822376182188 90.0415708322431 91.1374082159229 91.6977117515901 88.6848557252811 85.8076419242784 86.9027061984258 82.022217387562 88.2000037388758 85.3287606235951 77.3877230304124 73.88799939735 87.7239661854775 75.4304003347848 77.5875575939721 77.8007545217567 0 76.5662657802988
90.2787161554511 89.941542160005 90.3104847178461 92.764629276264 88.9628594842768 87.3699604501544 84.7761036398105 83.760486836007 90.1529141952885 87.9330371790942 82.3859648733539 74.484421527208 89.8419543483159 70.4857622301273 83.055466988118 62.9845369622933 76.5662657802988 0
