0 92.0513402476461 81.3454034114811 73.352384005928 86.3353531286753 86.5840769255055 92.078625326816 81.4710769842634 92.1190327703723 86.5227294740759 85.6811254822013 91.5900912458266 87.2779948181527 89.661984156616 88.3666599593055 88.9243164563589 90.5807517722071 91.0058576494277
92.0513402476461 0 89.2431728951432 92.7184135576832 86.1740711216291 86.0158336790484 74.3872598725851 90.8878285058744 82.3463269956666 88.6643528285041 93.1469171531226 86.5075683494469 92.7734717665533 89.7320848443625 92.6910285194286 92.4846750445093 92.2531040517902 92.6237770155013
81.3454034114811 89.2431728951432 0 83.1035688913916 79.178079427437 79.7170505944318 89.1479228711929 78.3589900415208 89.1597823111562 81.1713723490994 86.125843648819 88.5986263082496 86.5974352408113 86.7159566715922 87.3162326125158 87.5944545064845 88.9376627576394 89.5275059129689
73.352384005928 92.7184135576832 83.1035688913916 0 87.3468723683349 87.5419230544244 92.6529911988424 81.1963957883817 92.5357657770668 86.7889107409908 83.9784092002238 91.828241837558 86.1677794707972 89.5718229891894 87.4911557339321 88.1978417793171 90.1199673790078 90.5273042782392
86.3353531286753 86.1740711216291 79.178079427437 87.3468723683349 0 56.9639370490137 85.8543868670287 83.3781295978212 85.9539297579115 79.5775389162774 88.2511598923979 85.7783248901979 87.9921693551277 85.3208427639379 88.2089792973565 88.1540201537056 88.7390051834302 89.3619352334846
86.5840769255055 86.0158336790484 79.7170505944318 87.5419230544244 56.9639370490137 0 85.6251095951837 83.5546793488682 85.6591876775859 79.3622124706353 88.2993261327158 85.4597589671107 87.9893243535789 85.0930706154422 88.1729652251589 88.0941738426833 88.6284374705948 89.2581955282206
92.078625326816 74.3872598725851 89.1479228711929 92.6529911988424 85.8543868670287 85.6251095951837 0 90.5527990930723 77.9562124424488 87.8718063285063 92.7241513633828 84.2312091392794 92.215033271733 88.557719291206 92.0471280343858 91.7725576776182 91.3686985029555 91.7582348423697
81.4710769842634 90.8878285058744 78.3589900415208 81.1963957883817 83.3781295978212 83.5546793488682 90.5527990930723 0 90.0773881569709 80.4761005024071 81.5672998694224 88.8728542182353 82.5570171580838 85.4567457129407 83.9435411323192 84.6008733067782 86.9388930455938 87.6137247700236
92.1190327703723 82.3463269956666 89.1597823111562 92.5357657770668 85.9539297579115 85.6591876775859 77.9562124424488 90.0773881569709 0 86.7579078035123 92.0052461083682 78.9839584067518 91.257038462489 86.4309154214711 90.9268025096977 90.5227604901881 89.7663596621624 90.1871639077538
86.5227294740759 88.6643528285041 81.1713723490994 86.7889107409908 79.5775389162774 79.3622124706353 87.8718063285063 80.4761005024071 86.7579078035123 0 85.3538298870727 84.7200415290772 84.3279020717801 80.2348832530359 84.3631020761642 84.1526980511902 85.1014144120895 86.0326081643067
85.6811254822013 93.1469171531226 86.125843648819 83.9784092002238 88.2511598923979 88.2993261327158 92.7241513633828 81.5672998694224 92.0052461083682 85.3538298870727 0 90.5199399841302 74.9447695002512 86.573399006352 79.2428040951504 81.3295387552311 85.4370657391453 85.907097675858
91.5900912458266 86.5075683494469 88.5986263082496 91.828241837558 85.7783248901979 85.4597589671107 84.2312091392794 88.8728542182353 78.9839584067518 84.7200415290772 90.5199399841302 0 89.4153607755433 82.3032413179973 88.8447503158631 88.2333805426739 86.9388930455938 87.473693915708
87.2779948181527 92.7734717665533 86.5974352408113 86.1677794707972 87.9921693551277 87.9893243535789 92.215033271733 82.5570171580838 91.257038462489 84.3279020717801 74.9447695002512 89.4153607755433 0 84.4995057808565 71.1187342350505 75.6589638214487 82.3578348697387 83.0232674974411
89.661984156616 89.7320848443625 86.7159566715922 89.5718229891894 85.3208427639379 85.0930706154422 88.557719291206 85.4567457129407 86.4309154214711 80.2348832530359 86.573399006352 82.3032413179973 84.4995057808565 0 83.3288160125473 82.1259843966288 80.2828023851531 81.7060996897762
88.3666599593055 92.6910285194286 87.3162326125158 87.4911557339321 88.2089792973565 88.1729652251589 92.0471280343858 83.9435411323192 90.9268025096977 84.3631020761642 79.2428040951504 88.8447503158631 71.1187342350505 83.3288160125473 0 68.1860958317419 79.6541944787898 80.4857622301273
88.9243164563589 92.4846750445093 87.5944545064845 88.1978417793171 88.1540201537056 88.0941738426833 91.7725576776182 84.6008733067782 90.5227604901881 84.1526980511902 81.3295387552311 88.2333805426739 75.6589638214487 82.1259843966288 68.1860958317419 0 76.9772628256649 78.2106092259997
90.5807517722071 92.2531040517902 88.9376627576394 90.1199673790078 88.7390051834302 88.6284374705948 91.3686985029555 86.9388930455938 89.7663596621624 85.1014144120895 85.4370657391453 86.9388930455938 82.3578348697387 80.2828023851531 79.6541944787898 76.9772628256649 0 66.177832577411
91.0058576494277 92.6237770155013 89.5275059129689 90.5273042782392 89.3619352334846 89.2581955282206 91.7582348423697 87.6137247700236 90.1871639077538 86.0326081643067 85.907097675858 87.473693915708 83.0232674974411 81.7060996897762 80.4857622301273 78.2106092259997 66.177832577411 0
