0 64.9227372224544 85.5673171147236 92.405858156664 87.4802850888848 87.2668975981248 87.8105933464794 90.8966172265081 86.2118970069928 86.2093142267685 87.2628453983262 93.6330929467121 88.9042214225407 91.3812810589918 89.2684262627964 88.0198903710459 93.5974289342335 89.2357314171479
64.9227372224544 0 85.0813623034275 92.2700956266636 86.9834364598563 86.6790148661262 87.2516823140145 90.5981763781854 85.435034457386 85.435034457386 86.6112462595499 93.4558247587925 88.4065647866336 91.0641131310442 88.7716451877599 87.3955942510882 93.3887604229049 88.6928840265354
85.5673171147236 85.0813623034275 0 87.5859951372108 76.0621707455228 79.0924689484848 80.3134982103822 84.2169264795973 85.7376505077114 85.9209243186067 82.1654959184623 89.2869082629181 82.420100378145 85.5266933956535 83.8213544350363 87.0679967752654 89.2195534050197 86.4736672977584
92.405858156664 92.2700956266636 87.5859951372108 0 87.3391980024683 88.7197799126989 88.7168802665761 83.6501254971811 92.2787262194362 92.3803534299817 90.0607709142933 80.8776994407101 88.6555361552294 85.604595839916 89.3217457522892 92.6168059115904 83.7813468259524 91.6002544166667
87.4802850888848 86.9834364598563 76.0621707455228 87.3391980024683 0 72.6459542896836 73.9536370923738 81.4741215705682 85.0274329204183 85.2585829776085 79.0724707021626 88.302518301047 77.0711757029314 82.5510227543453 79.6648998632169 85.9566689221897 87.8648864069574 84.4029525538654
87.2668975981248 86.6790148661262 79.0924689484848 88.7197799126989 72.6459542896836 0 63.9536370923738 83.2834453116058 82.8550516930196 83.1574795141574 73.447537158823 89.2684262627964 73.8213544350363 83.4864004590469 76.6136007973246 83.8658978492988 88.6702682046681 81.9124372658146
87.8105933464794 87.2516823140145 80.3134982103822 88.7168802665761 73.9536370923738 63.9536370923738 0 82.9023336598264 83.0625479788191 83.361291448686 73.2478263495168 89.0831478920987 70.4857622301273 82.8522543049557 74.3872598725851 83.785387812752 88.3865508912695 81.3176021151403
90.8966172265081 90.5981763781854 84.2169264795973 83.6501254971811 81.4741215705682 83.2834453116058 82.9023336598264 0 88.9949461517284 89.1473223627738 85.3208427639379 83.2222041818708 82.0827706588024 73.2478263495168 83.2299067168234 89.2027885677725 82.2101933220552 87.3620425904971
86.2118970069928 85.435034457386 85.7376505077114 92.2787262194362 85.0274329204183 82.8550516930196 83.0625479788191 88.9949461517284 0 53.9536370923738 79.7571837034398 92.5942958832762 84.0075874112409 88.7859429613949 83.6009463029101 73.5201228844259 92.0621326098508 79.9360690089101
86.2093142267685 85.435034457386 85.9209243186067 92.3803534299817 85.2585829776085 83.1574795141574 83.361291448686 89.1473223627738 53.9536370923738 0 80.1912970937131 92.6952650196001 84.2737774339689 88.940188044825 83.8703271661733 73.5201228844259 92.1684682335911 80.2119042252309
87.2628453983262 86.6112462595499 82.1654959184623 90.0607709142933 79.0724707021626 73.447537158823 73.2478263495168 85.3208427639379 79.7571837034398 80.1912970937131 0 90.3455126917314 75.9948369189331 85.0561662659079 76.0621707455228 80.7750878561122 89.6722857471823 78.3311427205777
93.6330929467121 93.4558247587925 89.2869082629181 80.8776994407101 88.302518301047 89.2684262627964 89.0831478920987 83.2222041818708 92.5942958832762 92.6952650196001 90.3455126917314 0 88.6148957965558 83.9968508302003 89.0704658033877 92.6810253671005 74.8939732894204 91.3769599159453
88.9042214225407 88.4065647866336 82.420100378145 88.6555361552294 77.0711757029314 73.8213544350363 70.4857622301273 82.0827706588024 84.0075874112409 84.2737774339689 75.9948369189331 88.6148957965558 0 81.3176021151403 68.1860958317419 84.1613919743094 87.6885103731029 80.7841074747623
91.3812810589918 91.0641131310442 85.5266933956535 85.604595839916 82.5510227543453 83.4864004590469 82.8522543049557 73.2478263495168 88.7859429613949 88.940188044825 85.0561662659079 83.9968508302003 81.3176021151403 0 82.0861101013499 88.7623263292455 82.0158142129853 86.5376151333289
89.2684262627964 88.7716451877599 83.8213544350363 89.3217457522892 79.6648998632169 76.6136007973246 74.3872598725851 83.2299067168234 83.6009463029101 83.8703271661733 76.0621707455228 89.0704658033877 68.1860958317419 82.0861101013499 0 83.3513248469073 88.0563567445453 78.9298435901867
88.0198903710459 87.3955942510882 87.0679967752654 92.6168059115904 85.9566689221897 83.8658978492988 83.785387812752 89.2027885677725 73.5201228844259 73.5201228844259 80.7750878561122 92.6810253671005 84.1613919743094 88.7623263292455 83.3513248469073 0 92.0359901083625 77.0711757029314
93.5974289342335 93.3887604229049 89.2195534050197 83.7813468259524 87.8648864069574 88.6702682046681 88.3865508912695 82.2101933220552 92.0621326098508 92.1684682335911 89.6722857471823 74.8939732894204 87.6885103731029 82.0158142129853 88.0563567445453 92.0359901083625 0 90.5173000836983
89.2357314171479 88.6928840265354 86.4736672977584 91.6002544166667 84.4029525538654 81.9124372658146 81.3176021151403 87.3620425904971 79.9360690089101 80.2119042252309 78.3311427205777 91.3769599159453 80.7841074747623 86.5376151333289 78.9298435901867 77.0711757029314 90.5173000836983 0
