0 90.1576005458867 82.1654959184623 84.6224845236715 81.0843403509302 84.6595564074942 90.8684304864118 91.0054295411106 87.657842677859 88.5271565534808 89.7170505944318 90.4761005024071 91.5325297429229 88.9431566909668 91.3513377482993 94.3408319525428 91.3667291813695 91.3844210101952
90.1576005458867 0 86.3340981236618 84.2596343120333 88.2608359710067 86.1494823545164 85.7376505077114 86.2899428940185 92.6529911988424 91.2103036955156 89.4833594670039 88.7284672531233 88.3390605802349 91.3361126856212 90.4905850455247 90.1162911451909 90.7989490134675 94.2377227435285
82.1654959184623 86.3340981236618 0 73.0384872811603 75.0930706154422 74.598216984643 87.0711757029314 87.3352127350916 87.8594558778782 86.8159556326594 86.6545999065771 87.2016042685911 88.3893958898764 87.231278115527 88.8461887760664 92.0079659736952 88.9922245819579 91.1086565453067
84.6224845236715 84.2596343120333 73.0384872811603 0 79.6707254104607 74.9227372224544 85.8203757673713 86.1924886111327 88.9132410411909 87.4716001613441 86.5268222233502 86.6917490863679 87.6383654767775 87.8025877144478 88.6252767520647 91.2984349866296 88.8426679450515 91.6658361118692
81.0843403509302 88.2608359710067 75.0930706154422 79.6707254104607 0 76.4578371154628 87.6457956664753 87.7998589768893 85.6445006672441 84.8913549073611 85.8076419242784 86.8817337465467 88.4453344140258 85.4640947684119 88.2560006264889 92.2742532382811 88.3192387985912 89.7651660120367
84.6595564074942 86.1494823545164 74.598216984643 74.9227372224544 76.4578371154628 0 85.0325173442018 85.303372492433 87.1716919309492 85.1362843532686 84.2413823573747 84.8825972015924 86.4602762870063 85.5669884225904 87.0006960745015 90.891785631268 87.2016042685911 90.3185160559075
90.8684304864118 85.7376505077114 87.0711757029314 85.8203757673713 87.6457956664753 85.0325173442018 0 62.0827706588024 90.3802604067942 87.4502969333401 82.8884805545587 79.6648998632169 76.625354376404 87.4122047261856 83.6337942323103 84.7490671664029 84.3931512750066 91.4725839728113
91.0054295411106 86.2899428940185 87.3352127350916 86.1924886111327 87.7998589768893 85.303372492433 62.0827706588024 0 90.2908458823698 87.2628453983262 82.4416841028919 78.8108513571896 74.8349979793794 87.1992426896645 82.987250454927 84.4166372889035 83.8123906654578 91.2988351658346
87.657842677859 92.6529911988424 87.8594558778782 88.9132410411909 85.6445006672441 87.1716919309492 90.3802604067942 90.2908458823698 0 80.237526392877 86.1821018921153 88.0706757264335 89.8564811295554 80.8777159391233 87.7647878994723 93.3011458390096 87.4454406823376 82.2787262194362
88.5271565534808 91.2103036955156 86.8159556326594 87.4716001613441 84.8913549073611 85.1362843532686 87.4502969333401 87.2628453983262 80.237526392877 0 80.1912970937131 83.6408008670417 86.4284596991444 62.4269796243147 83.091775616211 91.1220143253691 82.6135550936366 83.6150544197642
89.7170505944318 89.4833594670039 86.6545999065771 86.5268222233502 85.8076419242784 84.2413823573747 82.8884805545587 82.4416841028919 86.1821018921153 80.1912970937131 0 73.9536370923738 80.6234942756704 79.8496010295302 76.0621707455228 88.2777174066446 76.4578371154628 87.4298640870463
90.4761005024071 88.7284672531233 87.2016042685911 86.6917490863679 86.8817337465467 84.8825972015924 79.6648998632169 78.8108513571896 88.0706757264335 83.6408008670417 73.9536370923738 0 75.2408599357581 83.403154085456 75.7863355292019 86.4979093077805 77.3382020284199 88.9731256890866
91.5325297429229 88.3390605802349 88.3893958898764 87.6383654767775 88.4453344140258 86.4602762870063 76.625354376404 74.8349979793794 89.8564811295554 86.4284596991444 80.6234942756704 75.2408599357581 0 86.2339380860001 79.4681370721026 83.785387812752 80.715999260007 90.4440634332356
88.9431566909668 91.3361126856212 87.231278115527 87.8025877144478 85.4640947684119 85.5669884225904 87.4122047261856 87.1992426896645 80.8777159391233 62.4269796243147 79.8496010295302 83.403154085456 86.2339380860001 0 82.5325721799305 90.965976667135 81.9633077737408 83.3290589519547
91.3513377482993 90.4905850455247 88.8461887760664 88.6252767520647 88.2560006264889 87.0006960745015 83.6337942323103 82.987250454927 87.7647878994723 83.091775616211 76.0621707455228 75.7863355292019 79.4681370721026 82.5325721799305 0 87.0200315026164 63.2478263495168 87.7285209261352
94.3408319525428 90.1162911451909 92.0079659736952 91.2984349866296 92.2742532382811 90.891785631268 84.7490671664029 84.4166372889035 93.3011458390096 91.1220143253691 88.2777174066446 86.4979093077805 83.785387812752 90.965976667135 87.0200315026164 0 87.4879904709355 93.3553142327146
91.3667291813695 90.7989490134675 88.9922245819579 88.8426679450515 88.3192387985912 87.2016042685911 84.3931512750066 83.8123906654578 87.4454406823376 82.6135550936366 76.4578371154628 77.3382020284199 80.715999260007 81.9633077737408 63.2478263495168 87.4879904709355 0 87.2302909628742
91.3844210101952 94.2377227435285 91.1086565453067 91.6658361118692 89.7651660120367 90.3185160559075 91.4725839728113 91.2988351658346 82.2787262194362 83.6150544197642 87.4298640870463 88.9731256890866 90.4440634332356 83.3290589519547 87.7285209261352 93.3553142327146 87.2302909628742 0
