0 84.2169264795973 72.6459542896836 88.0916622600674 82.045866309268 84.2066957450215 86.5427820931812 88.5731220444114 84.4663335353393 87.8955263247855 87.8275353557611 90.6356319343604 88.8707549940815 89.8251320749173 92.5281682627265 91.0297646113869 90.4284448241106 90.3230271652485
84.2169264795973 0 82.8550516930196 92.2082228427378 87.8928971582322 89.3097425514618 82.938567462931 92.1913128153394 86.75651068969 91.0471848507178 90.9281101660991 93.4721100613716 88.5626155199393 92.0171329637785 94.7216793804395 93.2134580956449 92.459180529333 92.1602484388098
72.6459542896836 82.8550516930196 0 88.5910743048444 81.3769599159453 84.0311148723812 84.6157189203557 88.6914254388411 82.4834928558517 87.4687013216643 87.3501386685107 90.6374962592738 87.5186760113139 89.3002428506583 92.4416841028919 90.7082125087859 89.9360690089101 89.7314264593261
88.0916622600674 92.2082228427378 88.5910743048444 0 84.7832850301513 82.5570171580838 91.8963625841423 77.2169957016613 88.3423099932535 84.0417671828947 84.4029525538654 82.4108172720404 91.2489295886456 86.8806271228131 86.8159556326594 86.6917490863679 87.3975598292249 88.0706757264335
82.045866309268 87.8928971582322 81.3769599159453 84.7832850301513 0 72.9023336598264 86.8569627550599 84.0417671828947 79.7110959562761 81.7060996897762 81.561630208681 87.0125223952169 86.6604254538209 85.3287606235951 89.5914134259955 87.2169957016613 86.3152293981705 86.2581263061566
84.2066957450215 89.3097425514618 84.0311148723812 82.5570171580838 72.9023336598264 0 88.2993967413827 81.2209091826396 82.1106719964624 79.2234877779738 79.2684262627964 85.16595164387 87.5263136388159 84.1613919743094 88.3406424213812 85.9029410845511 85.2408599357581 85.4412056055918
86.5427820931812 82.938567462931 84.6157189203557 91.8963625841423 86.8569627550599 88.2993967413827 0 91.3087719219289 82.9463689655499 89.2662104247188 89.0591186751366 92.4067161859695 82.5986804529065 89.831328345842 93.5188471851296 91.4635037443963 90.3099902382707 89.747226836503
88.5731220444114 92.1913128153394 88.6914254388411 77.2169957016613 84.0417671828947 81.2209091826396 91.3087719219289 0 87.1739173334754 79.7799514872702 80.4372372021832 77.4754622734875 90.0244325396595 83.5630990497122 84.2596343120333 83.1574795141574 84.2312091392794 85.2585829776085
84.4663335353393 86.75651068969 82.4834928558517 88.3423099932535 79.7110959562761 82.1106719964624 82.9463689655499 87.1739173334754 0 83.5887334229782 83.2076277694218 88.8497470828489 81.6557764173635 85.2008419932769 90.5693857437676 87.7145658839864 86.1222948683513 85.4808967679546
87.8955263247855 91.0471848507178 87.4687013216643 84.0417671828947 81.7060996897762 79.2234877779738 89.2662104247188 79.7799514872702 83.5887334229782 0 57.9330371790942 82.099442252477 86.9487100793787 77.1861580940907 85.5024395395615 80.6560956231151 79.3255293548103 80.1445703986413
87.8275353557611 90.9281101660991 87.3501386685107 84.4029525538654 81.561630208681 79.2684262627964 89.0591186751366 80.4372372021832 83.2076277694218 57.9330371790942 0 82.5868656935784 86.6359054690201 76.8982993539898 85.7548958440144 80.8422827729217 79.178079427437 79.8251320749173
90.6356319343604 93.4721100613716 90.6374962592738 82.4108172720404 87.0125223952169 85.16595164387 92.4067161859695 77.4754622734875 88.8497470828489 82.099442252477 82.5868656935784 0 90.7683108277111 83.2222041818708 79.0051368755729 80.5289759679537 83.323798167022 84.7904545651168
88.8707549940815 88.5626155199393 87.5186760113139 91.2489295886456 86.6604254538209 87.5263136388159 82.5986804529065 90.0244325396595 81.6557764173635 86.9487100793787 86.6359054690201 90.7683108277111 0 86.5364172448041 91.6492564508544 88.8122703883472 87.0125223952169 85.9539297579115
89.8251320749173 92.0171329637785 89.3002428506583 86.8806271228131 85.3287606235951 84.1613919743094 89.831328345842 83.5630990497122 85.2008419932769 77.1861580940907 76.8982993539898 83.2222041818708 86.5364172448041 0 84.6168963459942 76.2196361444474 66.9639370490137 70.237526392877
92.5281682627265 94.7216793804395 92.4416841028919 86.8159556326594 89.5914134259955 88.3406424213812 93.5188471851296 84.2596343120333 90.5693857437676 85.5024395395615 85.7548958440144 79.0051368755729 91.6492564508544 84.6168963459942 0 80.6047544631244 84.0608757462916 85.4535216572886
91.0297646113869 93.2134580956449 90.7082125087859 86.6917490863679 87.2169957016613 85.9029410845511 91.4635037443963 83.1574795141574 87.7145658839864 80.6560956231151 80.8422827729217 80.5289759679537 88.8122703883472 76.2196361444474 80.6047544631244 0 74.3872598725851 78.103370572082
90.4284448241106 92.459180529333 89.9360690089101 87.3975598292249 86.3152293981705 85.2408599357581 90.3099902382707 84.2312091392794 86.1222948683513 79.3255293548103 79.178079427437 83.323798167022 87.0125223952169 66.9639370490137 84.0608757462916 74.3872598725851 0 69.0724707021626
90.3230271652485 92.1602484388098 89.7314264593261 88.0706757264335 86.2581263061566 85.4412056055918 89.747226836503 85.2585829776085 85.4808967679546 80.1445703986413 79.8251320749173 84.7904545651168 85.9539297579115 70.237526392877 85.4535216572886 78.103370572082 69.0724707021626 0
