0 87.8955263247855 86.7468837467999 87.5062597581705 88.1901910181076 91.5600974292924 90.7696670796825 88.6562715620246 89.6736352563445 89.9491930022336 91.9089615194754 92.1349264817743 92.4432217006488 93.4808352171322 93.1715419489557 92.6459542896836 93.4783506296485 93.575293166701
87.8955263247855 0 82.2337877346136 90.4829003829868 78.9642297145514 82.5268957209175 81.3454034114811 85.7735013371753 91.5253190145166 90.416203582512 90.5284981699644 90.8992982161039 89.213150504854 88.7966354858417 89.0355663526282 90.9281101660991 90.3796610632163 93.301510552211
86.7468837467999 82.2337877346136 0 86.5649147404405 75.6562542463234 86.2514425304291 83.8681130724119 77.4658005457673 87.9330371790942 86.1350517739506 86.921385559777 87.4502022601137 86.4284596991444 88.1581456834345 87.5453491495408 87.817734881193 88.3276394433761 90.6506350957909
87.5062597581705 90.4829003829868 86.5649147404405 0 88.7116865444937 92.3659800474342 91.1898083645298 85.5777904087157 76.6130751965125 80.6470609434675 86.8232832669952 86.9639370490137 89.5612855892809 92.2266226893208 91.3346839266618 88.284548468251 90.857813115772 88.1901910181076
88.1901910181076 78.9642297145514 75.6562542463234 88.7116865444937 0 83.2164151551886 79.7342959307347 80.715999260007 89.6869954930345 88.0062467083217 87.8673994840703 88.3681373394927 86.2581263061566 86.8249332995649 86.593546419187 88.4135689102503 87.9990311975375 91.4715135216225
91.5600974292924 82.5268957209175 86.2514425304291 92.3659800474342 83.2164151551886 0 74.7786316005095 87.4102250138064 92.8909391247502 91.5623690059545 90.6367670066412 90.9934253424577 88.0868591356422 85.2307068378324 86.545827806778 90.6483993804076 88.8426679450515 93.4730803892132
90.7696670796825 81.3454034114811 83.8681130724119 91.1898083645298 79.7342959307347 74.7786316005095 0 85.1097422091168 91.7485197410052 90.2036731025225 89.1924018487551 89.6174060602388 86.3802934588265 84.2005457159281 85.0930706154422 89.2837273173287 87.5393149639404 92.459887514733
88.6562715620246 85.7735013371753 77.4658005457673 85.5777904087157 80.715999260007 87.4102250138064 85.1097422091168 0 86.3152293981705 83.237595614941 83.3588019416995 84.1490364470865 83.4206154648313 87.0933632809799 85.8203757673713 84.7054556385607 86.0857835884219 88.5868741696205
89.6736352563445 91.5253190145166 87.9330371790942 76.6130751965125 89.6869954930345 92.8909391247502 91.7485197410052 86.3152293981705 0 77.7285209261352 85.435034457386 85.4055904467545 89.1176685768479 92.1602484388098 91.1307580933578 87.0679967752654 90.3283702380813 85.840573294774
89.9491930022336 90.416203582512 86.1350517739506 80.6470609434675 88.0062467083217 91.5623690059545 90.2036731025225 83.237595614941 77.7285209261352 0 81.1136705287218 81.2739243559426 86.3902173587608 90.3569604928516 89.0496941384894 83.7262992166468 88.0282017254035 84.2381883116155
91.9089615194754 90.5284981699644 86.921385559777 86.8232832669952 87.8673994840703 90.6367670066412 89.1924018487551 83.3588019416995 85.435034457386 81.1136705287218 0 63.3901109591635 81.0505757896517 87.6910302758883 85.6238550502764 72.0827706588024 83.2407825157559 82.3856610152361
92.1349264817743 90.8992982161039 87.4502022601137 86.9639370490137 88.3681373394927 90.9934253424577 89.6174060602388 84.1490364470865 85.4055904467545 81.2739243559426 63.3901109591635 0 81.8047943919856 88.0553753710927 86.0594898866568 71.9662547424224 83.6033008406848 81.3769599159453
92.4432217006488 89.213150504854 86.4284596991444 89.5612855892809 86.2581263061566 88.0868591356422 86.3802934588265 83.4206154648313 89.1176685768479 86.3902173587608 81.0505757896517 81.8047943919856 0 82.2595237792253 77.8718063285063 79.546717201444 74.5431617174564 87.3039362235179
93.4808352171322 88.7966354858417 88.1581456834345 92.2266226893208 86.8249332995649 85.2307068378324 84.2005457159281 87.0933632809799 92.1602484388098 90.3569604928516 87.6910302758883 88.0553753710927 82.2595237792253 0 74.4651623168477 86.9476203930553 81.5371853615287 91.0865200570648
93.1715419489557 89.0355663526282 87.5453491495408 91.3346839266618 86.593546419187 86.545827806778 85.0930706154422 85.8203757673713 91.1307580933578 89.0496941384894 85.6238550502764 86.0594898866568 77.8718063285063 74.4651623168477 0 84.598216984643 76.8055322305966 89.6999277492908
92.6459542896836 90.9281101660991 87.817734881193 88.284548468251 88.4135689102503 90.6483993804076 89.2837273173287 84.7054556385607 87.0679967752654 83.7262992166468 72.0827706588024 71.9662547424224 79.546717201444 86.9476203930553 84.598216984643 0 81.180952740614 82.7299270925679
93.4783506296485 90.3796610632163 88.3276394433761 90.857813115772 87.9990311975375 88.8426679450515 87.5393149639404 86.0857835884219 90.3283702380813 88.0282017254035 83.2407825157559 83.6033008406848 74.5431617174564 81.5371853615287 76.8055322305966 81.180952740614 0 87.7593671230427
93.575293166701 93.301510552211 90.6506350957909 88.1901910181076 91.4715135216225 93.4730803892132 92.459887514733 88.5868741696205 85.840573294774 84.2381883116155 82.3856610152361 81.3769599159453 87.3039362235179 91.0865200570648 89.6999277492908 82.7299270925679 87.7593671230427 0
