0 73.5201228844259 80.2528274474092 86.593546419187 75.9948369189331 80.0814756595712 85.435034457386 86.5111849588043 90.5350697101472 89.0785858847351 90.3410024174312 90.9835398682664 92.5856756826601 91.3857651349169 92.1259843966288 92.289097251222 93.8926264666697 93.7342872977169
73.5201228844259 0 74.9227372224544 84.4224890007509 76.0621707455228 82.3578348697387 83.8879993973499 86.108690874692 89.6384453771869 88.9209640619101 90.0168856518785 90.5327964606734 91.9570267682265 91.1801490900271 92.3537565451245 92.4091161971997 93.6277126583486 93.7406762719914
80.2528274474092 74.9227372224544 0 80.8821062851461 79.546717201444 84.7544879428325 82.0827706588024 85.9195436335469 88.4448570079387 88.8319308481264 89.6681474528182 89.9937364164961 91.1274292095547 90.9498659562856 92.6073422214847 92.5429574231803 93.2804036785978 93.7271138692036
86.593546419187 84.4224890007509 80.8821062851461 0 85.7849113793878 88.7168802665761 82.8354320315571 87.4802850888848 86.6681384559456 89.7497731310951 89.9408976742335 89.7799514872702 89.8559233047754 91.2340457256389 93.5261172881643 93.2820217648204 93.0196808096236 94.1094997098894
75.9948369189331 76.0621707455228 79.546717201444 85.7849113793878 0 77.9330371790942 82.420100378145 83.447537158823 88.9672735344297 86.9539808510239 88.4949456185524 89.2869082629181 91.2984349866296 89.784551963225 90.9198216846961 91.0166309794978 92.709168943389 92.6084150423336
80.0814756595712 82.3578348697387 84.7544879428325 88.7168802665761 77.9330371790942 0 85.5447953106515 84.2066957450215 90.3326047895197 86.7804636981693 88.7207440471162 89.7907245134303 92.1464435620986 89.7295901405689 89.8564811295554 90.2139038306966 92.8345892049893 92.1346807999517
85.435034457386 83.8879993973499 82.0827706588024 82.8354320315571 82.420100378145 85.5447953106515 0 79.8920337031866 83.489986424659 84.5641621001943 85.2693025913424 85.5613227109851 87.6019601377656 87.3651584592468 90.5284981699644 90.188836238405 90.4992526397913 91.4415864944717
86.5111849588043 86.108690874692 85.9195436335469 87.4802850888848 83.447537158823 84.2066957450215 79.8920337031866 0 85.2398714715009 77.9311543736677 81.387085504866 83.361291448686 87.8275353557611 84.105244451225 87.5424991364325 87.1873341599197 89.062436939935 89.1895195800536
90.5350697101472 89.6384453771869 88.4448570079387 86.6681384559456 88.9672735344297 90.3326047895197 83.489986424659 85.2398714715009 0 85.9539297579115 84.2312091392794 82.1829125752279 79.7460093434257 86.1455514945536 91.0646184082344 90.3029418256257 87.7281435654057 90.6792333700066
89.0785858847351 88.9209640619101 88.8319308481264 89.7497731310951 86.9539808510239 86.7804636981693 84.5641621001943 77.9311543736677 85.9539297579115 0 75.6854997764966 80.6315267716111 87.2673430403889 78.9298435901867 84.660648529019 83.760486836007 86.86508361888 86.4136961331341
90.3410024174312 90.0168856518785 89.6681474528182 89.9408976742335 88.4949456185524 88.7207440471162 85.2693025913424 81.387085504866 84.2312091392794 75.6854997764966 0 73.78800222598 84.9039978112337 74.0608757462916 85.7968424460276 84.3616377049391 84.4453850335337 85.7634929002411
90.9835398682664 90.5327964606734 89.9937364164961 89.7799514872702 89.2869082629181 89.7907245134303 85.5613227109851 83.361291448686 82.1829125752279 80.6315267716111 73.78800222598 0 82.099442252477 77.5328640867046 87.4802850888848 86.1259447287981 83.2478263495168 86.6071267406748
92.5856756826601 91.9570267682265 91.1274292095547 89.8559233047754 91.2984349866296 92.1464435620986 87.6019601377656 87.8275353557611 79.7460093434257 87.2673430403889 84.9039978112337 82.099442252477 0 85.7901888661717 91.1011246996244 90.1282521025721 84.9659509602808 89.8168222509708
91.3857651349169 91.1801490900271 90.9498659562856 91.2340457256389 89.784551963225 89.7295901405689 87.3651584592468 84.105244451225 86.1455514945536 78.9298435901867 74.0608757462916 77.5328640867046 85.7901888661717 0 84.3096537139493 82.1292907879716 82.5367480876445 83.1990142701287
92.1259843966288 92.3537565451245 92.6073422214847 93.5261172881643 90.9198216846961 89.8564811295554 90.5284981699644 87.5424991364325 91.0646184082344 84.660648529019 85.7968424460276 87.4802850888848 91.1011246996244 84.3096537139493 0 72.9559075349297 88.0908247429846 81.9310731104961
92.289097251222 92.4091161971997 92.5429574231803 93.2820217648204 91.0166309794978 90.2139038306966 90.188836238405 87.1873341599197 90.3029418256257 83.760486836007 84.3616377049391 86.1259447287981 90.1282521025721 82.1292907879716 72.9559075349297 0 86.4202695953062 78.9021373091748
93.8926264666697 93.6277126583486 93.2804036785978 93.0196808096236 92.709168943389 92.8345892049893 90.4992526397913 89.062436939935 87.7281435654057 86.86508361888 84.4453850335337 83.2478263495168 84.9659509602808 82.5367480876445 88.0908247429846 86.4202695953062 0 83.9877352326082
93.7342872977169 93.7406762719914 93.7271138692036 94.1094997098894 92.6084150423336 92.1346807999517 91.4415864944717 89.1895195800536 90.6792333700066 86.4136961331341 85.7634929002411 86.6071267406748 89.8168222509708 83.1990142701287 81.9310731104961 78.9021373091748 83.9877352326082 0
