0 71.4741215705682 81.1963957883817 81.4238688668901 81.2331141878218 80.1497871498019 78.4549323243216 83.4039721952564 80.4761005024071 86.5698338578532 85.3915891308315 86.108690874692 83.8414555269102 84.6871541162429 85.6659077240695 89.444283079601 86.5840769255055 88.456898132988
71.4741215705682 0 77.7647878994723 78.103370572082 78.103370572082 82.5570171580838 81.0944617508052 85.1754668604017 79.7571837034398 85.0930706154422 83.8213544350363 87.2699342686732 82.7445958873746 83.555965823659 86.2812512605764 88.5626155199393 87.1696213970273 89.2299361010872
81.1963957883817 77.7647878994723 0 57.9330371790942 71.6251957531956 86.3353531286753 85.3317851617929 88.1244505527051 81.8564887327063 81.6658361118692 80.7342661421173 89.4809274664817 82.3578348697387 82.6342007106042 88.0543659757871 86.8417165672086 88.7859429613949 90.8595844810741
81.4238688668901 78.103370572082 57.9330371790942 0 69.9742370056535 86.3715914053258 85.3575914003783 88.1512723441861 81.5766707252515 81.1136705287218 80.0814756595712 89.4608113270667 81.9124372658146 82.1654959184623 87.9417364651442 86.5304228410657 88.6797390683343 90.8110544783965
81.2331141878218 78.103370572082 71.6251957531956 69.9742370056535 0 85.7863355292019 84.6536447400802 87.6496805316043 79.3002428506583 79.9742370056535 77.9330371790942 88.8644512266057 79.3818913619656 79.7799514872702 86.9514780899903 85.6854997764966 87.7647878994723 90.1964580507305
80.1497871498019 82.5570171580838 86.3353531286753 86.3715914053258 85.7863355292019 0 67.6512189795227 73.5260567307538 82.3452739215203 88.9021373091748 87.8007545217567 80.1964580507305 85.4519840595317 86.2899428940185 82.1805489955248 90.6607330446118 83.2067580073703 84.6168963459942
78.4549323243216 81.0944617508052 85.3317851617929 85.3575914003783 84.6536447400802 67.6512189795227 0 76.9639370490137 80.6609148151495 88.1181051996306 86.9098334870253 81.4682353322314 84.336040238155 85.2805333939414 81.9193804244781 90.0628282200902 83.127643215535 85.2011259605283
83.4039721952564 85.1754668604017 88.1244505527051 88.1512723441861 87.6496805316043 73.5260567307538 76.9639370490137 0 84.68610532296 90.1612739079682 89.1942647692817 76.4925692523013 87.0653224351617 87.7639527596306 82.3921913186054 91.5651151720509 83.0169593396428 82.8742774171248
80.4761005024071 79.7571837034398 81.8564887327063 81.5766707252515 79.3002428506583 82.3452739215203 80.6609148151495 84.68610532296 0 83.6408008670417 81.3926525972256 85.7505909256189 75.1757958751021 77.627196302634 82.3035037201138 86.4736672977584 83.6501254971811 87.3511319091826
86.5698338578532 85.0930706154422 81.6658361118692 81.1136705287218 79.9742370056535 88.9021373091748 88.1181051996306 90.1612739079682 83.6408008670417 0 70.943337135734 90.753364035148 80.738820882775 79.546717201444 88.5176120895897 80.0814756595712 89.1084015061976 91.5047597563245
85.3915891308315 83.8213544350363 80.7342661421173 80.0814756595712 77.9330371790942 87.8007545217567 86.9098334870253 89.1942647692817 81.3926525972256 70.943337135734 0 89.8195101390914 77.3975598292249 75.7863355292019 87.3034191185281 81.1136705287218 87.9899889902793 90.6560956231151
86.108690874692 87.2699342686732 89.4809274664817 89.4608113270667 88.8644512266057 80.1964580507305 81.4682353322314 76.4925692523013 85.7505909256189 90.753364035148 89.8195101390914 0 87.5803463896305 88.2000037388758 80.2640727400582 91.7148350829037 80.1964580507305 77.2169957016613
83.8414555269102 82.7445958873746 82.3578348697387 81.9124372658146 79.3818913619656 85.4519840595317 84.336040238155 87.0653224351617 75.1757958751021 80.738820882775 77.3975598292249 87.5803463896305 0 65.5673171147236 83.9597801053984 83.7445660987571 84.9504435034663 88.5369933522933
84.6871541162429 83.555965823659 82.6342007106042 82.1654959184623 79.7799514872702 86.2899428940185 85.2805333939414 87.7639527596306 77.627196302634 79.546717201444 75.7863355292019 88.2000037388758 65.5673171147236 0 84.7407932524942 82.6017133826353 85.61053085255 89.0220684557673
85.6659077240695 86.2812512605764 88.0543659757871 87.9417364651442 86.9514780899903 82.1805489955248 81.9193804244781 82.3921913186054 82.3035037201138 88.5176120895897 87.3034191185281 80.2640727400582 83.9597801053984 84.7407932524942 0 89.2656209334118 67.0009782021939 80.8389176726143
89.444283079601 88.5626155199393 86.8417165672086 86.5304228410657 85.6854997764966 90.6607330446118 90.0628282200902 91.5651151720509 86.4736672977584 80.0814756595712 81.1136705287218 91.7148350829037 83.7445660987571 82.6017133826353 89.2656209334118 0 89.6602337925892 92.0154368322127
86.5840769255055 87.1696213970273 88.7859429613949 88.6797390683343 87.7647878994723 83.2067580073703 83.127643215535 83.0169593396428 83.6501254971811 89.1084015061976 87.9899889902793 80.1964580507305 84.9504435034663 85.61053085255 67.0009782021939 89.6602337925892 0 79.5287091114304
88.456898132988 89.2299361010872 90.8595844810741 90.8110544783965 90.1964580507305 84.6168963459942 85.2011259605283 82.8742774171248 87.3511319091826 91.5047597563245 90.6560956231151 77.2169957016613 88.5369933522933 89.0220684557673 80.8389176726143 92.0154368322127 79.5287091114304 0
