0 85.1329754427702 78.0105149591016 86.3579808479513 90.0330101399179 79.546717201444 87.9408474526292 84.924474053039 90.3254225372516 83.237595614941 91.0297646113869 89.4318422036751 88.4018890874713 89.619779474765 89.8042944601115 93.46033783538 90.6435497940177 90.6578151029817
85.1329754427702 0 81.1676208475889 74.7417592665929 83.0196808096236 87.1227714840238 79.0119174309222 81.2004909747474 84.4968929404965 85.289026176076 86.5364172448041 87.0301601966233 88.7723611954805 88.9153198341236 91.693328996376 90.8897014554721 90.6584149528466 90.8575575798109
78.0105149591016 81.1676208475889 0 82.3526526593676 87.6974540728827 81.1303421223965 84.7054556385607 79.9742370056535 87.9434923296811 80.0867687069284 88.8349120548484 87.0595224298721 86.7696515306304 87.8221923842211 89.4705762436461 91.9113291374182 89.3818913619656 89.4863825390185
86.3579808479513 74.7417592665929 82.3526526593676 0 80.9907213062089 87.3404562963292 72.4459409425985 78.5040193152223 81.7532076048429 84.5600174788422 84.1277677096691 84.8190149299059 87.5946974921302 87.4433032684491 91.1380349314679 89.4412153781109 89.5494849984355 89.813317592445
90.0330101399179 83.0196808096236 87.6974540728827 80.9907213062089 0 90.7315310030624 77.5519919157727 85.289026176076 75.2838090587103 88.7168802665761 81.2209091826396 86.5883826220643 89.9921148053681 89.3255293548103 93.0331223084966 88.1403225223917 91.1153405709724 91.4018836929127
79.546717201444 87.1227714840238 81.1303421223965 87.3404562963292 90.7315310030624 0 88.6030013835912 84.5150597129644 90.5939267192532 79.4005173154006 90.9198216846961 88.2381671236096 85.604595839916 87.6253319777206 86.6580961725535 92.9397170126845 88.4622840161715 88.3916556440216
87.9408474526292 79.0119174309222 84.7054556385607 72.4459409425985 77.5519919157727 88.6030013835912 0 80.738820882775 78.1369945153194 85.9195436335469 81.8069354424815 84.3537303644517 87.9822666720595 87.4754622734875 91.570660767788 88.4025136533266 89.6321315981049 89.9338588635593
84.924474053039 81.2004909747474 79.9742370056535 78.5040193152223 85.289026176076 84.5150597129644 80.738820882775 0 84.6557838819074 78.9847314590875 85.3555738781601 82.188114825623 84.0756800526813 84.4651623168477 88.8306757240111 89.3916591250999 87.1217246129041 87.402352878057
90.3254225372516 84.4968929404965 87.9434923296811 81.7532076048429 75.2838090587103 90.5939267192532 78.1369945153194 84.6557838819074 0 88.207663837546 75.1679638046192 84.4341688235299 88.9187558879605 87.8959680337811 92.3657334800839 86.0016174742824 89.9433604896101 90.2923597189572
83.237595614941 85.289026176076 80.0867687069284 84.5600174788422 88.7168802665761 79.4005173154006 85.9195436335469 78.9847314590875 88.207663837546 0 88.4011093146316 84.354413233003 81.5653952239311 83.964480905296 86.108690874692 90.8878926994657 85.9029410845511 85.9952579723939
91.0297646113869 86.5364172448041 88.8349120548484 84.1277677096691 81.2209091826396 90.9198216846961 81.8069354424815 85.3555738781601 75.1679638046192 88.4011093146316 0 82.766012319747 88.2777174066446 86.7956877693918 91.9669880491193 83.1320571887645 88.9847314590875 89.4007938503569
89.4318422036751 87.0301601966233 87.0595224298721 84.8190149299059 86.5883826220643 88.2381671236096 84.3537303644517 82.188114825623 84.4341688235299 84.354413233003 82.766012319747 0 81.8385866710998 78.2870632493602 88.3026572225981 85.4102617994493 83.3793894845298 84.1114246562642
88.4018890874713 88.7723611954805 86.7696515306304 87.5946974921302 89.9921148053681 85.604595839916 87.9822666720595 84.0756800526813 88.9187558879605 81.5653952239311 88.2777174066446 81.8385866710998 0 75.4304003347848 82.7531929436013 89.3960056166543 77.8007545217567 78.0688721776145
89.619779474765 88.9153198341236 87.8221923842211 87.4433032684491 89.3255293548103 87.6253319777206 87.4754622734875 84.4651623168477 87.8959680337811 83.964480905296 86.7956877693918 78.2870632493602 75.4304003347848 0 85.3303424647414 87.5179723954435 76.5304228410657 77.9627110770026
89.8042944601115 91.693328996376 89.4705762436461 91.1380349314679 93.0331223084966 86.6580961725535 91.570660767788 88.8306757240111 92.3657334800839 86.108690874692 91.9669880491193 88.3026572225981 82.7531929436013 85.3303424647414 0 92.4379829470885 83.237595614941 82.4205209475699
93.46033783538 90.8897014554721 91.9113291374182 89.4412153781109 88.1403225223917 92.9397170126845 88.4025136533266 89.3916591250999 86.0016174742824 90.8878926994657 83.1320571887645 85.4102617994493 89.3960056166543 87.5179723954435 92.4379829470885 0 88.8560913448692 89.2970716604341
90.6435497940177 90.6584149528466 89.3818913619656 89.5494849984355 91.1153405709724 88.4622840161715 89.6321315981049 87.1217246129041 89.9433604896101 85.9029410845511 88.9847314590875 83.3793894845298 77.8007545217567 76.5304228410657 83.237595614941 88.8560913448692 0 63.3109524392579
90.6578151029817 90.8575575798109 89.4863825390185 89.813317592445 91.4018836929127 88.3916556440216 89.9338588635593 87.402352878057 90.2923597189572 85.9952579723939 89.4007938503569 84.1114246562642 78.0688721776145 77.9627110770026 82.4205209475699 89.2970716604341 63.3109524392579 0
