0 86.4394995309249 85.3429764949431 92.8759748657475 87.5605177126806 89.8648399147477 92.577001095557 92.6346559026665 90.1515614258444 91.4633452247797 91.5407504232831 93.7411469057037 91.9434275781549 93.0429532785602 94.2949517295666 94.8457975868262 93.511486898973 94.0729344945551
86.4394995309249 0 85.9744315024477 87.4754622734875 89.8964573804919 86.8517554835501 87.98148675759 88.2030770646303 87.5903403335228 88.0251763415121 88.8769913063593 90.1320245695439 91.4790125634164 90.6680891596284 91.5049292001285 91.9991201762544 91.7766647381016 92.1239993528741
85.3429764949431 85.9744315024477 0 90.922877176428 81.2004909747474 83.0088975767243 89.391166686316 89.3554267512762 83.2871229452083 86.4749357752151 86.1399739139632 90.6398255405413 86.6295362417042 88.6977782131277 90.9802147330076 91.9002599641319 89.2697621104317 90.2359933182647
92.8759748657475 87.4754622734875 90.922877176428 0 93.1679005025265 88.1975526364766 80.9792380675572 81.7818476791535 88.7225541670149 86.8175519057928 88.3675444764051 84.2959097000793 92.3095732928173 88.976606068275 87.7563401374676 87.5519919157727 90.6577051005096 90.3485019850597
87.5605177126806 89.8964573804919 81.2004909747474 93.1679005025265 0 86.573399006352 91.6677283706312 91.5848529963648 86.305986063583 88.920351460557 88.125838425248 92.3603427057079 85.44858103737 89.8792568130895 92.2213473416832 93.1155436921792 89.7699002846795 90.8776994407101
89.8648399147477 86.8517554835501 83.0088975767243 88.1975526364766 86.573399006352 0 84.6713008406296 84.4459021339108 66.2453973591199 76.8816474274086 76.4966562394772 86.1782004591663 84.5112664443838 82.8048855331389 86.556407178515 88.0377328770581 84.7391846603224 85.8987805111985
92.577001095557 87.98148675759 89.391166686316 80.9792380675572 91.6677283706312 84.6713008406296 0 60.943337135734 85.2198208476034 81.3454034114811 83.964480905296 77.1645291238067 89.8178221382336 84.5700464329907 83.1155436921792 83.6483846342355 87.205713987203 86.7716538837683
92.6346559026665 88.2030770646303 89.3554267512762 81.7818476791535 91.5848529963648 84.4459021339108 60.943337135734 0 84.9590655924985 80.788610269172 83.5081091981508 76.1492275630248 89.5819167545738 84.0075874112409 82.4570356382086 83.1363645640142 86.7923005771085 86.318299232258
90.1515614258444 87.5903403335228 83.2871229452083 88.7225541670149 86.305986063583 66.2453973591199 85.2198208476034 84.9590655924985 0 77.2169957016613 75.0930706154422 86.3733796009324 83.408322943692 82.1027689051246 86.4210841896122 87.9923727000594 83.8924062417859 85.3006546763088
91.4633452247797 88.0251763415121 86.4749357752151 86.8175519057928 88.920351460557 76.8816474274086 81.3454034114811 80.788610269172 77.2169957016613 0 72.6459542896836 82.6519041518288 85.7548958440144 79.0724707021626 83.2222041818708 85.2430761143825 83.0384872811603 83.6428643384812
91.5407504232831 88.8769913063593 86.1399739139632 88.3675444764051 88.125838425248 76.4966562394772 83.964480905296 83.5081091981508 75.0930706154422 72.6459542896836 0 84.392627551408 83.6291168545625 77.0711757029314 83.7989102258118 85.937564542353 80.8378353124009 82.3313787528564
93.7411469057037 90.1320245695439 90.6398255405413 84.2959097000793 92.3603427057079 86.1782004591663 77.1645291238067 76.1492275630248 86.3733796009324 82.6519041518288 84.392627551408 0 89.7876369386614 83.2393903451467 78.1305174754862 78.103370572082 86.0408409468084 84.9504435034663
91.9434275781549 91.4790125634164 86.6295362417042 92.3095732928173 85.44858103737 84.5112664443838 89.8178221382336 89.5819167545738 83.408322943692 85.7548958440144 83.6291168545625 89.7876369386614 0 84.5869706818913 88.6385873374445 90.0093236528738 82.8522543049557 85.2560178849155
93.0429532785602 90.6680891596284 88.6977782131277 88.976606068275 89.8792568130895 82.8048855331389 84.5700464329907 84.0075874112409 82.1027689051246 79.0724707021626 77.0711757029314 83.2393903451467 84.5869706818913 0 80.1445703986413 83.4035072434908 75.5673171147236 75.8926218126029
94.2949517295666 91.5049292001285 90.9802147330076 87.7563401374676 92.2213473416832 86.556407178515 83.1155436921792 82.4570356382086 86.4210841896122 83.2222041818708 83.7989102258118 78.1305174754862 88.6385873374445 80.1445703986413 0 73.3138618255274 83.0331223084966 80.6333751724587
94.8457975868262 91.9991201762544 91.9002599641319 87.5519919157727 93.1155436921792 88.0377328770581 83.6483846342355 83.1363645640142 87.9923727000594 85.2430761143825 85.937564542353 78.103370572082 90.0093236528738 83.4035072434908 73.3138618255274 0 85.3953631713235 83.447537158823
93.511486898973 91.7766647381016 89.2697621104317 90.6577051005096 89.7699002846795 84.7391846603224 87.205713987203 86.7923005771085 83.8924062417859 83.0384872811603 80.8378353124009 86.0408409468084 82.8522543049557 75.5673171147236 83.0331223084966 85.3953631713235 0 72.9280555364194
94.0729344945551 92.1239993528741 90.2359933182647 90.3485019850597 90.8776994407101 85.8987805111985 86.7716538837683 86.318299232258 85.3006546763088 83.6428643384812 82.3313787528564 84.9504435034663 85.2560178849155 75.8926218126029 80.6333751724587 83.447537158823 72.9280555364194 0
