0 50.943337135734 75.289026176076 82.5570171580838 87.873567814971 91.5974653422214 83.6150544197642 87.3082160992677 87.992560047968 88.9187822793513 92.5317848720839 90.8458374650122 90.4859949416913 90.6676799053077 91.8161810502716 93.92659995505 93.8318343954244 92.9233061117054
50.943337135734 0 75.4304003347848 82.3326765383033 87.7566541954257 91.5265483987681 83.4206154648313 87.2016042685911 87.9330371790942 88.8398492236681 92.459180529333 90.7683108277111 90.4246233014204 90.6038153464986 91.7441879861927 93.8653619745296 93.7710478475584 92.8681753347607
75.289026176076 75.4304003347848 0 84.5719301653208 89.0724707021626 92.4989505169433 84.0268466216013 86.7159566715922 86.5507701462811 88.1383073018398 92.8522543049557 90.6009967775609 89.7115009066779 89.9921148053681 91.6863805757484 94.0916469222997 93.9031313089211 92.5317848720839
82.5570171580838 82.3326765383033 84.5719301653208 0 81.2209091826396 88.0546471746396 77.9330371790942 85.0257367888525 87.9719488414633 87.4716001613441 89.4301536759735 88.4530469801072 89.3986198990077 89.3650594295902 89.4017562099516 91.4895947926891 91.5281009007436 91.4331901614411
87.873567814971 87.7566541954257 89.0724707021626 81.2209091826396 0 82.9437174509601 83.9405886754904 87.1112419990312 90.1638411574058 88.9518820507696 86.625354376404 88.3327274477688 90.4411307679235 90.2237091998029 88.7147042607757 89.5785740619228 89.9885294733838 91.4184221916742
91.5974653422214 91.5265483987681 92.4989505169433 88.0546471746396 82.9437174509601 0 89.4297150955034 90.9221830836153 93.111191053536 92.0123626737175 86.6713291357463 90.8510549199306 92.9422595709972 92.6964941671843 90.6658483789833 89.4350734667223 90.3569604928516 93.0711946041591
83.6150544197642 83.4206154648313 84.0268466216013 77.9330371790942 83.9405886754904 89.4297150955034 0 80.0814756595712 84.8118924275813 83.9968508302003 88.9518820507696 86.0914700857269 86.7437300538727 86.7514468623435 87.5935153898588 90.8430080907629 90.6433759189182 89.6648998632169
87.3082160992677 87.2016042685911 86.7159566715922 85.0257367888525 87.1112419990312 90.9221830836153 80.0814756595712 0 80.2528274474092 75.289026176076 88.5127394962013 81.8069354424815 81.3428693812244 81.3454034114811 84.6354957098355 89.9161730100575 89.3159052912202 86.4797404980476
87.992560047968 87.9330371790942 86.5507701462811 87.9719488414633 90.1638411574058 93.111191053536 84.8118924275813 80.2528274474092 0 78.2106092259997 91.1918866187842 85.61053085255 80.4393454486604 81.7060996897762 87.6131943190306 92.0051869430149 91.3607450614292 87.3985422847928
88.9187822793513 88.8398492236681 88.1383073018398 87.4716001613441 88.9518820507696 92.0123626737175 83.9968508302003 75.289026176076 78.2106092259997 0 89.1189908313318 80.7841074747623 75.4132635150404 75.8987805111985 84.0311148723812 90.0288774604209 89.2029712750203 84.5416919591329
92.5317848720839 92.459180529333 92.8522543049557 89.4301536759735 86.625354376404 86.6713291357463 88.9518820507696 88.5127394962013 91.1918866187842 89.1189908313318 0 85.6238550502764 89.7390706729887 89.2021401250958 84.0438945132429 78.8792932558562 81.1499145313613 88.4127912318851
90.8458374650122 90.7683108277111 90.6009967775609 88.4530469801072 88.3327274477688 90.8510549199306 86.0914700857269 81.8069354424815 85.61053085255 80.7841074747623 85.6238550502764 0 81.3204088470432 79.7799514872702 73.9536370923738 86.4285807368505 85.0613737820002 80.9865508735604
90.4859949416913 90.4246233014204 89.7115009066779 89.3986198990077 90.4411307679235 92.9422595709972 86.7437300538727 81.3428693812244 80.4393454486604 75.4132635150404 89.7390706729887 81.3204088470432 0 66.2820521445524 84.0353653491341 90.174222290158 89.157162133207 82.2576492582226
90.6676799053077 90.6038153464986 89.9921148053681 89.3650594295902 90.2237091998029 92.6964941671843 86.7514468623435 81.3454034114811 81.7060996897762 75.8987805111985 89.2021401250958 79.7799514872702 66.2820521445524 0 82.8550516930196 89.6106880748558 88.5116572203085 81.0505757896518
91.8161810502716 91.7441879861927 91.6863805757484 89.4017562099516 88.7147042607757 90.6658483789833 87.5935153898588 84.6354957098355 87.6131943190306 84.0311148723812 84.0438945132429 73.9536370923738 84.0353653491341 82.8550516930196 0 84.2705235637532 82.2799459963153 80.7750878561122
93.92659995505 93.8653619745296 94.0916469222997 91.4895947926891 89.5785740619228 89.4350734667223 90.8430080907629 89.9161730100575 92.0051869430149 90.0288774604209 78.8792932558562 86.4285807368505 90.174222290158 89.6106880748558 84.2705235637532 0 73.6150544197642 87.7383516053857
93.8318343954244 93.7710478475584 93.9031313089211 91.5281009007436 89.9885294733838 90.3569604928516 90.6433759189182 89.3159052912202 91.3607450614292 89.2029712750203 81.1499145313613 85.0613737820002 89.157162133207 88.5116572203085 82.2799459963153 73.6150544197642 0 85.961874199314
92.9233061117054 92.8681753347607 92.5317848720839 91.4331901614411 91.4184221916742 93.0711946041591 89.6648998632169 86.4797404980476 87.3985422847928 84.5416919591329 88.4127912318851 80.9865508735604 82.2576492582226 81.0505757896518 80.7750878561122 87.7383516053857 85.961874199314 0
