0 65.5673171147236 79.7342959307347 79.0724707021626 84.2495038086784 85.6238550502764 87.8319828162819 89.8380349754291 89.8155367946915 91.5325297429229 90.4004842763326 90.2237091998029 90.2119042252309 90.7008710260969 91.0771873132309 91.3358915737989 91.9570267682265 93.291545933808
65.5673171147236 0 78.4407002914246 77.0605702158074 83.8123906654578 84.9383437488801 87.3975598292249 89.6356543330438 89.5675396812799 91.3706669319512 90.1320245695439 89.9085993106296 89.6945287903597 90.3185160559075 90.6047544631244 90.8913461286801 91.53442531487 93.0750602262022
79.7342959307347 78.4407002914246 0 73.88799939735 86.341622719513 85.9084823227115 88.4515055622316 90.9163270598292 90.7088927630519 92.4145328959537 91.0505757896518 90.6792333700066 88.6848557252811 90.5708176693204 89.4313841462521 90.1762955422891 90.6188168979226 93.5737769688657
79.0724707021626 77.0605702158074 73.88799939735 0 84.1260579378503 83.4181597425046 86.6545999065771 89.619779474765 89.3625384983103 91.3307306167815 89.7543293196242 89.3274199206759 87.6457956664753 89.2792700757186 88.6760806191086 89.22735792065 89.8804000663812 92.634789145646
84.2495038086784 83.8123906654578 86.341622719513 84.1260579378503 0 77.8007545217567 79.5407227977055 83.4181597425046 83.3177415836826 86.6604254538209 84.5832154332189 84.4613002047043 88.3287645450219 86.2325041385106 89.7388831451238 89.1551959618225 90.3534795727897 89.6127053130504
85.6238550502764 84.9383437488801 85.9084823227115 83.4181597425046 77.8007545217567 0 76.706750637792 84.4786527265116 83.6685184366972 87.2016042685911 84.1427215355371 83.1990142701287 85.26340400843 83.622091328923 87.2180198603311 86.4578371154628 88.0232945999633 88.9518820507696
87.8319828162819 87.3975598292249 88.4515055622316 86.6545999065771 79.5407227977055 76.706750637792 0 80.4078597858648 78.6884087084558 84.2107909313872 79.3443980803016 77.9330371790942 86.3802934588265 80.943337135734 88.1778938560859 86.8193244329465 88.5369933522933 86.7055985102301
89.8380349754291 89.6356543330438 90.9163270598292 89.619779474765 83.4181597425046 84.4786527265116 80.4078597858648 0 68.8905970229758 76.5304228410657 75.289026176076 78.5475619699661 89.6689785666405 84.2312091392794 90.9198216846961 89.6666483480365 90.9925666286993 84.9796890336395
89.8155367946915 89.5675396812799 90.7088927630519 89.3625384983103 83.3177415836826 83.6685184366972 78.6884087084558 68.8905970229758 0 77.6856010089718 70.4833062991614 75.1191184414896 88.9067072736304 82.6028887739924 90.2552204412598 88.8547466982737 90.3028884245282 84.2511828546564
91.5325297429229 91.3706669319512 92.4145328959537 91.3307306167815 86.6604254538209 87.2016042685911 84.2107909313872 76.5304228410657 77.6856010089718 0 78.0529683256868 80.8821062851461 90.7338104052137 85.3176715737137 91.8055112926675 90.4881743072895 91.7060996897762 82.7531929436013
90.4004842763326 90.1320245695439 91.0505757896518 89.7543293196242 84.5832154332189 84.1427215355371 79.3443980803016 75.289026176076 70.4833062991614 78.0529683256868 0 69.9742370056535 88.444562403568 80.7841074747623 89.8251320749173 88.2000037388758 89.7571837034398 82.5420156066597
90.2237091998029 89.9085993106296 90.6792333700066 89.3274199206759 84.4613002047043 83.1990142701287 77.9330371790942 78.5475619699661 75.1191184414896 80.8821062851461 69.9742370056535 0 87.3630331127546 77.9330371790942 88.9021373091748 87.0637545821867 88.8179418809182 82.7760355725621
90.2119042252309 89.6945287903597 88.6848557252811 87.6457956664753 88.3287645450219 85.26340400843 86.3802934588265 89.6689785666405 88.9067072736304 90.7338104052137 88.444562403568 87.3630331127546 0 84.5016820945834 73.6150544197642 74.598216984643 77.2272264362371 90.0228223518567
90.7008710260969 90.3185160559075 90.5708176693204 89.2792700757186 86.2325041385106 83.622091328923 80.943337135734 84.2312091392794 82.6028887739924 85.3176715737137 80.7841074747623 77.9330371790942 84.5016820945834 0 86.4210841896122 83.555965823659 86.051467240859 83.8056556760196
91.0771873132309 90.6047544631244 89.4313841462521 88.6760806191086 89.7388831451238 87.2180198603311 88.1778938560859 90.9198216846961 90.2552204412598 91.8055112926675 89.8251320749173 88.9021373091748 73.6150544197642 86.4210841896122 0 76.6604254538209 73.4960621867671 90.9541809486562
91.3358915737989 90.8913461286801 90.1762955422891 89.22735792065 89.1551959618225 86.4578371154628 86.8193244329465 89.6666483480365 88.8547466982737 90.4881743072895 88.2000037388758 87.0637545821867 74.598216984643 83.555965823659 76.6604254538209 0 74.0608757462916 89.1558514511934
91.9570267682265 91.53442531487 90.6188168979226 89.8804000663812 90.3534795727897 88.0232945999633 88.5369933522933 90.9925666286993 90.3028884245282 91.7060996897762 89.7571837034398 88.8179418809182 77.2272264362371 86.051467240859 73.4960621867671 74.0608757462916 0 90.4299114571472
93.291545933808 93.0750602262022 93.5737769688657 92.634789145646 89.6127053130504 88.9518820507696 86.7055985102301 84.9796890336395 84.2511828546564 82.7531929436013 82.5420156066597 82.7760355725621 90.0228223518567 83.8056556760196 90.9541809486562 89.1558514511934 90.4299114571472 0
