0 69.8426977282042 82.3073716170739 84.3931512750066 82.1259843966288 83.2910400873432 87.1792527580434 88.2969304657511 88.6015673394838 88.9969862103985 88.9922245819579 89.6372309005744 90.474650828022 90.8351646482895 89.7952525418025 89.8022079536539 90.5846599414687 91.8087149732661
69.8426977282042 0 82.5039384146864 82.5925628003882 80.832005379949 81.3660443540386 85.9126336164662 87.9590852847897 87.8814856746282 88.1462623767913 88.4565427775144 89.157162133207 89.67130753563 90.0537196067674 89.0847345640333 89.1630553121545 90.2807401307034 91.0950915750602
82.3073716170739 82.5039384146864 0 86.301340043983 78.7966354858417 84.0608757462916 88.5067189568844 83.2478263495168 85.9823967237641 87.6169325975649 85.5160989963473 86.2955942196708 90.0344965728397 90.5456658670191 87.9762509169206 87.5043937517914 87.0179652525531 91.8218608873657
84.3931512750066 82.5925628003882 86.301340043983 0 81.9193804244781 74.1239704853616 76.1496732818455 87.8718063285063 85.3687260816133 84.0417671828947 87.0711757029314 87.869153973043 85.1384440244344 85.61053085255 85.9785202629748 86.6878264189432 89.7018195373256 87.0711757029314
82.1259843966288 80.832005379949 78.7966354858417 81.9193804244781 0 77.4947214838478 85.1534316953634 83.2222041818708 83.0789167007252 84.4088227212188 83.7944074314021 84.9569362221541 87.4445469275901 88.0908247429846 85.4024912752453 85.2350153341186 86.7893370314922 89.6916329145312
83.2910400873432 81.3660443540386 84.0608757462916 74.1239704853616 77.4947214838478 0 80.561932768499 85.9866862537587 83.5789565502476 83.051870788883 85.3208427639379 86.3181275726688 85.4820464332354 86.1350517739506 84.9227372224544 85.4054733656756 88.3516302771946 87.8594558778782
87.1792527580434 85.9126336164662 88.5067189568844 76.1496732818455 85.1534316953634 80.561932768499 0 89.0856646756022 86.0715147213828 83.7973545381721 87.9245484502587 88.5776170713634 83.1155436921792 83.352468285331 85.9016643566301 86.9345227862877 90.4024523039268 84.6453254409419
88.2969304657511 87.9590852847897 83.2478263495168 87.8718063285063 83.2222041818708 85.9866862537587 89.0856646756022 0 80.9108162068738 84.9105599207718 76.625354376404 77.408870560011 88.4077086292846 89.0891422958372 84.1114246562642 82.4532663823639 77.9999693463711 90.715999260007
88.6015673394838 87.8814856746282 85.9823967237641 85.3687260816133 83.0789167007252 83.5789565502476 86.0715147213828 80.9108162068738 0 76.384902672109 74.307916344788 76.6604254538209 83.6663955797549 84.8105039628439 74.5764790864515 72.0827706588024 82.4416841028919 87.3342805168171
88.9969862103985 88.1462623767913 87.6169325975649 84.0417671828947 84.4088227212188 83.051870788883 83.7973545381721 84.9105599207718 76.384902672109 0 81.3769599159453 82.2809106586375 78.8320910375506 80.738820882775 72.5570171580838 76.9126306105778 85.7796338648053 84.4786527265116
88.9922245819579 88.4565427775144 85.5160989963473 87.0711757029314 83.7944074314021 85.3208427639379 87.9245484502587 76.625354376404 74.307916344788 81.3769599159453 0 67.1355219332843 86.1152012629658 86.9866778667631 79.5166621000467 76.2610639854017 78.3011210965114 89.0051368755729
89.6372309005744 89.157162133207 86.2955942196708 87.869153973043 84.9569362221541 86.3181275726688 88.5776170713634 77.408870560011 76.6604254538209 82.2809106586375 67.1355219332843 0 86.5220167514142 87.3430143490372 80.0997335174797 76.706750637792 76.2196361444474 89.2714127732645
90.474650828022 89.67130753563 90.0344965728397 85.1384440244344 87.4445469275901 85.4820464332354 83.1155436921792 88.4077086292846 83.6663955797549 78.8320910375506 86.1152012629658 86.5220167514142 0 66.6429314779533 80.9423412479261 83.2222041818708 88.7737928568809 78.0781914623347
90.8351646482895 90.0537196067674 90.5456658670191 85.61053085255 88.0908247429846 86.1350517739506 83.352468285331 89.0891422958372 84.8105039628439 80.738820882775 86.9866778667631 87.3430143490372 66.6429314779533 0 82.420100378145 84.3783131775614 89.4038904868829 75.3681348263785
89.7952525418025 89.0847345640333 87.9762509169206 85.9785202629748 85.4024912752453 84.9227372224544 85.9016643566301 84.1114246562642 74.5764790864515 72.5570171580838 79.5166621000467 80.0997335174797 80.9423412479261 82.420100378145 0 70.4892656583342 84.2516685627978 85.5613227109851
89.8022079536539 89.1630553121545 87.5043937517914 86.6878264189432 85.2350153341186 85.4054733656756 86.9345227862877 82.4532663823639 72.0827706588024 76.9126306105778 76.2610639854017 76.706750637792 83.2222041818708 84.3783131775614 70.4892656583342 0 82.2595237792253 86.9631724426547
90.5846599414687 90.2807401307034 87.0179652525531 89.7018195373256 86.7893370314922 88.3516302771946 90.4024523039268 77.9999693463711 82.4416841028919 85.7796338648053 78.3011210965114 76.2196361444474 88.7737928568809 89.4038904868829 84.2516685627978 82.2595237792253 0 90.9412914117745
91.8087149732661 91.0950915750602 91.8218608873657 87.0711757029314 89.6916329145312 87.8594558778782 84.6453254409419 90.715999260007 87.3342805168171 84.4786527265116 89.0051368755729 89.2714127732645 78.0781914623347 75.3681348263785 85.5613227109851 86.9631724426547 90.9412914117745 0
