0 88.3572170605267 74.4651623168477 90.4359987120748 78.3784347830183 92.3754593842636 87.8697423580629 88.3862505131622 87.651803272903 87.3749017919311 87.3955942510882 88.3572170605267 89.7166269380673 93.5647148257253 91.3706669319512 89.2261232363438 89.3255293548103 90.0115342903995
88.3572170605267 0 89.941542160005 79.047913418906 87.1227714840238 84.5325656125981 83.9504442858702 85.4440592354367 87.8305164971864 88.8306757240111 90.8719638496243 92.5874605767817 88.439260477623 89.3391701450444 88.5241253582302 89.9497159690733 92.459180529333 92.3326765383033
74.4651623168477 89.941542160005 0 91.6592441776834 81.2493343553935 93.3595354173768 89.1730443464534 89.5146134669484 88.509016538156 88.015631329007 87.3391980024683 87.669856364134 90.4508254348273 94.2785006155202 92.1084183731075 89.675793526464 88.9976660170554 89.8920337031865
90.4359987120748 79.047913418906 91.6592441776834 0 88.9836096279223 78.4407002914246 83.6033008406848 84.7761036398105 87.8497272528937 89.0410120194246 91.3062167865039 93.09596774367 87.6392949459772 86.4345964033151 86.715787522337 89.7428929869615 92.7407417148337 92.4222574818272
78.3784347830183 87.1227714840238 81.2493343553935 88.9836096279223 0 91.1639951169868 84.7319474286415 85.2808297926056 83.9954978192075 83.6964506811521 84.6354957098355 86.8817337465467 86.9727843297613 92.0906792110746 89.2221969636326 86.4075022797709 87.4947214838478 88.036884894078
92.3754593842636 84.5325656125981 93.3595354173768 78.4407002914246 91.1639951169868 0 86.6359054690201 87.2016042685911 89.687575441599 90.707728535599 92.6869361877543 94.2787561550669 89.0301722270237 84.7182209694953 87.4198175020643 91.0416689218196 93.8551219092216 93.469886737336
87.8697423580629 83.9504442858702 89.1730443464534 83.6033008406848 84.7319474286415 86.6359054690201 0 69.6356543330438 79.6239007539644 82.3961771366626 86.7407817508162 89.6321512084576 80.6374962592738 87.2353937067571 82.5451645997339 84.0608757462916 89.0124358046203 88.5348580241202
88.3862505131622 85.4440592354367 89.5146134669484 84.7761036398105 85.2808297926056 87.2016042685911 69.6356543330438 0 77.6085169412828 81.1370060730212 86.1205453613328 89.2417469928914 77.7738075181225 86.8982993539898 80.8394792112324 82.5390090680702 88.4291603478114 87.7877482265332
87.651803272903 87.8305164971864 88.509016538156 87.8497272528937 83.9954978192075 89.687575441599 79.6239007539644 77.6085169412828 0 71.6659294507838 82.0910422183165 86.6567610856791 76.5304228410657 88.9312242752465 83.1779561296694 76.8316543916761 85.4850541201567 84.6798049886386
87.3749017919311 88.8306757240111 88.015631329007 89.0410120194246 83.6964506811521 90.707728535599 82.3961771366626 81.1370060730212 71.6659294507838 0 78.9847314590875 84.9607879581046 79.4245426702982 89.9494258530868 84.8615063718665 74.9867036311459 83.555965823659 82.7674836600796
87.3955942510882 90.8719638496243 87.3391980024683 91.3062167865039 84.6354957098355 92.6869361877543 86.7407817508162 86.1205453613328 82.0910422183165 78.9847314590875 0 78.9021373091748 84.8584476243867 92.0272289597162 88.1860958317419 80.5150277447822 77.0071507868401 78.3390605802349
88.3572170605267 92.5874605767817 87.669856364134 93.09596774367 86.8817337465467 94.2787561550669 89.6321512084576 89.2417469928914 86.6567610856791 84.9607879581046 78.9021373091748 0 88.3451003515052 93.730685266909 90.6861507245123 85.4924882420378 75.5523155632995 80.5050214404877
89.7166269380673 88.439260477623 90.4508254348273 87.6392949459772 86.9727843297613 89.0301722270237 80.6374962592738 77.7738075181225 76.5304228410657 79.4245426702982 84.8584476243867 88.3451003515052 0 87.0264575627073 78.2805650144431 77.7738075181225 86.9316491937789 85.7011853430086
93.5647148257253 89.3391701450444 94.2785006155202 86.4345964033151 92.0906792110746 84.7182209694953 87.2353937067571 86.8982993539898 88.9312242752465 89.9494258530868 92.0272289597162 93.730685266909 87.0264575627073 0 83.1891670379753 89.5214849154441 92.950176223755 92.2467778260303
91.3706669319512 88.5241253582302 92.1084183731075 86.715787522337 89.2221969636326 87.4198175020643 82.5451645997339 80.8394792112324 83.1779561296694 84.8615063718665 88.1860958317419 90.6861507245123 78.2805650144431 83.1891670379753 0 83.8044777412293 89.5359213104071 88.4967489738495
89.2261232363438 89.9497159690733 89.675793526464 89.7428929869615 86.4075022797709 91.0416689218196 84.0608757462916 82.5390090680702 76.8316543916761 74.9867036311459 80.5150277447822 85.4924882420378 77.7738075181225 89.5214849154441 83.8044777412293 0 83.2406489512041 81.2759786706979
89.3255293548103 92.459180529333 88.9976660170554 92.7407417148337 87.4947214838478 93.8551219092216 89.0124358046203 88.4291603478114 85.4850541201567 83.555965823659 77.0071507868401 75.5523155632995 86.9316491937789 92.950176223755 89.5359213104071 83.2406489512041 0 73.323798167022
90.0115342903995 92.3326765383033 89.8920337031865 92.4222574818272 88.036884894078 93.469886737336 88.5348580241202 87.7877482265332 84.6798049886386 82.7674836600796 78.3390605802349 80.5050214404877 85.7011853430086 92.2467778260303 88.4967489738495 81.2759786706979 73.323798167022 0
