0 88.6994416157976 89.468746993432 90.0415708322431 90.6607330446118 88.6614159257251 83.8681130724119 90.3930962198545 86.082168991845 91.9731594409166 87.4908764682633 89.7657356159223 90.9955713843154 93.4818304535044 94.6983272159279 92.1296212887 93.8674586841366 94.3212849048221
88.6994416157976 0 68.103370572082 75.5673171147236 78.2106092259997 79.8195101390914 88.1233688184042 83.6687149094864 91.1676208475889 86.3000751699915 91.4929130958581 90.5622918724125 92.0921146346624 91.4566143951147 91.8607099656506 92.9594929588735 91.8517257318892 91.9208502498941
89.468746993432 68.103370572082 0 72.5868656935784 75.6120133392751 80.2272956583012 88.7623263292455 83.381156296672 91.6244533060071 85.8246120982086 91.8974717802185 90.8324923408609 92.3143451815253 91.3717178857494 91.6251957531956 93.1318419123108 91.7512627291653 91.757663246658
90.0415708322431 75.5673171147236 72.5868656935784 0 67.4754622734875 78.2511598923979 88.7147042607757 80.8776994407101 91.5653952239311 83.7331583043885 91.7499626996758 90.3134982103822 91.8585998620449 90.4336975205342 90.6122600944054 92.6652784204033 90.8372494904061 90.7969046434013
90.6607330446118 78.2106092259997 75.6120133392751 67.4754622734875 0 79.7342959307347 89.3097425514618 80.943337135734 91.9817162959901 83.201597050353 92.1259843966288 90.6005268381762 92.0817683251089 90.3449479970185 90.3350339319858 92.8345892049893 90.7264214832062 90.609712266521
88.6614159257251 79.8195101390914 80.2272956583012 78.2511598923979 79.7342959307347 0 85.9126336164662 76.706750637792 89.580133814493 82.5659932787142 89.7428929869615 87.8594558778782 89.8687351823204 88.9342659976404 89.8352332562048 90.9119548206408 89.4878203636404 89.7113485707801
83.8681130724119 88.1233688184042 88.7623263292455 88.7147042607757 89.3097425514618 85.9126336164662 0 87.3431796161499 80.5906463462703 89.2357314171479 81.8246980227395 83.6663955797549 86.2118970069928 90.1930453584804 92.1464435620986 88.1067100146295 90.7485159545912 91.4906488986046
90.3930962198545 83.6687149094864 83.381156296672 80.8776994407101 80.943337135734 76.706750637792 87.3431796161499 0 90.3089771870867 76.5304228410657 90.2528274474093 87.5529400534949 89.5027665980572 86.9559005191848 87.7130152786816 90.4063856856688 87.5827380258579 87.6830363765107
86.082168991845 91.1676208475889 91.6244533060071 91.5653952239311 91.9817162959901 89.580133814493 80.5906463462703 90.3089771870867 0 91.5218992231529 71.6251957531956 84.0608757462916 85.042668369047 91.1983980619908 93.2422024281929 86.9747808619358 91.6631959430344 92.487146732352
91.9731594409166 86.3000751699915 85.8246120982086 83.7331583043885 83.201597050353 82.5659932787142 89.2357314171479 76.5304228410657 91.5218992231529 0 91.350942378021 88.4599765983439 90.0415708322431 85.5865437334038 85.3790959332366 90.6861507245123 86.1374183999921 85.792831717004
87.4908764682633 91.4929130958581 91.8974717802185 91.7499626996758 92.1259843966288 89.7428929869615 81.8246980227395 90.2528274474093 71.6251957531956 91.350942378021 0 82.4570356382086 83.1155436921792 90.5731486777673 92.8176982334711 85.3978222783945 91.0551755804784 91.9720033339894
89.7657356159223 90.5622918724125 90.8324923408609 90.3134982103822 90.6005268381762 87.8594558778782 83.6663955797549 87.5529400534949 84.0608757462916 88.4599765983439 82.4570356382086 0 76.2581263061566 86.2396210063283 89.710133239926 80.855597892659 87.0216152168839 88.4401144911245
90.9955713843154 92.0921146346624 92.3143451815253 91.8585998620449 92.0817683251089 89.8687351823204 86.2118970069928 89.5027665980572 85.042668369047 90.0415708322431 83.1155436921792 76.2581263061566 0 86.8666149706448 90.2943773472485 73.9536370923738 87.47091854281 88.9457352889076
93.4818304535044 91.4566143951147 91.3717178857494 90.4336975205342 90.3449479970185 88.9342659976404 90.1930453584804 86.9559005191848 91.1983980619908 85.5865437334038 90.5731486777673 86.2396210063283 86.8666149706448 0 80.6144324572707 86.731287306079 66.625354376404 75.5523155632995
94.6983272159279 91.8607099656506 91.6251957531956 90.6122600944054 90.3350339319858 89.8352332562048 92.1464435620986 87.7130152786816 93.2422024281929 85.3790959332366 92.8176982334711 89.710133239926 90.2943773472485 80.6144324572707 0 90.2129320195368 79.6061991837186 74.2222816188827
92.1296212887 92.9594929588735 93.1318419123108 92.6652784204033 92.8345892049893 90.9119548206408 88.1067100146295 90.4063856856688 86.9747808619358 90.6861507245123 85.3978222783945 80.855597892659 73.9536370923738 86.731287306079 90.2129320195368 0 87.212173191238 88.7630858640712
93.8674586841366 91.8517257318892 91.7512627291653 90.8372494904061 90.7264214832062 89.4878203636404 90.7485159545912 87.5827380258579 91.6631959430344 86.1374183999921 91.0551755804784 87.0216152168839 87.47091854281 66.625354376404 79.6061991837186 87.212173191238 0 73.0384872811603
94.3212849048221 91.9208502498941 91.757663246658 90.7969046434013 90.609712266521 89.7113485707801 91.4906488986046 87.6830363765107 92.487146732352 85.792831717004 91.9720033339894 88.4401144911245 88.9457352889076 75.5523155632995 74.2222816188827 88.7630858640712 73.0384872811603 0
