0 85.9084823227115 84.7544879428325 87.6532733236981 90.6906662412864 89.8609411503007 89.7485114794069 89.0454846347422 89.4906473078734 89.5556933220744 90.7406414423569 90.416203582512 90.9813878713843 92.884715313126 92.7161042483199 93.1352515379138 93.4876093511407 93.5316248416738
85.9084823227115 0 74.9227372224544 74.4327157429594 83.7035064088549 81.5766707252515 82.1163134334384 84.2616495673269 88.3893958898764 88.2089792973565 90.1052437355394 87.1112419990312 89.115684439989 92.0383457282287 89.0051368755729 89.7992106976306 91.7883849681963 91.4452006324876
84.7544879428325 74.9227372224544 0 77.3938356318225 86.1447135079847 82.987250454927 82.5641256946049 82.3837582819642 86.5495758812333 86.3715914053258 88.6200893760136 85.6913253237403 87.7056993033671 90.976216076494 88.6148957965558 89.3706773252167 90.9372527529249 90.6861507245123
87.6532733236981 74.4327157429594 77.3938356318225 0 82.7417264159659 76.908371481256 77.4947214838478 82.0827706588024 87.7271629662774 87.4667680742967 89.5357251496717 85.54356001244 88.1309399027734 91.398522764579 87.2874635121071 88.2653611125571 90.8758271931714 90.39770002495
90.6906662412864 83.7035064088549 86.1447135079847 82.7417264159659 0 81.2761851040939 83.555965823659 87.817734881193 91.4414261101755 91.2435588413591 92.6195858021818 89.530464692658 91.4199225172653 93.7731815370736 89.231287936363 90.0551054842943 93.014425776142 92.44969940004
89.8609411503007 81.5766707252515 82.987250454927 76.908371481256 81.2761851040939 0 70.8409042064126 82.5106017919398 88.4228902048013 88.1142143850042 89.9883286897122 85.2970022018606 88.2106092259997 91.4282552978 85.3978222783945 86.6545999065771 90.4455248021527 89.7342959307347
89.7485114794069 82.1163134334384 82.5641256946049 77.4947214838478 83.555965823659 70.8409042064126 0 80.0174507434799 87.2691883663694 86.9046378187942 89.0067838453364 83.4741321814252 86.9507461297444 90.5760196509964 84.099079351475 85.5196968838816 89.5193808617861 88.7638318164519
89.0454846347422 84.2616495673269 82.3837582819642 82.0827706588024 87.817734881193 82.5106017919398 80.0174507434799 0 82.3300880193697 81.6719772500433 85.2171336643032 76.0467799803248 82.1909405385461 87.7998589768893 83.5369566740161 84.6304666895046 87.0514557045607 86.5051735815428
89.4906473078734 88.3893958898764 86.5495758812333 87.7271629662774 91.4414261101755 88.4228902048013 87.2691883663694 82.3300880193697 0 60.943337135734 75.1757958751021 80.4078597858647 76.4210841896122 83.2957964172016 87.0178873678807 87.202632062897 85.0830368532146 85.7044043041359
89.5556933220744 88.2089792973565 86.3715914053258 87.4667680742967 91.2435588413591 88.1142143850042 86.9046378187942 81.6719772500433 60.943337135734 0 76.0621707455228 79.4313841462521 75.3681348263785 83.3771239438257 86.5828917856922 86.7911709256991 84.8385417941978 85.3790959332366
90.7406414423569 90.1052437355394 88.6200893760136 89.5357251496717 92.6195858021818 89.9883286897122 89.0067838453364 85.2171336643032 75.1757958751021 76.0621707455228 0 83.0838239298534 77.6085169412828 79.7057816386269 87.9165025530579 87.8568047770822 83.8681130724119 85.16595164387
90.416203582512 87.1112419990312 85.6913253237403 85.54356001244 89.530464692658 85.2970022018606 83.4741321814252 76.0467799803248 80.4078597858647 79.4313841462521 83.0838239298534 0 77.4269372455433 85.5169357369967 81.828241837558 82.5570171580838 84.1779208042287 83.5081091981508
90.9813878713843 89.115684439989 87.7056993033671 88.1309399027734 91.4199225172653 88.2106092259997 86.9507461297444 82.1909405385461 76.4210841896122 75.3681348263785 77.6085169412828 77.4269372455433 0 81.3473337480866 84.7544879428325 84.7182209694953 81.4702765549837 82.0827706588024
92.884715313126 92.0383457282287 90.976216076494 91.398522764579 93.7731815370736 91.4282552978 90.5760196509964 87.7998589768893 83.2957964172016 83.3771239438257 79.7057816386269 85.5169357369967 81.3473337480866 0 88.1645171596016 87.7248719186443 79.8314609332017 82.8290135807428
92.7161042483199 89.0051368755729 88.6148957965558 87.2874635121071 89.231287936363 85.3978222783945 84.099079351475 83.5369566740161 87.0178873678807 86.5828917856922 87.9165025530579 81.828241837558 84.7544879428325 88.1645171596016 0 69.2684262627964 85.1130688617644 83.051870788883
93.1352515379138 89.7992106976306 89.3706773252167 88.2653611125571 90.0551054842943 86.6545999065771 85.5196968838816 84.6304666895046 87.202632062897 86.7911709256991 87.8568047770822 82.5570171580838 84.7182209694953 87.7248719186443 69.2684262627964 0 84.1239704853616 81.6065963893544
93.4876093511407 91.7883849681963 90.9372527529249 90.8758271931714 93.014425776142 90.4455248021527 89.5193808617861 87.0514557045607 85.0830368532146 84.8385417941978 83.8681130724119 84.1779208042287 81.4702765549837 79.8314609332017 85.1130688617644 84.1239704853616 0 72.6751998198568
93.5316248416738 91.4452006324876 90.6861507245123 90.39770002495 92.44969940004 89.7342959307347 88.7638318164519 86.5051735815428 85.7044043041359 85.3790959332366 85.16595164387 83.5081091981508 82.0827706588024 82.8290135807428 83.051870788883 81.6065963893544 72.6751998198568 0
