0 85.0002150024618 86.7415855101679 87.210845672568 89.8296243895863 86.3377275107416 87.1402174927728 89.3960861339292 88.9180900111074 89.7657356159223 90.8392520398145 91.0002889469191 91.3546659915967 91.448150431893 92.9191748260918 93.0843544954663 93.4105381668051 93.6520167881536
85.0002150024618 0 71.9613308561997 91.4250351233942 93.2132005909862 89.2664760190822 89.124113931465 86.7238876329708 91.2984349866296 89.3905934154663 92.2899645931621 91.8751016326965 91.2280231774429 91.0921871977567 94.5230665491026 94.3929550236308 92.5516225671795 93.4509949947034
86.7415855101679 71.9613308561997 0 92.2497635128798 93.8902970572781 90.1633214488167 89.9448227429275 86.8506411936609 91.9907633950856 89.8221194265673 92.8188263443467 92.3444459143954 91.5582389019822 91.3828513183668 94.976861110692 94.8119281985563 92.6270213781185 93.6408008670417
87.210845672568 91.4250351233942 92.2497635128798 0 78.607465606858 82.3299520783831 84.5130445313056 91.070906049262 82.2305599791183 89.2202600224785 86.2356228459106 87.8293148865457 89.939717831567 90.3484374930383 87.7239661854775 88.6148957965558 92.7597725141275 92.0879014205813
89.8296243895863 93.2132005909862 93.8902970572781 78.607465606858 0 86.124469978273 87.4364566161542 92.6969809437957 84.6373512727003 90.8807847012786 87.2039150791652 88.9792737834475 91.1624565367512 91.5716721805555 86.7787253282775 88.2106092259997 93.6358974099118 92.7480905997879
86.3377275107416 89.2664760190822 90.1633214488167 82.3299520783831 86.124469978273 0 71.8069354424815 87.2016042685911 77.8098588313494 84.1222402827732 82.9763862971189 83.7352119789525 85.891837352535 86.4050608189035 87.7882391305987 87.8281872647729 89.9623603174969 89.5178683060867
87.1402174927728 89.124113931465 89.9448227429275 84.5130445313056 87.4364566161542 71.8069354424815 0 85.891837352535 78.7739754191919 81.7205734763517 82.1654959184623 82.0984666095942 84.0756800526813 84.6595564074942 87.8425062304923 87.5968392267082 88.8355894377785 88.4622840161715
89.3960861339292 86.7238876329708 86.8506411936609 91.070906049262 92.6969809437957 87.2016042685911 85.891837352535 0 88.8742365604042 81.2336423313645 88.9298435901867 87.4811118111066 84.7635075614827 84.1114246562642 92.2460320210934 91.6815067908496 86.3642566161577 88.447649622336
88.9180900111074 91.2984349866296 91.9907633950856 82.2305599791183 84.6373512727003 77.8098588313494 78.7739754191919 88.8742365604042 0 85.2408599357581 77.9703080788627 81.3769599159453 85.636470456929 86.3812271060833 84.4805765116235 84.7036289530158 89.8609411503007 88.7272004561072
89.7657356159223 89.3905934154663 89.8221194265673 89.2202600224785 90.8807847012786 84.1222402827732 81.7205734763517 81.2336423313645 85.2408599357581 0 84.4910714165827 81.6951556819209 76.8506460493471 76.5651421663567 89.4387596557842 88.5873403652979 84.2312091392794 85.0937426581566
90.8392520398145 92.2899645931621 92.8188263443467 86.2356228459106 87.2039150791652 82.9763862971189 82.1654959184623 88.9298435901867 77.9703080788627 84.4910714165827 0 75.1295114967751 83.3288160125473 84.4224890007509 82.2925478229036 81.0506784197501 88.2369647224884 86.223500547626
91.0002889469191 91.8751016326965 92.3444459143954 87.8293148865457 88.9792737834475 83.7352119789525 82.0984666095942 87.4811118111066 81.3769599159453 81.6951556819209 75.1295114967751 0 79.0886635794107 80.8183606974166 84.9659509602808 83.3588019416995 86.0981015495578 83.8595338956478
91.3546659915967 91.2280231774429 91.5582389019822 89.939717831567 91.1624565367512 85.891837352535 84.0756800526813 84.7635075614827 85.636470456929 76.8506460493471 83.3288160125473 79.0886635794107 0 65.9948369189331 88.4147914805001 87.1251380632528 81.6202975247333 81.0165466649615
91.448150431893 91.0921871977567 91.3828513183668 90.3484374930383 91.5716721805555 86.4050608189035 84.6595564074942 84.1114246562642 86.3812271060833 76.5651421663567 84.4224890007509 80.8183606974166 65.9948369189331 0 89.0441679660325 87.8332865291427 80.5044751376396 81.0505757896518
92.9191748260918 94.5230665491026 94.976861110692 87.7239661854775 86.7787253282775 87.7882391305987 87.8425062304923 92.2460320210934 84.4805765116235 89.4387596557842 82.2925478229036 84.9659509602808 88.4147914805001 89.0441679660325 0 74.0608757462916 91.0480328336979 88.9596201634887
93.0843544954663 94.3929550236308 94.8119281985563 88.6148957965558 88.2106092259997 87.8281872647729 87.5968392267082 91.6815067908496 84.7036289530158 88.5873403652979 81.0506784197501 83.3588019416995 87.1251380632528 87.8332865291427 74.0608757462916 0 89.8848356034133 87.330189517184
93.4105381668051 92.5516225671795 92.6270213781185 92.7597725141275 93.6358974099118 89.9623603174969 88.8355894377785 86.3642566161577 89.8609411503007 84.2312091392794 88.2369647224884 86.0981015495578 81.6202975247333 80.5044751376396 91.0480328336979 89.8848356034133 0 79.2644843873027
93.6520167881536 93.4509949947034 93.6408008670417 92.0879014205813 92.7480905997879 89.5178683060867 88.4622840161715 88.447649622336 88.7272004561072 85.0937426581566 86.223500547626 83.8595338956478 81.0165466649615 81.0505757896518 88.9596201634887 87.330189517184 79.2644843873027 0
