0 90.0222854898969 92.7700510024888 91.630018568593 80.2119042252309 92.8882030412311 91.155643720531 88.1976252403002 86.1455514945536 90.5797990005825 92.5770806753286 87.9822666720595 94.074624274186 89.5890412042683 93.5095525964311 92.3962337262755 90.9783732831594 94.4668991474323
90.0222854898969 0 81.6841840260165 77.4754622734875 88.1762516005099 82.7273505510716 79.0724707021626 83.3333818452825 87.6864360251488 84.7635075614827 86.0793415210817 90.1288824412368 88.3327274477688 92.5378058696087 89.3874875404723 89.4497994875647 92.2511762816236 91.3008355089306
92.7700510024888 81.6841840260165 0 74.8172353991213 91.2331141878218 70.855597892659 79.6356543330438 86.9060092050525 90.273145354966 85.9291992239092 84.4342736073158 91.8747511832455 85.5613227109851 93.8645681728627 88.3635146071354 89.4705762436461 93.2722822272942 90.3822376182188
91.630018568593 77.4754622734875 74.8172353991213 0 89.8116271825038 75.9126336164662 73.9536370923738 84.5329468985036 88.7262970466224 83.8924062417859 83.5067774984608 90.6801563207739 85.823200447028 92.9458212708876 87.8673994840703 88.5776170713634 92.3859648733539 90.0814756595712
80.2119042252309 88.1762516005099 91.2331141878218 89.8116271825038 0 91.2274227868887 88.9518820507696 84.2547885573809 80.0814756595712 87.6327844803114 90.3786087694622 84.09464030757 92.2665745361439 87.3660033247608 91.4234800451146 89.9448227429275 88.6030013835912 92.5993411609081
92.8882030412311 82.7273505510716 70.855597892659 75.9126336164662 91.2274227868887 0 78.6223132959149 86.5531585651246 90.0174507434799 84.9607879581046 82.5989077974197 91.54351256105 83.7989102258118 93.5725918290523 87.1809971370733 88.5731220444114 92.8662232614152 89.4350734667223
91.155643720531 79.0724707021626 79.6356543330438 73.9536370923738 88.9518820507696 78.6223132959149 0 82.114749145771 87.3162326125158 80.5622918724125 80.9807886183896 89.4412153781109 84.752681769041 91.9888910481392 86.3303309311581 86.8761978059386 91.2984349866296 88.939499180549
88.1976252403002 83.3333818452825 86.9060092050525 84.5329468985036 84.2547885573809 86.5531585651246 82.114749145771 0 80.4138207197597 78.3632923922496 84.5321991797927 84.9114304738689 87.9112062950273 88.9049652004881 87.0749009778365 85.5764538169493 88.4140130412244 89.2565722800014
86.1455514945536 87.6864360251488 90.273145354966 88.7262970466224 80.0814756595712 90.0174507434799 87.3162326125158 80.4138207197597 0 84.1613919743094 88.0209692400811 78.5626155199393 90.3733330693944 85.289026176076 88.9042214225407 86.6511008236815 85.6238550502764 90.3255313138615
90.5797990005825 84.7635075614827 85.9291992239092 83.8924062417859 87.6327844803114 84.9607879581046 80.5622918724125 78.3632923922496 84.1613919743094 0 79.1592906289977 86.2581263061566 84.6280655201376 89.5943768821453 83.1990142701287 81.9193804244781 88.4065647866336 86.5304228410657
92.5770806753286 86.0793415210817 84.4342736073158 83.5067774984608 90.3786087694622 82.5989077974197 80.9807886183896 84.5321991797927 88.0209692400811 79.1592906289977 0 89.1810473615301 78.0864880084674 91.533335142579 79.8001802384229 82.6610713908202 90.2582333379691 84.5841883723663
87.9822666720595 90.1288824412368 91.8747511832455 90.6801563207739 84.09464030757 91.54351256105 89.4412153781109 84.9114304738689 78.5626155199393 86.2581263061566 89.1810473615301 0 91.1036367664943 80.237526392877 89.126256043734 86.3740794860693 80.8378353124009 90.0708701724473
94.074624274186 88.3327274477688 85.5613227109851 85.823200447028 92.2665745361439 83.7989102258118 84.752681769041 87.9112062950273 90.3733330693944 84.6280655201376 78.0864880084674 91.1036367664943 0 92.9106243619669 80.273145354966 84.9504435034663 91.644454963556 83.7491208394148
89.5890412042683 92.5378058696087 93.8645681728627 92.9458212708876 87.3660033247608 93.5725918290523 91.9888910481392 88.9049652004881 85.289026176076 89.5943768821453 91.533335142579 80.237526392877 92.9106243619669 0 91.0416689218196 88.7666298257024 78.3784347830183 91.4238688668901
93.5095525964311 89.3874875404723 88.3635146071354 87.8673994840703 91.4234800451146 87.1809971370733 86.3303309311581 87.0749009778365 88.9042214225407 83.1990142701287 79.8001802384229 89.126256043734 80.273145354966 91.0416689218196 0 78.3073021585004 89.2202600224785 77.2272264362371
92.3962337262755 89.4497994875647 89.4705762436461 88.5776170713634 89.9448227429275 88.5731220444114 86.8761978059386 85.5764538169493 86.6511008236815 81.9193804244781 82.6610713908202 86.3740794860693 84.9504435034663 88.7666298257024 78.3073021585004 0 86.3340981236618 81.1136705287218
90.9783732831594 92.2511762816236 93.2722822272942 92.3859648733539 88.6030013835912 92.8662232614152 91.2984349866296 88.4140130412244 85.6238550502764 88.4065647866336 90.2582333379691 80.8378353124009 91.644454963556 78.3784347830183 89.2202600224785 86.3340981236618 0 89.4313841462521
94.4668991474323 91.3008355089306 90.3822376182188 90.0814756595712 92.5993411609081 89.4350734667223 88.939499180549 89.2565722800014 90.3255313138615 86.5304228410657 84.5841883723663 90.0708701724473 83.7491208394148 91.4238688668901 77.2272264362371 81.1136705287218 89.4313841462521 0
