0 86.7468837467999 82.3358293114501 87.6772329176171 82.6342007106042 91.5040758457031 89.4784941033033 92.3554784036966 87.1882207608685 92.7640581743079 93.1616509106304 93.8117176363241 90.6374962592738 91.1011246996244 93.7989102258118 92.4692779150087 94.0583327903378 94.9449523293569
86.7468837467999 0 83.7331583043885 69.5765657369386 85.1014144120895 84.0051410066605 79.4313841462521 85.9183540216217 88.5119793763395 86.9301481248057 87.992560047968 89.1017700423667 90.2237091998029 91.0297646113869 89.6338933227531 91.8087149732661 90.6639762958143 91.4602094314472
82.3358293114501 83.7331583043885 0 84.3279020717801 68.5776170713634 89.4670155897415 86.0981015495578 90.349717366913 82.3358293114501 90.5556491061807 90.8110544783965 91.6492564508544 87.0605702158074 87.9607434601061 91.3675170171665 89.6426912422026 91.5374565101206 92.8095563311593
87.6772329176171 69.5765657369386 84.3279020717801 0 85.5523155632995 82.6889359374155 76.0621707455228 84.7653076837757 88.5188156704265 85.7634929002411 86.9027061984258 88.1573208909491 89.9448227429275 90.7967035530901 88.7262970466224 91.4879355081281 89.8920337031865 90.7318593649507
82.6342007106042 85.1014144120895 68.5776170713634 85.5523155632995 0 90.1196737365892 86.9693623399366 90.9087689144275 80.6560956231151 91.041244329277 91.2135696816211 92.0089854842017 86.4136961331341 87.3001847612063 91.6355767087045 89.2027885677725 91.6841840260165 93.0068567097415
91.5040758457031 84.0051410066605 89.4670155897415 82.6889359374155 90.1196737365892 0 80.1748091200336 72.6459542896836 91.6235288905595 78.7125403615813 82.5811185817748 84.0591007280489 92.0092379060204 92.7086708233305 86.5010557443744 92.9020566667747 88.8556231154754 88.7608908822587
89.4784941033033 79.4313841462521 86.0981015495578 76.0621707455228 86.9693623399366 80.1748091200336 0 82.1559546223914 88.9180900111074 82.7760355725621 84.0417671828947 85.7634929002411 89.619779474765 90.5284981699644 86.4345964033151 90.9645655979856 88.0402758330119 88.9627314825727
92.3554784036966 85.9183540216217 90.349717366913 84.7653076837757 90.9087689144275 72.6459542896836 82.1559546223914 0 92.1093446198261 74.0942374315885 80.2188281203867 81.7403628017356 92.2344400629557 92.9110541405481 85.2309730385208 92.9712918950741 88.0897331362802 87.6253319777206
87.1882207608685 88.5119793763395 82.3358293114501 88.5188156704265 80.6560956231151 91.6235288905595 88.9180900111074 92.1093446198261 0 91.9401435468265 91.7819451443998 92.4689722782994 81.2614598490377 82.3105428072981 91.6797875908655 85.7863355292019 91.2209091826396 92.8593869622138
92.7640581743079 86.9301481248057 90.5556491061807 85.7634929002411 91.041244329277 78.7125403615813 82.7760355725621 74.0942374315885 91.9401435468265 0 74.3279020717801 77.3082160992677 91.758250420991 92.4570356382086 82.4416841028919 92.37535938623 86.2478955715808 85.5797318836909
93.1616509106304 87.992560047968 90.8110544783965 86.9027061984258 91.2135696816211 82.5811185817748 84.0417671828947 80.2188281203867 91.7819451443998 74.3279020717801 0 70.9865508735604 91.2493343553935 91.9621820074094 78.1200421657566 91.7060996897762 83.7989102258118 82.8969894597611
93.8117176363241 89.1017700423667 91.6492564508544 88.1573208909491 92.0089854842017 84.0591007280489 85.7634929002411 81.7403628017356 92.4689722782994 77.3082160992677 70.9865508735604 0 91.8526156615501 92.503070583133 77.8007545217567 92.1664791154221 83.8146333429251 81.6220852003027
90.6374962592738 90.2237091998029 87.0605702158074 89.9448227429275 86.4136961331341 92.0092379060204 89.619779474765 92.2344400629557 81.2614598490377 91.758250420991 91.2493343553935 91.8526156615501 0 70.4857622301273 90.5527990930723 78.0529683256868 89.4387596557842 91.5773248887599
91.1011246996244 91.0297646113869 87.9607434601061 90.7967035530901 87.3001847612063 92.7086708233305 90.5284981699644 92.9110541405481 82.3105428072981 92.4570356382086 91.9621820074094 92.503070583133 70.4857622301273 0 91.2493343553935 76.8316543916761 90.1162911451909 92.1310347888794
93.7989102258118 89.6338933227531 91.3675170171665 88.7262970466224 91.6355767087045 86.5010557443744 86.4345964033151 85.2309730385208 91.6797875908655 82.4416841028919 78.1200421657566 77.8007545217567 90.5527990930723 91.2493343553935 0 90.649594902617 77.7917907521781 77.0243599577341
92.4692779150087 91.8087149732661 89.6426912422026 91.4879355081281 89.2027885677725 92.9020566667747 90.9645655979856 92.9712918950741 85.7863355292019 92.37535938623 91.7060996897762 92.1664791154221 78.0529683256868 76.8316543916761 90.649594902617 0 89.0924689484848 91.3450069802405
94.0583327903378 90.6639762958143 91.5374565101206 89.8920337031865 91.6841840260165 88.8556231154754 88.0402758330119 88.0897331362802 91.2209091826396 86.2478955715808 83.7989102258118 83.8146333429251 89.4387596557842 90.1162911451909 77.7917907521781 89.0924689484848 0 78.528049501266
94.9449523293569 91.4602094314472 92.8095563311593 90.7318593649507 93.0068567097415 88.7608908822587 88.9627314825727 87.6253319777206 92.8593869622138 85.5797318836909 82.8969894597611 81.6220852003027 91.5773248887599 92.1310347888794 77.0243599577341 91.3450069802405 78.528049501266 0
