0 93.170086802678 84.4029525538654 91.7441879861927 85.9195436335469 89.4147433098681 91.1274292095547 90.3589483380947 95.1929697683414 95.189703782236 92.2956180379946 95.4440171554072 94.7054556385607 95.7113636883892 92.6529911988424 94.535049192901 93.7283580806728 96.0388313504551
93.170086802678 0 90.7330737027676 80.7918641663426 90.2728885108123 92.7514370701312 91.6111813864755 93.1091834141071 89.0712419106986 90.2580242077934 93.4036306774079 90.2847852536588 90.6918106051884 90.6674917610844 95.411482427077 92.1693707727857 93.5658163981851 91.8019488736185
84.4029525538654 90.7330737027676 0 88.0300950629994 70.0281873245205 84.4166372889035 86.1821018921153 86.0393941818496 92.313394900025 92.2482830209687 88.6819326595009 92.6127338199167 91.5404855911982 92.9780176543605 90.3852017485709 91.3513377482993 90.5380441564851 93.4030979338349
91.7441879861927 80.7918641663426 88.0300950629994 0 87.2169957016613 90.251809052559 88.6797390683343 90.7050021370538 87.4947214838478 88.4638216139284 91.1170099712693 88.7071246150997 88.5210920458533 89.2511478917976 93.6265421479194 90.0174507434799 91.4486813311353 90.428997116663
85.9195436335469 90.2728885108123 70.0281873245205 87.2169957016613 0 83.6291168545625 84.9607879581046 85.3176715737137 91.6326132525547 91.5495601788336 87.9607434601061 91.9454332529078 90.7791490027919 92.3386648517134 90.1052437355394 90.6038153464986 89.8564811295554 92.7933441914929
89.4147433098681 92.7514370701312 84.4166372889035 90.251809052559 83.6291168545625 0 79.6707254104607 70.855597892659 91.7148350829037 91.1510920176696 81.3414426772175 91.6376893545545 89.9464621055713 91.9817162959901 84.5775764649058 88.6665542029632 85.7634929002411 92.0912058970441
91.1274292095547 91.6111813864755 86.1821018921153 88.6797390683343 84.9607879581046 79.6707254104607 0 79.05908719444 89.2849999751602 88.4653586674992 79.0724707021626 89.124371159305 86.7696515306304 89.5747805982607 86.4930717190664 85.0964100579897 82.5868656935784 89.72609115749
90.3589483380947 93.1091834141071 86.0393941818496 90.7050021370538 85.3176715737137 70.855597892659 79.05908719444 0 91.6065963893544 90.9311598340514 78.5626155199393 91.4361790404831 89.6291938013217 91.7658036831707 83.0088975767243 88.0377328770581 84.3279020717801 91.7866951692307
95.1929697683414 89.0712419106986 92.313394900025 87.4947214838478 91.6326132525547 91.7148350829037 89.2849999751602 91.6065963893544 0 74.484421527208 90.6635131224742 72.984530035532 79.9360690089101 75.1757958751021 93.5633366222523 85.2505360143668 89.5753757260203 80.5029429754457
95.189703782236 90.2580242077934 92.2482830209687 88.4638216139284 91.5495601788336 91.1510920176696 88.4653586674992 90.9311598340514 74.484421527208 0 89.6602337925892 66.5125928621499 74.4651623168477 71.3176021151403 92.8176982334711 82.5570171580838 88.1762516005099 76.5736294986147
92.2956180379946 93.4036306774079 88.6819326595009 91.1170099712693 87.9607434601061 81.3414426772175 79.0724707021626 78.5626155199393 90.6635131224742 89.6602337925892 0 90.2409942671616 88.0232945999633 90.5513733848517 82.6722841132558 85.4024912752453 78.1860958317419 90.3456909827514
95.4440171554072 90.2847852536588 92.6127338199167 88.7071246150997 91.9454332529078 91.6376893545545 89.124371159305 91.4361790404831 72.984530035532 66.5125928621499 90.2409942671616 0 77.3295233736375 65.4814152545627 93.2210992739906 83.7025881164351 88.8273401188917 75.8987805111985
94.7054556385607 90.6918106051884 91.5404855911982 88.5210920458533 90.7791490027919 89.9464621055713 86.7696515306304 89.6291938013217 79.9360690089101 74.4651623168477 88.0232945999633 77.3295233736375 0 78.6223132959149 91.7017253954809 78.4638216139284 86.1821018921153 79.1956329285313
95.7113636883892 90.6674917610844 92.9780176543605 89.2511478917976 92.3386648517134 91.9817162959901 89.5747805982607 91.7658036831707 75.1757958751021 71.3176021151403 90.5513733848517 65.4814152545627 78.6223132959149 0 93.4206154648313 84.1009420423914 89.0918038217787 73.8658921948006
92.6529911988424 95.411482427077 90.3852017485709 93.6265421479194 90.1052437355394 84.5775764649058 86.4930717190664 83.0088975767243 93.5633366222523 92.8176982334711 82.6722841132558 93.2210992739906 91.7017253954809 93.4206154648313 0 89.8848356034133 85.5266933956535 93.1770681622914
94.535049192901 92.1693707727857 91.3513377482993 90.0174507434799 90.6038153464986 88.6665542029632 85.0964100579897 88.0377328770581 85.2505360143668 82.5570171580838 85.4024912752453 83.7025881164351 78.4638216139284 84.1009420423914 89.8848356034133 0 81.9401435468265 83.1633013576664
93.7283580806728 93.5658163981851 90.5380441564851 91.4486813311353 89.8564811295554 85.7634929002411 82.5868656935784 84.3279020717801 89.5753757260203 88.1762516005099 78.1860958317419 88.8273401188917 86.1821018921153 89.0918038217787 85.5266933956535 81.9401435468265 0 88.5572380240443
96.0388313504551 91.8019488736185 93.4030979338349 90.428997116663 92.7933441914929 92.0912058970441 89.72609115749 91.7866951692307 80.5029429754457 76.5736294986147 90.3456909827514 75.8987805111985 79.1956329285313 73.8658921948006 93.1770681622914 83.1633013576664 88.5572380240443 0
