0 89.3874875404723 78.3073021585004 88.3666599593055 92.0670407909923 86.2810577195812 92.5134606821322 85.7634929002411 84.9344892865751 85.5372620133263 87.1059911885511 92.3045155646988 88.0538131744044 88.9071442368305 94.2170319829142 90.998784554874 94.3050911007399 94.4674935094997
89.3874875404723 0 91.1011246996244 71.1963957883817 80.5527990930723 82.6135550936366 82.606155852544 85.6459716053848 91.5024582372261 91.5325297429229 87.4889526831515 86.5376151333289 91.5374565101206 90.4830621740053 89.6752132480867 92.9386092318805 91.305230649837 92.1803111541836
78.3073021585004 91.1011246996244 0 90.2129320195368 93.3278129071452 87.9477781460115 93.604701098476 86.8327735631342 81.378614726729 82.4324470668276 87.3699604501544 92.9419854730566 86.4136961331341 88.154727245013 94.665673041052 89.8167740222194 94.4806619756684 94.497991732961
88.3666599593055 71.1963957883817 90.2129320195368 0 82.9188992672694 80.0228223518567 84.1851354204292 83.9209422467254 90.6220789381834 90.6584149528466 86.2118970069928 86.4967004156867 90.7077540295225 89.621197902675 89.8041335557107 92.2993348583419 91.174213229191 91.9759951584156
92.0670407909923 80.5527990930723 93.3278129071452 82.9188992672694 0 87.1143894407578 74.1550323825515 88.9153198341236 93.4687035852209 93.4594760311699 89.950284880258 86.1020755728508 93.2478263495168 92.1567684904585 88.5208694201866 94.1788860422021 90.9994263267088 92.1161399424812
86.2810577195812 82.6135550936366 87.9477781460115 80.0228223518567 87.1143894407578 0 87.3365005189209 75.0930706154422 87.7699887647826 87.7647878994723 80.6047544631244 86.3653649600743 87.7056993033671 86.2711345470115 89.8506235623034 89.9598164096936 90.4385968989112 91.0058876858952
92.5134606821322 82.606155852544 93.604701098476 84.1851354204292 74.1550323825515 87.3365005189209 0 88.9261988411721 93.5155615976098 93.4757180393466 89.7413035192792 84.1479100681873 93.0974702338387 91.8554327830753 86.737743107132 93.8811599390343 89.8042944601115 91.1190958196448
85.7634929002411 85.6459716053848 86.8327735631342 83.9209422467254 88.9153198341236 75.0930706154422 88.9261988411721 0 85.7809140327125 85.6942351696241 74.8349979793794 87.0125223952169 85.3915891308315 83.6212250702777 90.1829941688842 88.2896648123773 90.2544656201184 90.6110888745564
84.9344892865751 91.5024582372261 81.378614726729 90.6220789381834 93.4687035852209 87.7699887647826 93.5155615976098 85.7809140327125 0 63.8099766995106 85.0590223996732 92.0428223914195 79.699677731441 84.0097315459766 93.7550348698314 85.7376505077114 93.1600871064417 92.9899622532162
85.5372620133263 91.5325297429229 82.4324470668276 90.6584149528466 93.4594760311699 87.7647878994723 93.4757180393466 85.6942351696241 63.8099766995106 0 84.7544879428325 91.8890964722265 78.2106092259997 83.2625794150856 93.5979050077959 85.0139574557285 92.9404426562953 92.7413405489856
87.1059911885511 87.4889526831515 87.3699604501544 86.2118970069928 89.950284880258 80.6047544631244 89.7413035192792 74.8349979793794 85.0590223996732 84.7544879428325 0 86.8982993539898 83.2478263495168 79.8872260698709 89.8806430387176 86.3558994648657 89.4477893882175 89.6174241784687
92.3045155646988 86.5376151333289 92.9419854730566 86.4967004156867 86.1020755728508 86.3653649600743 84.1479100681873 87.0125223952169 92.0428223914195 91.8890964722265 86.8982993539898 0 90.855597892659 88.8401341591402 80.2615288450363 91.2496117681472 83.9274833467419 86.1209359687232
88.0538131744044 91.5374565101206 86.4136961331341 90.7077540295225 93.2478263495168 87.7056993033671 93.0974702338387 85.3915891308315 79.699677731441 78.2106092259997 83.2478263495168 90.855597892659 0 77.6774664258302 92.5524417406519 80.1897813723185 91.5192424920964 91.1487300251163
88.9071442368305 90.4830621740053 88.154727245013 89.621197902675 92.1567684904585 86.2711345470115 91.8554327830753 83.6212250702777 84.0097315459766 83.2625794150856 79.8872260698709 88.8401341591402 77.6774664258302 0 90.8396148431855 80.7750878561122 89.5706124189138 89.1924018487551
94.2170319829142 89.6752132480867 94.665673041052 89.8041335557107 88.5208694201866 89.8506235623034 86.737743107132 90.1829941688842 93.7550348698314 93.5979050077959 89.8806430387176 80.2615288450363 92.5524417406519 90.8396148431855 0 92.4545830362408 80.7750878561122 84.3872598725851
90.998784554874 92.9386092318805 89.8167740222194 92.2993348583419 94.1788860422021 89.9598164096936 93.8811599390343 88.2896648123773 85.7376505077114 85.0139574557285 86.3558994648657 91.2496117681472 80.1897813723185 80.7750878561122 92.4545830362408 0 90.8396148431855 90.0623670961744
94.3050911007399 91.305230649837 94.4806619756684 91.174213229191 90.9994263267088 90.4385968989112 89.8042944601115 90.2544656201184 93.1600871064417 92.9404426562953 89.4477893882175 83.9274833467419 91.5192424920964 89.5706124189138 80.7750878561122 90.8396148431855 0 75.0257367888525
94.4674935094997 92.1803111541836 94.497991732961 91.9759951584156 92.1161399424812 91.0058876858952 91.1190958196448 90.6110888745564 92.9899622532162 92.7413405489856 89.6174241784687 86.1209359687232 91.1487300251163 89.1924018487551 84.3872598725851 90.0623670961744 75.0257367888525 0
