0 53.9536370923738 84.9796890336395 91.2634774773291 91.5552221823547 93.1865954989289 90.1052437355394 93.8607985439761 90.6875328742569 93.7429708103214 90.7633342770328 93.9661815159071 94.1015717132456 92.8734965190525 92.7882640210183 94.6702483267917 94.1904819013407 93.381156296672
53.9536370923738 0 85.2003092693599 91.3749943378086 91.6418673468703 93.2590523910182 90.1513509539906 93.9294666133335 90.715999260007 93.8072281080192 90.7750878561122 94.0184718710782 94.1516518701865 92.9042860709764 92.8143121415688 94.7182209694953 94.2322275341296 93.4033961764943
84.9796890336395 85.2003092693599 0 85.5673171147236 86.625354376404 89.2511478917976 87.4502969333401 90.2211456292078 88.8143980660997 90.2405909195141 89.6032551369968 90.9949613836752 91.2396095262082 90.8181331655777 90.943337135734 91.955651003641 91.6980767816235 91.7079210128555
91.2634774773291 91.3749943378086 85.5673171147236 0 83.091775616211 84.9590655924985 89.6038463758268 85.7376505077114 90.8222332357115 86.8249332995649 91.8087149732661 89.1097094021951 89.4936803024929 91.3145006747909 91.6841840260165 90.0308673275794 90.6902958548309 92.2867022452208
91.5552221823547 91.6418673468703 86.625354376404 83.091775616211 0 77.8718063285063 85.4673355948484 81.3096260893556 87.2016042685911 80.8821062851461 88.7716451877599 83.6745575032716 84.3398387118709 87.1879796058179 87.8452979360192 85.604595839916 86.125843648819 88.6994416157976
93.1865954989289 93.2590523910182 89.2511478917976 84.9590655924985 77.8718063285063 0 87.6726240401613 71.9124372658146 88.8518161753883 72.5570171580838 90.181991887589 81.2472814760638 82.1654959184623 87.8512654607417 88.5873403652979 83.0331223084966 85.1280073452 89.1754702685607
90.1052437355394 90.1513509539906 87.4502969333401 89.6038463758268 85.4673355948484 87.6726240401613 0 88.9187822793513 73.2222041818708 87.8452979360192 78.9021373091748 86.6977139503955 86.804707388042 81.6267110801568 81.5653952239311 88.0941738426833 86.2118970069928 83.6408008670417
93.8607985439761 93.9294666133335 90.2211456292078 85.7376505077114 81.3096260893556 71.9124372658146 88.9187822793513 0 89.9047396501542 73.2478263495168 91.0872822984694 82.0163724975722 82.79025144391 88.7713017959521 89.4608113270667 83.0196808096236 85.7520263726057 89.9201577536982
90.6875328742569 90.715999260007 88.8143980660997 90.8222332357115 87.2016042685911 88.8518161753883 73.2222041818708 89.9047396501542 0 88.8398492236681 73.2478263495168 87.4087647759035 87.4181448674708 80.3766157402721 79.546717201444 88.5776170713634 86.4247735100825 81.9124372658146
93.7429708103214 93.8072281080192 90.2405909195141 86.8249332995649 80.8821062851461 72.5570171580838 87.8452979360192 73.2478263495168 88.8398492236681 0 90.1471795575176 78.1284518344606 79.3443980803016 87.265131755557 88.0916622600674 80.0867687069284 83.4181597425046 88.5843509004963
90.7633342770328 90.7750878561122 89.6032551369968 91.8087149732661 88.7716451877599 90.181991887589 78.9021373091748 91.0872822984694 73.2478263495168 90.1471795575176 0 88.8151630807745 88.7887968762792 82.2541436891342 81.0505757896518 89.7571837034398 87.7566541954257 82.6459542896836
93.9661815159071 94.0184718710782 90.9949613836752 89.1097094021951 83.6745575032716 81.2472814760638 86.6977139503955 82.0163724975722 87.4087647759035 78.1284518344606 88.8151630807745 0 62.2777329566112 84.3872598725851 85.5511152332659 72.5059303999135 76.6283750212038 85.9493823501324
94.1015717132456 94.1516518701865 91.2396095262082 89.4936803024929 84.3398387118709 82.1654959184623 86.804707388042 82.79025144391 87.4181448674708 79.3443980803016 88.7887968762792 62.2777329566112 0 84.1361502937361 85.3303424647414 70.9865508735605 75.0930706154422 85.6518503809952
92.8734965190525 92.9042860709764 90.8181331655777 91.3145006747909 87.1879796058179 87.8512654607417 81.6267110801568 88.7713017959521 80.3766157402721 87.265131755557 82.2541436891342 84.3872598725851 84.1361502937361 0 67.5182958043665 85.5214735888141 81.5219072144695 72.7881834437273
92.7882640210183 92.8143121415688 90.943337135734 91.6841840260165 87.8452979360192 88.5873403652979 81.5653952239311 89.4608113270667 79.546717201444 88.0916622600674 81.0505757896518 85.5511152332659 85.3303424647414 67.5182958043665 0 86.5364172448042 83.0331223084966 70.237526392877
94.6702483267917 94.7182209694953 91.955651003641 90.0308673275794 85.604595839916 83.0331223084966 88.0941738426833 83.0196808096236 88.5776170713634 80.0867687069284 89.7571837034398 72.5059303999135 70.9865508735605 85.5214735888141 86.5364172448042 0 77.3082160992677 86.6604254538209
94.1904819013407 94.2322275341296 91.6980767816235 90.6902958548309 86.125843648819 85.1280073452 86.2118970069928 85.7520263726057 86.4247735100825 83.4181597425046 87.7566541954257 76.6283750212038 75.0930706154422 81.5219072144695 83.0331223084966 77.3082160992677 0 83.0625479788191
93.381156296672 93.4033961764943 91.7079210128555 92.2867022452208 88.6994416157976 89.1754702685607 83.6408008670417 89.9201577536982 81.9124372658146 88.5843509004963 82.6459542896836 85.9493823501324 85.6518503809952 72.7881834437273 70.237526392877 86.6604254538209 83.0625479788191 0
