0 90.9662939612834 84.2979161426279 81.4238688668901 84.8172353991213 84.8632678583311 87.4658005457673 86.1033994395945 86.1618333382752 86.4785265372237 91.3493605368748 91.8388559645986 88.1441028634154 92.3358293114501 90.5962950938506 92.3778571259503 88.4972407090315 89.367584696816
90.9662939612834 0 85.7863355292019 91.4238688668901 89.7428929869615 90.0522480221793 87.1933731458827 89.2492238225855 93.4227605448161 89.7170505944318 84.1593214403875 83.947117784441 89.8887129856915 86.3453801341546 87.7674957525076 86.7696515306304 92.9548331319529 93.8597646268196
84.2979161426279 85.7863355292019 0 85.26340400843 83.051870788883 83.6501254971811 81.7532076048429 83.091775616211 89.0960203175482 84.1114246562642 86.6545999065771 87.3827962632147 85.6238550502764 88.456898132988 86.6265279866851 88.5962964327146 89.1516170516036 90.4200962279756
81.4238688668901 91.4238688668901 85.26340400843 0 79.3255293548103 78.7320818557614 85.322427491129 81.9332335297458 80.3232476245749 81.9124372658146 90.5150984397825 91.1224310947009 84.3872598725851 91.3418389132307 88.8030383870541 91.3164066447049 83.4160584633331 85.0334390986555
84.8172353991213 89.7428929869615 83.051870788883 79.3255293548103 0 60.943337135734 79.5765657369386 70.237526392877 84.4260800422 71.3176021151403 87.8452979360192 88.6738840693766 78.2106092259997 88.8644512266057 85.2505360143668 88.8179418809182 83.2325834815517 85.6407375969117
84.8632678583311 90.0522480221793 83.6501254971811 78.7320818557614 60.943337135734 0 80.4078597858648 71.9124372658146 83.8628902997632 71.7711908388985 88.1647383903082 88.9669688788295 78.3073021585004 89.1136993962343 85.5523155632995 89.05908719444 82.5834254264265 85.136686844539
87.4658005457673 87.1933731458827 81.7532076048429 85.322427491129 79.5765657369386 80.4078597858648 0 76.6136007973246 88.3051037458252 78.1117143687293 83.6150544197642 84.9227372224544 78.5550952672913 85.3555738781601 80.237526392877 85.3461292680899 86.7267978078284 88.4981540275627
86.1033994395945 89.2492238225855 83.091775616211 81.9332335297458 70.237526392877 71.9124372658146 76.6136007973246 0 85.6973504647171 65.0930706154422 86.7514468623435 87.6910302758883 74.9227372224544 87.8248646916497 83.555965823659 87.7602710557797 83.7951810523066 86.1622239060938
86.1618333382752 93.4227605448161 89.0960203175482 80.3232476245749 84.4260800422 83.8628902997632 88.3051037458252 85.6973504647171 0 85.2552739638762 92.2515747903303 92.764126654449 86.4153503965126 92.756523985139 90.4279759423786 92.690051147347 80.5622918724125 80.5527990930723
86.4785265372237 89.7170505944318 84.1114246562642 81.9124372658146 71.3176021151403 71.7711908388985 78.1117143687293 65.0930706154422 85.2552739638762 0 87.1143894407578 88.0198903710459 72.9845369622933 88.036884894078 83.7056567149524 87.9477781460115 82.8161285152053 85.4405010775474
91.3493605368748 84.1593214403875 86.6545999065771 90.5150984397825 87.8452979360192 88.1647383903082 83.6150544197642 86.7514468623435 92.2515747903303 87.1143894407578 0 67.9330371790942 86.4541757875918 74.598216984643 80.0814756595712 75.8005514005498 90.923942111043 92.036705925754
91.8388559645986 83.947117784441 87.3827962632147 91.1224310947009 88.6738840693766 88.9669688788295 84.9227372224544 87.6910302758883 92.764126654449 88.0198903710459 67.9330371790942 0 87.4142314228996 73.9968508302003 81.7711908388985 75.6562542463234 91.5079797370329 92.5497748908874
88.1441028634154 89.8887129856915 85.6238550502764 84.3872598725851 78.2106092259997 78.3073021585004 78.5550952672913 74.9227372224544 86.4153503965126 72.9845369622933 86.4541757875918 87.4142314228996 0 87.1269564468328 81.8246980227395 86.965022649524 83.0211435174145 85.5777020200581
92.3358293114501 86.3453801341546 88.456898132988 91.3418389132307 88.8644512266057 89.1136993962343 85.3555738781601 87.8248646916497 92.756523985139 88.036884894078 74.598216984643 73.9968508302003 87.1269564468328 0 80.4078597858648 60.943337135734 91.250888567547 92.2867787765784
90.5962950938506 87.7674957525076 86.6265279866851 88.8030383870541 85.2505360143668 85.5523155632995 80.237526392877 83.555965823659 90.4279759423786 83.7056567149524 80.0814756595712 81.7711908388985 81.8246980227395 80.4078597858648 0 79.9850808185757 88.3130691775203 89.7381044365086
92.3778571259503 86.7696515306304 88.5962964327146 91.3164066447049 88.8179418809182 89.05908719444 85.3461292680899 87.7602710557797 92.690051147347 87.9477781460115 75.8005514005498 75.6562542463234 86.965022649524 60.943337135734 79.9850808185757 0 91.121697844893 92.16308291822
88.4972407090315 92.9548331319529 89.1516170516036 83.4160584633331 83.2325834815517 82.5834254264265 86.7267978078284 83.7951810523066 80.5622918724125 82.8161285152053 90.923942111043 91.5079797370329 83.0211435174145 91.250888567547 88.3130691775203 91.121697844893 0 73.8213544350363
89.367584696816 93.8597646268196 90.4200962279756 85.0334390986555 85.6407375969117 85.136686844539 88.4981540275627 86.1622239060938 80.5527990930723 85.4405010775474 92.036705925754 92.5497748908874 85.5777020200581 92.2867787765784 89.7381044365086 92.16308291822 73.8213544350363 0
