0 82.1654959184623 82.6722841132558 80.5098229277861 85.6072467966064 90.2868064031166 84.933534956636 88.3477535852317 91.9030463591712 88.2993261327158 91.9858176056385 92.0062662574906 90.3358991670294 90.6435497940177 92.0817683251089 91.630018568593 92.0052461083682 92.6574223701047
82.1654959184623 0 63.9536370923738 85.4519840595317 88.9525330624015 86.5256213537673 87.338585677864 84.5869706818913 88.8560319448367 86.1192544428531 89.3756649167141 89.7697207526944 91.2537413706613 91.7532076048429 90.4992526397913 91.0335945566031 92.4701946961019 92.8341100219795
82.6722841132558 63.9536370923738 0 85.3962648299937 88.8884726319058 85.9566689221897 87.1298869524369 83.7445660987571 88.4407002914246 85.4412056055918 88.9298435901867 89.3217457522892 91.0294716653524 91.561630208681 90.0814756595712 90.6792333700066 92.2392694194134 92.5888620194142
80.5098229277861 85.4519840595317 85.3962648299937 0 79.4112348042496 90.4857622301273 77.2187313787059 87.9831253858179 92.0208621231356 86.8148321182775 91.6922326161407 91.3887347396581 87.0378704891141 87.4191226778586 90.9450739663187 89.636827943325 89.4589779583689 90.423101577004
85.6072467966064 88.9525330624015 88.8884726319058 79.4112348042496 0 92.2170831341676 77.5803463896305 90.0840177957243 93.4341814889416 88.6536919545194 92.9538702893755 92.5032194789288 84.9659509602808 84.8471740076416 91.7282879671622 89.724878621149 88.1081857974285 89.4833594670039
90.2868064031166 86.5256213537673 85.9566689221897 90.4857622301273 92.2170831341676 0 90.5269519621799 79.178079427437 76.5063621434069 84.0672266294399 79.3818913619656 82.2787262194362 92.0405643757916 92.6978753982388 85.9785202629748 89.3305690360477 92.4579550069773 92.3158253375496
84.933534956636 87.338585677864 87.1298869524369 77.2187313787059 77.5803463896305 90.5269519621799 0 87.8206226978605 91.9535114922516 85.8089601148667 91.3378174938992 90.7872276988898 83.6663955797549 84.3285314935313 89.8989398625498 87.7349261919313 87.0277481693791 88.3136724490728
88.3477535852317 84.5869706818913 83.7445660987571 87.9831253858179 90.0840177957243 79.178079427437 87.8206226978605 0 83.5392759245935 77.4269372455433 82.7273505510716 82.9023336598264 89.9023931427866 90.7150838959359 84.6168963459942 87.1426142386487 90.6117913722832 90.5996564460284
91.9030463591712 88.8560319448367 88.4407002914246 92.0208621231356 93.4341814889416 76.5063621434069 91.9535114922516 83.5392759245935 0 86.4198537193337 76.8092101824516 81.7060996897762 92.9778248036771 93.5882096935409 86.2325041385106 90.0527811932338 93.1780369473532 92.9193653374759
88.2993261327158 86.1192544428531 85.4412056055918 86.8148321182775 88.6536919545194 84.0672266294399 85.8089601148667 77.4269372455433 86.4198537193337 0 84.8190149299059 83.6779798619475 87.6145396236913 88.6819326595009 83.0411672842192 84.1260579378503 88.4638216139284 88.492047155861
91.9858176056385 89.3756649167141 88.9298435901867 91.6922326161407 92.9538702893755 79.3818913619656 91.3378174938992 82.7273505510716 76.8092101824516 84.8190149299059 0 74.484421527208 91.9811567940371 92.6751998198568 82.7674836600796 88.1860958317419 92.0293255954697 91.6391911064968
92.0062662574906 89.7697207526944 89.3217457522892 91.3887347396581 92.5032194789288 82.2787262194362 90.7872276988898 82.9023336598264 81.7060996897762 83.6779798619475 74.484421527208 0 91.0579576351808 91.8303667392488 78.5776170713634 86.341622719513 90.959376377232 90.4420351558187
90.3358991670294 91.2537413706613 91.0294716653524 87.0378704891141 84.9659509602808 92.0405643757916 83.6663955797549 89.9023931427866 92.9778248036771 87.6145396236913 91.9811567940371 91.0579576351808 0 70.4286707227391 89.300877867275 84.8271007475174 77.7531679324384 81.7711908388985
90.6435497940177 91.7532076048429 91.561630208681 87.4191226778586 84.8471740076416 92.6978753982388 84.3285314935313 90.7150838959359 93.5882096935409 88.6819326595009 92.6751998198568 91.8303667392488 70.4286707227391 0 90.2283198169709 86.2581263061566 79.0119174309222 82.8388730772033
92.0817683251089 90.4992526397913 90.0814756595712 90.9450739663187 91.7282879671622 85.9785202629748 89.8989398625498 84.6168963459942 86.2325041385106 83.0411672842192 82.7674836600796 78.5776170713634 89.300877867275 90.2283198169709 0 82.1556516872302 88.8398492236681 88.0168263896328
91.630018568593 91.0335945566031 90.6792333700066 89.636827943325 89.724878621149 89.3305690360477 87.7349261919313 87.1426142386487 90.0527811932338 84.1260579378503 88.1860958317419 86.341622719513 84.8271007475174 86.2581263061566 82.1556516872302 0 83.4499763303665 81.9606352666097
92.0052461083682 92.4701946961019 92.2392694194134 89.4589779583689 88.1081857974285 92.4579550069773 87.0277481693791 90.6117913722832 93.1780369473532 88.4638216139284 92.0293255954697 90.959376377232 77.7531679324384 79.0119174309222 88.8398492236681 83.4499763303665 0 73.9561458492051
92.6574223701047 92.8341100219795 92.5888620194142 90.423101577004 89.4833594670039 92.3158253375496 88.3136724490728 90.5996564460284 92.9193653374759 88.492047155861 91.6391911064968 90.4420351558187 81.7711908388985 82.8388730772033 88.0168263896328 81.9606352666097 73.9561458492051 0
