0 76.1211421709862 90.6080397730269 75.5673171147236 75.2755721973899 90.5608692776019 83.4304244917432 88.6502953323047 85.2003092693599 83.6408008670417 85.1757958751021 88.940188044825 87.0296544448464 91.3619991629469 91.3812810589918 90.280234225313 90.2119042252309 93.0885820308239
76.1211421709862 0 92.093480503537 80.9944207489104 77.7917907521781 92.0400671511376 80.5300503073763 90.2989135866642 87.0053905168371 84.2779962130774 84.45465222373 90.3856619111935 86.3453801341546 92.4900291542148 92.3480163654914 90.7222293294931 90.3132186294319 93.8694416641172
90.6080397730269 92.093480503537 0 89.444283079601 90.7795158978164 66.2581263061566 93.1028835744253 82.4000652404686 88.0309443726372 90.9198216846961 92.4848369345495 85.1097422091168 93.0645851534493 85.4288545277498 87.9899889902793 91.693328996376 92.845813466116 89.5994690122814
75.5673171147236 80.9944207489104 89.444283079601 0 74.0724569403935 89.3122722994984 84.1260579378503 86.6560770653472 81.7532076048429 81.1011246996244 84.2312091392794 86.8817337465467 86.2085093135137 89.8609411503007 89.8469883502153 88.8122703883472 89.0051368755729 91.8488566814254
75.2755721973899 77.7917907521781 90.7795158978164 74.0724569403935 0 90.6461153005256 80.8686090029255 88.2032697249812 83.3390303751443 79.5932389875965 81.9548838513532 88.1537290238846 84.5245899885005 90.7858080463784 90.5530076253497 88.7344939671809 88.525761463824 92.3859648733539
90.5608692776019 92.0400671511376 66.2581263061566 89.3122722994984 90.6461153005256 0 92.968220306335 81.2502842198705 87.5972706385311 90.6560956231151 92.2675351167102 84.1984937693655 92.8355287954075 84.4166372889035 87.2537141011014 91.2844054328105 92.5139741395602 88.9910680256272
83.4304244917432 80.5300503073763 93.1028835744253 84.1260579378503 80.8686090029255 92.968220306335 0 90.9144301360648 87.0414148290211 82.0827706588024 78.7320818557614 90.5925300786004 81.3126984232346 92.5824014703115 92.0693871510798 89.1551959618225 88.0639385603448 93.5306020222255
88.6502953323047 90.2989135866642 82.4000652404686 86.6560770653472 88.2032697249812 81.2502842198705 90.9144301360648 0 82.3884507877571 87.4672780263834 89.6887332538897 74.2751314869347 90.3405259592751 80.8489244932404 83.3666606296479 88.0665156939647 89.7445408027102 86.8282951458061
85.2003092693599 87.0053905168371 88.0309443726372 81.7532076048429 83.3390303751443 87.5972706385311 87.0414148290211 82.3884507877571 0 80.4078597858648 84.7832850301513 81.1136705287218 85.9592803598542 86.1192544428531 85.5971656502182 84.9105599207718 86.3152293981705 88.6377487725149
83.6408008670417 84.2779962130774 90.9198216846961 81.1011246996244 79.5932389875965 90.6560956231151 82.0827706588024 87.4672780263834 80.4078597858648 0 76.8428331489911 86.6813329578914 80.1374526120923 89.5556933220744 88.7623263292455 85.1080779267362 84.7109310897828 90.8438800714104
85.1757958751021 84.45465222373 92.4848369345495 84.2312091392794 81.9548838513532 92.2675351167102 78.7320818557614 89.6887332538897 84.7832850301513 76.8428331489911 0 88.9976660170554 72.7073339126469 91.2004909747474 90.3569604928516 86.0728479354589 84.484421527208 92.015118910258
88.940188044825 90.3856619111935 85.1097422091168 86.8817337465467 88.1537290238846 84.1984937693655 90.5925300786004 74.2751314869347 81.1136705287218 86.6813329578914 88.9976660170554 0 89.5422083192867 79.1453517305904 80.3485019850597 86.213187821334 88.3666599593055 85.2075279593921
87.0296544448464 86.3453801341546 93.0645851534493 86.2085093135137 84.5245899885005 92.8355287954075 81.3126984232346 90.3405259592751 85.9592803598542 80.1374526120923 72.7073339126469 89.5422083192867 0 91.499262735648 90.5003437393704 85.4260219403338 82.9600068071212 92.0171329637785
91.3619991629469 92.4900291542148 85.4288545277498 89.8609411503007 90.7858080463784 84.4166372889035 92.5824014703115 80.8489244932404 86.1192544428531 89.5556933220744 91.2004909747474 79.1453517305904 91.499262735648 0 76.9747808619358 87.7303414857171 89.843073519774 81.3752361401342
91.3812810589918 92.3480163654914 87.9899889902793 89.8469883502153 90.5530076253497 87.2537141011014 92.0693871510798 83.3666606296479 85.5971656502182 88.7623263292455 90.3569604928516 80.3485019850597 90.5003437393704 76.9747808619358 0 85.2003092693599 88.002829084837 78.1467901435146
90.280234225313 90.7222293294931 91.693328996376 88.8122703883472 88.7344939671809 91.2844054328105 89.1551959618225 88.0665156939647 84.9105599207718 85.1080779267362 86.0728479354589 86.213187821334 85.4260219403338 87.7303414857171 85.2003092693599 0 76.8982993539898 87.0945486545329
90.2119042252309 90.3132186294319 92.845813466116 89.0051368755729 88.525761463824 92.5139741395602 88.0639385603448 89.7445408027102 86.3152293981705 84.7109310897828 84.484421527208 88.3666599593055 82.9600068071212 89.843073519774 88.002829084837 76.8982993539898 0 89.4116204847869
93.0885820308239 93.8694416641172 89.5994690122814 91.8488566814254 92.3859648733539 88.9910680256272 93.5306020222255 86.8282951458061 88.6377487725149 90.8438800714104 92.015118910258 85.2075279593921 92.0171329637785 81.3752361401342 78.1467901435146 87.0945486545329 89.4116204847869 0
