0 92.9902333399376 88.7623263292455 90.4929970451373 89.0617671974988 91.1544028200552 91.4668131279807 89.1992622074638 90.2237091998029 88.765912872367 92.6037880142463 90.9680216370173 93.3951134654085 93.8811599390343 93.2644000618806 93.4184053772332 93.356061834751 95.5614726719602
92.9902333399376 0 84.7109310897828 84.7617444526722 87.8497272528937 85.9744315024477 88.3893958898764 90.9712937057204 90.2211456292078 93.0024147620079 90.0740545388265 92.3921913186054 93.3698554488053 93.0838239298534 93.6798304829701 94.8158112493073 95.1993313855822 93.5253983964223
88.7623263292455 84.7109310897828 0 81.3510345137355 83.091775616211 84.2107909313872 86.7923005771085 87.7953619035962 87.5186760113139 90.1178670550307 89.2202600224785 90.2319024715531 92.247268537916 92.2841515103591 92.4333716550195 93.4380112784569 93.7411469057037 93.5547758127407
90.4929970451373 84.7617444526722 81.3510345137355 0 77.6479504416348 73.232685955082 80.6642777657741 85.1362843532686 83.709308345198 88.7816805500512 84.9593448490158 87.8185423791122 89.8447517363798 89.6961933585282 90.2026927849095 91.7120406982413 92.2008906049859 91.1492468875389
89.0617671974988 87.8497272528937 83.091775616211 77.6479504416348 0 78.1860958317419 79.6648998632169 80.7921662749521 79.546717201444 86.0178477447537 84.1758581374509 85.2970022018606 88.5503166385677 88.7110751598551 88.8115609307259 90.3230271652485 90.7989490134675 90.8913461286801
91.1544028200552 85.9744315024477 84.2107909313872 73.232685955082 78.1860958317419 0 76.4210841896122 84.3338080150384 82.1523653118793 88.3823526405858 82.4570356382086 86.7923005771085 88.6774205284733 88.4011093146316 89.1420653552395 90.9281101660991 91.5142900318607 89.9704352654328
91.4668131279807 88.3893958898764 86.7923005771085 80.6642777657741 79.6648998632169 76.4210841896122 0 82.0738193218876 78.1860958317419 86.9639370490137 76.9639370490137 84.1779208042287 86.2519747443159 85.9126336164662 86.8806271228131 89.1924018487551 89.9448227429275 88.2608359710067
89.1992622074638 90.9712937057204 87.7953619035962 85.1362843532686 80.7921662749521 84.3338080150384 82.0738193218876 0 73.5475617199368 79.834050247428 83.5362178649806 78.3427264168785 85.4841598430449 86.3733751922872 85.4943064198282 87.1174041678675 87.6550525893541 89.8715723016763
90.2237091998029 90.2211456292078 87.5186760113139 83.709308345198 79.546717201444 82.1523653118793 78.1860958317419 73.5475617199368 0 83.0331223084966 80.4372372021832 79.3443980803016 84.8350181203539 85.3429764949431 85.1626652685191 87.3975598292249 88.1233688184042 88.8798443128057
88.765912872367 93.0024147620079 90.1178670550307 88.7816805500512 86.0178477447537 88.3823526405858 86.9639370490137 79.834050247428 83.0331223084966 0 87.2820597623173 79.8531331056309 86.2279444217867 87.627196302634 85.6854997764966 85.7863355292019 85.7863355292019 91.0531172574814
92.6037880142463 90.0740545388265 89.2202600224785 84.9593448490158 84.1758581374509 82.4570356382086 76.9639370490137 83.5362178649806 80.4372372021832 87.2820597623173 0 83.2834453116058 83.4829762495286 82.4416841028919 84.575695180571 87.7430640785082 88.7608908822587 85.5372620133263
90.9680216370173 92.3921913186054 90.2319024715531 87.8185423791122 85.2970022018606 86.7923005771085 84.1779208042287 78.3427264168785 79.3443980803016 79.8531331056309 83.2834453116058 0 81.1358620590737 83.201597050353 80.738820882775 83.237595614941 84.2312091392794 88.2753097867997
93.3951134654085 93.3698554488053 92.247268537916 89.8447517363798 88.5503166385677 88.6774205284733 86.2519747443159 85.4841598430449 84.8350181203539 86.2279444217867 83.4829762495286 81.1358620590737 0 73.0196250490794 68.2284028442026 80.2667540483799 82.7670561050124 84.1218122257468
93.8811599390343 93.0838239298534 92.2841515103591 89.6961933585282 88.7110751598551 88.4011093146316 85.9126336164662 86.3733751922872 85.3429764949431 87.627196302634 82.4416841028919 83.201597050353 73.0196250490794 0 76.8761978059386 83.1600871064417 85.0561662659079 81.4510002480644
93.2644000618806 93.6798304829701 92.4333716550195 90.2026927849095 88.8115609307259 89.1420653552395 86.8806271228131 85.4943064198282 85.1626652685191 85.6854997764966 84.575695180571 80.738820882775 68.2284028442026 76.8761978059386 0 77.8452979360192 80.9865508735604 85.2440876912534
93.4184053772332 94.8158112493073 93.4380112784569 91.7120406982413 90.3230271652485 90.9281101660991 89.1924018487551 87.1174041678675 87.3975598292249 85.7863355292019 87.7430640785082 83.237595614941 80.2667540483799 83.1600871064417 77.8452979360192 0 70.943337135734 87.7864035964503
93.356061834751 95.1993313855822 93.7411469057037 92.2008906049859 90.7989490134675 91.5142900318607 89.9448227429275 87.6550525893541 88.1233688184042 85.7863355292019 88.7608908822587 84.2312091392794 82.7670561050124 85.0561662659079 80.9865508735604 70.943337135734 0 88.9298435901867
95.5614726719602 93.5253983964223 93.5547758127407 91.1492468875389 90.8913461286801 89.9704352654328 88.2608359710067 89.8715723016763 88.8798443128057 91.0531172574814 85.5372620133263 88.2753097867997 84.1218122257468 81.4510002480644 85.2440876912534 87.7864035964503 88.9298435901867 0
