0 80.6188168979226 89.4344587975798 86.7239959740949 88.8335004036678 91.7844506551408 91.5537130363682 91.4094592264185 90.2196067601836 90.8471697247964 90.6792333700066 90.715999260007 92.5835923786124 91.9803483316292 93.3670119048484 93.3099691227681 92.2671607774502 92.9508016633829
80.6188168979226 0 88.8285560079588 81.9089615194754 86.7956877693918 90.7447349131916 90.3310353635652 90.0287234574536 86.921385559777 88.9042214225407 88.0916622600674 87.59539342008 90.1052437355394 89.9834559717079 92.2405582226928 92.1084183731075 89.8016425297404 91.4357767975605
89.4344587975798 88.8285560079588 0 86.6440941889501 80.6792333700066 80.8821062851461 81.2209091826396 81.8211513138294 89.1123755294906 83.8924062417859 86.8461811729156 89.6666483480365 93.3278129071452 86.9508886321302 86.0380506567595 86.2118970069928 90.3230314969404 86.8085056474638
86.7239959740949 81.9089615194754 86.6440941889501 0 81.6951556819209 87.8928971582322 87.1363578944901 86.5304228410657 81.1303421223965 84.2066957450215 82.2305599791183 82.6017133826353 88.4806993574841 85.6562542463234 89.4900404546874 89.2428040951504 85.8514185505382 88.0651321943814
88.8335004036678 86.7956877693918 80.6792333700066 81.6951556819209 0 82.1654959184623 80.8422827729217 79.8920337031866 84.9796890336395 77.7647878994723 81.3493605368748 85.8541512699659 91.0365710695442 82.9106243619669 85.6635841127368 85.4535216572886 87.0140378012395 84.5959267952827
91.7844506551408 90.7447349131916 80.8821062851461 87.8928971582322 82.1654959184623 0 68.103370572082 73.2478263495168 88.7666298257024 80.8821062851461 85.5266933956535 89.1865483842417 93.1028835744253 83.9925487547429 79.0724707021626 79.5765657369386 89.1495095419228 81.8729861369827
91.5537130363682 90.3310353635652 81.2209091826396 87.1363578944901 80.8422827729217 68.103370572082 0 66.2581263061566 87.9347740096789 78.6223132959149 84.2737774339689 88.3886138704597 92.6017133826353 82.5570171580838 79.0724707021626 79.178079427437 88.3533765142249 80.6117544459059
91.4094592264185 90.0287234574536 81.8211513138294 86.5304228410657 79.8920337031866 73.2478263495168 66.2581263061566 0 87.2087937260053 76.2581263061566 83.1155436921792 87.6910302758883 92.1766258049975 81.1963957883817 79.4681370721026 79.2428040951504 87.6479883267299 79.6164126904347
90.2196067601836 86.921385559777 89.1123755294906 81.1303421223965 84.9796890336395 88.7666298257024 87.9347740096789 87.2087937260053 0 84.3279020717801 78.9847314590875 66.625354376404 85.1130688617644 83.4864004590469 89.2581955282206 88.8644512266057 78.8256108967644 86.9947154475644
90.8471697247964 88.9042214225407 83.8924062417859 84.2066957450215 77.7647878994723 80.8821062851461 78.6223132959149 76.2581263061566 84.3279020717801 0 77.8718063285063 84.9796890336395 90.6635131224742 76.5063621434069 82.7273505510716 82.1226754861304 85.1041345670147 79.6179963323561
90.6792333700066 88.0916622600674 86.8461811729156 82.2305599791183 81.3493605368748 85.5266933956535 84.2737774339689 83.1155436921792 78.9847314590875 77.8718063285063 0 79.9742370056535 88.404227566296 76.5184091547906 86.0981015495578 85.5447953106515 80.6921306285689 82.8302709736227
90.715999260007 87.59539342008 89.6666483480365 82.6017133826353 85.8541512699659 89.1865483842417 88.3886138704597 87.6910302758883 66.625354376404 84.9796890336395 79.9742370056535 0 84.3139343989393 83.778610784351 89.4906473078734 89.0891422958372 77.1236219027148 87.1916698946958
92.5835923786124 90.1052437355394 93.3278129071452 88.4806993574841 91.0365710695442 93.1028835744253 92.6017133826353 92.1766258049975 85.1130688617644 90.6635131224742 88.404227566296 84.3139343989393 0 89.8195101390914 93.1600871064417 92.8790351389602 85.290068659975 91.6248313033575
91.9803483316292 89.9834559717079 86.9508886321302 85.6562542463234 82.9106243619669 83.9925487547429 82.5570171580838 81.1963957883817 83.4864004590469 76.5063621434069 76.5184091547906 83.778610784351 89.8195101390914 0 83.2478263495168 82.3546980369414 82.416967710138 77.4401131641802
93.3670119048484 92.2405582226928 86.0380506567595 89.4900404546874 85.6635841127368 79.0724707021626 79.0724707021626 79.4681370721026 89.2581955282206 82.7273505510716 86.0981015495578 89.4906473078734 93.1600871064417 83.2478263495168 0 63.9536370923738 88.7814957686332 77.6563371474742
93.3099691227681 92.1084183731075 86.2118970069928 89.2428040951504 85.4535216572886 79.5765657369386 79.178079427437 79.2428040951504 88.8644512266057 82.1226754861304 85.5447953106515 89.0891422958372 92.8790351389602 82.3546980369414 63.9536370923738 0 88.2924946081668 75.6827988964542
92.2671607774502 89.8016425297404 90.3230314969404 85.8514185505382 87.0140378012395 89.1495095419228 88.3533765142249 87.6479883267299 78.8256108967644 85.1041345670147 80.6921306285689 77.1236219027148 85.290068659975 82.416967710138 88.7814957686332 88.2924946081668 0 85.9975504115668
92.9508016633829 91.4357767975605 86.8085056474638 88.0651321943814 84.5959267952827 81.8729861369827 80.6117544459059 79.6164126904347 86.9947154475644 79.6179963323561 82.8302709736227 87.1916698946958 91.6248313033575 77.4401131641802 77.6563371474742 75.6827988964542 85.9975504115668 0
