0 88.5332126044102 84.0417671828947 84.6354957098355 87.7738075181225 89.6867436075331 84.2959097000793 89.7428929869615 89.4301536759735 87.7998589768893 88.7147042607757 89.14994848217 89.6666483480365 92.2724801303486 92.4149421622676 92.5212279985545 91.9748721612208 93.9677287764326
88.5332126044102 0 90.869755834518 83.2707577629414 93.1089544862133 74.4671324573025 85.9744315024477 93.4504640003259 92.9279834894532 87.8718063285063 87.0679967752654 86.2581263061566 91.9256197907634 87.5043102469557 94.394497079375 94.3738763648625 91.3619991629469 90.3455126917314
84.0417671828947 90.869755834518 0 86.3303309311581 80.2528274474092 91.3132453735404 84.1009420423914 83.408322943692 82.7760355725621 85.4673355948484 87.3031982537424 88.2993261327158 84.3239158899316 92.0065924745214 88.3696675638642 88.5776170713634 89.5765657369386 93.440211413787
84.6354957098355 83.2707577629414 86.3303309311581 0 89.8014708823389 84.1197405042327 74.598216984643 90.2359933182647 89.4888264938635 81.8670341320252 82.022217387562 82.1259843966288 88.1901910181076 87.6335883102467 91.7595936201974 91.7629277987388 88.765912872367 90.3985153565124
87.7738075181225 93.1089544862133 80.2528274474092 89.8014708823389 0 93.4261544010843 88.2993261327158 79.3002428506583 80.738820882775 88.5962964327146 89.9622774554722 90.775539282215 85.2585829776085 93.6593057401542 87.1157868785813 87.4879904709355 90.7899601976351 94.7136662288377
89.6867436075331 74.4671324573025 91.3132453735404 84.1197405042327 93.4261544010843 0 86.428072688335 93.5741707155303 93.0157884817921 87.5861008568477 86.4120432050766 85.2787116306778 91.8335772125552 85.5628220877716 94.2834490233475 94.2418884632481 90.727332084639 88.9263423527254
84.2959097000793 85.9744315024477 84.1009420423914 74.598216984643 88.2993261327158 86.428072688335 0 88.6760806191086 87.7647878994723 78.9021373091748 80.738820882775 81.8670341320252 86.2440528241078 88.156969091569 90.5114741762464 90.5284981699644 87.7457855061601 90.6192848624529
89.7428929869615 93.4504640003259 83.408322943692 90.2359933182647 79.3002428506583 93.5741707155303 88.6760806191086 0 70.8110544783965 87.9486437055199 89.3500427490681 90.2619822706543 81.6251957531956 93.1222675730262 82.5821577797713 83.2067580073703 89.1017700423667 94.0161576060675
89.4301536759735 92.9279834894532 82.7760355725621 89.4888264938635 80.738820882775 93.0157884817921 87.7647878994723 70.8110544783965 0 86.7239959740949 88.2993261327158 89.3223765816634 78.7320818557614 92.4350473435572 82.0737640073828 82.6017133826353 88.0232945999633 93.3947608622636
87.7998589768893 87.8718063285063 85.4673355948484 81.8670341320252 88.5962964327146 87.5861008568477 78.9021373091748 87.9486437055199 86.7239959740949 0 73.2222041818708 77.7738075181225 83.6009463029101 86.5722121164743 88.8978749956597 88.8349120548484 83.8525827295616 89.0159806884951
88.7147042607757 87.0679967752654 87.3031982537424 82.022217387562 89.9622774554722 86.4120432050766 80.738820882775 89.3500427490681 88.2993261327158 73.2222041818708 0 70.237526392877 85.5266933956535 84.4797063603386 89.8600582609351 89.7657356159223 83.555965823659 87.5944545064845
89.14994848217 86.2581263061566 88.2993261327158 82.1259843966288 90.775539282215 85.2787116306778 81.8670341320252 90.2619822706543 89.3223765816634 77.7738075181225 70.237526392877 0 86.8784130290517 82.8254093635571 90.6604105849398 90.5622918724125 84.3279020717801 86.706750637792
89.6666483480365 91.9256197907634 84.3239158899316 88.1901910181076 85.2585829776085 91.8335772125552 86.2440528241078 81.6251957531956 78.7320818557614 83.6009463029101 85.5266933956535 86.8784130290517 0 90.5859143260222 82.3131653262159 82.3358293114501 84.4029525538654 91.6488872940843
92.2724801303486 87.5043102469557 92.0065924745214 87.6335883102467 93.6593057401542 85.5628220877716 88.156969091569 93.1222675730262 92.4350473435572 86.5722121164743 84.4797063603386 82.8254093635571 90.5859143260222 0 92.9037165430793 92.7724398681269 86.7408129792743 79.4913737516919
92.4149421622676 94.394497079375 88.3696675638642 91.7595936201974 87.1157868785813 94.2834490233475 90.5114741762464 82.5821577797713 82.0737640073828 88.8978749956597 89.8600582609351 90.6604105849398 82.3131653262159 92.9037165430793 0 61.8236984554539 87.3922044644166 93.3709093829827
92.5212279985545 94.3738763648625 88.5776170713634 91.7629277987388 87.4879904709355 94.2418884632481 90.5284981699644 83.2067580073703 82.6017133826353 88.8349120548484 89.7657356159223 90.5622918724125 82.3358293114501 92.7724398681269 61.8236984554539 0 87.0711757029314 93.2093361878076
91.9748721612208 91.3619991629469 89.5765657369386 88.765912872367 90.7899601976351 90.727332084639 87.7457855061601 89.1017700423667 88.0232945999633 83.8525827295616 83.555965823659 84.3279020717801 84.4029525538654 86.7408129792743 87.3922044644166 87.0711757029314 0 87.3082160992677
93.9677287764326 90.3455126917314 93.440211413787 90.3985153565124 94.7136662288377 88.9263423527254 90.6192848624529 94.0161576060675 93.3947608622636 89.0159806884951 87.5944545064845 86.706750637792 91.6488872940843 79.4913737516919 93.3709093829827 93.2093361878076 87.3082160992677 0
