0 85.435034457386 72.0827706588024 77.9762509169206 85.9126336164662 87.1561388112382 88.7079659586501 84.2717598056775 89.1368019765385 91.2037643457854 90.9093293627357 91.3128182576868 90.9372527529249 90.8043333862853 91.8352359641632 92.0161153643317 92.1900093127201 93.0459871260569
85.435034457386 0 86.9476203930553 88.3311427205777 91.6581068127232 92.2940272739685 79.6095153875627 90.4004842763326 92.9463689655499 88.251967056199 93.7820006204687 93.8607985439761 93.3670119048484 92.8298100957312 90.6040971144934 92.8759748657475 92.3897018116189 92.2867022452208
72.0827706588024 86.9476203930553 0 71.9124372658146 84.09464030757 85.5628220877716 89.6532581020538 81.8564887327063 87.8532674567327 91.5245592935632 89.941542160005 90.4401640436861 90.0878265427196 90.0692771132551 91.8702266769184 91.5968931486337 91.9280437922403 92.987250454927
77.9762509169206 88.3311427205777 71.9124372658146 0 81.7387672097631 83.5725918290523 90.6288615216879 78.9298435901867 86.5111849588043 92.0482241341007 89.0355663526282 89.67130753563 89.3924558748554 89.5598758378731 92.1525391179209 91.4234800451146 91.9193804244781 93.1457259350781
85.9126336164662 91.6581068127232 84.09464030757 81.7387672097631 0 70.2375263928769 93.2890581457975 79.2428040951504 83.7331583043885 94.0874872698707 87.6253319777206 88.7623263292455 88.9847314590875 89.8447517363798 93.8296756447987 92.2614478484374 93.0697402710824 94.4659343273055
87.1561388112382 92.2940272739685 85.5628220877716 83.5725918290523 70.2375263928769 0 93.7825012447935 80.3134982103822 82.5868656935784 94.3937399759296 86.921385559777 88.222814231182 88.5962964327146 89.6497167678421 94.0303163346369 92.2289452013272 93.1255401774895 94.5894098534348
88.7079659586501 79.6095153875627 89.6532581020538 90.6288615216879 93.2890581457975 93.7825012447935 0 92.0214327212611 94.0056622162638 85.7757857805641 94.5422837699304 94.5044292130621 93.9633608130139 93.2800572524594 89.4516367342193 92.8390572843948 92.0384955770767 91.379331917742
84.2717598056775 90.4004842763326 81.8564887327063 78.9298435901867 79.2428040951504 80.3134982103822 92.0214327212611 0 81.8246980227395 92.4912274231215 85.8541512699659 86.8761978059386 86.706750637792 87.3630331127546 92.052170436439 90.2119042252309 91.1307580933578 92.8129004903881
89.1368019765385 92.9463689655499 87.8532674567327 86.5111849588043 83.7331583043885 82.5868656935784 94.0056622162638 81.8246980227395 0 93.7164489274743 78.8179418809182 81.8246980227395 82.8884805545587 85.3208427639379 92.7680730886748 89.5317156500199 91.0276354037063 93.1089544862133
91.2037643457854 88.251967056199 91.5245592935632 92.0482241341007 94.0874872698707 94.3937399759296 85.7757857805641 92.4912274231215 93.7164489274743 0 93.7005958114707 93.3950078239548 92.6424315547447 91.4929130958581 81.4804220401687 89.7697207526944 87.9165025530579 85.4550587108594
90.9093293627357 93.7820006204687 89.941542160005 89.0355663526282 87.6253319777206 86.921385559777 94.5422837699304 85.8541512699659 78.8179418809182 93.7005958114707 0 72.0827706588024 77.1342704420015 82.3073716170739 92.3509814974474 87.8876340453048 89.9267487930091 92.420100378145
91.3128182576868 93.8607985439761 90.4401640436861 89.67130753563 88.7623263292455 88.222814231182 94.5044292130621 86.8761978059386 81.8246980227395 93.3950078239548 72.0827706588024 0 72.0827706588024 79.9796622965764 91.8308615285629 86.6136007973246 89.0112398515747 91.7826611521203
90.9372527529249 93.3670119048484 90.0878265427196 89.3924558748554 88.9847314590875 88.5962964327146 93.9633608130139 86.706750637792 82.8884805545587 92.6424315547447 77.1342704420015 72.0827706588024 0 75.5523155632995 90.8882112087658 84.9227372224544 87.7130152786816 90.8458374650122
90.8043333862853 92.8298100957312 90.0692771132551 89.5598758378731 89.8447517363798 89.6497167678421 93.2800572524594 87.3630331127546 85.3208427639379 91.4929130958581 82.3073716170739 79.9796622965764 75.5523155632995 0 89.3089038000303 81.4548623602078 85.26340400843 89.2073249576102
91.8352359641632 90.6040971144934 91.8702266769184 92.1525391179209 93.8296756447987 94.0303163346369 89.4516367342193 92.052170436439 92.7680730886748 81.4804220401687 92.3509814974474 91.8308615285629 90.8882112087658 89.3089038000303 0 86.1467980248057 82.6844659932154 77.3687476185112
92.0161153643317 92.8759748657475 91.5968931486337 91.4234800451146 92.2614478484374 92.2289452013272 92.8390572843948 90.2119042252309 89.5317156500199 89.7697207526944 87.8876340453048 86.6136007973246 84.9227372224544 81.4548623602078 86.1467980248057 0 77.1861580940907 85.1097422091168
92.1900093127201 92.3897018116189 91.9280437922403 91.9193804244781 93.0697402710824 93.1255401774895 92.0384955770767 91.1307580933578 91.0276354037063 87.9165025530579 89.9267487930091 89.0112398515747 87.7130152786816 85.26340400843 82.6844659932154 77.1861580940907 0 80.6607330446118
93.0459871260569 92.2867022452208 92.987250454927 93.1457259350781 94.4659343273055 94.5894098534348 91.379331917742 92.8129004903881 93.1089544862133 85.4550587108594 92.420100378145 91.7826611521203 90.8458374650122 89.2073249576102 77.3687476185112 85.1097422091168 80.6607330446118 0
