0 81.3454034114811 81.2004909747474 87.3590696675158 80.5622918724125 90.7242288662954 84.0841170535261 85.2003092693599 83.6501254971811 84.1923321062572 91.3969581622675 90.4761005024071 88.8461887760664 88.9738092406453 88.9642297145514 89.8920337031865 89.2571586000903 89.7107101071407
81.3454034114811 0 86.6604254538209 81.3414426772175 76.9747808619358 87.1311373807962 79.6356543330438 87.8718063285063 84.5681618832458 84.7635075614827 88.2511598923979 87.2180198603311 86.921385559777 86.9257690522703 87.3272312123874 88.0402758330119 89.2943289939501 90.3733330693944
81.2004909747474 86.6604254538209 0 90.2283198169709 84.6150320210808 92.6848077867043 86.5662657802988 79.5407227977055 82.7674836600796 83.4181597425046 92.9959222557746 91.9693890769997 89.3274199206759 89.5413226105397 89.2254232804135 90.3129961068127 87.9154541103588 87.5859951372108
87.3590696675158 81.3414426772175 90.2283198169709 0 83.947117784441 80.8776994407101 82.6810253671005 90.5632400101347 87.7047839392961 87.6624672601499 83.408322943692 82.8438513133261 86.5982734344227 86.3902173587608 87.2425274907694 87.2749906725731 90.3522595493131 91.6658361118692
80.5622918724125 76.9747808619358 84.6150320210808 83.947117784441 0 88.3311427205777 74.5416919591329 85.2457006698491 79.8920337031866 80.2119042252309 88.8651520972308 87.3302260026353 84.877334088665 85.015546065008 85.1986793407167 86.4309154214711 86.9915683320353 88.2905355522908
90.7242288662954 87.1311373807962 92.6848077867043 80.8776994407101 88.3311427205777 0 87.1269564468328 92.7184135576832 90.4649628778786 90.3688739390761 75.8987805111985 80.6560956231151 88.1581456834345 87.8718063285063 88.7479504643512 88.2301208042432 91.8459637661377 93.1089544862133
84.0841170535261 79.6356543330438 86.5662657802988 82.6810253671005 74.5416919591329 87.1269564468328 0 86.2504555155506 80.6374962592738 80.4761005024071 87.4093346529378 85.2970022018606 82.1259843966288 82.21762491425 82.7417264159659 84.1009420423914 86.173130523846 87.9899889902793
85.2003092693599 87.8718063285063 79.5407227977055 90.5632400101347 85.2457006698491 92.7184135576832 86.2504555155506 0 79.9850808185757 80.4857622301273 92.764629276264 91.4990315363439 87.6726240401613 87.989131632697 87.3630331127546 88.7429076482031 84.27768890481 83.2478263495168
83.6501254971811 84.5681618832458 82.7674836600796 87.7047839392961 79.8920337031866 90.4649628778786 80.6374962592738 79.9850808185757 0 60.943337135734 90.4992526397913 88.8398492236681 83.8325331923513 84.2495038086784 83.622091328923 85.5927014269514 82.8188091180512 84.2596343120333
84.1923321062572 84.7635075614827 83.4181597425046 87.6624672601499 80.2119042252309 90.3688739390761 80.4761005024071 80.4857622301273 60.943337135734 0 90.3534795727897 88.6289782308698 83.2401555589108 83.6964506811521 82.987250454927 85.1014144120895 82.230403653465 83.9536370923738
91.3969581622675 88.2511598923979 92.9959222557746 83.408322943692 88.8651520972308 75.8987805111985 87.4093346529378 92.764629276264 90.4992526397913 90.3534795727897 0 76.6604254538209 87.2425274907694 86.8817337465467 87.8779684079293 87.0125223952169 91.3626141680188 92.7531929436013
90.4761005024071 87.2180198603311 91.9693890769997 82.8438513133261 87.3302260026353 80.6560956231151 85.2970022018606 91.4990315363439 88.8398492236681 88.6289782308698 76.6604254538209 0 84.2107909313872 83.6895333266464 85.0930706154422 83.8879993973499 89.609658886326 91.2924278694115
88.8461887760664 86.921385559777 89.3274199206759 86.5982734344227 84.877334088665 88.1581456834345 82.1259843966288 87.6726240401613 83.8325331923513 83.2401555589108 87.2425274907694 84.2107909313872 0 59.9742370056535 65.0930706154422 71.1136705287218 82.9278452944701 86.2491757321852
88.9738092406453 86.9257690522703 89.5413226105397 86.3902173587608 85.015546065008 87.8718063285063 82.21762491425 87.989131632697 84.2495038086784 83.6964506811521 86.8817337465467 83.6895333266464 59.9742370056535 0 68.5776170713634 69.9742370056535 83.5080253183983 86.6545999065771
88.9642297145514 87.3272312123874 89.2254232804135 87.2425274907694 85.1986793407167 88.7479504643512 82.7417264159659 87.3630331127546 83.622091328923 82.987250454927 87.8779684079293 85.0930706154422 65.0930706154422 68.5776170713634 0 72.0827706588024 81.8164533501749 85.5266933956535
89.8920337031865 88.0402758330119 90.3129961068127 87.2749906725731 86.4309154214711 88.2301208042432 84.1009420423914 88.7429076482031 85.5927014269514 85.1014144120895 87.0125223952169 83.8879993973499 71.1136705287218 69.9742370056535 72.0827706588024 0 83.8451986291819 86.9257690522703
89.2571586000903 89.2943289939501 87.9154541103588 90.3522595493131 86.9915683320353 91.8459637661377 86.173130523846 84.27768890481 82.8188091180512 82.230403653465 91.3626141680188 89.609658886326 82.9278452944701 83.5080253183983 81.8164533501749 83.8451986291819 0 76.4273917593202
89.7107101071407 90.3733330693944 87.5859951372108 91.6658361118692 88.2905355522908 93.1089544862133 87.9899889902793 83.2478263495168 84.2596343120333 83.9536370923738 92.7531929436013 91.2924278694115 86.2491757321852 86.6545999065771 85.5266933956535 86.9257690522703 76.4273917593202 0
