0 89.2716184311276 88.0320134737119 89.1084015061976 89.9701224853387 91.0110819673365 91.8512196952142 92.3977874971121 92.0455293726281 91.1564801844223 92.0628966184246 91.7930300204839 92.5991728574655 93.9545158821031 93.9242228296478 93.4839091644781 93.6449515392091 94.2789681554702
89.2716184311276 0 87.020943162478 90.4533104756221 87.6178815809859 84.2774124779164 83.5645938682059 93.9755137714707 92.9567620622111 88.1865991961637 92.7721144303957 87.3719376615789 91.2844151463215 93.9374597122788 89.2299361010872 92.1409396126877 91.5794423438817 94.2147472699155
88.0320134737119 87.020943162478 0 80.8008132907715 76.0621707455228 83.555965823659 86.4505113704269 88.7984612685036 86.9179550128851 80.8776994407101 86.5982734344227 83.5282008164286 85.2457006698491 89.2254232804135 88.5160657191145 87.1809971370733 87.2415090959192 89.7480430637718
89.1084015061976 90.4533104756221 80.8008132907715 0 82.1977613960751 87.8379063903435 89.8000549799298 84.484421527208 81.8246980227395 84.2260706897948 81.5845536602843 86.8417165672086 84.1487231589192 86.595323951744 90.4103155081914 86.1339433598332 87.2172526282771 87.3344196884608
89.9701224853387 87.6178815809859 76.0621707455228 82.1977613960751 0 81.5879170280032 85.239245157967 88.8177507924799 86.5364623965961 73.4960621867671 86.051467240859 79.5198882640327 82.4600994442045 88.2089792973565 86.4767575220837 84.9227372224544 84.6150320210808 88.7457899743875
91.0110819673365 84.2774124779164 83.555965823659 87.8379063903435 81.5879170280032 0 75.9539297579115 91.932720759336 90.3494105873417 80.855597892659 90.00991931245 77.0639869058574 86.7889107409908 91.0632682823266 83.1972832537283 87.9710879147445 86.7923005771085 91.3953929960846
91.8512196952142 83.5645938682059 86.4505113704269 89.8000549799298 85.239245157967 75.9539297579115 0 93.202718431742 91.8373188813431 84.5700464329907 91.5446471310445 81.547098216339 88.7168802665761 92.3197261859616 82.8805828149556 89.5389228619946 88.3453844908085 92.5868656935784
92.3977874971121 93.9755137714707 88.7984612685036 84.484421527208 88.8177507924799 91.932720759336 93.202718431742 0 77.0178873678807 89.2864812883076 78.7099979390737 90.857813115772 86.8347185676977 83.2512822408352 92.8981823660717 87.3570928090723 89.0638434092707 83.9862043119479
92.0455293726281 92.9567620622111 86.9179550128851 81.8246980227395 86.5364623965961 90.3494105873417 91.8373188813431 77.0178873678807 0 86.9635418700767 63.7896894409078 88.939499180549 83.4768284521377 80.6031611830015 91.3769599159453 84.4347785685749 86.6609003778614 81.9344834442653
91.1564801844223 88.1865991961637 80.8776994407101 84.2260706897948 73.4960621867671 80.855597892659 84.5700464329907 89.2864812883076 86.9635418700767 0 86.4210841896122 75.4014553069688 80.8821062851461 87.873567814971 84.5721968922233 83.4181597425046 82.3452739215203 88.3666599593055
92.0628966184246 92.7721144303957 86.5982734344227 81.5845536602843 86.051467240859 90.00991931245 91.5446471310445 78.7099979390737 63.7896894409078 86.4210841896122 0 88.4950371138655 82.5269620566865 80.0708701724473 91.0147376473383 83.6150544197642 86.0178477447537 81.5313920024931
91.7930300204839 87.3719376615789 83.5282008164286 86.8417165672086 79.5198882640327 77.0639869058574 81.547098216339 90.857813115772 88.939499180549 75.4014553069688 88.4950371138655 0 83.7206741721319 89.3620340393761 81.3493605368748 85.162354639011 83.3635439237628 89.7284740316164
92.5991728574655 91.2844151463215 85.2457006698491 84.1487231589192 82.4600994442045 86.7889107409908 88.7168802665761 86.8347185676977 83.4768284521377 80.8821062851461 82.5269620566865 83.7206741721319 0 82.9463689655499 87.0355998995721 73.2478263495168 77.0605702158074 83.7056567149524
93.9545158821031 93.9374597122788 89.2254232804135 86.595323951744 88.2089792973565 91.0632682823266 92.3197261859616 83.2512822408352 80.6031611830015 87.873567814971 80.0708701724473 89.3620340393761 82.9463689655499 0 91.0136274547151 81.9193804244781 85.0002150024618 65.5673171147236
93.9242228296478 89.2299361010872 88.5160657191145 90.4103155081914 86.4767575220837 83.1972832537283 82.8805828149556 92.8981823660717 91.3769599159453 84.5721968922233 91.0147376473383 81.3493605368748 87.0355998995721 91.0136274547151 0 87.2626622103782 85.0577048988636 91.2016644018032
93.4839091644781 92.1409396126877 87.1809971370733 86.1339433598332 84.9227372224544 87.9710879147445 89.5389228619946 87.3570928090723 84.4347785685749 83.4181597425046 83.6150544197642 85.162354639011 73.2478263495168 81.9193804244781 87.2626622103782 0 74.6168963459942 82.4570356382086
93.6449515392091 91.5794423438817 87.2415090959192 87.2172526282771 84.6150320210808 86.7923005771085 88.3453844908085 89.0638434092707 86.6609003778614 82.3452739215203 86.0178477447537 83.3635439237628 77.0605702158074 85.0002150024618 85.0577048988636 74.6168963459942 0 85.3176715737137
94.2789681554702 94.2147472699155 89.7480430637718 87.3344196884608 88.7457899743875 91.3953929960846 92.5868656935784 83.9862043119479 81.9344834442653 88.3666599593055 81.5313920024931 89.7284740316164 83.7056567149524 65.5673171147236 91.2016644018032 82.4570356382086 85.3176715737137 0
