0 82.8100758107315 74.0608757462916 88.725573403395 89.8559233047754 89.0078503682066 87.7998589768893 88.5570421621975 89.5317156500199 89.5824136574765 90.8418382317658 91.6904674703587 92.6824566397434 92.2474535117591 93.2697204935465 92.9881779168859 93.0620147423007 93.3470821053164
82.8100758107315 0 85.3176715737137 92.2324969202724 92.968220306335 91.609205100441 90.3485019850597 88.4256071797499 89.3905934154663 90.5773199874356 91.9950314157273 90.3778306993965 94.140815396822 91.8734669571466 94.1318629002159 93.5204431478516 93.6832982733268 92.7583430204116
74.0608757462916 85.3176715737137 0 87.0264575627073 88.3516992063071 87.5263136388159 86.341622719513 88.4016325392358 89.3443980803016 88.9194191265279 90.0952241874656 91.8685279012865 91.8303673249343 92.1152227118783 92.6714097424154 92.5180568824855 92.557316661192 93.2950852102986
88.725573403395 92.2324969202724 87.0264575627073 0 72.6459542896836 85.7159970899826 87.1342704420015 91.9208277286645 92.3326765383033 90.7964439676306 90.7750878561122 94.6737005219186 90.3067167771829 94.1089125181275 92.517755074662 93.1300062223232 92.9826365081803 95.1442154676062
89.8559233047754 92.968220306335 88.3516992063071 72.6459542896836 0 85.5266933956535 87.3501386685107 92.2448536267277 92.5874605767817 90.9266233872328 90.7077540295225 94.9110693514035 89.7644087228607 94.2226806109133 92.2594184200912 93.0156866447455 92.8345892049893 95.2427968769122
89.0078503682066 91.609205100441 87.5263136388159 85.7159970899826 85.5266933956535 0 75.8987805111985 87.8062035068401 88.1008643039626 84.5328417377225 83.760486836007 91.7628103678191 83.9718818000152 90.3752751030832 87.3316433113552 88.3128139462523 88.0529683256868 91.9002599641319
87.7998589768893 90.3485019850597 86.341622719513 87.1342704420015 87.3501386685107 75.8987805111985 0 85.3453493086145 85.8541512699659 81.5380405118673 82.0827706588024 90.3475503889726 85.3710120787726 88.9829166223532 87.1601221784935 87.5103905046126 87.3867381239972 90.7678586495839
88.5570421621975 88.4256071797499 88.4016325392358 91.9208277286645 92.2448536267277 87.8062035068401 85.3453493086145 0 70.2206405423872 80.2119042252309 84.3669154658293 83.361291448686 89.6215462161898 83.0331223084966 88.3564292247297 86.625354376404 87.079558449278 85.9789782068859
89.5317156500199 89.3905934154663 89.3443980803016 92.3326765383033 92.5874605767817 88.1008643039626 85.8541512699659 70.2206405423872 0 79.6234255900243 83.7262992166468 82.4944331444168 89.3475354336589 80.8578295684403 87.6327860199638 85.4849266080584 86.0608342491838 84.5869706818913
89.5824136574765 90.5773199874356 88.9194191265279 90.7964439676306 90.9266233872328 84.5328417377225 81.5380405118673 80.2119042252309 79.6234255900243 0 76.1405755994699 87.0414148290211 86.0340175859056 84.2169264795973 84.6595564074942 83.2093361878076 83.4892301028285 87.1002976909342
90.8418382317658 91.9950314157273 90.0952241874656 90.7750878561122 90.7077540295225 83.760486836007 82.0827706588024 84.3669154658293 83.7262992166468 76.1405755994699 0 88.7409292518001 82.9189053396721 85.5845126697631 81.0675036620124 80.8578295684403 80.6234942756704 87.9538334430254
91.6904674703587 90.3778306993965 91.8685279012865 94.6737005219186 94.9110693514035 91.7628103678191 90.3475503889726 83.361291448686 82.4944331444168 87.0414148290211 88.7409292518001 0 92.2841515103591 81.0505757896518 90.4533104756221 88.4135689102503 88.9809840782465 81.4157766626357
92.6824566397434 94.140815396822 91.8303673249343 90.3067167771829 89.7644087228607 83.9718818000152 85.3710120787726 89.6215462161898 89.3475354336589 86.0340175859056 82.9189053396721 92.2841515103591 0 90.0485139909067 81.5879170280032 85.3461292680899 84.5307775306056 91.3748633419741
92.2474535117591 91.8734669571466 92.1152227118783 94.1089125181275 94.2226806109133 90.3752751030832 88.9829166223532 83.0331223084966 80.8578295684403 84.2169264795973 85.5845126697631 81.0505757896518 90.0485139909067 0 87.094417010166 83.7262992166468 84.7123080270695 76.1569378036504
93.2697204935465 94.1318629002159 92.6714097424154 92.517755074662 92.2594184200912 87.3316433113552 87.1601221784935 88.3564292247297 87.6327860199638 84.6595564074942 81.0675036620124 90.4533104756221 81.5879170280032 87.094417010166 0 77.4947214838478 74.9788824200554 88.5728729437175
92.9881779168859 93.5204431478516 92.5180568824855 93.1300062223232 93.0156866447455 88.3128139462523 87.5103905046126 86.625354376404 85.4849266080584 83.2093361878076 80.8578295684403 88.4135689102503 85.3461292680899 83.7262992166468 77.4947214838478 0 65.5302663253367 85.7278020129822
93.0620147423007 93.6832982733268 92.557316661192 92.9826365081803 92.8345892049893 88.0529683256868 87.3867381239972 87.079558449278 86.0608342491838 83.4892301028285 80.6234942756704 88.9809840782465 84.5307775306056 84.7123080270695 74.9788824200554 65.5302663253367 0 86.5364172448041
93.3470821053164 92.7583430204116 93.2950852102986 95.1442154676062 95.2427968769122 91.9002599641319 90.7678586495839 85.9789782068859 84.5869706818913 87.1002976909342 87.9538334430254 81.4157766626357 91.3748633419741 76.1569378036504 88.5728729437175 85.7278020129822 86.5364172448041 0
