0 77.7647878994723 78.5776170713634 83.9209422467254 86.4394995309249 85.6282873808047 86.3516352768448 88.2097943381431 86.9257690522703 90.5150984397825 89.5124377387419 89.6244891890062 89.6602337925892 90.1304537895572 89.8936931102572 90.0158379645473 90.2584243544002 90.8043333862853
77.7647878994723 0 68.1860958317419 83.8525827295616 82.7674836600796 83.201597050353 84.6150320210808 85.5523155632995 85.5523155632995 88.7623263292455 87.0264575627073 87.2087937260053 87.3630331127546 87.7629817256808 87.7629817256808 87.7738075181225 87.9762509169206 89.3217457522892
78.5776170713634 68.1860958317419 0 82.4324470668276 83.361291448686 81.6065963893544 83.2222041818708 86.1033994395945 84.2979161426279 89.2280026092608 86.6218316414651 86.7696515306304 86.8249332995649 87.5339378581434 87.1768639511139 87.3072129938656 87.657842677859 88.6555361552294
83.9209422467254 83.8525827295616 82.4324470668276 0 88.4653586674992 80.0814756595712 79.0924689484848 90.1529141952885 79.05908719444 92.3048329966193 88.3784347830183 88.3073021585004 87.8568047770822 89.53712217999 87.7139289096556 88.4391544843896 89.2837273173287 87.4034512316464
86.4394995309249 82.7674836600796 83.361291448686 88.4653586674992 0 86.0056807318553 87.3152313572216 75.0930706154422 88.1200421657566 83.3836330260342 83.9536370923738 84.4805765116235 85.435034457386 83.6895333266464 86.3616248035471 85.5039593802835 84.6944839826563 89.3002428506583
85.6282873808047 83.201597050353 81.6065963893544 80.0814756595712 86.0056807318553 0 70.237526392877 88.1067100146295 74.8172353991213 90.7451895052074 84.2066957450215 84.0608757462916 83.3011458390096 86.0728479354589 83.1391823978766 84.2596343120333 85.6149767954249 83.8703271661733
86.3516352768448 84.6150320210808 83.2222041818708 79.0924689484848 87.3152313572216 70.237526392877 0 89.1473223627738 67.0711757029314 91.5218992231529 85.303372492433 85.1014144120895 84.2312091392794 87.0382140342669 83.8414555269102 85.1213743621328 86.5172059563291 83.381156296672
88.2097943381431 85.5523155632995 86.1033994395945 90.1529141952885 75.0930706154422 88.1067100146295 89.1473223627738 0 89.8014708823389 79.178079427437 85.3208427639379 85.8203757673713 86.8148321182775 84.4341688235299 87.6772329176171 86.706750637792 85.5971656502182 90.4284448241106
86.9257690522703 85.5523155632995 84.2979161426279 79.05908719444 88.1200421657566 74.8172353991213 67.0711757029314 89.8014708823389 0 92.0215398082145 86.0434222651364 85.8203757673713 84.924474053039 87.6772329176171 84.4341688235299 85.7520263726057 87.1342704420015 83.2222041818708
90.5150984397825 88.7623263292455 89.2280026092608 92.3048329966193 83.3836330260342 90.7451895052074 91.5218992231529 79.178079427437 92.0215398082145 0 88.118377883376 88.4898778282883 89.3097425514618 87.0711757029314 89.9850808185757 89.1123755294906 88.0377328770581 92.2531040517902
89.5124377387419 87.0264575627073 86.6218316414651 88.3784347830183 83.9536370923738 84.2066957450215 85.303372492433 85.3208427639379 86.0434222651364 88.118377883376 0 60.943337135734 71.6251957531956 72.5868656935784 75.8005514005498 70.0814756595712 69.2684262627964 83.9405886754904
89.6244891890062 87.2087937260053 86.7696515306304 88.3073021585004 84.4805765116235 84.0608757462916 85.1014144120895 85.8203757673713 85.8203757673713 88.4898778282883 60.943337135734 0 68.7966354858417 74.1239704853616 74.1239704853616 66.5063621434069 70.0814756595712 83.3288160125473
89.6602337925892 87.3630331127546 86.8249332995649 87.8568047770822 85.435034457386 83.3011458390096 84.2312091392794 86.8148321182775 84.924474053039 89.3097425514618 71.6251957531956 68.7966354858417 0 77.8007545217567 67.4754622734875 64.9227372224544 74.8349979793794 81.5313920024931
90.1304537895572 87.7629817256808 87.5339378581434 89.53712217999 83.6895333266464 86.0728479354589 87.0382140342669 84.4341688235299 87.6772329176171 87.0711757029314 72.5868656935784 74.1239704853616 77.8007545217567 0 79.9742370056535 76.2581263061566 68.5776170713634 85.8005514005498
89.8936931102572 87.7629817256808 87.1768639511139 87.7139289096556 86.3616248035471 83.1391823978766 83.8414555269102 87.6772329176171 84.4341688235299 89.9850808185757 75.8005514005498 74.1239704853616 67.4754622734875 79.9742370056535 0 70.943337135734 77.5519919157727 79.6356543330438
90.0158379645473 87.7738075181225 87.3072129938656 88.4391544843896 85.5039593802835 84.2596343120333 85.1213743621328 86.706750637792 85.7520263726057 89.1123755294906 70.0814756595712 66.5063621434069 64.9227372224544 76.2581263061566 70.943337135734 0 72.0827706588024 82.2787262194362
90.2584243544002 87.9762509169206 87.657842677859 89.2837273173287 84.6944839826563 85.6149767954249 86.5172059563291 85.5971656502182 87.1342704420015 88.0377328770581 69.2684262627964 70.0814756595712 74.8349979793794 68.5776170713634 77.5519919157727 72.0827706588024 0 84.5869706818913
90.8043333862853 89.3217457522892 88.6555361552294 87.4034512316464 89.3002428506583 83.8703271661733 83.381156296672 90.4284448241106 83.2222041818708 92.2531040517902 83.9405886754904 83.3288160125473 81.5313920024931 85.8005514005498 79.6356543330438 82.2787262194362 84.5869706818913 0
