0 85.1395907446115 85.5024395395615 89.8715153788298 85.5372620133263 93.6224230474829 89.1479478626902 86.5507701462811 89.8402750501759 92.9605848368978 93.0196808096236 94.8894297267695 90.1152402208497 93.7758037241845 93.7840151105627 92.9193548581041 94.2832477514291 93.2755833987817
85.1395907446115 0 62.0827706588024 82.3452739215203 83.408322943692 89.5180842894679 82.8097799647169 86.0661777685526 85.435034457386 88.8868231746949 89.0924689484848 91.5687809491987 89.8887129856915 90.4198944840215 90.8132309733873 90.5397583744966 91.5218992231529 91.9002599641319
85.5024395395615 62.0827706588024 0 81.9124372658146 83.0088975767243 89.3070826439402 81.9722474107927 85.7863355292019 84.8349979793794 88.5210920458533 88.725573403395 91.3414426772175 89.661984156616 90.0967913717653 90.4921758641855 90.2124359747147 91.2266091204097 91.644454963556
89.8715153788298 82.3452739215203 81.9124372658146 0 87.3827962632147 84.5300053030934 82.0031476779977 89.05908719444 85.289026176076 85.2003092693599 85.7849113793878 88.2301208042432 91.4296970200605 87.8523988228573 89.0013013536055 89.947054297659 89.8014708823389 92.0323684124072
85.5372620133263 83.408322943692 83.0088975767243 87.3827962632147 0 91.5540677491455 82.8759113169564 74.5416919591329 82.6135550936366 89.3843794427092 89.3103751266313 92.4518222024293 84.3990346962979 90.1779079968479 89.8623029412814 88.09348582807 90.6005268381762 88.8426679450515
93.6224230474829 89.5180842894679 89.3070826439402 84.5300053030934 91.5540677491455 0 87.679995898191 92.4737026777005 88.8887729520041 83.4701710932256 84.4371749031948 81.6609271797983 93.6826403157456 86.2196361444474 88.3917411035878 90.8324923408609 88.9034198545244 93.103215218947
89.1479478626902 82.8097799647169 81.9722474107927 82.0031476779977 82.8759113169564 87.679995898191 0 85.0274705776714 75.5272047315194 84.1152718938191 84.1739678288412 88.9903204866333 87.9922946075044 86.108690874692 86.4505113704269 86.213187821334 87.5938752141652 88.8880731234836
86.5507701462811 86.0661777685526 85.7863355292019 89.05908719444 74.5416919591329 92.4737026777005 85.0274705776714 0 83.9536370923738 90.1990362311678 90.0607709142933 93.0838239298534 81.3769599159453 90.6896777110786 90.1482172231551 87.8583276415003 90.8128450143192 87.9347740096789
89.8402750501759 85.435034457386 84.8349979793794 85.289026176076 82.6135550936366 88.8887729520041 75.5272047315194 83.9536370923738 0 84.4166372889035 84.1260579378503 89.3756649167141 86.2389238659457 85.4749435615776 85.0482429615747 83.4985578907801 86.3391159691871 86.7889107409908
92.9605848368978 88.8868231746949 88.5210920458533 85.2003092693599 89.3843794427092 83.4701710932256 84.1152718938191 90.1990362311678 84.4166372889035 0 65.0930706154422 82.1654959184623 91.1136705287218 76.5955939317933 81.4036242262303 86.0212739543863 82.8438513133261 89.6922122441951
93.0196808096236 89.0924689484848 88.725573403395 85.7849113793878 89.3103751266313 84.4371749031948 84.1739678288412 90.0607709142933 84.1260579378503 65.0930706154422 0 82.7417264159659 90.8564841175001 74.4013681847111 79.974514470897 85.2726852062715 81.6951556819209 89.2202600224785
94.8894297267695 91.5687809491987 91.3414426772175 88.2301208042432 92.4518222024293 81.6609271797983 88.9903204866333 93.0838239298534 89.3756649167141 82.1654959184623 82.7417264159659 0 93.7338436177243 83.0594491887691 86.0436505451506 89.7616919853233 86.2196361444474 92.3219399572626
90.1152402208497 89.8887129856915 89.661984156616 91.4296970200605 84.3990346962979 93.6826403157456 87.9922946075044 81.3769599159453 86.2389238659457 91.1136705287218 90.8564841175001 93.7338436177243 0 91.0294773628343 90.0221015067258 86.6164140248238 90.5227604901881 84.5093314929837
93.7758037241845 90.4198944840215 90.0967913717653 87.8523988228573 90.1779079968479 86.2196361444474 86.108690874692 90.6896777110786 85.4749435615776 76.5955939317933 74.4013681847111 83.0594491887691 91.0294773628343 0 75.6120133392751 84.3872598725851 77.4173453186422 88.6573214101352
93.7840151105627 90.8132309733873 90.4921758641855 89.0013013536055 89.8623029412814 88.3917411035878 86.4505113704269 90.1482172231551 85.0482429615747 81.4036242262303 79.974514470897 86.0436505451506 90.0221015067258 75.6120133392751 0 81.0165466649615 69.4159942739456 86.6391358700116
92.9193548581041 90.5397583744966 90.2124359747147 89.947054297659 88.09348582807 90.8324923408609 86.213187821334 87.8583276415003 83.4985578907801 86.0212739543863 85.2726852062715 89.7616919853233 86.6164140248238 84.3872598725851 81.0165466649615 0 81.9266033290936 80.5121909794365
94.2832477514291 91.5218992231529 91.2266091204097 89.8014708823389 90.6005268381762 88.9034198545244 87.5938752141652 90.8128450143192 86.3391159691871 82.8438513133261 81.6951556819209 86.2196361444474 90.5227604901881 77.4173453186422 69.4159942739456 81.9266033290936 0 86.8784130290517
93.2755833987817 91.9002599641319 91.644454963556 92.0323684124072 88.8426679450515 93.103215218947 88.8880731234836 87.9347740096789 86.7889107409908 89.6922122441951 89.2202600224785 92.3219399572626 84.5093314929837 88.6573214101352 86.6391358700116 80.5121909794365 86.8784130290517 0
