0 86.1350517739506 82.9436298012717 87.2016042685911 87.4129963456079 88.6832449331673 89.436916952347 89.6639307833206 90.2211456292078 91.902674954594 92.6274279709303 92.0062662574906 93.4660405956172 93.5775672444079 93.7338436177243 95.6461697343115 95.6879765889469 94.0752736499337
86.1350517739506 0 77.6085169412828 87.0711757029314 89.7315373728883 88.1169213345034 91.9401435468265 92.0880433496836 91.1040553030743 90.6493106064055 90.649594902617 93.5325819645028 94.4907583699757 93.4504640003259 94.1389777966557 93.8930232979103 93.9209422467254 95.1010026124352
82.9436298012717 77.6085169412828 0 84.6354957098355 87.5238507184443 86.3006769801001 90.2211456292078 90.4083599494724 89.5556933220744 89.8568234310754 90.273145354966 92.240236057727 93.4301795358888 92.6141463324666 93.2067580073703 93.8932931401334 93.9331771330679 94.1073930039703
87.2016042685911 87.0711757029314 84.6354957098355 0 80.3842460317742 72.5946985791853 85.6913253237403 85.9151307078961 82.5057990397075 84.3584767237301 86.3616248035471 88.0933368098544 89.6829336831675 88.2801236925049 89.157162133207 91.7729188291438 91.8501491803079 90.7212786732225
87.4129963456079 89.7315373728883 87.5238507184443 80.3842460317742 0 81.4702765549837 79.1542633172094 79.7170505944318 79.513498743298 86.8148321182775 88.9343847097051 84.7570970401834 87.5946671336896 88.099511628279 88.0400170169286 93.1184397786743 93.195991645585 88.8179418809182
88.6832449331673 88.1169213345034 86.3006769801001 72.5946985791853 81.4702765549837 0 85.8812830738056 86.0393941818496 81.0907798361154 81.8069354424815 84.6311088356805 87.6285962024269 89.0242873564591 86.878898710445 88.1198355377114 90.867104733722 90.9569360033646 90.1430041505679
89.436916952347 91.9401435468265 90.2211456292078 85.6913253237403 79.1542633172094 85.8812830738056 0 57.8956932199517 81.2331141878218 88.6242047745571 90.5632400101347 80.4078597858648 85.2068228736091 88.103370572082 87.0541944698827 93.9388386443129 94.0161576060675 86.5504054367408
89.6639307833206 92.0880433496836 90.4083599494724 85.9151307078961 79.7170505944318 86.0393941818496 57.8956932199517 0 81.2130603370447 88.634894042878 90.5827162547219 79.757438937138 84.8488482797045 87.9693491960272 86.8308641203179 93.9242228296478 94.0022018262045 86.2325041385106
90.2211456292078 91.1040553030743 89.5556933220744 82.5057990397075 79.513498743298 81.0907798361154 81.2331141878218 81.2130603370447 0 83.8384925847579 87.0125223952169 82.1654959184623 84.6871541162429 84.0672266294399 84.2169264795973 91.6544525498344 91.7542887013474 86.4576084865961
91.902674954594 90.6493106064055 89.8568234310754 84.3584767237301 86.8148321182775 81.8069354424815 88.6242047745571 88.634894042878 83.8384925847579 0 76.8626101170209 88.4980001008297 88.7460935551644 83.2671390331998 86.4246377974256 87.3719376615789 87.522018719898 89.7929891177413
92.6274279709303 90.649594902617 90.273145354966 86.3616248035471 88.9343847097051 84.6311088356805 90.5632400101347 90.5827162547219 87.0125223952169 76.8626101170209 0 90.5098229277861 90.6024062906859 85.8653516496594 88.5550952672913 85.1000626745934 85.26340400843 91.4226701358948
92.0062662574906 93.5325819645028 92.240236057727 88.0933368098544 84.7570970401834 87.6285962024269 80.4078597858648 79.757438937138 82.1654959184623 88.4980001008297 90.5098229277861 0 77.8718063285063 85.7548958440144 82.9845369622933 93.4319071936881 93.5196429745056 80.6597230712179
93.4660405956172 94.4907583699757 93.4301795358888 89.6829336831675 87.5946671336896 89.0242873564591 85.2068228736091 84.8488482797045 84.6871541162429 88.7460935551644 90.6024062906859 77.8718063285063 0 84.2005457159281 79.0924689484848 93.0031811306087 93.0973331466729 71.7913614060787
93.5775672444079 93.4504640003259 92.6141463324666 88.2801236925049 88.099511628279 86.878898710445 88.103370572082 87.9693491960272 84.0672266294399 83.2671390331998 85.8653516496594 85.7548958440144 84.2005457159281 0 77.6457956664753 89.0864727635933 89.2338005042658 85.4913566178397
93.7338436177243 94.1389777966557 93.2067580073703 89.157162133207 88.0400170169286 88.1198355377114 87.0541944698827 86.8308641203179 84.2169264795973 86.4246377974256 88.5550952672913 82.9845369622933 79.0924689484848 77.6457956664753 0 91.1029266050492 91.220094294783 81.0081320362607
95.6461697343115 93.8930232979103 93.8932931401334 91.7729188291438 93.1184397786743 90.867104733722 93.9388386443129 93.9242228296478 91.6544525498344 87.3719376615789 85.1000626745934 93.4319071936881 93.0031811306087 89.0864727635933 91.1029266050492 0 53.7614475009323 93.4633673411186
95.6879765889469 93.9209422467254 93.9331771330679 91.8501491803079 93.195991645585 90.9569360033646 94.0161576060675 94.0022018262045 91.7542887013474 87.522018719898 85.26340400843 93.5196429745056 93.0973331466729 89.2338005042658 91.220094294783 53.7614475009323 0 93.5527857204297
94.0752736499337 95.1010026124352 94.1073930039703 90.7212786732225 88.8179418809182 90.1430041505679 86.5504054367408 86.2325041385106 86.4576084865961 89.7929891177413 91.4226701358948 80.6597230712179 71.7913614060787 85.4913566178397 81.0081320362607 93.4633673411186 93.5527857204297 0
