0 80.0814756595712 81.561630208681 84.0841170535261 84.6223887391716 87.9719488414633 86.2325041385106 87.2537141011014 88.3279715303536 88.940188044825 89.4467356815688 88.8651520972308 90.7246856097169 91.8810549507213 92.0171329637785 92.2289452013272 91.8526156615501 91.9756876609603
80.0814756595712 0 85.9689738268077 76.9312422033652 81.4774246602854 84.2169264795973 84.2066957450215 85.0930706154422 86.0380506567595 89.8380349754291 90.4299114571472 87.1143894407578 91.5370777263936 92.4619366908591 90.7192015157725 92.5163934390137 91.3828513183668 91.598870123465
81.561630208681 85.9689738268077 0 87.3082160992677 86.0235880065088 89.6742169916369 86.5650757693805 87.6392949459772 88.8426679450515 85.4304003347848 85.8987805111985 88.8965747790272 87.7047839392961 89.3924558748554 91.8621161320281 90.162281845025 90.6902958548309 90.7121936146923
84.0841170535261 76.9312422033652 87.3082160992677 0 77.4488449492572 79.3443980803016 81.2493343553935 81.9089615194754 82.7760355725621 89.5214849154441 90.1964580507305 84.5150597129644 91.2493343553935 92.0710623467877 88.9187822793513 91.9290822359911 90.1964580507305 90.4933236146701
84.6223887391716 81.4774246602854 86.0235880065088 77.4488449492572 0 80.6047005594362 72.8670573551788 75.9651012494629 79.1449991377388 87.2048153220854 88.0979525338153 80.8891433013442 89.3625031122841 90.3190807563583 87.2757709459837 90.1123804583811 88.0842581074837 88.4267681806095
87.9719488414633 84.2169264795973 89.6742169916369 79.3443980803016 80.6047005594362 0 81.5313920024931 80.5098229277861 79.2492238225855 90.1799213536671 90.8378353124009 82.0693871510798 91.6658361118692 92.2405582226928 86.4602762870063 91.8211513138294 89.2428040951504 89.6552246609717
86.2325041385106 84.2066957450215 86.5650757693805 81.2493343553935 72.8670573551788 81.5313920024931 0 69.0051368755729 76.1020755728508 86.1821018921153 87.2016042685911 77.2272264362371 88.47226868458 89.3955582000242 85.7563298690626 89.0220684557673 86.4345964033151 86.8563909444438
87.2537141011014 85.0930706154422 87.6392949459772 81.9089615194754 75.9651012494629 80.5098229277861 69.0051368755729 0 71.1136705287218 86.8193244329465 87.7711035988784 73.6150544197642 88.8707549940815 89.636827943325 84.5473776830334 89.1183297544116 86.0016174742824 86.506662931049
88.3279715303536 86.0380506567595 88.8426679450515 82.7760355725621 79.1449991377388 79.2492238225855 76.1020755728508 71.1136705287218 0 87.8568047770822 88.6994416157976 70.9865508735604 89.6032551369968 90.1912970937131 83.1155436921792 89.5485139103515 85.9744315024477 86.5536102214422
88.940188044825 89.8380349754291 85.4304003347848 89.5214849154441 87.2048153220854 90.1799213536671 86.1821018921153 86.8193244329465 87.8568047770822 0 68.103370572082 87.0371465782411 76.5304228410657 81.0505757896518 89.3756649167141 82.6342007106042 85.6149767954249 85.3470082718493
89.4467356815688 90.4299114571472 85.8987805111985 90.1964580507305 88.0979525338153 90.8378353124009 87.2016042685911 87.7711035988784 88.6994416157976 68.103370572082 0 87.9399803377578 73.447537158823 79.8026005337483 89.9622774554722 82.2787262194362 86.2170579640101 85.8931569209614
88.8651520972308 87.1143894407578 88.8965747790272 84.5150597129644 80.8891433013442 82.0693871510798 77.2272264362371 73.6150544197642 70.9865508735604 87.0371465782411 87.9399803377578 0 88.8122703883472 89.3500427490681 81.6841840260165 88.5475619699661 84.2717598056775 84.9711624711417
90.7246856097169 91.5370777263936 87.7047839392961 91.2493343553935 89.3625031122841 91.6658361118692 88.47226868458 88.8707549940815 89.6032551369968 76.5304228410657 73.447537158823 88.8122703883472 0 74.4651623168477 90.2456936633969 79.6707254104607 86.0621707455228 85.5872509914443
91.8810549507213 92.4619366908591 89.3924558748554 92.0710623467877 90.3190807563583 92.2405582226928 89.3955582000242 89.636827943325 90.1912970937131 81.0505757896518 79.8026005337483 89.3500427490681 74.4651623168477 0 90.1887143134889 75.042668369047 85.4841598430449 84.8306687778141
92.0171329637785 90.7192015157725 91.8621161320281 88.9187822793513 87.2757709459837 86.4602762870063 85.7563298690626 84.5473776830334 83.1155436921792 89.3756649167141 89.9622774554722 81.6841840260165 90.2456936633969 90.1887143134889 0 88.9187822793513 82.9463689655499 83.8884511949445
92.2289452013272 92.5163934390137 90.162281845025 91.9290822359911 90.1123804583811 91.8211513138294 89.0220684557673 89.1183297544116 89.5485139103515 82.6342007106042 82.2787262194362 88.5475619699661 79.6707254104607 75.042668369047 88.9187822793513 0 82.9188992672694 81.9297499497546
91.8526156615501 91.3828513183668 90.6902958548309 90.1964580507305 88.0842581074837 89.2428040951504 86.4345964033151 86.0016174742824 85.9744315024477 85.6149767954249 86.2170579640101 84.2717598056775 86.0621707455228 85.4841598430449 82.9463689655499 82.9188992672694 0 64.2876621715069
91.9756876609603 91.598870123465 90.7121936146923 90.4933236146701 88.4267681806095 89.6552246609717 86.8563909444438 86.506662931049 86.5536102214422 85.3470082718493 85.8931569209614 84.9711624711417 85.5872509914443 84.8306687778141 83.8884511949445 81.9297499497546 64.2876621715069 0
