0 89.0891422958372 79.3443980803016 78.2753097867997 79.1189908313318 91.4363629351242 85.0947406576928 85.3978222783945 90.7917594497868 88.4267681806095 93.2582879002163 91.7711908388985 89.9201577536982 92.7517612822008 91.5142900318607 92.6717007369611 90.8595844810741 90.7150838959359
89.0891422958372 0 90.4122790867573 89.6648998632169 89.950284880258 79.4984559353254 84.1406420790363 91.4230911885249 81.6251957531956 87.9685041101155 87.0541944698827 86.3152293981705 87.8275353557611 87.1882207608685 87.3719376615789 87.3867381239972 88.4065647866336 88.7284672531233
79.3443980803016 90.4122790867573 0 68.7966354858417 65.5673171147236 92.2460322957571 85.5447953106515 79.6648998632169 91.2262022299968 87.210845672568 93.4331180946606 91.7031839831752 89.113037513307 92.7574850982769 91.1853194578027 92.6188733477023 90.1262622632876 89.8531331056309
78.2753097867997 89.6648998632169 68.7966354858417 0 60.943337135734 91.6419013140096 84.2107909313872 80.4372372021832 90.5622918724125 86.4394995309249 92.9414372252721 91.1307580933578 88.4638216139284 92.2460313737877 90.6188168979226 92.1070897475311 89.561070102921 89.2970716604341
79.1189908313318 89.950284880258 65.5673171147236 60.943337135734 0 91.8513555122619 84.6354957098355 79.6356543330438 90.7633342770328 86.5364172448041 93.0747943831624 91.2683159643051 88.5626155199393 92.3722351901244 90.7342661421173 92.2289452013272 89.6426912422026 89.3650594295902
91.4363629351242 79.4984559353254 92.2460322957571 91.6419013140096 91.8513555122619 0 87.0264116563251 92.7893753496293 78.7428433252005 88.9096826875583 83.4275843121267 84.5285309442677 88.1277681912254 84.5935294160309 86.4290476315748 85.0862357020915 88.2742114751632 88.7430602707824
85.0947406576928 84.1406420790363 85.5447953106515 84.2107909313872 84.6354957098355 87.0264116563251 0 86.573399006352 84.8632678583311 81.6065963893544 89.0617671974988 86.3603773685769 83.5725918290523 88.1200421657566 85.9866862537587 87.9719488414633 85.289026176076 85.2650098301599
85.3978222783945 91.4230911885249 79.6648998632169 80.4372372021832 79.6356543330438 92.7893753496293 86.573399006352 0 91.4671980896278 85.9195436335469 93.3597979157479 91.4156962903308 88.103370572082 92.5185092210601 90.6234942756704 92.3197261859616 89.1176685768479 88.6877768249837
90.7917594497868 81.6251957531956 91.2262022299968 90.5622918724125 90.7633342770328 78.7428433252005 84.8632678583311 91.4671980896278 0 86.0340175859056 81.3176021151403 78.9847314590875 84.6168963459942 80.738820882775 81.9332335297458 81.1011246996244 84.7490671664029 85.4535216572886
88.4267681806095 87.9685041101155 87.210845672568 86.4394995309249 86.5364172448041 88.9096826875583 81.6065963893544 85.9195436335469 86.0340175859056 0 88.725573403395 84.9607879581046 75.1757958751021 87.1143894407578 83.051870788883 86.7067506377919 79.2492238225855 78.2511598923979
93.2582879002163 87.0541944698827 93.4331180946606 92.9414372252721 93.0747943831624 83.4275843121267 89.0617671974988 93.3597979157479 81.3176021151403 88.725573403395 0 79.7571837034398 87.0200315026164 74.598216984643 83.0331223084966 76.6604254538209 86.3340981236618 87.042481236594
91.7711908388985 86.3152293981705 91.7031839831752 91.1307580933578 91.2683159643051 84.5285309442677 86.3603773685769 91.4156962903308 78.9847314590875 84.9607879581046 79.7571837034398 0 82.0861101013499 74.0608757462916 73.6150544197641 72.6459542896836 80.9822487981031 82.240236057727
89.9201577536982 87.8275353557611 89.113037513307 88.4638216139284 88.5626155199393 88.1277681912254 83.5725918290523 88.103370572082 84.6168963459942 75.1757958751021 87.0200315026164 82.0861101013499 0 84.8667886893461 78.7966354858417 84.2737774339689 71.1136705287218 70.237526392877
92.7517612822008 87.1882207608685 92.7574850982769 92.2460313737877 92.3722351901244 84.5935294160309 88.1200421657566 92.5185092210601 80.738820882775 87.1143894407578 74.598216984643 74.0608757462916 84.8667886893461 0 79.0724707021626 63.2478263495168 83.8213544350363 84.7544879428325
91.5142900318607 87.3719376615789 91.1853194578027 90.6188168979226 90.7342661421173 86.4290476315748 85.9866862537587 90.6234942756704 81.9332335297458 83.051870788883 83.0331223084966 73.6150544197641 78.7966354858417 79.0724707021626 0 77.7647878994723 76.3340981236618 78.4018890874713
92.6717007369611 87.3867381239972 92.6188733477023 92.1070897475311 92.2289452013272 85.0862357020915 87.9719488414633 92.3197261859616 81.1011246996244 86.7067506377919 76.6604254538209 72.6459542896836 84.2737774339689 63.2478263495168 77.7647878994723 0 83.0625479788191 84.0735682389664
90.8595844810741 88.4065647866336 90.1262622632876 89.561070102921 89.6426912422026 88.2742114751632 85.289026176076 89.1176685768479 84.7490671664029 79.2492238225855 86.3340981236618 80.9822487981031 71.1136705287218 83.8213544350363 76.3340981236618 83.0625479788191 0 64.9227372224544
90.7150838959359 88.7284672531233 89.8531331056309 89.2970716604341 89.3650594295902 88.7430602707824 85.2650098301599 88.6877768249837 85.4535216572886 78.2511598923979 87.042481236594 82.240236057727 70.237526392877 84.7544879428325 78.4018890874713 84.0735682389664 64.9227372224544 0
