0 75.1097422091168 85.4963548523048 68.103370572082 84.7254986332328 84.2413823573747 87.4889526831515 90.3104847178461 90.9308318341959 90.9697486257344 90.7338104052137 91.4913821379436 91.5987608409254 93.9098321319654 93.8504013806372 93.4242964466753 93.7241610324136 93.5709165018676
75.1097422091168 0 87.5784618398856 73.5201228844259 81.3176021151403 83.8658978492988 88.2905355522908 90.5150984397825 91.2606548466544 91.1136705287218 90.4440634332356 90.5925300786004 91.6311307658296 93.14181238038 93.1873589469256 93.1767387245178 93.110119291561 93.2752516429884
85.4963548523048 87.5784618398856 0 85.6635841127368 90.9925666286993 86.8316543916761 84.1009420423914 88.7859429613949 88.7612761939375 89.593191742332 90.8882683645691 93.2232319761766 90.5906463462703 95.3716727360506 95.0083093793642 93.323798167022 94.7371081005846 93.6254238196757
68.103370572082 73.5201228844259 85.6635841127368 0 84.2413823573747 82.8550516930196 86.9312422033652 89.7697207526944 90.4786722174958 90.457198084537 90.1052437355394 90.8913461286801 91.0956768982011 93.4702553867959 93.3945781749181 92.9652222583945 93.2582191019356 93.1126473966367
84.7254986332328 81.3176021151403 90.9925666286993 84.2413823573747 0 86.8428331489911 90.8701975273553 92.0536086459958 92.8274658270883 92.4692779150087 91.2485247841694 89.8564811295554 92.7440221447462 92.1496376015602 92.5434006370623 93.5730659237877 92.6309860978135 93.5586671992684
84.2413823573747 83.8658978492988 86.8316543916761 82.8550516930196 86.8428331489911 0 82.8100758107315 85.2650098301599 86.7877733691915 86.2581263061566 85.1626652685191 87.6532131658344 87.0711757029314 91.3529314034813 90.925902214007 89.7170505944318 90.6021266966007 89.9473806031254
87.4889526831515 88.2905355522908 84.1009420423914 86.9312422033652 90.8701975273553 82.8100758107315 0 81.2209091826396 81.7460170179118 83.0625479788191 85.891837352535 90.4823830698686 85.0274329204183 93.2511574649045 92.5707573445511 89.6666483480365 92.1188397614918 90.1491061530325
90.3104847178461 90.5150984397825 88.7859429613949 89.7697207526944 92.0536086459958 85.2650098301599 81.2209091826396 0 73.0692366328102 68.7966354858417 81.0335945566031 89.0220684557673 76.0621707455228 91.946762989233 90.8636082021123 85.8076419242784 90.1791767361024 86.6497452835496
90.9308318341959 91.2606548466544 88.7612761939375 90.4786722174958 92.8274658270883 86.7877733691915 81.7460170179118 73.0692366328102 0 73.8462424715947 83.7414492809502 90.2717069475637 78.3731930624107 92.8052696349375 91.775495757294 86.7713407669388 91.1324215788973 87.6085169412828
90.9697486257344 91.1136705287218 89.593191742332 90.457198084537 92.4692779150087 86.2581263061566 83.0625479788191 68.7966354858417 73.8462424715947 0 80.5527990930723 88.9669688788295 71.5879170280032 91.7880820477995 90.6010231283147 84.752681769041 89.8567744206527 85.7503071082223
90.7338104052137 90.4440634332356 90.8882683645691 90.1052437355394 91.2485247841694 85.1626652685191 85.891837352535 81.0335945566031 83.7414492809502 80.5527990930723 0 84.8491559212384 79.178079427437 89.0420778179487 87.5019924556 81.9401435468265 86.5184614723378 82.6174557212533
91.4913821379436 90.5925300786004 93.2232319761766 90.8913461286801 89.8564811295554 87.6532131658344 90.4823830698686 89.0220684557673 90.2717069475637 88.9669688788295 84.8491559212384 0 88.4407002914246 82.1857695761678 81.428155924845 86.7365991732866 81.3831375249169 86.2129934660871
91.5987608409254 91.6311307658296 90.5906463462703 91.0956768982011 92.7440221447462 87.0711757029314 85.0274329204183 76.0621707455228 78.3731930624107 71.5879170280032 79.178079427437 88.4407002914246 0 91.2328580380122 89.8688869627544 82.6459542896836 89.0164833448049 83.9340914577369
93.9098321319654 93.14181238038 95.3716727360506 93.4702553867959 92.1496376015602 91.3529314034813 93.2511574649045 91.946762989233 92.8052696349375 91.7880820477995 89.0420778179487 82.1857695761678 91.2328580380122 0 76.4210841896122 88.7870318284014 79.8195101390914 88.0908247429846
93.8504013806372 93.1873589469256 95.0083093793642 93.3945781749181 92.5434006370623 90.925902214007 92.5707573445511 90.8636082021123 91.775495757294 90.6010231283147 87.5019924556 81.428155924845 89.8688869627544 76.4210841896122 0 86.5177224065921 70.237526392877 85.5613227109851
93.4242964466753 93.1767387245178 93.323798167022 92.9652222583945 93.5730659237877 89.7170505944318 89.6666483480365 85.8076419242784 86.7713407669388 84.752681769041 81.9401435468265 86.7365991732866 82.6459542896836 88.7870318284014 86.5177224065921 0 85.0761653300729 67.7715940264516
93.7241610324136 93.110119291561 94.7371081005846 93.2582191019356 92.6309860978135 90.6021266966007 92.1188397614918 90.1791767361024 91.1324215788973 89.8567744206527 86.5184614723378 81.3831375249169 89.0164833448049 79.8195101390914 70.237526392877 85.0761653300729 0 83.9296849669784
93.5709165018676 93.2752516429884 93.6254238196757 93.1126473966367 93.5586671992684 89.9473806031254 90.1491061530325 86.6497452835496 87.6085169412828 85.7503071082223 82.6174557212533 86.2129934660871 83.9340914577369 88.0908247429846 85.5613227109851 67.7715940264516 83.9296849669784 0
