0 88.5843509004963 85.4211172286802 87.1394871931621 88.9374319318853 88.3192387985912 88.7128532125609 89.0891422958372 90.6192848624529 89.5819167545738 90.5227604901881 91.7027650215036 91.8943329321902 91.5766707252515 92.1725170750054 92.0753856592049 93.1373484393096 93.7274431504922
88.5843509004963 0 83.051870788883 91.3996958465162 91.7769297823422 90.5556491061807 85.6698159010562 85.7634929002411 84.3872598725851 86.5495758812333 92.1759718947623 93.593086877289 87.0764687502886 91.2844054328105 93.0666108912207 92.3527273310447 94.5719301653208 89.6602337925892
85.4211172286802 83.051870788883 0 87.2302909628742 87.8461841608603 85.9140164997191 79.7543307772028 80.6234942756704 83.6964506811521 82.0861101013499 88.6496484135121 90.6504786307798 86.3340981236618 88.1050406143326 90.1739575738363 89.4035915274295 92.0710623467877 89.5389228619946
87.1394871931621 91.3996958465162 87.2302909628742 0 75.5372620133263 78.1860958317419 87.4079197192384 87.7647878994723 90.3733330693944 87.8275353557611 81.9401435468265 84.0139267095498 90.9697486257344 86.6685681142304 85.8884248100216 86.538836533589 87.1509420356761 92.6722841132558
88.9374319318853 91.7769297823422 87.8461841608603 75.5372620133263 0 74.7814907955383 87.1160213171116 87.4034512316464 90.1036632376197 87.2820597623173 76.3340981236618 80.4855595789277 90.4533104756221 84.4166372889035 82.7461602210537 83.8370410653734 84.8314512704693 92.0727368965748
88.3192387985912 90.5556491061807 85.9140164997191 78.1860958317419 74.7814907955383 0 84.7128626861648 85.0930706154422 88.4776355514882 84.9607879581046 77.9330371790942 83.1690997660272 88.9621742069864 82.764629276264 83.2784974663615 83.2029468431558 86.3616248035471 90.943337135734
88.7128532125609 85.6698159010562 79.7543307772028 87.4079197192384 87.1160213171116 84.7128626861648 0 61.888912719548 79.5983109226903 69.5453788578975 87.0970143218389 89.5317156500199 82.1937287755427 84.8413477824442 88.3255916171591 86.9574177410809 90.8853511211229 86.7676727391143
89.0891422958372 85.7634929002411 80.6234942756704 87.7647878994723 87.4034512316464 85.0930706154422 61.888912719548 0 78.6957997331364 66.2581263061566 87.2699342686732 89.6589697029929 81.3295387552311 84.7544879428325 88.370919559745 86.9387795819533 90.951147409269 86.2581263061566
90.6192848624529 84.3872598725851 83.6964506811521 90.3733330693944 90.1036632376197 88.4776355514882 79.5983109226903 78.6957997331364 0 79.0724707021626 89.8731826428412 91.6845743622911 75.8987805111985 87.4298640870463 90.4604286833523 89.1794668031481 92.6159195661703 83.6009463029101
89.5819167545738 86.5495758812333 82.0861101013499 87.8275353557611 87.2820597623173 84.9607879581046 69.5453788578975 66.2581263061566 79.0724707021626 0 86.9312422033652 89.3880339498704 80.715999260007 83.8681130724119 87.9090560717854 86.3050582661583 90.6486654334173 85.7520263726057
90.5227604901881 92.1759718947623 88.6496484135121 81.9401435468265 76.3340981236618 77.9330371790942 87.0970143218389 87.2699342686732 89.8731826428412 86.9312422033652 0 77.2968436693834 89.8936931102572 81.2493343553935 77.2011423779831 79.3502278743617 82.3358293114501 91.3430274044086
91.7027650215036 93.593086877289 90.6504786307798 84.0139267095498 80.4855595789277 83.1690997660272 89.5317156500199 89.6589697029929 91.6845743622911 89.3880339498704 77.2968436693834 0 91.6255830412957 84.6926278988882 78.2511598923979 82.3073716170739 76.7953647490745 92.7015444789769
91.8943329321902 87.0764687502886 86.3340981236618 90.9697486257344 90.4533104756221 88.9621742069864 82.1937287755427 81.3295387552311 75.8987805111985 80.715999260007 89.8936931102572 91.6255830412957 0 86.7707867926468 90.1139949919071 88.6371881823937 92.3812891741917 79.3255293548103
91.5766707252515 91.2844054328105 88.1050406143326 86.6685681142304 84.4166372889035 82.764629276264 84.8413477824442 84.7544879428325 87.4298640870463 83.8681130724119 81.2493343553935 84.6926278988882 86.7707867926468 0 80.2251129395811 74.4467552176281 85.9415820941298 88.3065052147751
92.1725170750054 93.0666108912207 90.1739575738363 85.8884248100216 82.7461602210537 83.2784974663615 88.3255916171591 88.370919559745 90.4604286833523 87.9090560717854 77.2011423779831 78.2511598923979 90.1139949919071 80.2251129395811 0 74.4651623168477 79.6083301820893 91.1341869853048
92.0753856592049 92.3527273310447 89.4035915274295 86.538836533589 83.8370410653734 83.2029468431558 86.9574177410809 86.9387795819533 89.1794668031481 86.3050582661583 79.3502278743617 82.3073716170739 88.6371881823937 74.4467552176281 74.4651623168477 0 83.3583867696881 89.758165875711
93.1373484393096 94.5719301653208 92.0710623467877 87.1509420356761 84.8314512704693 86.3616248035471 90.8853511211229 90.951147409269 92.6159195661703 90.6486654334173 82.3358293114501 76.7953647490745 92.3812891741917 85.9415820941298 79.6083301820893 83.3583867696881 0 93.1428479932872
93.7274431504922 89.6602337925892 89.5389228619946 92.6722841132558 92.0727368965748 90.943337135734 86.7676727391143 86.2581263061566 83.6009463029101 85.7520263726057 91.3430274044086 92.7015444789769 79.3255293548103 88.3065052147751 91.1341869853048 89.758165875711 93.1428479932872 0
