0 69.0724707021626 80.4905850455247 86.8148321182775 87.1112419990312 87.2870140042533 87.5582741716338 85.8862748223873 88.381858173699 88.2511598923979 89.329415010378 89.8296243895863 90.1162911451909 90.160380238984 91.8161810502716 92.741439364522 93.5107550619866 92.1847913863506
69.0724707021626 0 81.1220143253691 87.221090888027 87.5110249283942 87.4749377347118 87.694861717201 85.1626652685191 88.3413640374735 87.4298640870463 88.4965286443785 89.8469883502153 89.4906473078734 89.5615995458572 91.6522085759194 92.7048287469995 93.4738079928481 91.7962429180347
80.4905850455247 81.1220143253691 0 81.2856097434395 81.8529679016913 81.9887212692061 82.5144811256989 83.2478263495168 84.2058892727826 87.4687013216643 89.3703060990235 86.3152293981705 89.1551959618225 89.0641647734938 89.4906473078734 90.4294226344984 91.4207573175404 90.8110544783965
86.8148321182775 87.221090888027 81.2856097434395 0 57.9330371790942 73.3557801458564 75.4148560153145 85.7749292329038 80.6733901767076 89.3475349130989 91.2304862389469 82.0861101013499 90.2563899499508 90.0483586864609 87.7998589768893 87.9347740096789 89.1806870197213 90.8101589335291
87.1112419990312 87.5110249283942 81.8529679016913 57.9330371790942 0 73.6251541301961 75.5545401121781 86.0393941818496 80.7428561172514 89.5178683060867 91.3780152165365 81.9193804244781 90.3822376182188 90.1710384502158 87.7629817256808 87.7998589768893 89.0543932059133 90.8684304864118
87.2870140042533 87.4749377347118 81.9887212692061 73.3557801458564 73.6251541301961 0 62.0827706588024 84.2689940524377 75.7863355292019 88.2997435912896 90.4673865315043 78.8391163330125 89.1456953000247 88.8798443128057 86.0529189181145 86.5836332074507 88.061716638536 89.586603115422
87.5582741716338 87.694861717201 82.5144811256989 75.4148560153145 75.5545401121781 62.0827706588024 0 84.0275881129084 73.8213544350363 88.0985574932239 90.3310353635652 77.6431351022424 88.8911725040251 88.6052340688356 85.4869085363823 86.128927795866 87.6865110961305 89.2508968847965
85.8862748223873 85.1626652685191 83.2478263495168 85.7749292329038 86.0393941818496 84.2689940524377 84.0275881129084 0 82.9246439498387 79.9360690089101 84.6352815664079 85.5447953106515 83.051870788883 82.8356012898685 86.6917490863679 89.1017700423667 90.166438767878 86.4578371154628
88.381858173699 88.3413640374735 84.2058892727826 80.6733901767076 80.7428561172514 75.7863355292019 73.8213544350363 82.9246439498387 0 87.0880686685334 89.6127053130504 74.3169738191541 87.6531937376666 87.2749906725731 83.0506410865987 84.6652405199055 86.4964832713191 87.7014387522262
88.2511598923979 87.4298640870463 87.4687013216643 89.3475349130989 89.5178683060867 88.2997435912896 88.0985574932239 79.9360690089101 87.0880686685334 0 77.6807102776522 88.6030013835912 76.2325041385106 77.0280971441097 88.1050406143326 90.6117913722832 91.3953929960846 84.8825972015924
89.329415010378 88.4965286443785 89.3703060990235 91.2304862389469 91.3780152165365 90.4673865315043 90.3310353635652 84.6352815664079 89.6127053130504 77.6807102776522 0 90.7765551353725 80.0269947127133 81.1136705287218 90.205906573273 92.290805855759 92.9066520439897 86.7161243544813
89.8296243895863 89.8469883502153 86.3152293981705 82.0861101013499 81.9193804244781 78.8391163330125 77.6431351022424 85.5447953106515 74.3169738191541 88.6030013835912 90.7765551353725 0 88.8108513571896 88.4356174115096 81.8069354424815 82.0323684124072 84.4166372889035 88.1573208909491
90.1162911451909 89.4906473078734 89.1551959618225 90.2563899499508 90.3822376182188 89.1456953000247 88.8911725040251 83.051870788883 87.6531937376666 76.2325041385106 80.0269947127133 88.8108513571896 0 62.971823294851 87.2699342686732 90.1492657565821 90.8542682162229 81.4548623602078
90.160380238984 89.5615995458572 89.0641647734938 90.0483586864609 90.1710384502158 88.8798443128057 88.6052340688356 82.8356012898685 87.2749906725731 77.0280971441097 81.1136705287218 88.4356174115096 62.971823294851 0 86.7280262708796 89.7674757827404 90.4981916002548 80.5827328396068
91.8161810502716 91.6522085759194 89.4906473078734 87.7998589768893 87.7629817256808 86.0529189181145 85.4869085363823 86.6917490863679 83.0506410865987 88.1050406143326 90.205906573273 81.8069354424815 87.2699342686732 86.7280262708796 0 79.3002428506583 81.4548623602078 84.2250937501173
92.741439364522 92.7048287469995 90.4294226344984 87.9347740096789 87.7998589768893 86.5836332074507 86.128927795866 89.1017700423667 84.6652405199055 90.6117913722832 92.290805855759 82.0323684124072 90.1492657565821 89.7674757827404 79.3002428506583 0 72.0827706588024 88.0428173008416
93.5107550619866 93.4738079928481 91.4207573175404 89.1806870197213 89.0543932059133 88.061716638536 87.6865110961305 90.166438767878 86.4964832713191 91.3953929960846 92.9066520439897 84.4166372889035 90.8542682162229 90.4981916002548 81.4548623602078 72.0827706588024 0 88.6030013835912
92.1847913863506 91.7962429180347 90.8110544783965 90.8101589335291 90.8684304864118 89.586603115422 89.2508968847965 86.4578371154628 87.7014387522262 84.8825972015924 86.7161243544813 88.1573208909491 81.4548623602078 80.5827328396068 84.2250937501173 88.0428173008416 88.6030013835912 0
