0 77.9762509169206 81.8810549507213 80.4905850455247 89.9769504982872 86.9388930455938 89.17621430584 89.546717201444 89.5914134259955 91.3084284210613 93.5787510274498 93.5081091981508 94.3408319525428 92.4148423878347 92.3977874971121 93.8020594064266 92.6941043474961 93.7720495890861
77.9762509169206 0 85.3176715737137 79.8531331056309 91.6980767816235 87.6864360251488 90.3736547946675 90.7683108277111 89.9590100360185 92.0215398082145 94.3025274456411 94.1706971804335 94.9728254291781 91.906874735667 91.9817162959901 94.3288980458285 92.1292907879716 94.2822412518953
81.8810549507213 85.3176715737137 0 82.0827706588024 86.0914700857269 82.79025144391 84.5453909812842 85.0612171811727 86.6604254538209 88.1498907012513 91.0399703025278 91.0007175622483 92.064022178416 91.4702765549837 91.2988351658346 91.5005598005698 91.8810549507213 91.4825686412198
80.4905850455247 79.8531331056309 82.0827706588024 0 90.2129320195368 83.2222041818708 87.6294791593854 88.2195629154254 86.706750637792 89.6333061606054 92.5942958832762 92.3962337262755 93.3796695807954 89.8920337031865 89.8936931102572 92.5417150464451 90.2528274474093 92.4790469500718
89.9769504982872 91.6980767816235 86.0914700857269 90.2129320195368 0 88.0309443726372 84.3658918111531 83.6501254971811 89.1453517305904 87.4716001613441 88.2000037388758 88.6906959612515 89.5598758378731 93.5900989572223 93.3049294415307 89.9508307163448 93.9765939179232 90.0485139909067
86.9388930455938 87.6864360251488 82.79025144391 83.2222041818708 88.0309443726372 0 81.0905204354977 82.4570356382086 78.103370572082 84.0268466216013 89.115684439989 88.7457899743875 90.2119042252309 87.7266996030558 87.3630331127546 88.9069986855092 88.4065647866336 88.8108513571896
89.17621430584 90.3736547946675 84.5453909812842 87.6294791593854 84.3658918111531 81.0905204354977 0 65.7638116607147 81.784204155104 79.321695997258 85.5809284557411 85.4074706721666 87.3705867160415 89.9383848572859 89.4799177591158 86.3662655158203 90.5260651571859 86.3583216356351
89.546717201444 90.7683108277111 85.0612171811727 88.2195629154254 83.6501254971811 82.4570356382086 65.7638116607147 0 82.8884805545587 79.3756649167141 84.984829627831 84.9227372224544 86.9257690522703 90.3649064204089 89.9130061550656 86.107368620208 90.9281101660991 86.1297923790371
89.5914134259955 89.9590100360185 86.6604254538209 86.706750637792 89.1453517305904 78.103370572082 81.784204155104 82.8884805545587 0 81.0208149157414 87.7056993033671 87.0253872127773 88.7666298257024 85.6445006672441 84.924474053039 86.7651075126181 86.5828917856921 86.5828917856921
91.3084284210613 92.0215398082145 88.1498907012513 89.6333061606054 87.4716001613441 84.0268466216013 79.321695997258 79.3756649167141 81.0208149157414 0 82.3452739215203 81.2493343553935 84.3990346962979 88.8179418809182 88.1639148490487 81.7532076048429 89.4888264938635 81.6251957531956
93.5787510274498 94.3025274456411 91.0399703025278 92.5942958832762 88.2000037388758 89.115684439989 85.5809284557411 84.984829627831 87.7056993033671 82.3452739215203 0 69.2684262627964 73.2222041818708 91.693328996376 91.1832651817987 77.7917907521781 92.1572939428063 78.5550952672913
93.5081091981508 94.1706971804335 91.0007175622483 92.3962337262755 88.6906959612515 88.7457899743875 85.4074706721666 84.9227372224544 87.0253872127773 81.2493343553935 69.2684262627964 0 74.0608757462916 91.0755025319784 90.522282007863 73.9536370923738 91.567276508266 75.042668369047
94.3408319525428 94.9728254291781 92.064022178416 93.3796695807954 89.5598758378731 90.2119042252309 87.3705867160415 86.9257690522703 88.7666298257024 84.3990346962979 73.2222041818708 74.0608757462916 0 92.0161153643317 91.5142900318607 77.3082160992677 92.4447587542196 78.1860958317419
92.4148423878347 91.906874735667 91.4702765549837 89.8920337031865 93.5900989572223 87.7266996030558 89.9383848572859 90.3649064204089 85.6445006672441 88.8179418809182 91.693328996376 91.0755025319784 92.0161153643317 0 67.0711757029314 90.2807401307034 66.9639370490137 90.0814756595712
92.3977874971121 91.9817162959901 91.2988351658346 89.8936931102572 93.3049294415307 87.3630331127546 89.4799177591158 89.9130061550656 84.924474053039 88.1639148490487 91.1832651817987 90.522282007863 91.5142900318607 67.0711757029314 0 89.6614007803213 72.6751998198568 89.4467356815688
93.8020594064266 94.3288980458285 91.5005598005698 92.5417150464451 89.9508307163448 88.9069986855092 86.3662655158203 86.107368620208 86.7651075126181 81.7532076048429 77.7917907521781 73.9536370923738 77.3082160992677 90.2807401307034 89.6614007803213 0 90.7935579568294 57.9330371790942
92.6941043474961 92.1292907879716 91.8810549507213 90.2528274474093 93.9765939179232 88.4065647866336 90.5260651571859 90.9281101660991 86.5828917856921 89.4888264938635 92.1572939428063 91.567276508266 92.4447587542196 66.9639370490137 72.6751998198568 90.7935579568294 0 90.6038153464986
93.7720495890861 94.2822412518953 91.4825686412198 92.4790469500718 90.0485139909067 88.8108513571896 86.3583216356351 86.1297923790371 86.5828917856921 81.6251957531956 78.5550952672913 75.042668369047 78.1860958317419 90.0814756595712 89.4467356815688 57.9330371790942 90.6038153464986 0
