0 90.1576005458867 81.9504880014648 83.8146333429251 83.6485388698598 85.9195436335469 87.3471575828297 86.4050608189035 88.0908247429846 87.9805374402477 90.0744593322263 88.2495451146068 87.1582135774277 89.3349739648805 90.2807401307034 89.0496941384894 88.940188044825 89.7451826639983
90.1576005458867 0 86.0056807318553 93.3637795294295 92.8081315935628 93.6687149094864 84.7635075614827 87.5424991364325 86.5256213537673 87.4945186391604 85.705224157099 94.3033289118153 93.4200753039886 87.4269372455433 88.5475619699661 93.9573270274697 91.1153405709724 92.9780176543605
81.9504880014648 86.0056807318553 0 88.5142593369233 87.67903527916 89.213150504854 81.9950314157273 82.6046768387851 84.1406420790363 84.5617951750347 86.5619814196419 90.4823830698686 89.2277678635406 86.1782004591663 87.7047839392961 90.4063856856688 87.9710879147445 89.8864977625784
83.8146333429251 93.3637795294295 88.5142593369233 0 75.5367249507887 76.8982993539898 90.6607330446118 89.3002428506583 90.7242288662954 90.3647240579958 92.3692365482895 82.8550516930196 82.9645228392247 91.4238688668901 91.9346164129987 85.9689738268077 89.4289228569717 88.7623263292455
83.6485388698598 92.8081315935628 87.67903527916 75.5367249507887 0 73.4787836153368 89.493355374602 87.724253240108 89.4042985379839 88.9153198341236 91.2924278694115 80.6183883437814 79.0724707021626 90.1268615216414 90.6499770335568 83.5121962463116 87.4913444385865 86.6777880033703
85.9195436335469 93.6687149094864 89.213150504854 76.8982993539898 73.4787836153368 0 90.6038153464986 88.9669688788295 90.4245313795394 89.9382335689881 92.1106527158517 76.8428331489911 77.6824294307983 90.9865508735604 91.3769599159453 82.3578348697387 88.1581456834345 86.7434582610283
87.3471575828297 84.7635075614827 81.9950314157273 90.6607330446118 89.493355374602 90.6038153464986 0 76.5063621434069 73.2478263495168 76.5559286473711 78.8525783460291 91.1918866187842 89.8229647132246 78.5776170713634 81.9401435468265 90.4201245351034 85.4427470234674 88.7088962427666
86.4050608189035 87.5424991364325 82.6046768387851 89.3002428506583 87.724253240108 88.9669688788295 76.5063621434069 0 74.3279020717801 72.4040913197665 81.8556412299057 89.5124377387419 87.8007492053403 78.5776170713634 81.4121890441111 88.47226868458 82.1027689051246 86.3616248035471
88.0908247429846 86.5256213537673 84.1406420790363 90.7242288662954 89.4042985379839 90.4245313795394 73.2478263495168 74.3279020717801 0 68.1675416028977 77.1191087234375 90.8115021815894 89.3474001238045 72.5868656935784 78.2993261327158 89.7657356159223 83.447537158823 87.5253596696042
87.9805374402477 87.4945186391604 84.5617951750347 90.3647240579958 88.9153198341236 89.9382335689881 76.5559286473711 72.4040913197665 68.1675416028977 0 79.0724707021626 90.258209011412 88.6848557252811 72.7848934535421 77.6780662163697 89.0640221585028 81.8110440659548 86.5371479945227
90.0744593322263 85.705224157099 86.5619814196419 92.3692365482895 91.2924278694115 92.1106527158517 78.8525783460291 81.8556412299057 77.1191087234375 79.0724707021626 0 92.3698445013429 91.1606037798718 75.2017354841743 77.7671946668691 91.383692625226 85.9442341726995 89.2449789895858
88.2495451146068 94.3033289118153 90.4823830698686 82.8550516930196 80.6183883437814 76.8428331489911 91.1918866187842 89.5124377387419 90.8115021815894 90.258209011412 92.3698445013429 0 74.6463864068111 91.1705069362443 91.3844210101952 77.8275353557611 87.7056993033671 85.2003092693599
87.1582135774277 93.4200753039886 89.2277678635406 82.9645228392247 79.0724707021626 77.6824294307983 89.8229647132246 87.8007492053403 89.3474001238045 88.6848557252811 91.1606037798718 74.6463864068111 0 89.769050583491 90.0386307897819 75.5580004371439 85.6638268792135 83.0428307939141
89.3349739648805 87.4269372455433 86.1782004591663 91.4238688668901 90.1268615216414 90.9865508735604 78.5776170713634 78.5776170713634 72.5868656935784 72.7848934535421 75.2017354841743 91.1705069362443 89.769050583491 0 72.0827706588024 89.9508307163448 82.968220306335 87.3242343555791
90.2807401307034 88.5475619699661 87.7047839392961 91.9346164129987 90.6499770335568 91.3769599159453 81.9401435468265 81.4121890441111 78.2993261327158 77.6780662163697 77.7671946668691 91.3844210101952 90.0386307897819 72.0827706588024 0 90.0093808529838 82.6342007106042 87.0414148290211
89.0496941384894 93.9573270274697 90.4063856856688 85.9689738268077 83.5121962463116 82.3578348697387 90.4201245351034 88.47226868458 89.7657356159223 89.0640221585028 91.383692625226 77.8275353557611 75.5580004371439 89.9508307163448 90.0093808529838 0 85.2198208476034 80.6792333700066
88.940188044825 91.1153405709724 87.9710879147445 89.4289228569717 87.4913444385865 88.1581456834345 85.4427470234674 82.1027689051246 83.447537158823 81.8110440659548 85.9442341726995 87.7056993033671 85.6638268792135 82.968220306335 82.6342007106042 85.2198208476034 0 79.2428040951504
89.7451826639983 92.9780176543605 89.8864977625784 88.7623263292455 86.6777880033703 86.7434582610283 88.7088962427666 86.3616248035471 87.5253596696042 86.5371479945227 89.2449789895858 85.2003092693599 83.0428307939141 87.3242343555791 87.0414148290211 80.6792333700066 79.2428040951504 0
