0 89.515093213638 88.8461887760664 88.6888319172966 90.9589703852514 90.9541809486562 91.4549186607995 93.1446796314365 93.1901726548482 93.5466161553137 92.7176944883494 93.0068409748285 93.7066756102481 93.2836986848925 93.8563594933325 93.3286621297122 94.329694660646 93.7989102258118
89.515093213638 0 83.1534125045977 85.840110052371 82.2305599791183 85.2230344379133 88.0538131744044 84.8991632097702 92.8990129423313 93.4331180946606 90.8966172265081 87.2749906725731 93.2654179196972 91.499924263594 87.4102217408101 90.2319024715531 87.828093126685 88.3975232127656
88.8461887760664 83.1534125045977 0 74.6073330907231 78.8115878793195 77.7647878994723 81.8571499317678 86.108690874692 89.5129533902372 90.2836706740625 86.6889167063146 84.6176873743211 90.082785937068 87.7348895485676 86.9780287330724 86.4717565633854 88.2390343987537 86.5662657802988
88.6888319172966 85.840110052371 74.6073330907231 0 82.3073716170739 79.4192338157384 80.2528274474093 87.7769711713105 88.015631329007 88.9042214225407 85.1280073452 85.5266933956535 88.7457899743875 86.4289293196431 88.1249907569384 85.7505909256189 89.3704731867715 87.2956096801503
90.9589703852514 82.2305599791183 78.8115878793195 82.3073716170739 0 76.044011083523 82.7445958873746 81.2336372257623 90.5456658670192 91.2493343553935 87.3975598292249 80.5527990930723 90.9198216846961 88.1795344137498 82.9232170574757 85.9126336164662 84.7005018319258 83.2043477914345
90.9541809486562 85.2230344379133 77.7647878994723 79.4192338157384 76.044011083523 0 77.3751779988718 84.2107909313872 88.7345338627229 89.5933903005297 84.6983100911803 79.6821470275587 89.1937109126351 85.8005514005498 84.2066957450215 83.1626109041897 86.1677794707972 82.8884805545587
91.4549186607995 88.0538131744044 81.8571499317678 80.2528274474093 82.7445958873746 77.3751779988718 0 87.0170431891488 86.0393941818496 87.1882207608685 79.8531331056309 81.9332335297458 86.625354376404 81.8072300978709 86.2551257504099 79.178079427437 87.98430425607 84.1180152622667
93.1446796314365 84.8991632097702 86.108690874692 87.7769711713105 81.2336372257623 84.2107909313872 87.0170431891488 0 92.4726015634462 93.0271647706138 89.803490217402 81.5482356417436 92.6627943167806 90.2036731025225 76.8092101824516 87.8704436034031 76.9639370490137 81.8810549507213
93.1901726548482 92.8990129423313 89.5129533902372 88.015631329007 90.5456658670192 88.7345338627229 86.0393941818496 92.4726015634462 0 69.0724707021626 81.0505757896518 89.7543293196242 69.0724707021626 80.7194255281598 91.7723815581032 85.5447953106515 92.7408765066776 90.3399351434969
93.5466161553137 93.4331180946606 90.2836706740625 88.9042214225407 91.2493343553935 89.5933903005297 87.1882207608685 93.0271647706138 69.0724707021626 0 82.9023336598264 90.48383160337 69.0051368755729 82.443805391326 92.346613020044 86.6136007973246 93.2539481986812 90.9941795180908
92.7176944883494 90.8966172265081 86.6889167063146 85.1280073452 87.3975598292249 84.6983100911803 79.8531331056309 89.803490217402 81.0505757896518 82.9023336598264 0 85.7863355292019 81.6251957531956 69.4218665715623 88.7852394777693 78.103370572082 90.1224527597675 86.7107950043872
93.0068409748285 87.2749906725731 84.6176873743211 85.5266933956535 80.5527990930723 79.6821470275587 81.9332335297458 81.5482356417436 89.7543293196242 90.48383160337 85.7863355292019 0 89.941542160005 86.2890796926362 78.2502579505246 82.1556516872302 82.1213833179688 72.6864452570046
93.7066756102481 93.2654179196972 90.082785937068 88.7457899743875 90.9198216846961 89.1937109126351 86.625354376404 92.6627943167806 69.0724707021626 69.0051368755729 81.6251957531956 89.941542160005 0 80.7677194750022 91.8894241758923 85.6238550502764 92.8375831952816 90.4281691499074
93.2836986848925 91.499924263594 87.7348895485676 86.4289293196431 88.1795344137498 85.8005514005498 81.8072300978709 90.2036731025225 80.7194255281598 82.443805391326 69.4218665715623 86.2890796926362 80.7677194750022 0 89.0724707021626 78.261828547443 90.3534795727897 86.965022649524
93.8563594933325 87.4102217408101 86.9780287330724 88.1249907569384 82.9232170574757 84.2066957450215 86.2551257504099 76.8092101824516 91.7723815581032 92.346613020044 88.7852394777693 78.2502579505246 91.8894241758923 89.0724707021626 0 86.1663344659556 73.2478263495168 76.2196361444474
93.3286621297122 90.2319024715531 86.4717565633854 85.7505909256189 85.9126336164662 83.1626109041897 79.178079427437 87.8704436034031 85.5447953106515 86.6136007973246 78.103370572082 82.1556516872302 85.6238550502764 78.261828547443 86.1663344659556 0 87.8934350631181 83.0018477188331
94.329694660646 87.828093126685 88.2390343987537 89.3704731867715 84.7005018319258 86.1677794707972 87.98430425607 76.9639370490137 92.7408765066776 93.2539481986812 90.1224527597675 82.1213833179688 92.8375831952816 90.3534795727897 73.2478263495168 87.8934350631181 0 80.6234942756704
93.7989102258118 88.3975232127656 86.5662657802988 87.2956096801503 83.2043477914345 82.8884805545587 84.1180152622667 81.8810549507213 90.3399351434969 90.9941795180908 86.7107950043872 72.6864452570046 90.4281691499074 86.965022649524 76.2196361444474 83.0018477188331 80.6234942756704 0
