0 82.2819183877674 89.6549784637635 88.5962964327146 91.1490214837476 80.0210854639495 83.8325331923513 84.7544879428325 84.2169264795973 91.4207634162167 86.4602762870063 86.0016174742824 89.0704658033877 89.5317156500199 89.553301503306 93.1099805439456 90.2196067601836 90.7306189071189
82.2819183877674 0 84.8491559212384 82.8634330622707 87.2699342686732 85.5539865434269 88.1465843099084 79.05908719444 88.0529683256868 87.79398977002 83.051870788883 85.7634929002411 86.5063621434069 90.5366135954557 88.9669688788295 90.8143333278853 90.6160080513319 90.6584149528466
89.6549784637635 84.8491559212384 0 73.447537158823 76.5304228410657 91.0846141547345 92.5420156066597 85.6591876775859 92.4126754813617 80.9171592013222 86.8817337465467 89.9085993106296 87.8293148865457 93.2905341819528 91.2004909747474 88.729816010488 92.9899622532162 92.6708255255615
88.5962964327146 82.8634330622707 73.447537158823 0 79.2684262627964 89.995349425655 91.6177655634978 83.2478263495168 91.4510002480644 81.1233659858477 84.8118924275813 88.4944597996847 86.1703870630815 92.3578348697387 90.0367575193471 88.1690175778226 92.0323684124072 91.6977117515901
91.1490214837476 87.2699342686732 76.5304228410657 79.2684262627964 0 92.1491533987241 93.424051144926 87.1217246129041 93.2621090091988 75.217760720537 87.7130152786816 90.6047544631244 87.9016548640009 93.6964506811521 91.4121890441111 87.1514077386257 93.2707577629414 92.8334651817364
80.0210854639495 85.5539865434269 91.0846141547345 89.995349425655 92.1491533987241 0 76.3859701715135 85.2748119894489 76.3098546493372 92.0967790944484 85.9024323667713 83.0032397304612 88.2904249382818 86.2220929621287 87.4091190622826 92.9594929588735 87.4971529521128 88.4551089414031
83.8325331923513 88.1465843099084 92.5420156066597 91.6177655634978 93.424051144926 76.3859701715135 0 87.7738075181225 66.9639370490137 93.3291912527226 87.992560047968 84.9607879581046 89.6985797752271 85.4304003347848 88.1200421657566 93.8566640091311 87.3001847612063 88.5843509004963
84.7544879428325 79.05908719444 85.6591876775859 83.2478263495168 87.1217246129041 85.2748119894489 87.7738075181225 0 87.3975598292249 86.8209532297098 74.3872598725851 81.8564887327063 81.8211513138294 88.7320818557614 85.8625542615955 88.9279969974925 88.4822304503324 88.3001243947931
84.2169264795973 88.0529683256868 92.4126754813617 91.4510002480644 93.2621090091988 76.3098546493372 66.9639370490137 87.3975598292249 0 93.1180220906857 87.4802850888848 83.9925487547429 89.1885004158061 84.3872598725851 87.3501386685107 93.547935939678 86.4309154214711 87.8319828162819
91.4207634162167 87.79398977002 80.9171592013222 81.1233659858477 75.217760720537 92.0967790944484 93.3291912527226 86.8209532297098 93.1180220906857 0 86.9530358206625 90.0507784602111 86.5210560789425 93.195200858789 90.5466743362693 84.6168963459942 92.6335740749115 92.0680517833167
86.4602762870063 83.051870788883 86.8817337465467 84.8118924275813 87.7130152786816 85.9024323667713 87.992560047968 74.3872598725851 87.4802850888848 86.9530358206625 0 79.6648998632169 77.4658005457673 87.679995898191 83.4499763303665 87.9093880841411 87.0764687502886 86.625354376404
86.0016174742824 85.7634929002411 89.9085993106296 88.4944597996847 90.6047544631244 83.0032397304612 84.9607879581046 81.8564887327063 83.9925487547429 90.0507784602111 79.6648998632169 0 82.3358293114501 83.4960621867671 80.0708701724473 90.057640242225 83.2478263495168 83.555965823659
89.0704658033877 86.5063621434069 87.8293148865457 86.1703870630815 87.9016548640009 88.2904249382818 89.6985797752271 81.8211513138294 89.1885004158061 86.5210560789425 77.4658005457673 82.3358293114501 0 87.9347740096789 81.9332335297458 85.4720463196733 86.7159566715922 85.5807743482046
89.5317156500199 90.5366135954557 93.2905341819528 92.3578348697387 93.6964506811521 86.2220929621287 85.4304003347848 88.7320818557614 84.3872598725851 93.195200858789 87.679995898191 83.4960621867671 87.9347740096789 0 82.6046768387851 92.4269327115195 75.0930706154422 80.3733330693944
89.553301503306 88.9669688788295 91.2004909747474 90.0367575193471 91.4121890441111 87.4091190622826 88.1200421657566 85.8625542615955 87.3501386685107 90.5466743362693 83.4499763303665 80.0708701724473 81.9332335297458 82.6046768387851 0 89.0429682705347 79.3818913619656 76.5184091547906
93.1099805439456 90.8143333278853 88.729816010488 88.1690175778226 87.1514077386257 92.9594929588735 93.8566640091311 88.9279969974925 93.547935939678 84.6168963459942 87.9093880841411 90.057640242225 85.4720463196733 92.4269327115195 89.0429682705347 0 91.4319272266432 90.4269241146051
90.2196067601836 90.6160080513319 92.9899622532162 92.0323684124072 93.2707577629414 87.4971529521128 87.3001847612063 88.4822304503324 86.4309154214711 92.6335740749115 87.0764687502886 83.2478263495168 86.7159566715922 75.0930706154422 79.3818913619656 91.4319272266432 0 73.6150544197642
90.7306189071189 90.6584149528466 92.6708255255615 91.6977117515901 92.8334651817364 88.4551089414031 88.5843509004963 88.3001243947931 87.8319828162819 92.0680517833167 86.625354376404 83.555965823659 85.5807743482046 80.3733330693944 76.5184091547906 90.4269241146051 73.6150544197642 0
