0 78.1117143687293 79.9796622965764 91.3828513183668 87.9208598774116 85.6854997764966 90.2908458823698 88.0402758330119 88.3666599593055 88.6208308091898 88.5663707686117 90.9472440282331 88.725573403395 89.5794300408493 91.7441879861927 90.8043333862853 93.0261379211871 93.6536170783573
78.1117143687293 0 65.9948369189331 89.2581955282206 84.7761036398105 82.7531929436013 88.0105149591016 85.9621420732846 86.301340043983 86.9257690522703 89.1017700423667 89.1361436054588 88.103370572082 89.7374720562812 90.2119042252309 89.7342959307347 91.8001665676802 92.4145328959537
79.9796622965764 65.9948369189331 0 88.6665542029632 84.0075874112409 82.4936594236437 87.4735316467302 85.7376505077114 86.051467240859 86.7923005771085 89.4681370721026 88.7966354858417 88.2608359710067 90.0093888475092 89.9491930022336 89.6788680708702 91.604732064441 92.1909869763611
91.3828513183668 89.2581955282206 88.6665542029632 0 83.555965823659 87.8673994840703 81.3176021151403 87.7917907521781 87.5576776396732 88.6052340688356 93.4960621867671 85.6854997764966 91.3667291813695 93.3178222179901 87.2353937067571 90.3175129505054 89.115684439989 88.7479504643512
87.9208598774116 84.7761036398105 84.0075874112409 83.555965823659 0 79.7170505944318 77.8718063285063 80.4905850455247 80.273145354966 82.5868656935784 90.1990362311678 82.0323684124072 87.1519818883852 90.0379993420898 84.6150320210808 86.5650757693805 87.5519919157727 88.1639148490487
85.6854997764966 82.7531929436013 82.4936594236437 87.8673994840703 79.7170505944318 0 84.0502702591676 75.7863355292019 76.9312422033652 78.6223132959149 87.1809971370733 84.2495038086784 83.2910400873432 87.1481403883709 85.7735013371753 84.7109310897828 88.1581456834345 89.2357314171479
90.2908458823698 88.0105149591016 87.4735316467302 81.3176021151403 77.8718063285063 84.0502702591676 0 82.79025144391 82.240236057727 83.964480905296 91.3769599159453 78.1200421657566 88.3073021585004 91.0079699881759 81.8211513138294 86.5111849588043 85.4719304936925 85.6942351696241
88.0402758330119 85.9621420732846 85.7376505077114 87.7917907521781 80.4905850455247 75.7863355292019 82.79025144391 0 60.943337135734 69.5765657369386 87.3382020284199 81.1303421223965 81.9332335297458 86.7866133615789 82.79025144391 81.3176021151403 85.8415162187485 87.3382020284199
88.3666599593055 86.301340043983 86.051467240859 87.5576776396732 80.273145354966 76.9312422033652 82.240236057727 60.943337135734 0 70.0281873245205 87.669856364134 80.237526392877 82.3859648733539 87.0803883060597 82.0827706588024 81.1136705287218 85.3915891308315 86.9312422033652
88.6208308091898 86.9257690522703 86.7923005771085 88.6052340688356 82.5868656935784 78.6223132959149 83.964480905296 69.5765657369386 70.0281873245205 0 86.737743107132 81.4702765549837 80.2119042252309 85.9182250077157 82.4570356382086 78.8461887760664 85.26340400843 87.0382140342669
88.5663707686117 89.1017700423667 89.4681370721026 93.4960621867671 90.1990362311678 87.1809971370733 91.3769599159453 87.3382020284199 87.669856364134 86.737743107132 0 90.4761005024071 81.676854159603 74.018011607721 90.5708176693204 86.9399849236182 91.2634774773291 92.3897018116189
90.9472440282331 89.1361436054588 88.7966354858417 85.6854997764966 82.0323684124072 84.2495038086784 78.1200421657566 81.1303421223965 80.237526392877 81.4702765549837 90.4761005024071 0 86.6440941889501 89.8080867893426 73.0384872811603 83.0970686635682 81.0505757896518 82.3921913186054
88.725573403395 88.103370572082 88.2608359710067 91.3667291813695 87.1519818883852 83.2910400873432 88.3073021585004 81.9332335297458 82.3859648733539 80.2119042252309 81.676854159603 86.6440941889501 0 79.5875374838875 86.706750637792 80.4372372021831 87.8461841608603 89.4387596557842
89.5794300408493 89.7374720562812 90.0093888475092 93.3178222179901 90.0379993420898 87.1481403883709 91.0079699881759 86.7866133615789 87.0803883060597 85.9182250077157 74.018011607721 89.8080867893426 79.5875374838875 0 89.7467392898568 85.3563466393893 90.3213453167455 91.5911055665433
91.7441879861927 90.2119042252309 89.9491930022336 87.2353937067571 84.6150320210808 85.7735013371753 81.8211513138294 82.79025144391 82.0827706588024 82.4570356382086 90.5708176693204 73.0384872811603 86.706750637792 89.7467392898568 0 82.0827706588024 76.706750637792 79.5765657369386
90.8043333862853 89.7342959307347 89.6788680708702 90.3175129505054 86.5650757693805 84.7109310897828 86.5111849588043 81.3176021151403 81.1136705287218 78.8461887760664 86.9399849236182 83.0970686635682 80.4372372021831 85.3563466393893 82.0827706588024 0 83.1365622199274 85.7863355292019
93.0261379211871 91.8001665676802 91.604732064441 89.115684439989 87.5519919157727 88.1581456834345 85.4719304936925 85.8415162187485 85.3915891308315 85.26340400843 91.2634774773291 81.0505757896518 87.8461841608603 90.3213453167455 76.706750637792 83.1365622199274 0 74.3872598725851
93.6536170783573 92.4145328959537 92.1909869763611 88.7479504643512 88.1639148490487 89.2357314171479 85.6942351696241 87.3382020284199 86.9312422033652 87.0382140342669 92.3897018116189 82.3921913186054 89.4387596557842 91.5911055665433 79.5765657369386 85.7863355292019 74.3872598725851 0
