0 85.7217818991216 87.3272312123874 93.2765986392326 92.4585968498842 89.5317156500199 89.9360690089101 93.9806221117598 91.5279769917565 93.3049294415307 95.7326076915633 92.0215398082145 92.2930725357932 92.4447587542196 92.9967343500493 94.9435334863856 96.6487745059067 95.1159465931281
85.7217818991216 0 72.0827706588024 91.3358915737989 89.6500623390146 81.5879170280032 81.6951556819209 91.3256245525298 85.3176715737137 89.546717201444 93.7772541087053 86.3202690794079 86.8761978059386 87.1185824845969 88.2106092259997 92.0171329637785 94.64912752018 92.0796992454682
87.3272312123874 72.0827706588024 0 91.350942378021 89.5335402621752 79.8531331056309 78.6738840693767 91.0614085303475 83.2067580073703 88.922933573106 93.5863196076362 84.4555005891274 85.3555738781601 85.435034457386 86.7365991732866 91.5355622610309 94.3831330178471 91.5254157710156
93.2765986392326 91.3358915737989 91.350942378021 0 77.8371454809348 89.1189908313318 90.5380441564851 80.6218285662072 91.7017253954809 85.907097675858 84.3557033681209 92.0293255954697 90.3693696241556 92.1965229169693 93.0288255534401 86.7514468623435 87.9814546437153 88.1094628682264
92.4585968498842 89.6500623390146 89.5335402621752 77.8371454809348 0 86.493634778161 88.3082551561058 78.5626155199393 89.7357820056589 82.3091177245159 85.6883489108943 90.1439224393667 88.0498883206978 90.3558462874619 91.377806202341 85.0840297533888 88.3917411035878 86.4578371154628
89.5317156500199 81.5879170280032 79.8531331056309 89.1189908313318 86.493634778161 0 74.7635075614827 88.341455302091 81.8564887327063 85.1757958751021 91.6311307658296 83.2910400873432 81.5879170280032 84.2169264795973 86.1677794707972 88.940188044825 92.5780634587805 88.9967713605929
89.9360690089101 81.6951556819209 78.6738840693767 90.5380441564851 88.3082551561058 74.7635075614827 0 89.5936414011788 77.4658005457673 86.3951708178881 92.4738598864051 79.8419543483159 79.9579203496951 81.3414426772175 83.8056556760196 89.6462054256599 93.1845661987381 89.5005965214733
93.9806221117598 91.3256245525298 91.0614085303475 80.6218285662072 78.5626155199393 88.341455302091 89.5936414011788 0 90.4118636008883 81.0510555343394 81.6234075049665 90.6618089011001 88.4745072639207 90.742607459325 91.6413926002061 80.8385286394992 85.1014144120895 83.3637795294295
91.5279769917565 85.3176715737137 83.2067580073703 91.7017253954809 89.7357820056589 81.8564887327063 77.4658005457673 90.4118636008883 0 87.0371465782411 92.9502008954302 67.4754622734875 77.3975598292249 72.6751998198568 78.103370572082 89.7657356159223 93.368643155935 89.3461608843715
93.3049294415307 89.546717201444 88.922933573106 85.907097675858 82.3091177245159 85.1757958751021 86.3951708178881 81.0510555343394 87.0371465782411 0 86.8249332995649 87.3072129938656 83.7989102258118 87.3630331127546 88.6223132959149 79.8920337031866 87.8705059156921 80.6550244707198
95.7326076915633 93.7772541087053 93.5863196076362 84.3557033681209 85.6883489108943 91.6311307658296 92.4738598864051 81.6234075049665 92.9502008954302 86.8249332995649 0 93.0867412389314 91.4556343706656 93.0973331466729 93.7349855663567 84.0672266294399 79.1052802308396 85.8347262456133
92.0215398082145 86.3202690794079 84.4555005891274 92.0293255954697 90.1439224393667 83.2910400873432 79.8419543483159 90.6618089011001 67.4754622734875 87.3072129938656 93.0867412389314 0 77.7647878994723 65.9948369189331 75.1757958751021 89.8251320749173 93.4166198524194 89.3248847422559
92.2930725357932 86.8761978059386 85.3555738781601 90.3693696241556 88.0498883206978 81.5879170280032 79.9579203496951 88.4745072639207 77.3975598292249 83.7989102258118 91.4556343706656 77.7647878994723 0 77.9762509169206 81.4741215705682 87.3827962632147 91.8752171059087 86.8210916305929
92.4447587542196 87.1185824845969 85.435034457386 92.1965229169693 90.3558462874619 84.2169264795973 81.3414426772175 90.742607459325 72.6751998198568 87.3630331127546 93.0973331466729 65.9948369189331 77.9762509169206 0 72.5570171580838 89.7342959307347 93.3552475065223 89.1604223180872
92.9967343500493 88.2106092259997 86.7365991732866 93.0288255534401 91.377806202341 86.1677794707972 83.8056556760196 91.6413926002061 78.103370572082 88.6223132959149 93.7349855663567 75.1757958751021 81.4741215705682 72.5570171580838 0 90.5456658670192 93.8825125713033 89.9318895073773
94.9435334863856 92.0171329637785 91.5355622610309 86.7514468623435 85.0840297533888 88.940188044825 89.6462054256599 80.8385286394992 89.7657356159223 79.8920337031866 84.0672266294399 89.8251320749173 87.3827962632147 89.7342959307347 90.5456658670192 0 84.0130884589368 71.905892342924
96.6487745059067 94.64912752018 94.3831330178471 87.9814546437153 88.3917411035878 92.5780634587805 93.1845661987381 85.1014144120895 93.368643155935 87.8705059156921 79.1052802308396 93.4166198524194 91.8752171059087 93.3552475065223 93.8825125713033 84.0130884589368 0 85.2003092693599
95.1159465931281 92.0796992454682 91.5254157710156 88.1094628682264 86.4578371154628 88.9967713605929 89.5005965214733 83.3637795294295 89.3461608843715 80.6550244707198 85.8347262456133 89.3248847422559 86.8210916305929 89.1604223180872 89.9318895073773 71.905892342924 85.2003092693599 0
