0 84.9355771097278 81.9551013823242 87.1809971370733 84.3852942944484 87.1049402642099 86.593546419187 90.2908458823698 91.4513866138686 91.9487656358587 91.6036130852226 92.1216823211715 92.8100758107315 92.5516225671795 92.1989576424749 93.2275973904051 92.1767987645417 93.1134914793737
84.9355771097278 0 74.3872598725851 91.9340539944024 80.9087737699554 81.7370638745419 88.8588778463665 90.6938459408142 93.0012510024584 90.4755056503009 91.2906854217786 93.3813374588963 94.3266511148168 93.8710758842632 91.7658036831707 94.7870245474677 92.4991264505033 94.5276352650345
81.9551013823242 74.3872598725851 0 90.7028503694181 79.3129749306804 82.3025060492726 87.5963243633103 90.0881718293619 92.2802056045078 90.504881234195 90.9544369634026 92.7456483154174 93.6836817843464 93.2479083074287 91.5039964300515 94.1563781757877 92.0509172245329 93.9154690956304
87.1809971370733 91.9340539944024 90.7028503694181 0 90.5527990930723 91.9967355337869 87.4327889573908 90.7750878561122 89.3443980803016 93.6538497506575 92.3837835068435 90.3574575394695 90.1762955422891 90.4862447527453 92.9325059577071 90.3455126917314 92.0098348688882 90.6333846115931
84.3852942944484 80.9087737699554 79.3129749306804 90.5527990930723 0 76.0621707455228 84.752681769041 87.3062096567191 90.5906463462703 87.8007545217567 88.3351034548413 91.0505757896518 92.3184606669553 91.6977117515901 89.0585204483797 92.915039606794 89.8760710279541 92.5560827466579
87.1049402642099 81.7370638745419 82.3025060492726 91.9967355337869 76.0621707455228 0 86.560312462274 87.6169325975649 91.2634774773291 86.5220167514142 88.0309443726372 91.5687809491987 92.890700023021 92.2124400817356 88.6353450906197 93.4827717624266 89.9446346861634 93.0778071720454
86.593546419187 88.8588778463665 87.5963243633103 87.4327889573908 84.752681769041 86.560312462274 0 81.8069354424815 84.6871541162429 87.8293148865457 85.5266933956535 85.8541512699659 87.7348895485676 86.8728728512127 86.7310296457256 88.6738840693766 85.8642056956124 88.1835230264252
90.2908458823698 90.6938459408142 90.0881718293619 90.7750878561122 87.3062096567191 87.6169325975649 81.8069354424815 0 83.3288160125473 83.9405886754904 76.9747808619358 83.3637795294295 86.7514468623435 84.9796890336395 79.7787944048485 87.9831253858179 78.2255900607365 86.9666747960572
91.4513866138686 93.0012510024584 92.2802056045078 89.3443980803016 90.5906463462703 91.2634774773291 84.6871541162429 83.3288160125473 0 89.5178683060867 85.9415820941298 71.1963957883817 77.5424991364325 74.0608757462916 86.6590010066458 80.5906463462703 82.8601448101346 78.6848771832477
91.9487656358587 90.4755056503009 90.504881234195 93.6538497506575 87.8007545217567 86.5220167514142 87.8293148865457 83.9405886754904 89.5178683060867 0 80.3134982103822 89.2684262627964 91.2066265229575 90.0862396923935 79.8856747810591 91.9621820074094 85.0323428385536 91.2451138571894
91.6036130852226 91.2906854217786 90.9544369634026 92.3837835068435 88.3351034548413 88.0309443726372 85.5266933956535 76.9747808619358 85.9415820941298 80.3134982103822 0 85.4535216572886 88.2993261327158 86.6813329578914 68.9870675677768 89.3349739648805 77.6622805566053 88.3433779766766
92.1216823211715 93.3813374588963 92.7456483154174 90.3574575394695 91.0505757896518 91.5687809491987 85.8541512699659 83.3637795294295 71.1963957883817 89.2684262627964 85.4535216572886 0 77.2272264362371 69.5765657369386 86.0377988549399 80.4857622301273 81.5422193394664 77.6041976742958
92.8100758107315 94.3266511148168 93.6836817843464 90.1762955422891 92.3184606669553 92.890700023021 87.7348895485676 86.7514468623435 77.5424991364325 91.2066265229575 88.2993261327158 77.2272264362371 0 73.091775616211 88.7022095212503 70.4372372021832 85.5954525820285 64.840144639922
92.5516225671795 93.8710758842632 93.2479083074287 90.4862447527453 91.6977117515901 92.2124400817356 86.8728728512127 84.9796890336395 74.0608757462916 90.0862396923935 86.6813329578914 69.5765657369386 73.091775616211 0 87.1368421504544 77.7647878994723 83.24912810651 73.2526838788882
92.1989576424749 91.7658036831707 91.5039964300515 92.9325059577071 89.0585204483797 88.6353450906197 86.7310296457256 79.7787944048485 86.6590010066458 79.8856747810591 68.9870675677768 86.0377988549399 88.7022095212503 87.1368421504544 0 89.6776688521661 78.3390605802349 88.6906959612515
93.2275973904051 94.7870245474677 94.1563781757877 90.3455126917314 92.915039606794 93.4827717624266 88.6738840693766 87.9831253858179 80.5906463462703 91.9621820074094 89.3349739648805 80.4857622301273 70.4372372021832 77.7647878994723 89.6776688521661 0 86.9465108296147 70.750760321614
92.1767987645417 92.4991264505033 92.0509172245329 92.0098348688882 89.8760710279541 89.9446346861634 85.8642056956124 78.2255900607365 82.8601448101346 85.0323428385536 77.6622805566053 81.5422193394664 85.5954525820285 83.24912810651 78.3390605802349 86.9465108296147 0 85.5523155632995
93.1134914793737 94.5276352650345 93.9154690956304 90.6333846115931 92.5560827466579 93.0778071720454 88.1835230264252 86.9666747960572 78.6848771832477 91.2451138571894 88.3433779766766 77.6041976742958 64.840144639922 73.2526838788882 88.6906959612515 70.750760321614 85.5523155632995 0
