0 77.2272264362371 85.5447953106515 87.6057080946921 88.2000037388758 89.0724707021626 89.5765657369386 88.915002766272 90.7683108277111 89.8715153788298 90.5608692776019 91.5040811820624 91.7876699035995 92.4342960464137 92.3398415409335 93.3878402270883 93.9242228296478 93.8454646049293
77.2272264362371 0 83.8213544350363 86.2118970069928 87.4502969333401 89.3274199206759 90.0415708322431 87.5953153725475 91.3769599159453 89.291357676221 89.6614007803213 91.1904905231941 91.5597464763509 92.3070543706573 91.6951962509336 93.4636104322619 93.0838239298534 93.79913524303
85.5447953106515 83.8213544350363 0 74.1239704853616 78.5626155199393 84.9728254291781 86.5840769255055 79.0713590104729 88.8179418809182 82.8522543049557 83.5153213971275 86.5656866983106 87.2709460205284 88.5513302520412 87.210874228292 90.521324885034 89.7799514872702 90.7917594497868
87.6057080946921 86.2118970069928 74.1239704853616 0 74.9227372224544 84.6150320210808 86.4198537193337 72.0790649849506 88.7205045218303 79.9742370056535 79.9742370056535 84.8625084515668 85.8019704317074 87.3590696675158 85.1098808583674 89.7480430637718 88.2560006264889 89.8781805979189
88.2000037388758 87.4502969333401 78.5626155199393 74.9227372224544 0 81.3926525972256 83.9296849669784 76.9597189836113 86.8584352256806 74.9227372224544 79.0724707021626 82.1664509353539 83.3011458390096 85.2585829776085 83.996433486081 88.0899870643594 88.4065647866336 88.3666599593055
89.0724707021626 89.3274199206759 84.9728254291781 84.6150320210808 81.3926525972256 0 72.0154368322127 85.4334280945163 80.2528274474092 81.3769599159453 85.1080779267362 82.1015697199944 82.1292907879716 83.2478263495168 86.5065478322438 85.2457006698491 90.6935171120628 86.5063621434069
89.5765657369386 90.0415708322431 86.5840769255055 86.4198537193337 83.9296849669784 72.0154368322127 0 87.113065461347 76.0621707455228 83.778610784351 86.7514468623435 83.6136867344162 83.323798167022 83.785387812752 87.6679474670992 84.7832850301513 91.4913821379436 86.4284596991444
88.915002766272 87.5953153725475 79.0713590104729 72.0790649849506 76.9597189836113 85.4334280945163 87.113065461347 0 89.2263204070649 79.2270755419178 76.6240527431638 84.2169264795973 85.302114165881 86.9683244129999 83.447537158823 89.5828750395403 86.7962514523322 89.533394355454
90.7683108277111 91.3769599159453 88.8179418809182 88.7205045218303 86.8584352256806 80.2528274474092 76.0621707455228 89.2263204070649 0 86.5376151333289 88.7780850115565 85.7204386254502 85.2003092693599 84.9383437488801 89.1771567401891 84.3199260459954 92.5390090680702 86.4345964033151
89.8715153788298 89.291357676221 82.8522543049557 79.9742370056535 74.9227372224544 81.3769599159453 83.778610784351 79.2270755419178 86.5376151333289 0 75.9948369189331 77.5447404869249 79.5943768821453 82.5420156066597 80.7739609223841 86.4602762870063 87.210845672568 86.5364172448041
90.5608692776019 89.6614007803213 83.5153213971275 79.9742370056535 79.0724707021626 85.1080779267362 86.7514468623435 76.6240527431638 88.7780850115565 75.9948369189331 0 80.8802067487375 82.4692779150087 84.6373512727003 78.186778571131 88.0309443726372 84.7922451010396 87.7056993033671
91.5040811820624 91.1904905231941 86.5656866983106 84.8625084515668 82.1664509353539 82.1015697199944 83.6136867344162 84.2169264795973 85.7204386254502 77.5447404869249 80.8802067487375 0 66.9518820301304 75.6814560922214 79.546717201444 83.0177758579578 87.2761823024948 82.765979559612
91.7876699035995 91.5597464763509 87.2709460205284 85.8019704317074 83.3011458390096 82.1292907879716 83.323798167022 85.302114165881 85.2003092693599 79.5943768821453 82.4692779150087 66.9518820301304 0 71.8069354424815 80.8750691384897 81.5313920024931 87.817734881193 81.3493605368748
92.4342960464137 92.3070543706573 88.5513302520412 87.3590696675158 85.2585829776085 83.2478263495168 83.785387812752 86.9683244129999 84.9383437488801 82.5420156066597 84.6373512727003 75.6814560922214 71.8069354424815 0 82.7395361821869 78.2753097867997 88.5603608111481 77.9330371790942
92.3398415409335 91.6951962509336 87.210874228292 85.1098808583674 83.996433486081 86.5065478322438 87.6679474670992 83.447537158823 89.1771567401891 80.7739609223841 78.186778571131 79.546717201444 80.8750691384897 82.7395361821869 0 86.6799505222036 82.6830440702299 85.6796481144952
93.3878402270883 93.4636104322619 90.521324885034 89.7480430637718 88.0899870643594 85.2457006698491 84.7832850301513 89.5828750395403 84.3199260459954 86.4602762870063 88.0309443726372 83.0177758579578 81.5313920024931 78.2753097867997 86.6799505222036 0 90.6374962592738 73.88799939735
93.9242228296478 93.0838239298534 89.7799514872702 88.2560006264889 88.4065647866336 90.6935171120628 91.4913821379436 86.7962514523322 92.5390090680702 87.210845672568 84.7922451010396 87.2761823024948 87.817734881193 88.5603608111481 82.6830440702299 90.6374962592738 0 89.7337221881064
93.8454646049293 93.79913524303 90.7917594497868 89.8781805979189 88.3666599593055 86.5063621434069 86.4284596991444 89.533394355454 86.4345964033151 86.5364172448041 87.7056993033671 82.765979559612 81.3493605368748 77.9330371790942 85.6796481144952 73.88799939735 89.7337221881064 0
