0 86.1782004591663 79.3255293548103 81.4127021102236 83.2401555589108 86.6029953102007 83.200049406051 82.8846044170112 83.4104972243965 89.7314264593261 87.1049402642099 88.1901910181076 88.5731220444114 85.61053085255 86.5364172448041 88.5843509004963 90.3290346979446 90.7246856097169
86.1782004591663 0 83.361291448686 81.1619448605674 77.9762509169206 74.8349979793794 83.0941418377934 84.3221147547259 88.0701509692242 93.3680059980874 77.0711757029314 77.9762509169206 92.3921913186054 89.436916952347 86.9996193558102 85.2003092693599 86.1192544428531 86.728583188484
79.3255293548103 83.361291448686 0 70.7692536210913 76.9639370490137 82.7445958873746 74.3939352548073 74.436949426787 81.0328399068737 90.0952241874656 83.2910400873432 85.042668369047 88.6760806191086 84.0311148723812 82.4784370287424 84.9192614761152 87.4754622734875 88.015631329007
81.4127021102236 81.1619448605674 70.7692536210913 0 71.1613162732505 80.2495452613969 73.2222041818708 75.5673171147236 82.9436298012717 90.9238488410383 81.0328399068737 83.2193605120968 89.6139054134044 85.3537685405616 82.7802104356962 83.9451193461864 86.5439460131762 87.1574096655183
83.2401555589108 77.9762509169206 76.9639370490137 71.1613162732505 0 76.8092101824516 76.4872152352395 78.7867955847 84.8134942230053 91.7560899310274 78.2106092259997 80.9865508735604 90.5608692776019 86.7548660553969 83.8481352690408 83.5008850021645 85.823200447028 86.4967004156867
86.6029953102007 74.8349979793794 82.7445958873746 80.2495452613969 76.8092101824516 0 81.0953610789668 82.6688638678314 87.1666249702822 92.9463689655499 64.9227372224544 72.6459542896836 91.8722972449526 88.5369933522933 85.1362843532686 82.0827706588024 83.5008850021645 84.3398387118709
83.200049406051 83.0941418377934 74.3939352548073 73.2222041818708 76.4872152352395 81.0953610789668 0 67.0711757029314 81.1963957883817 90.3834710276341 81.325928202851 83.4964551675357 88.9092909980703 83.7991829219581 79.2922202253496 81.8892724356172 85.4281722109875 86.0907967484057
82.8846044170112 84.3221147547259 74.436949426787 75.5673171147236 78.7867955847 82.6688638678314 67.0711757029314 0 79.3002428506583 89.7712565019646 82.8362601678523 84.6878253342818 88.1766676397644 82.4426815024084 78.1526901543967 82.5616676174875 86.020225577416 86.6179484740782
83.4104972243965 88.0701509692242 81.0328399068737 82.9436298012717 84.8134942230053 87.1666249702822 81.1963957883817 79.3002428506583 0 86.6789903138309 87.2573428947507 88.4094032333929 84.3115076658914 73.4378606328324 80.1195391653636 86.1216712402137 88.6783063216999 89.0584004405758
89.7314264593261 93.3680059980874 90.0952241874656 90.9238488410383 91.7560899310274 92.9463689655499 90.3834710276341 89.7712565019646 86.6789903138309 0 92.9902333399376 93.6009463029101 74.6168963459942 85.1626652685191 89.3255293548103 92.0720671541386 93.4127522605666 93.5825369662917
87.1049402642099 77.0711757029314 83.2910400873432 81.0328399068737 78.2106092259997 64.9227372224544 81.325928202851 82.8362601678523 87.2573428947507 92.9902333399376 0 70.4372372021831 91.9089615194754 88.5513302520412 84.8825972015924 81.0505757896518 82.420100378145 83.361291448686
88.1901910181076 77.9762509169206 85.042668369047 83.2193605120968 80.9865508735604 72.6459542896836 83.4964551675357 84.6878253342818 88.4094032333929 93.6009463029101 70.4372372021831 0 92.5931079068429 89.5275059129689 86.1677794707972 82.0693871510798 82.1556516872302 83.0331223084966
88.5731220444114 92.3921913186054 88.6760806191086 89.6139054134044 90.5608692776019 91.8722972449526 88.9092909980703 88.1766676397644 84.3115076658914 74.6168963459942 91.9089615194754 92.5931079068429 0 82.1259843966288 87.5605177126806 90.8222332357115 92.3550118221963 92.5489227568096
85.61053085255 89.436916952347 84.0311148723812 85.3537685405616 86.7548660553969 88.5369933522933 83.7991829219581 82.4426815024084 73.4378606328324 85.1626652685191 88.5513302520412 89.5275059129689 82.1259843966288 0 81.1303421223965 86.9399849236182 89.2684262627964 89.5765657369386
86.5364172448041 86.9996193558102 82.4784370287424 82.7802104356962 83.8481352690408 85.1362843532686 79.2922202253496 78.1526901543967 80.1195391653636 89.3255293548103 84.8825972015924 86.1677794707972 87.5605177126806 81.1303421223965 0 80.738820882775 84.9504435034663 85.4519840595317
88.5843509004963 85.2003092693599 84.9192614761152 83.9451193461864 83.5008850021645 82.0827706588024 81.8892724356172 82.5616676174875 86.1216712402137 92.0720671541386 81.0505757896518 82.0693871510798 90.8222332357115 86.9399849236182 80.738820882775 0 76.8092101824516 78.2511598923979
90.3290346979446 86.1192544428531 87.4754622734875 86.5439460131762 85.823200447028 83.5008850021645 85.4281722109875 86.020225577416 88.6783063216999 93.4127522605666 82.420100378145 82.1556516872302 92.3550118221963 89.2684262627964 84.9504435034663 76.8092101824516 0 63.9536370923738
90.7246856097169 86.728583188484 88.015631329007 87.1574096655183 86.4967004156867 84.3398387118709 86.0907967484057 86.6179484740782 89.0584004405758 93.5825369662917 83.361291448686 83.0331223084966 92.5489227568096 89.5765657369386 85.4519840595317 78.2511598923979 63.9536370923738 0
