0 81.7387672097631 89.7439633270855 68.563080940704 86.593546419187 87.3827962632147 84.0268466216013 89.7226351660604 85.0392789276784 90.9628365465767 90.7953557193797 89.1183297544116 92.1842866903026 89.7810867492866 91.9858176056385 90.3355099000554 93.0129447678025 91.2719412952555
81.7387672097631 0 92.6508201641897 80.7729562645014 90.4992526397913 90.9615393061173 88.3823526405858 92.480090827137 88.7419825832203 93.2478263495168 93.0710708709332 87.3719376615789 94.0999291719611 91.8001665676802 93.6477962159136 89.8995924333796 94.4478958160478 91.3797102316597
89.7439633270855 92.6508201641897 0 90.1513509539906 79.6994132145633 79.3709485115022 86.4373729964854 81.0208149157414 87.1112419990312 85.2132843168022 85.7371818055544 94.3740130092418 87.679995898191 88.876137926627 89.757930848259 94.074413087684 90.9119548206408 93.9009291433926
68.563080940704 80.7729562645014 90.1513509539906 0 87.1048148728605 87.7477620781166 83.9453802805152 89.8870516742964 84.7761036398105 90.9908102464763 90.7924839449393 88.2637585971501 92.1523653118793 89.5188524779493 91.8169787750636 89.6291938013217 92.845813466116 90.6910666535238
86.593546419187 90.4992526397913 79.6994132145633 87.1048148728605 0 70.4857622301273 81.6065963893544 81.2766754152345 83.0972525818723 85.3461292680899 85.4795778716485 92.6792785232803 87.9152188795665 87.2302909628742 89.1361436054588 92.4924518848738 90.5285343740782 92.4701946961019
87.3827962632147 90.9615393061173 79.3709485115022 87.7477620781166 70.4857622301273 0 81.3769599159453 78.4024798202952 82.5371106149948 83.6150544197642 83.785387812752 92.6845169482767 86.6613886269682 86.1821018921153 88.1316743187726 92.3229916252629 89.6651185473723 92.1782601499605
84.0268466216013 88.3823526405858 86.4373729964854 83.9453802805152 81.6065963893544 81.3769599159453 0 84.24361097639 69.5401257314453 85.9029410845511 85.5266933956535 89.9267487930091 87.8892561664835 84.0438945132429 87.7056993033671 89.577962264662 89.3628079089602 89.6683961291933
89.7226351660604 92.480090827137 81.0208149157414 89.8870516742964 81.2766754152345 78.4024798202952 84.24361097639 0 84.3596604935146 77.3561561575081 78.30337035426 93.3070784494118 82.7531929436013 84.7228217796405 85.8064254528999 92.5850805549005 87.59539342008 92.1284876371258
85.0392789276784 88.7419825832203 87.1112419990312 84.7761036398105 83.0972525818723 82.5371106149948 69.5401257314453 84.3596604935146 0 85.4888884683092 84.9827740581111 89.5597675354257 87.3630331127546 82.4472817112243 86.8164439909424 88.9298435901867 88.6148957965558 88.8839376307373
90.9628365465767 93.2478263495168 85.2132843168022 90.9908102464763 85.3461292680899 83.6150544197642 85.9029410845511 77.3561561575081 85.4888884683092 0 65.0930706154422 93.3553142327146 76.1226524573644 82.7417264159659 82.2531040517902 92.2991338102187 84.5890451371175 91.5476712027614
90.7953557193797 93.0710708709332 85.7371818055544 90.7924839449393 85.4795778716485 83.785387812752 85.5266933956535 78.30337035426 84.9827740581111 65.0930706154422 0 93.0577464915207 75.9162057459688 81.5313920024931 81.2209091826396 91.9286522463752 83.9575574241376 91.1274292095547
89.1183297544116 87.3719376615789 94.3740130092418 88.2637585971501 92.6792785232803 92.6845169482767 89.9267487930091 93.3070784494118 89.5597675354257 93.3553142327146 93.0577464915207 0 93.7462239095193 90.6861507245123 92.4936594236437 80.6735824457993 93.1073253817829 85.2650098301599
92.1842866903026 94.0999291719611 87.679995898191 92.1523653118793 87.9152188795665 86.6613886269682 87.8892561664835 82.7531929436013 87.3630331127546 76.1226524573644 75.9162057459688 93.7462239095193 0 83.2203522728195 79.4674853533293 92.483618631766 81.5313920024931 91.5113652312059
89.7810867492866 91.8001665676802 88.876137926627 89.5188524779493 87.2302909628742 86.1821018921153 84.0438945132429 84.7228217796405 82.4472817112243 82.7417264159659 81.5313920024931 90.6861507245123 83.2203522728195 0 79.3002428506583 88.8782926667578 82.9046216138994 87.6327844803114
91.9858176056385 93.6477962159136 89.757930848259 91.8169787750636 89.1361436054588 88.1316743187726 87.7056993033671 85.8064254528999 86.8164439909424 82.2531040517902 81.2209091826396 92.4936594236437 79.4674853533293 79.3002428506583 0 90.7234945444751 74.2361152349505 89.2894513429609
90.3355099000554 89.8995924333796 94.074413087684 89.6291938013217 92.4924518848738 92.3229916252629 89.577962264662 92.5850805549005 88.9298435901867 92.2991338102187 91.9286522463752 80.6735824457993 92.483618631766 88.8782926667578 90.7234945444751 0 91.2856097434395 77.5880748104463
93.0129447678025 94.4478958160478 90.9119548206408 92.845813466116 90.5285343740782 89.6651185473723 89.3628079089602 87.59539342008 88.6148957965558 84.5890451371175 83.9575574241376 93.1073253817829 81.5313920024931 82.9046216138994 74.2361152349505 91.2856097434395 0 89.7405273937587
91.2719412952555 91.3797102316597 93.9009291433926 90.6910666535238 92.4701946961019 92.1782601499605 89.6683961291933 92.1284876371258 88.8839376307373 91.5476712027614 91.1274292095547 85.2650098301599 91.5113652312059 87.6327844803114 89.2894513429609 77.5880748104463 89.7405273937587 0
