0 92.4432217006488 86.5662657802988 89.6385877643063 88.9429424097939 88.0198903710459 92.2124400817356 88.8840329755504 94.4668991474323 92.3812891741917 92.3809772818565 90.3985153565124 90.3723113319688 89.8715153788298 93.5967294275131 90.3063912173107 90.8821062851461 94.4884551331768
92.4432217006488 0 91.8101380730803 88.7088962427666 90.0527811932338 93.2834453116058 87.1809971370733 92.2854270650549 87.8025450576794 88.6914254388411 88.7973473856579 91.2904236491447 91.591159353421 93.8946079882559 88.703684545086 92.6172734810397 92.5344953540117 89.5275059129689
86.5662657802988 91.8101380730803 0 83.4107842329724 80.0867687069284 77.4269372455433 88.43141718532 76.3340981236618 91.8483865499745 88.0402758330119 87.9899889902793 82.0727368965748 81.7519106165899 81.8670341320252 90.1156643971466 81.1986876472728 82.7445958873746 91.3608158529667
89.6385877643063 88.7088962427666 83.4107842329724 0 74.1239704853616 86.301340043983 81.3454034114811 83.2299067168234 87.7647878994723 81.1136705287218 81.0843403509302 79.6239007539644 80.6663018213984 87.1509420356761 85.0836550060686 83.8036816657684 83.622091328923 87.2699342686732
88.9429424097939 90.0527811932338 80.0867687069284 74.1239704853616 0 83.8525827295616 84.2737774339689 79.546717201444 89.259475688825 83.6291168545625 83.555965823659 76.3340981236618 77.3210644800103 85.0257367888525 86.8433354074521 80.9615490221713 81.2004909747474 88.6223132959149
88.0198903710459 93.2834453116058 77.4269372455433 86.301340043983 83.8525827295616 0 90.0093808529838 76.8428331489911 92.8790351389602 89.4497994875647 89.3874875404723 83.6009463029101 82.9685825124127 75.5673171147236 91.2177710020825 80.3686374188964 82.3578348697387 92.253746451735
92.2124400817356 87.1809971370733 88.43141718532 81.3454034114811 84.2737774339689 90.0093808529838 0 87.9486437055199 82.1259843966288 72.79025144391 73.447537158823 84.9659509602808 85.6164885122272 90.2807401307034 77.2698104276229 87.7093040585376 87.1861580940907 81.8388559645986
88.8840329755504 92.2854270650549 76.3340981236618 83.2299067168234 79.546717201444 76.8428331489911 87.9486437055199 0 91.4125788780344 87.1561388112382 87.0711757029314 78.2753097867997 77.1491118903225 78.4638216139284 89.3841251356034 73.8955631796452 77.3382020284199 90.6398255405413
94.4668991474323 87.8025450576794 91.8483865499745 87.7647878994723 89.259475688825 92.8790351389602 82.1259843966288 91.4125788780344 0 83.201597050353 83.3513248469073 89.371924760187 89.749542962915 92.9502008954302 78.4158245391634 91.07278128015 90.6080397730269 76.625354376404
92.3812891741917 88.6914254388411 88.0402758330119 81.1136705287218 83.6291168545625 89.4497994875647 72.79025144391 87.1561388112382 83.201597050353 0 50.943337135734 83.5008850021645 84.2337690541042 89.5359213104071 76.6653600734442 86.6008432467928 85.8695443561659 81.4510002480644
92.3809772818565 88.7973473856579 87.9899889902793 81.0843403509302 83.555965823659 89.3874875404723 73.447537158823 87.0711757029314 83.3513248469073 50.943337135734 0 83.3513248469073 84.0926661820089 89.4589779583689 76.867637436573 86.4882050348621 85.7376505077114 81.5313920024931
90.3985153565124 91.2904236491447 82.0727368965748 79.6239007539644 76.3340981236618 83.6009463029101 84.9659509602808 78.2753097867997 89.371924760187 83.5008850021645 83.3513248469073 0 62.846384258355 83.5392759245935 86.6319999030313 76.3767945735918 75.042668369047 88.2688829342483
90.3723113319688 91.591159353421 81.7519106165899 80.6663018213984 77.3210644800103 82.9685825124127 85.6164885122272 77.1491118903225 89.749542962915 84.2337690541042 84.0926661820089 62.846384258355 0 82.7323616654511 87.1269564468328 74.3279020717801 72.8232681585424 88.6573653802525
89.8715153788298 93.8946079882559 81.8670341320252 87.1509420356761 85.0257367888525 75.5673171147236 90.2807401307034 78.4638216139284 92.9502008954302 89.5359213104071 89.4589779583689 83.5392759245935 82.7323616654511 0 91.2086321974556 78.7799461591928 80.788610269172 92.1556516872302
93.5967294275131 88.703684545086 90.1156643971466 85.0836550060686 86.8433354074521 91.2177710020825 77.2698104276229 89.3841251356034 78.4158245391634 76.6653600734442 76.867637436573 86.6319999030313 87.1269564468328 91.2086321974556 0 88.8398492236681 88.1994601982192 74.2809259022727
90.3063912173107 92.6172734810397 81.1986876472728 83.8036816657684 80.9615490221713 80.3686374188964 87.7093040585376 73.8955631796452 91.07278128015 86.6008432467928 86.4882050348621 76.3767945735918 74.3279020717801 78.7799461591928 88.8398492236681 0 68.5841219806553 90.0609875077717
90.8821062851461 92.5344953540117 82.7445958873746 83.622091328923 81.2004909747474 82.3578348697387 87.1861580940907 77.3382020284199 90.6080397730269 85.8695443561659 85.7376505077114 75.042668369047 72.8232681585424 80.788610269172 88.1994601982192 68.5841219806553 0 89.4516367342193
94.4884551331768 89.5275059129689 91.3608158529667 87.2699342686732 88.6223132959149 92.253746451735 81.8388559645986 90.6398255405413 76.625354376404 81.4510002480644 81.5313920024931 88.2688829342483 88.6573653802525 92.1556516872302 74.2809259022727 90.0609875077717 89.4516367342193 0
