0 86.3000751699915 88.0105149591016 86.1703870630815 87.2668975981248 85.6827855927019 87.3242343555791 88.8599595744056 88.3308702790143 89.4497994875647 91.5370777263936 91.5597464763509 91.4929130958581 92.0293255954697 92.3887678784619 91.9611514490137 92.6512559670768 94.4892230145064
86.3000751699915 0 79.7571837034398 90.1513509539906 82.3859648733539 88.7060017795385 83.0196808096236 92.2510072737878 83.4901111510347 86.1821018921153 94.0097315459766 89.6085733910625 90.2375263928769 93.3011458390096 90.1152402208497 91.7990968329191 91.2670895863738 95.6749940588695
88.0105149591016 79.7571837034398 0 89.5275059129689 75.1097422091168 87.6530428368977 76.5063621434069 91.6978114468493 75.4355623072687 80.943337135734 93.3699935021867 86.3653649600743 87.4337634765958 92.0817683251089 86.9866778667631 89.77028975955 88.6956220610709 94.7571957958678
86.1703870630815 90.1513509539906 89.5275059129689 0 87.8497272528937 75.6517947909944 87.59539342008 78.8892852932303 88.4877488243501 88.4081222350343 85.2585829776085 89.3874875404723 88.5603608111481 86.082168991845 90.6676799053077 87.7566541954257 90.0897491614743 90.2868064031166
87.2668975981248 82.3859648733539 75.1097422091168 87.8497272528937 0 85.460580166863 60.4857622301273 90.3778134093728 69.5832953363416 77.7647878994723 92.253746451735 84.8667886893461 85.7520263726057 90.7732816823207 86.0621707455228 88.2511598923979 87.5077070482924 93.8200110484754
85.6827855927019 88.7060017795385 87.6530428368977 75.6517947909944 85.460580166863 0 85.104734380879 83.1155436921792 86.2504555155506 86.15968094529 87.2205129353375 87.6702154849934 86.8570680165657 86.4703589644249 89.1856404872551 86.59701795647 88.7479504643512 90.8631397566968
87.3242343555791 83.0196808096236 76.5063621434069 87.59539342008 60.4857622301273 85.104734380879 0 90.1677105739536 69.5473285544735 76.9639370490137 92.0616729172225 84.4632316900903 85.322427491129 90.5093430178658 85.7849113793878 87.8955263247855 87.1912430595679 93.6340279690138
88.8599595744056 92.2510072737878 91.6978114468493 78.8892852932303 90.3778134093728 83.1155436921792 90.1677105739536 0 90.7935579568294 90.5400714647202 80.0114924027001 90.8661526481651 89.9558645301597 84.7013192710153 91.9577358437281 88.5153184692968 91.1374082159229 88.5388751030117
88.3308702790143 83.4901111510347 75.4355623072687 88.4877488243501 69.5832953363416 86.2504555155506 69.5473285544735 90.7935579568294 0 74.6965744653659 92.4975943429175 83.6893191932377 84.9612859721947 90.8190154851112 84.8440700355799 87.9221272471118 86.706750637792 93.8322097042987
89.4497994875647 86.1821018921153 80.943337135734 88.4081222350343 77.7647878994723 86.15968094529 76.9639370490137 90.5400714647202 74.6965744653659 0 92.0777566753872 79.8920337031866 81.8670341320252 89.895904667183 81.8810549507213 86.0661777685526 84.1979522849166 93.1352515379138
91.5370777263936 94.0097315459766 93.3699935021867 85.2585829776085 92.253746451735 87.2205129353375 92.0616729172225 80.0114924027001 92.4975943429175 92.0777566753872 0 91.8670341320252 90.8979340019447 83.2222041818708 92.7993252415572 88.9738092406453 91.7537032449553 85.3208427639379
91.5597464763509 89.6085733910625 86.3653649600743 89.3874875404723 84.8667886893461 87.6702154849934 84.4632316900903 90.8661526481651 83.6893191932377 79.8920337031866 91.8670341320252 0 73.2478263495168 88.7737928568809 73.447537158823 82.6459542896836 76.1328067241112 92.099442252477
91.4929130958581 90.2375263928769 87.4337634765958 88.5603608111481 85.7520263726057 86.8570680165657 85.322427491129 89.9558645301597 84.9612859721947 81.8670341320252 90.8979340019447 73.2478263495168 0 87.210845672568 78.6957997331364 79.0724707021626 74.7220652024796 91.0480328336979
92.0293255954697 93.3011458390096 92.0817683251089 86.082168991845 90.7732816823207 86.4703589644249 90.5093430178658 84.7013192710153 90.8190154851112 89.895904667183 83.2222041818708 88.7737928568809 87.210845672568 0 89.9448227429275 83.3288160125473 88.1384889545057 83.2631274040491
92.3887678784619 90.1152402208497 86.9866778667631 90.6676799053077 86.0621707455228 89.1856404872551 85.7849113793878 91.9577358437281 84.8440700355799 81.8810549507213 92.7993252415572 73.447537158823 78.6957997331364 89.9448227429275 0 84.6168963459942 77.1295196810177 92.7913867059264
91.9611514490137 91.7990968329191 89.77028975955 87.7566541954257 88.2511598923979 86.59701795647 87.8955263247855 88.5153184692968 87.9221272471118 86.0661777685526 88.9738092406453 82.6459542896836 79.0724707021626 83.3288160125473 84.6168963459942 0 80.7108580276838 88.5369933522933
92.6512559670768 91.2670895863738 88.6956220610709 90.0897491614743 87.5077070482924 88.7479504643512 87.1912430595679 91.1374082159229 86.706750637792 84.1979522849166 91.7537032449553 76.1328067241112 74.7220652024796 88.1384889545057 77.1295196810177 80.7108580276838 0 91.3323086507444
94.4892230145064 95.6749940588695 94.7571957958678 90.2868064031166 93.8200110484754 90.8631397566968 93.6340279690138 88.5388751030117 93.8322097042987 93.1352515379138 85.3208427639379 92.099442252477 91.0480328336979 83.2631274040491 92.7913867059264 88.5369933522933 91.3323086507444 0
