0 85.6282873808047 88.6848557252811 85.2068228736091 92.3488023116795 89.1477203488251 90.6234942756704 92.532086120294 92.1931410935974 91.3036344422995 93.3433293839828 91.1011246996244 92.4957863074959 91.9280437922403 91.8733636075504 92.0225561375968 92.3188849853319 94.5577822165973
85.6282873808047 0 91.3769599159453 84.3872598725851 93.7144238338482 88.1701315972409 86.6917490863679 93.201597050353 92.6884590094472 90.6902958548309 94.0073567931689 88.8228983685733 92.7805897161898 91.1170099712693 90.651912514642 90.5299314062634 89.5402959722001 94.8158112493073
88.6848557252811 91.3769599159453 0 86.6813329578914 83.278629078568 86.4265947852615 90.9193850103386 85.2408599357581 85.2011048791725 87.0711757029314 86.640414863136 89.6479614516232 86.2118970069928 88.1050406143326 88.8171747186246 89.4301536759735 91.5273000914601 89.4005173154006
85.2068228736091 84.3872598725851 86.6813329578914 0 90.0957556531296 80.808315204768 84.7904545651168 89.3456530853151 88.5809065134141 85.8737330189105 90.5716502171823 84.9796890336395 88.8108513571896 86.8784130290517 86.5779387968515 86.7707867926468 87.4697870392829 91.8670341320252
92.3488023116795 93.7144238338482 83.278629078568 90.0957556531296 0 88.3666599593055 92.1335934612592 78.9943871365467 81.1136705287218 86.9885904107446 79.2684262627964 90.4333493363634 82.5895778249719 87.6268075953525 88.7284672531233 89.4366174335929 92.0215398082145 84.7365950717823
89.1477203488251 88.1701315972409 86.4265947852615 80.808315204768 88.3666599593055 0 83.2870070553437 86.4709917627989 85.1675938994461 78.9031990533661 88.0908247429846 79.7194565116922 85.1975277566723 80.9082988475294 80.4857622301273 81.2000576853534 84.5850934634402 89.3989641577555
90.6234942756704 86.6917490863679 90.9193850103386 84.7904545651168 92.1335934612592 83.2870070553437 0 90.6695305263302 89.8343433899972 85.7217818991216 91.6199132632535 78.607465606858 89.6385877643063 85.7620612388407 84.2674017572818 83.4206154648313 78.4725852258738 92.0911144554496
92.532086120294 93.201597050353 85.2408599357581 89.3456530853151 78.9943871365467 86.4709917627989 90.6695305263302 0 69.9636825899252 83.5392759245935 72.9619685948987 88.3886138704597 73.447537158823 84.1323142820089 85.796625097896 86.7594207960546 90.203433382173 81.1303421223965
92.1931410935974 92.6884590094472 85.2011048791725 88.5809065134141 81.1136705287218 85.1675938994461 89.8343433899972 69.9636825899252 0 81.4977288538994 77.2169957016613 87.2794598332928 67.5991507773506 82.2945711632888 84.2979161426279 85.4364244845717 89.3255293548103 82.1110737927082
91.3036344422995 90.6902958548309 87.0711757029314 85.8737330189105 86.9885904107446 78.9031990533661 85.7217818991216 83.5392759245935 81.4977288538994 0 85.488011135101 81.0165466649615 80.8378353124009 69.6356543330438 74.3594261277685 77.4754622734875 84.8911586008686 86.6136007973246
93.3433293839828 94.0073567931689 86.640414863136 90.5716502171823 79.2684262627964 88.0908247429846 91.6199132632535 72.9619685948987 77.2169957016613 85.488011135101 0 89.545991747652 77.877659899843 85.7668351693441 87.1768639511139 87.9790581999169 91.0641131310442 78.3300703726708
91.1011246996244 88.8228983685733 89.6479614516232 84.9796890336395 90.4333493363634 79.7194565116922 78.607465606858 88.3886138704597 87.2794598332928 81.0165466649615 89.545991747652 0 86.921385559777 80.788610269172 77.8705125246268 76.1677794707972 77.3097485569049 90.0330101399179
92.4957863074959 92.7805897161898 86.2118970069928 88.8108513571896 82.5895778249719 85.1975277566723 89.6385877643063 73.447537158823 67.5991507773506 80.8378353124009 77.877659899843 86.921385559777 0 81.3176021151403 83.5577003604898 84.7635075614827 88.9340041256855 81.3176021151403
91.9280437922403 91.1170099712693 88.1050406143326 86.8784130290517 87.6268075953525 80.9082988475294 85.7620612388407 84.1323142820089 82.2945711632888 69.6356543330438 85.7668351693441 80.788610269172 81.3176021151403 0 70.6930537468106 75.0930706154422 84.2610498711297 86.3691018983393
91.8733636075504 90.651912514642 88.8171747186246 86.5779387968515 88.7284672531233 80.4857622301273 84.2674017572818 85.796625097896 84.2979161426279 74.3594261277685 87.1768639511139 77.8705125246268 83.5577003604898 70.6930537468106 0 67.3111723621403 82.21762491425 87.5915696560168
92.0225561375968 90.5299314062634 89.4301536759735 86.7707867926468 89.4366174335929 81.2000576853534 83.4206154648313 86.7594207960546 85.4364244845717 77.4754622734875 87.9790581999169 76.1677794707972 84.7635075614827 75.0930706154422 67.3111723621403 0 80.5794644148835 88.2382248275296
92.3188849853319 89.5402959722001 91.5273000914601 87.4697870392829 92.0215398082145 84.5850934634402 78.4725852258738 90.203433382173 89.3255293548103 84.8911586008686 91.0641131310442 77.3097485569049 88.9340041256855 84.2610498711297 82.21762491425 80.5794644148835 0 91.1710132366035
94.5577822165973 94.8158112493073 89.4005173154006 91.8670341320252 84.7365950717823 89.3989641577555 92.0911144554496 81.1303421223965 82.1110737927082 86.6136007973246 78.3300703726708 90.0330101399179 81.3176021151403 86.3691018983393 87.5915696560168 88.2382248275296 91.1710132366035 0
