0 83.440211413787 81.3295387552311 82.420100378145 83.778610784351 89.2716184311276 88.6328237213332 87.3082160992677 88.8504100090108 88.447649622336 89.5033716757062 89.0112398515747 88.8567341753854 90.1964580507305 89.9769504982872 90.4591405847679 89.941542160005 90.8378353124009
83.440211413787 0 87.0520671395345 77.8275353557611 83.2222041818708 91.7017253954809 90.9418688894597 83.4984742639294 85.2003092693599 89.7170505944318 85.7505909256189 90.1871639077538 87.9538334430254 87.4879904709355 87.6457956664753 91.3863823274932 89.2099150544927 88.3572170605267
81.3295387552311 87.0520671395345 0 84.4651623168477 82.7273505510716 84.8349979793794 83.7650752644207 87.3985422847928 88.9042214225407 84.3872598725851 89.6829336831675 85.1986793407167 87.0520671395345 89.8335513566863 89.3406308877979 87.2699342686732 88.1008643039626 90.4103155081914
82.420100378145 77.8275353557611 84.4651623168477 0 76.5304228410657 89.9152079015356 88.9079197290868 80.2119042252309 83.2910400873432 87.1716919309492 84.4399969767003 87.7935849867912 85.0930706154422 85.8246120982086 85.6562542463234 89.3406308877979 86.8148321182775 86.8817337465467
83.778610784351 83.2222041818708 82.7273505510716 76.5304228410657 0 88.1647383903082 86.8149256060654 79.7799514872702 83.051870788883 84.1779208042287 84.5093314929837 85.0325173442018 81.9401435468265 85.0070354904267 84.3557033681209 87.0838681956062 84.2737774339689 86.0715147213828
89.2716184311276 91.7017253954809 84.8349979793794 89.9152079015356 88.1647383903082 0 72.2895459087888 90.5589717593547 91.3844210101952 82.5269620566865 91.9776111095617 82.4600994442045 88.3658738348 91.5597464763509 90.9589436621598 83.323798167022 88.5241253582302 91.8483865499745
88.6328237213332 90.9418688894597 83.7650752644207 88.9079197290868 86.8149256060654 72.2895459087888 0 89.4679758294386 90.3767397338812 79.4000503740941 91.0376352992819 79.4673797467775 86.8850899801353 90.5596158765242 89.8828809001934 81.3225952049596 87.1099020067695 90.8842560854995
87.3082160992677 83.4984742639294 87.3985422847928 80.2119042252309 79.7799514872702 90.5589717593547 89.4679758294386 0 73.2478263495168 86.8506411936609 77.0071507868401 87.3391980024683 81.3769599159453 79.3818913619656 79.3002428506583 88.6230543495502 83.6150544197642 81.4741215705682
88.8504100090108 85.2003092693599 88.9042214225407 83.2910400873432 83.051870788883 91.3844210101952 90.3767397338812 73.2478263495168 0 87.8461841608603 68.5776170713634 88.2097943381431 82.1259843966288 74.8172353991213 76.3715914053258 89.2021401250958 83.7491208394148 78.0360367454923
88.447649622336 89.7170505944318 84.3872598725851 87.1716919309492 84.1779208042287 82.5269620566865 79.4000503740941 86.8506411936609 87.8461841608603 0 88.6848557252811 65.0930706154422 82.240236057727 87.8673994840703 86.8982993539898 76.8092101824516 82.5057990397075 88.251967056199
89.5033716757062 85.7505909256189 89.6829336831675 84.4399969767003 84.5093314929837 91.9776111095617 91.0376352992819 77.0071507868401 68.5776170713634 88.6848557252811 0 88.9976660170554 83.4984742639294 74.6354957098355 77.4269372455433 89.8559233047754 84.7200415290772 77.3975598292249
89.0112398515747 90.1871639077538 85.1986793407167 87.7935849867912 85.0325173442018 82.4600994442045 79.4673797467775 87.3391980024683 88.2097943381431 65.0930706154422 88.9976660170554 0 82.6751998198568 88.1142143850042 87.1530214921769 74.2066957450215 82.6017133826353 88.4383813744954
88.8567341753854 87.9538334430254 87.0520671395345 85.0930706154422 81.9401435468265 88.3658738348 86.8850899801353 81.3769599159453 82.1259843966288 82.240236057727 83.4984742639294 82.6751998198568 0 81.4702765549837 79.2684262627964 84.1613919743094 71.9124372658146 82.2305599791183
90.1964580507305 87.4879904709355 89.8335513566863 85.8246120982086 85.0070354904267 91.5597464763509 90.5596158765242 79.3818913619656 74.8172353991213 87.8673994840703 74.6354957098355 88.1142143850042 81.4702765549837 0 68.7966354858417 88.8426679450515 82.3546980369414 68.103370572082
89.9769504982872 87.6457956664753 89.3406308877979 85.6562542463234 84.3557033681209 90.9589436621598 89.8828809001934 79.3002428506583 76.3715914053258 86.8982993539898 77.4269372455433 87.1530214921769 79.2684262627964 68.7966354858417 0 87.9347740096789 80.3134982103822 71.9124372658146
90.4591405847679 91.3863823274932 87.2699342686732 89.3406308877979 87.0838681956062 83.323798167022 81.3225952049596 88.6230543495502 89.2021401250958 76.8092101824516 89.8559233047754 74.2066957450215 84.1613919743094 88.8426679450515 87.9347740096789 0 83.381156296672 89.0112398515747
89.941542160005 89.2099150544927 88.1008643039626 86.8148321182775 84.2737774339689 88.5241253582302 87.1099020067695 83.6150544197642 83.7491208394148 82.5057990397075 84.7200415290772 82.6017133826353 71.9124372658146 82.3546980369414 80.3134982103822 83.381156296672 0 82.5868656935784
90.8378353124009 88.3572170605267 90.4103155081914 86.8817337465467 86.0715147213828 91.8483865499745 90.8842560854995 81.4741215705682 78.0360367454923 88.251967056199 77.3975598292249 88.4383813744954 82.2305599791183 68.103370572082 71.9124372658146 89.0112398515747 82.5868656935784 0
