0 89.8781805979189 88.1465843099084 75.6854997764966 91.557861926606 83.8414555269102 84.3616377049391 84.5016820945834 87.3867381239972 90.4063856856688 93.3838806213035 89.4221471101878 90.0692771132551 91.6121845670317 88.8707549940815 91.2103036955156 90.7683108277111 94.0065149467783
89.8781805979189 0 75.3681348263785 90.843616123437 81.3769599159453 88.2543876478932 88.0377328770581 90.4294226344984 92.2124400817356 87.5348899451403 87.929561432755 89.3818913619656 88.9724420299244 88.2106092259997 90.7750878561122 88.4784017056437 89.0724707021626 90.2528274474093
88.1465843099084 75.3681348263785 0 89.2543527807476 82.9953807752155 86.1350517739506 85.891837352535 88.8228983685733 90.9680216370173 86.5698338578532 88.4135689102503 88.1441028634154 87.8744482903554 87.6910302758883 89.5317156500199 87.7647878994723 88.170498810619 90.3708563400322
75.6854997764966 90.843616123437 89.2543527807476 0 92.0404721836635 83.1155436921792 83.760486836007 82.1654959184623 85.2003092693599 90.2563899499508 93.5165222667104 88.8030383870541 89.6338933227531 91.4929130958581 87.753034320393 91.0054295411106 90.4103155081914 93.952985601788
91.557861926606 81.3769599159453 82.9953807752155 92.0404721836635 0 88.8482999054051 88.5392602221938 90.7501868793672 92.1939186474548 84.7544879428325 82.4447587542196 88.0402758330119 87.1185824845969 84.6595564074942 90.0415708322431 85.5039593802835 86.7923005771085 86.5507701462811
83.8414555269102 88.2543876478932 86.1350517739506 83.1155436921792 88.8482999054051 0 60.943337135734 77.3382020284199 83.6337942323103 85.2279248708898 90.48383160337 82.9518421166448 84.2717598056775 87.3242343555791 82.5868656935784 86.5364172448041 85.6149767954249 91.0131290414768
84.3616377049391 88.0377328770581 85.891837352535 83.760486836007 88.5392602221938 60.943337135734 0 78.1200421657566 83.8924062417859 84.6871541162429 90.1912970937131 82.3859648733539 83.7262992166468 86.9027061984258 82.3105428072981 86.082168991845 85.1362843532686 90.738820882775
84.5016820945834 90.4294226344984 88.8228983685733 82.1654959184623 90.7501868793672 77.3382020284199 78.1200421657566 0 78.2511598923979 87.0605702158074 91.758250420991 83.9536370923738 85.5673171147236 88.7262970466224 81.3096260893556 87.9165025530579 86.804707388042 91.9283899677472
87.3867381239972 92.2124400817356 90.9680216370173 85.2003092693599 92.1939186474548 83.6337942323103 83.8924062417859 78.2511598923979 0 88.4407002914246 92.6488877209461 85.1626652685191 86.706750637792 89.7170505944318 81.2209091826396 88.9180900111074 87.7285209261352 92.4808762002859
90.4063856856688 87.5348899451403 86.5698338578532 90.2563899499508 84.7544879428325 85.2279248708898 84.6871541162429 87.0605702158074 88.4407002914246 0 84.3398387118709 78.7966354858417 74.9227372224544 73.9536370923738 83.9405886754904 70.8110544783965 73.447537158823 84.752681769041
93.3838806213035 87.929561432755 88.4135689102503 93.5165222667104 82.4447587542196 90.48383160337 90.1912970937131 91.758250420991 92.6488877209461 84.3398387118709 0 87.9399803377578 86.6440941889501 82.022217387562 90.094168152246 83.7331583043885 85.6562542463234 78.7966354858417
89.4221471101878 89.3818913619656 88.1441028634154 88.8030383870541 88.0402758330119 82.9518421166448 82.3859648733539 83.9536370923738 85.1626652685191 78.7966354858417 87.9399803377578 0 70.943337135734 81.9401435468265 76.9639370490137 79.8251320749173 75.9948369189331 87.6476512293401
90.0692771132551 88.9724420299244 87.8744482903554 89.6338933227531 87.1185824845969 84.2717598056775 83.7262992166468 85.5673171147236 86.706750637792 74.9227372224544 86.6440941889501 70.943337135734 0 79.0724707021626 80.4078597858648 75.9539297579115 69.2684262627964 86.301340043983
91.6121845670317 88.2106092259997 87.6910302758883 91.4929130958581 84.6595564074942 87.3242343555791 86.9027061984258 88.7262970466224 89.7170505944318 73.9536370923738 82.022217387562 81.9401435468265 79.0724707021626 0 85.7749292329038 68.7966354858417 76.3340981236618 81.8069354424815
88.8707549940815 90.7750878561122 89.5317156500199 87.753034320393 90.0415708322431 82.5868656935784 82.3105428072981 81.3096260893556 81.2209091826396 83.9405886754904 90.094168152246 76.9639370490137 80.4078597858648 85.7749292329038 0 84.4555005891274 82.2787262194362 89.7158984668699
91.2103036955156 88.4784017056437 87.7647878994723 91.0054295411106 85.5039593802835 86.5364172448041 86.082168991845 87.9165025530579 88.9180900111074 70.8110544783965 83.7331583043885 79.8251320749173 75.9539297579115 68.7966354858417 84.4555005891274 0 71.6251957531956 83.2910400873432
90.7683108277111 89.0724707021626 88.170498810619 90.4103155081914 86.7923005771085 85.6149767954249 85.1362843532686 86.804707388042 87.7285209261352 73.447537158823 85.6562542463234 75.9948369189331 69.2684262627964 76.3340981236618 82.2787262194362 71.6251957531956 0 85.015546065008
94.0065149467783 90.2528274474093 90.3708563400322 93.952985601788 86.5507701462811 91.0131290414768 90.738820882775 91.9283899677472 92.4808762002859 84.752681769041 78.7966354858417 87.6476512293401 86.301340043983 81.8069354424815 89.7158984668699 83.2910400873432 85.015546065008 0
