0 82.7417264159659 85.9140164997191 91.6451939995178 89.1176685768479 90.2633922189522 90.0543803137744 94.9435334863856 92.3499110920091 92.0072861670383 93.3699935021867 93.9418952827767 95.4864284944238 95.6398568949482 95.4449530668177 95.4657779674722 93.7816672438641 95.8603110780101
82.7417264159659 0 84.8172353991213 88.6731516391837 87.8461841608603 89.6928134621625 90.3980229870522 93.087801592918 90.7542785419679 90.7356330659556 91.9587458613175 92.7114819424818 94.0477482468551 94.2696835792093 94.1163595532071 94.211425304284 93.1655024085793 94.6282949216294
85.9140164997191 84.8172353991213 0 87.3431796161499 78.9021373091748 82.6243399685091 83.9968508302003 91.8257614708497 86.8901684654195 86.0715147213828 88.6797390683343 89.5914134259955 92.2262770550946 92.4096799683607 92.0741413089957 92.0592264618269 89.3889793988947 92.6517747864473
91.6451939995178 88.6731516391837 87.3431796161499 0 85.8987805111985 87.7991470682279 90.1241649821559 85.0964100579897 83.5966650643673 85.4673355948484 85.2585829776085 86.8092101824516 87.6627400576101 88.1925494825698 88.0847458772795 88.4540232668849 89.6409060687653 89.101372645686
89.1176685768479 87.8461841608603 78.9021373091748 85.8987805111985 0 76.1498033646345 82.045866309268 90.280234225313 82.8679032260065 81.1136705287218 85.4535216572886 86.6604254538209 90.3830847844119 90.5666994337662 90.1000611818717 90.0317708740415 86.443630067488 90.7844771203441
90.2633922189522 89.6928134621625 82.6243399685091 87.7991470682279 76.1498033646345 0 77.9451910462034 90.835479774428 83.2834453116058 80.3287794286874 85.2409568511153 86.0777061928933 90.4401640436861 90.539950838469 89.9834559717079 89.7975147868434 84.2434141444616 90.5779097369011
90.0543803137744 90.3980229870522 83.9968508302003 90.1241649821559 82.045866309268 77.9451910462034 0 92.5931079068429 86.9697734298386 85.0274329204183 88.1383073018398 88.5663707686117 92.1456175379413 92.193943955522 91.7057147831147 91.5011186781507 86.016700008551 92.1400512706782
94.9435334863856 93.087801592918 91.8257614708497 85.0964100579897 90.280234225313 90.835479774428 92.5931079068429 0 86.1712806821039 87.9607434601061 85.322427491129 85.8541512699659 80.2517972749855 81.6043004536617 82.569728325609 83.7893805921602 89.954353251986 83.9794092526272
92.3499110920091 90.7542785419679 86.8901684654195 83.5966650643673 82.8679032260065 83.2834453116058 86.9697734298386 86.1712806821039 0 73.5446921485702 74.3286575027924 78.8081859527709 85.6562542463234 85.952559527637 85.1544384336684 85.0947406576928 83.6477962159136 86.3653649600743
92.0072861670383 90.7356330659556 86.0715147213828 85.4673355948484 81.1136705287218 80.3287794286874 85.0274329204183 87.9607434601061 73.5446921485702 0 77.9762509169206 80.1964580507305 87.190425578947 87.3478786676943 86.5586337613998 86.3430144439562 81.7235445486328 87.480521268707
93.3699935021867 91.9587458613175 88.6797390683343 85.2585829776085 85.4535216572886 85.2409568511153 88.1383073018398 85.322427491129 74.3286575027924 77.9762509169206 0 71.4741215705682 83.5204826293605 83.7394055577308 82.531792116774 82.2823074581765 82.6600422898475 84.0209838598888
93.9418952827767 92.7114819424818 89.5914134259955 86.8092101824516 86.6604254538209 86.0777061928933 88.5663707686117 85.8541512699659 78.8081859527709 80.1964580507305 71.4741215705682 0 82.9729489917944 82.9445150482509 81.3698363355775 80.6686447375327 81.4756406766245 82.7297766252993
95.4864284944238 94.0477482468551 92.2262770550946 87.6627400576101 90.3830847844119 90.4401640436861 92.1456175379413 80.2517972749855 85.6562542463234 87.190425578947 83.5204826293605 82.9729489917944 0 64.9227372224544 70.9865508735604 75.042668369047 88.0428173008416 74.8349979793794
95.6398568949482 94.2696835792093 92.4096799683607 88.1925494825698 90.5666994337662 90.539950838469 92.193943955522 81.6043004536617 85.952559527637 87.3478786676943 83.7394055577308 82.9445150482509 64.9227372224544 0 68.103370572082 72.9845369622933 87.8814856746282 71.5879170280032
95.4449530668177 94.1163595532071 92.0741413089957 88.0847458772795 90.1000611818717 89.9834559717079 91.7057147831147 82.569728325609 85.1544384336684 86.5586337613998 82.531792116774 81.3698363355775 70.9865508735604 68.103370572082 0 66.5063621434069 86.9476203930553 69.9742370056535
95.4657779674722 94.211425304284 92.0592264618269 88.4540232668849 90.0317708740415 89.7975147868434 91.5011186781507 83.7893805921602 85.0947406576928 86.3430144439562 82.2823074581765 80.6686447375327 75.042668369047 72.9845369622933 66.5063621434069 0 86.3152293981705 69.2684262627964
93.7816672438641 93.1655024085793 89.3889793988947 89.6409060687653 86.443630067488 84.2434141444616 86.016700008551 89.954353251986 83.6477962159136 81.7235445486328 82.6600422898475 81.4756406766245 88.0428173008416 87.8814856746282 86.9476203930553 86.3152293981705 0 87.3152313572216
95.8603110780101 94.6282949216294 92.6517747864473 89.101372645686 90.7844771203441 90.5779097369011 92.1400512706782 83.9794092526272 86.3653649600743 87.480521268707 84.0209838598888 82.7297766252993 74.8349979793794 71.5879170280032 69.9742370056535 69.2684262627964 87.3152313572216 0
