0 84.8065428746745 81.8810549507213 89.5537714935821 85.7634929002411 89.4467356815688 89.1787314723026 85.1478457267947 90.8917938507383 88.7716451877599 90.4823830698686 89.7793837449569 90.0013255263579 90.2987323118975 92.5651493727875 89.9999339109254 92.4848369345495 91.3465909277313
84.8065428746745 0 87.3272312123874 82.1634342415343 89.6356543330438 82.0727368965748 81.6658361118692 86.6545999065771 85.6129085565015 89.7634567520006 86.3453801341546 88.2195629154254 88.0467453185858 90.7421089363528 88.5864154801242 88.3722068092407 88.5843509004963 88.1901910181076
81.8810549507213 87.3272312123874 0 91.0350801597335 77.4658005457673 90.3094797554861 89.9491930022336 79.0051368755729 91.1244002224492 84.1239704853616 89.9130061550656 87.4716001613441 88.0120182449425 86.6724566661843 92.530846106797 87.7856696212063 92.3578348697387 90.4078597858648
89.5537714935821 82.1634342415343 91.0350801597335 0 92.5390128138587 76.9364436823772 78.3804555153598 90.1740880057004 82.6017133826353 92.10006427986 86.214209965447 89.9319183258599 89.546717201444 92.6318461728296 86.108690874692 89.966086340479 86.4234354298542 88.2188864642982
85.7634929002411 89.6356543330438 77.4658005457673 92.5390128138587 0 91.7916013027084 91.4668131279807 81.3769599159453 92.2998292642787 82.6488877209461 90.9645655979856 87.9685041101155 88.6136198033227 85.4502409930709 93.4150644111942 88.2573731201485 93.2245163771025 91.1655581808111
89.4467356815688 82.0727368965748 90.3094797554861 76.9364436823772 91.7916013027084 0 63.9536370923738 88.9187822793513 77.2548174291737 90.867104733722 82.5570171580838 87.9208598774116 87.373661831245 91.3494911039355 83.4545261093906 87.9357860087722 83.6663955797549 85.4550587108594
89.1787314723026 81.6658361118692 89.9491930022336 78.3804555153598 91.4668131279807 63.9536370923738 0 88.4391544843896 77.0974788681866 90.4673865315043 81.7711908388985 87.3719376615789 86.8007938782612 90.9715233300771 83.4855512862559 87.3935764208682 83.6009463029101 84.9192614761152
85.1478457267947 86.6545999065771 79.0051368755729 90.1740880057004 81.3769599159453 88.9187822793513 88.4391544843896 0 89.4369008966001 79.9742370056535 87.4716001613441 83.3588019416995 84.2373362819774 83.4367770766523 90.91551066797 83.8579823352345 90.6607330446118 87.8770886459859
90.8917938507383 85.6129085565015 91.1244002224492 82.6017133826353 92.2998292642787 77.2548174291737 77.0974788681866 89.4369008966001 0 90.8485469084354 79.0726374075102 87.1412152277936 86.3653649600743 91.0738170968863 77.8452979360192 87.0605702158074 78.0541892070121 82.6353805546293
88.7716451877599 89.7634567520006 84.1239704853616 92.10006427986 82.6488877209461 90.867104733722 90.4673865315043 79.9742370056535 90.8485469084354 0 88.6548006238839 82.8522543049557 84.1450873009973 74.7944570298258 91.7680528359878 83.2772563645892 91.4702765549837 88.3564292247297
90.4823830698686 86.3453801341546 89.9130061550656 86.214209965447 90.9645655979856 82.5570171580838 81.7711908388985 87.4716001613441 79.0726374075102 88.6548006238839 0 82.9845369622933 81.6030948636426 88.7339937864248 81.3933695878918 82.7887808780474 80.4761005024071 74.598216984643
89.7793837449569 88.2195629154254 87.4716001613441 89.9319183258599 87.9685041101155 87.9208598774116 87.3719376615789 83.3588019416995 87.1412152277936 82.8522543049557 82.9845369622933 0 67.0386089634974 82.4578907335963 88.0915079292114 58.8070347577637 87.59539342008 81.8211513138294
90.0013255263579 88.0467453185858 88.0120182449425 89.546717201444 88.6136198033227 87.373661831245 86.8007938782612 84.2373362819774 86.3653649600743 84.1450873009973 81.6030948636426 67.0386089634974 0 83.7808709690593 87.3031982537424 64.9227372224544 86.7527928120318 80.0731906247827
90.2987323118975 90.7421089363528 86.6724566661843 92.6318461728296 85.4502409930709 91.3494911039355 90.9715233300771 83.4367770766523 91.0738170968863 74.7944570298258 88.7339937864248 82.4578907335963 83.7808709690593 0 91.7398519064725 82.7417264159659 91.4117079325769 88.0791014119478
92.5651493727875 88.5864154801242 92.530846106797 86.108690874692 93.4150644111942 83.4545261093906 83.4855512862559 90.91551066797 77.8452979360192 91.7680528359878 81.3933695878918 88.0915079292114 87.3031982537424 91.7398519064725 0 87.9330371790942 64.2276770563605 82.668079690873
89.9999339109254 88.3722068092407 87.7856696212063 89.966086340479 88.2573731201485 87.9357860087722 87.3935764208682 83.8579823352345 87.0605702158074 83.2772563645892 82.7887808780474 58.8070347577637 64.9227372224544 82.7417264159659 87.9330371790942 0 87.4187331231924 81.3881785135291
92.4848369345495 88.5843509004963 92.3578348697387 86.4234354298542 93.2245163771025 83.6663955797549 83.6009463029101 90.6607330446118 78.0541892070121 91.4702765549837 80.4761005024071 87.59539342008 86.7527928120318 91.4117079325769 64.2276770563605 87.4187331231924 0 81.6251957531956
91.3465909277313 88.1901910181076 90.4078597858648 88.2188864642982 91.1655581808111 85.4550587108594 84.9192614761152 87.8770886459859 82.6353805546293 88.3564292247297 74.598216984643 81.8211513138294 80.0731906247827 88.0791014119478 82.668079690873 81.3881785135291 81.6251957531956 0
