0 80.8110544783965 88.2390343987537 82.79025144391 84.8615063718665 90.9628365465767 89.9573754039865 91.2066265229575 88.725573403395 88.7630438748595 93.2429697555283 92.7460299124228 93.4941315600098 91.0501520670485 91.2310824007349 91.5474427111058 93.2483372541487 93.9996448957037
80.8110544783965 0 89.4098004215052 80.943337135734 82.5659932787142 91.6359469985815 89.5027665980572 91.2489295886456 86.4736672977584 86.6685681142304 93.4301795358888 92.741439364522 93.622091328923 88.1142143850042 88.4011093146316 88.8605309694868 92.9899622532162 93.9312131351764
88.2390343987537 89.4098004215052 0 85.6635841127368 85.7376505077114 79.6239007539644 83.2478263495168 82.7273505510716 87.5803463896305 87.2840773906087 86.4602762870063 85.9785202629748 87.0849242308258 92.1759718947623 92.1909869763611 92.3295643547506 87.694702180414 88.4761028375782
82.79025144391 80.943337135734 85.6635841127368 0 71.4741215705682 88.7168802665761 85.5927014269514 88.0941738426833 82.7417264159659 82.7531929436013 91.0755025319784 90.1804390796997 91.3295387552311 88.1308444831307 88.2905355522908 88.655297095127 90.5906463462703 91.7629277987388
84.8615063718665 82.5659932787142 85.7376505077114 71.4741215705682 0 88.4638216139284 84.3279020717801 87.3975598292249 79.9850808185757 79.9850808185757 90.6234942756704 89.5765657369386 90.857813115772 87.202632062897 87.3382020284199 87.7057282253135 89.8781805979189 91.2135696816211
90.9628365465767 91.6359469985815 79.6239007539644 88.7168802665761 88.4638216139284 0 83.5008850021645 79.0724707021626 88.9669688788295 88.6665542029632 81.6177655634978 81.9124372658146 82.764629276264 93.0811701290871 93.051870788883 93.1231312641309 85.0274329204183 85.289026176076
89.9573754039865 89.5027665980572 83.2478263495168 85.5927014269514 84.3279020717801 83.5008850021645 0 78.0360367454923 82.9023336598264 82.2595237792253 85.2408599357581 82.8522543049557 85.5447953106515 89.7158984668699 89.6426912422026 89.7137603970278 83.4107842329724 85.9866862537587
91.2066265229575 91.2489295886456 82.7273505510716 88.0941738426833 87.3975598292249 79.0724707021626 78.0360367454923 0 86.8249332995649 86.4210841896122 80.4761005024071 76.9639370490137 81.2004909747474 91.6951556819209 91.6251957531956 91.6627836554618 80.4905850455247 82.79025144391
88.725573403395 86.4736672977584 87.5803463896305 82.7417264159659 79.9850808185757 88.9669688788295 82.9023336598264 86.8249332995649 0 59.9742370056535 90.1152402208497 88.7205045218303 90.2380372975089 84.6280655201376 84.5869706818913 84.8532501572477 88.47226868458 90.2313908446669
88.7630438748595 86.6685681142304 87.2840773906087 82.7531929436013 79.9850808185757 88.6665542029632 82.2595237792253 86.4210841896122 59.9742370056535 0 89.8419543483159 88.4018890874713 89.9704352654328 85.0930706154422 85.042668369047 85.2790272898558 88.1639148490487 89.9742370056535
93.2429697555283 93.4301795358888 86.4602762870063 91.0755025319784 90.6234942756704 81.6177655634978 85.2408599357581 80.4761005024071 90.1152402208497 89.8419543483159 0 74.3279020717801 64.9227372224544 93.6159933333597 93.5387981266042 93.5368786670642 79.8920337031866 76.9639370490137
92.7460299124228 92.741439364522 85.9785202629748 90.1804390796997 89.5765657369386 81.9124372658146 82.8522543049557 76.9639370490137 88.7205045218303 88.4018890874713 74.3279020717801 0 74.3872598725851 92.6488877209461 92.5570171580838 92.5476727492616 75.1097422091168 76.625354376404
93.4941315600098 93.622091328923 87.0849242308258 91.3295387552311 90.857813115772 82.764629276264 85.5447953106515 81.2004909747474 90.2380372975089 89.9704352654328 64.9227372224544 74.3872598725851 0 93.6470971878542 93.5633366222523 93.5512810667241 79.0724707021626 74.6168963459942
91.0501520670485 88.1142143850042 92.1759718947623 88.1308444831307 87.202632062897 93.0811701290871 89.7158984668699 91.6951556819209 84.6280655201376 85.0930706154422 93.6159933333597 92.6488877209461 93.6470971878542 0 60.943337135734 68.2263626408617 92.2134127094473 93.447537158823
91.2310824007349 88.4011093146316 92.1909869763611 88.2905355522908 87.3382020284199 93.051870788883 89.6426912422026 91.6251957531956 84.5869706818913 85.042668369047 93.5387981266042 92.5570171580838 93.5633366222523 60.943337135734 0 63.5457113397385 92.0897805247568 93.341335320205
91.5474427111058 88.8605309694868 92.3295643547506 88.655297095127 87.7057282253135 93.1231312641309 89.7137603970278 91.6627836554618 84.8532501572477 85.2790272898558 93.5368786670642 92.5476727492616 93.5512810667241 68.2263626408617 63.5457113397385 0 92.0389961260525 93.2977481482772
93.2483372541487 92.9899622532162 87.694702180414 90.5906463462703 89.8781805979189 85.0274329204183 83.4107842329724 80.4905850455247 88.47226868458 88.1639148490487 79.8920337031866 75.1097422091168 79.0724707021626 92.2134127094473 92.0897805247568 92.0389961260525 0 75.8987805111985
93.9996448957037 93.9312131351764 88.4761028375782 91.7629277987388 91.2135696816211 85.289026176076 85.9866862537587 82.79025144391 90.2313908446669 89.9742370056535 76.9639370490137 76.625354376404 74.6168963459942 93.447537158823 93.341335320205 93.2977481482772 75.8987805111985 0
