0 84.7109310897828 83.5201228844259 86.0393941818496 86.706750637792 80.4857622301273 83.9878427458653 83.3313227628732 83.3288160125473 84.0735682389664 85.5266933956535 87.1716919309492 91.1153405709724 91.2503452260162 91.4417171419599 90.6398255405413 90.3574575394695 90.2160139438428
84.7109310897828 0 73.323798167022 91.2614598490377 80.3134982103822 85.4535216572886 89.1699112645947 85.1097422091168 86.213187821334 87.0679967752654 89.9085993106296 91.0416689218196 93.8926264666697 89.6928894157397 89.7952525418025 92.8117708389787 92.3273115656395 91.3513377482993
83.5201228844259 73.323798167022 0 90.4513653653806 77.9330371790942 83.2222041818708 87.8444774505562 82.5420156066597 84.0268466216013 85.1097422091168 88.6555361552294 89.9491930022336 93.1176501284126 88.6941655026679 88.8461887760664 91.8512064152267 91.2984349866296 90.1964580507305
86.0393941818496 91.2614598490377 90.4513653653806 0 91.5446471310445 86.213187821334 81.6538205229386 87.8858782559868 86.9996193558102 86.6639170349971 82.0693871510798 81.8529679016913 85.7563298690626 93.0834048414503 93.2867380118859 87.7629817256808 88.2000037388758 89.7634567520006
86.706750637792 80.3134982103822 77.9330371790942 91.5446471310445 0 84.8349979793794 88.765405874805 82.9763862971189 84.5719301653208 85.4673355948484 89.3173273791542 90.4673865315043 93.4088153131522 86.1113028416046 86.2504555155506 91.7441879861927 91.0531172574814 89.4387596557842
80.4857622301273 85.4535216572886 83.2222041818708 86.213187821334 84.8349979793794 0 80.2284256843863 73.88799939735 72.2787262194362 74.8172353991213 82.0052461083682 84.5832154332189 89.7697207526944 88.7168106633097 89.0078503682066 88.1901910181076 87.5576776396732 86.8784130290517
83.9878427458653 89.1699112645947 87.8444774505562 81.6538205229386 88.765405874805 80.2284256843863 0 82.6466472350879 80.7197722130077 79.6905818824032 69.7614172458621 77.0939822017818 86.3901048230521 90.3708563400322 90.6475038764758 85.34259438241 85.1160161203827 86.154993129917
83.3313227628732 85.1097422091168 82.5420156066597 87.8858782559868 82.9763862971189 73.88799939735 82.6466472350879 0 69.0724707021626 73.6150544197642 83.6150544197642 85.7044043041359 90.3230271652485 86.9952230387332 87.3431796161499 88.2171228302489 87.3590696675158 85.891837352535
83.3288160125473 86.213187821334 84.0268466216013 86.9996193558102 84.5719301653208 72.2787262194362 80.7197722130077 69.0724707021626 0 66.5063621434069 81.8246980227395 84.3199260459954 89.5407227977055 87.508639000095 87.8594558778782 87.3352127350916 86.4602762870063 85.2408599357581
84.0735682389664 87.0679967752654 85.1097422091168 86.6639170349971 85.4673355948484 74.8172353991213 79.6905818824032 73.6150544197642 66.5063621434069 0 80.6047544631244 83.3288160125473 88.9642297145514 87.5691231004567 87.9330371790942 86.5075683494469 85.5523155632995 84.3872598725851
85.5266933956535 89.9085993106296 88.6555361552294 82.0693871510798 89.3173273791542 82.0052461083682 69.7614172458621 83.6150544197642 81.8246980227395 80.6047544631244 0 72.79025144391 85.2068228736091 90.3459400670229 90.6305009104019 83.7944074314021 83.6408008670417 85.2970022018606
87.1716919309492 91.0416689218196 89.9491930022336 81.8529679016913 90.4673865315043 84.5832154332189 77.0939822017818 85.7044043041359 84.3199260459954 83.3288160125473 72.79025144391 0 82.8298100957312 90.9972197140726 91.2663005831288 82.0861101013499 82.5570171580838 85.4427470234674
91.1153405709724 93.8926264666697 93.1176501284126 85.7563298690626 93.4088153131522 89.7697207526944 86.3901048230521 90.3230271652485 89.5407227977055 88.9642297145514 85.2068228736091 82.8298100957312 0 93.172995728531 93.3836330260342 82.3073716170739 84.3872598725851 88.0983565886669
91.2503452260162 89.6928894157397 88.6941655026679 93.0834048414503 86.1113028416046 88.7168106633097 90.3708563400322 86.9952230387332 87.508639000095 87.5691231004567 90.3459400670229 90.9972197140726 93.172995728531 0 61.0227526188621 90.5148305219011 89.4903175098514 86.4073986038181
91.4417171419599 89.7952525418025 88.8461887760664 93.2867380118859 86.2504555155506 89.0078503682066 90.6475038764758 87.3431796161499 87.8594558778782 87.9330371790942 90.6305009104019 91.2663005831288 93.3836330260342 61.0227526188621 0 90.7935579568294 89.8026005337483 86.8428331489911
90.6398255405413 92.8117708389787 91.8512064152267 87.7629817256808 91.7441879861927 88.1901910181076 85.34259438241 88.2171228302489 87.3352127350916 86.5075683494469 83.7944074314021 82.0861101013499 82.3073716170739 90.5148305219011 90.7935579568294 0 71.4741215705682 82.1259843966288
90.3574575394695 92.3273115656395 91.2984349866296 88.2000037388758 91.0531172574814 87.5576776396732 85.1160161203827 87.3590696675158 86.4602762870063 85.5523155632995 83.6408008670417 82.5570171580838 84.3872598725851 89.4903175098514 89.8026005337483 71.4741215705682 0 79.1123755294906
90.2160139438428 91.3513377482993 90.1964580507305 89.7634567520006 89.4387596557842 86.8784130290517 86.154993129917 85.891837352535 85.2408599357581 84.3872598725851 85.2970022018606 85.4427470234674 88.0983565886669 86.4073986038181 86.8428331489911 82.1259843966288 79.1123755294906 0
