0 75.9637572986264 78.4330762915642 80.9235780956793 84.4166372889035 85.0346099439762 89.8402750501759 86.4251561358006 88.5403356180779 89.9453357831006 91.5275737923955 92.1534893386567 91.4234800451146 92.2308514431744 92.1259843966288 93.476495762623 93.4653116893828 93.5031822665104
75.9637572986264 0 66.625354376404 82.9763862971189 80.3109748334041 81.3769599159453 87.8828032886991 84.9659509602808 88.2293095695683 88.1540201537056 89.9969778234029 90.7732816823207 90.8683055639632 91.1832651817987 91.3321926773628 92.3887678784619 93.0400493892624 93.0032256432585
78.4330762915642 66.625354376404 0 83.5392759245935 78.3611044491487 79.6239007539644 87.1673379265428 84.2959097000793 88.0105149591016 87.3975598292249 89.3874875404723 90.2175540862382 90.5708240168235 90.7192015157725 90.9546043362308 91.9401435468265 92.8041731216982 92.7417264159659
80.9235780956793 82.9763862971189 83.5392759245935 0 86.7277120585541 86.7594207960546 91.1652453083523 84.5416919591329 85.0930706154422 90.2405909195141 91.9570267682265 92.3687959765968 89.4623139787529 91.5097181095306 90.8237619235598 93.309213543304 91.8542253449508 92.0262806451349
84.4166372889035 80.3109748334041 78.3611044491487 86.7277120585541 0 67.1773957978968 83.3637795294295 83.9101879611003 88.4647463325184 84.094047775887 86.6355744116228 87.8419275880703 90.2119042252309 89.259272232562 90.0735239732136 90.2221024173904 92.4453734233621 92.2576995764945
85.0346099439762 81.3769599159453 79.6239007539644 86.7594207960546 67.1773957978968 0 83.1601310977995 82.9023336598264 87.9538334430254 82.968220306335 85.9744315024477 87.2016042685911 89.6475136547731 88.5513302520412 89.4401097528148 89.6648998632169 91.9948083291524 91.7840928135208
89.8402750501759 87.8828032886991 87.1673379265428 91.1652453083523 83.3637795294295 83.1601310977995 0 88.2025289077173 91.3077116107938 81.9253422402506 81.6426770998943 84.1368977007065 91.7031839831752 88.9557848463364 90.7719265588548 88.1514335191015 93.3313227628732 92.9840797368044
86.4251561358006 84.9659509602808 84.2959097000793 84.5416919591329 83.9101879611003 82.9023336598264 88.2025289077173 0 80.9865508735604 84.9435334863856 87.9269527962851 88.2905355522908 84.8213457516427 86.3802934588265 85.7753209256823 89.4289228569717 88.7200850908996 88.6208308091898
88.5403356180779 88.2293095695683 88.0105149591016 85.0930706154422 88.4647463325184 87.9538334430254 91.3077116107938 80.9865508735604 0 88.7666298257024 90.7192015157725 90.7628815804338 81.6378826298939 87.8105933464794 85.4694603126359 91.0505757896518 86.5214560863336 86.9027061984258
89.9453357831006 88.1540201537056 87.3975598292249 90.2405909195141 84.094047775887 82.968220306335 81.9253422402506 84.9435334863856 88.7666298257024 0 77.2272264362371 79.2492238225855 88.5414789959915 83.9384101227389 86.9025980885984 84.3199260459954 90.6556541572358 90.1497871498019
91.5275737923955 89.9969778234029 89.3874875404723 91.9570267682265 86.6355744116228 85.9744315024477 81.6426770998943 87.9269527962851 90.7192015157725 77.2272264362371 0 72.0827706588024 90.1638084178928 85.1757958751021 88.383841249574 82.6017133826353 91.6878617874237 91.1457065748421
92.1534893386567 90.7732816823207 90.2175540862382 92.3687959765968 87.8419275880703 87.2016042685911 84.1368977007065 88.2905355522908 90.7628815804338 79.2492238225855 72.0827706588024 0 89.821995114819 83.8658978492988 87.6978048162986 79.546717201444 91.1986606058526 90.5760196509964
91.4234800451146 90.8683055639632 90.5708240168235 89.4623139787529 90.2119042252309 89.6475136547731 91.7031839831752 84.8213457516427 81.6378826298939 88.5414789959915 90.1638084178928 89.821995114819 0 84.6241629669579 78.6738840693766 89.2351429023048 79.941542160005 80.1888879212304
92.2308514431744 91.1832651817987 90.7192015157725 91.5097181095306 89.259272232562 88.5513302520412 88.9557848463364 86.3802934588265 87.8105933464794 83.9384101227389 85.1757958751021 83.8658978492988 84.6241629669579 0 79.1510364049596 81.5313920024931 86.3578970883985 85.2003092693599
92.1259843966288 91.3321926773628 90.9546043362308 90.8237619235598 90.0735239732136 89.4401097528148 90.7719265588548 85.7753209256823 85.4694603126359 86.9025980885984 88.383841249574 87.6978048162986 78.6738840693766 79.1510364049596 0 86.3641802497252 81.6951556819209 80.0308542310918
93.476495762623 92.3887678784619 91.9401435468265 93.309213543304 90.2221024173904 89.6648998632169 88.1514335191015 89.4289228569717 91.0505757896518 84.3199260459954 82.6017133826353 79.546717201444 89.2351429023048 81.5313920024931 86.3641802497252 0 90.0363273922776 89.2027885677725
93.4653116893828 93.0400493892624 92.8041731216982 91.8542253449508 92.4453734233621 91.9948083291524 93.3313227628732 88.7200850908996 86.5214560863336 90.6556541572358 91.6878617874237 91.1986606058526 79.941542160005 86.3578970883985 81.6951556819209 90.0363273922776 0 69.9548855430557
93.5031822665104 93.0032256432585 92.7417264159659 92.0262806451349 92.2576995764945 91.7840928135208 92.9840797368044 88.6208308091898 86.9027061984258 90.1497871498019 91.1457065748421 90.5760196509964 80.1888879212304 85.2003092693599 80.0308542310918 89.2027885677725 69.9548855430557 0
