0 91.5879170280032 87.1229646658338 82.9436298012717 87.6392949459772 91.4452006324876 92.4142820129807 88.1034354528641 91.6755376843354 87.1269564468328 87.7998589768893 90.5284981699644 90.7230381120269 90.755632009934 89.4467356815688 92.0757115984578 91.5264583468179 93.5146007159599
91.5879170280032 0 84.223255791668 89.3349739648805 85.6811254822013 79.1189908313318 79.7634798357253 88.8861204312294 83.3170805291415 91.638908181561 91.1307580933578 87.0764687502886 87.936777508789 88.456898132988 92.3912579207112 88.7116570923145 94.7780797062345 88.9042214225407
87.1229646658338 84.223255791668 0 82.3473487307262 75.6393595782665 83.3512398998106 85.61053085255 83.6033008406848 84.4341688235299 87.4075988645556 86.8592534147716 84.2094754593369 85.2003092693599 85.6873480789682 89.0482237676967 87.3630331127546 92.2902715891781 89.0943820302686
82.9436298012717 89.3349739648805 82.3473487307262 0 81.2209091826396 88.302518301047 89.6635383463407 81.1904633986947 88.2048094794423 82.1027689051246 82.240236057727 85.907097675858 86.1780297598606 86.2196361444474 85.6913253237403 88.3464603866549 89.7170505944318 90.5021379979878
87.6392949459772 85.6811254822013 75.6393595782665 81.2209091826396 0 83.2834453116058 85.5596062185292 79.4543537076924 83.1446212539014 85.5673171147236 84.6168963459942 80.738820882775 81.9918246263392 82.5868656935784 87.2516823140145 85.1371988988168 91.1510920176696 87.6457956664753
91.4452006324876 79.1189908313318 83.3512398998106 88.302518301047 83.2834453116058 0 72.9565110480014 86.5803534000015 74.9949708997088 90.2036731025225 89.4681370721026 83.0811701290871 84.3540696649848 85.1362843532686 90.8110544783965 85.2419386570271 93.5858469576037 85.6238550502764
92.4142820129807 79.7634798357253 85.61053085255 89.6635383463407 85.5596062185292 72.9565110480014 0 88.0173354470665 77.2272264362371 91.2005866890709 90.5140152900583 84.6786400070565 85.6562542463234 86.3206133093823 91.6406898670722 85.907097675858 94.1725986684799 85.4286720635891
88.1034354528641 88.8861204312294 83.6033008406848 81.1904633986947 79.4543537076924 86.5803534000015 88.0173354470665 0 85.435034457386 80.965525349237 78.4992556823988 79.9209847788525 79.7170505944318 79.444661156233 82.8317907836347 83.6150544197642 88.6320079356994 87.2249473219105
91.6755376843354 83.3170805291415 84.4341688235299 88.2048094794423 83.1446212539014 74.9949708997088 77.2272264362371 85.435034457386 0 89.5018321333424 88.6029734629427 79.9665446864847 81.5313920024931 82.5704608071646 89.8848567372798 82.1523653118793 92.8716393693198 82.7448943491367
87.1269564468328 91.638908181561 87.4075988645556 82.1027689051246 85.5673171147236 90.2036731025225 91.2005866890709 80.965525349237 89.5018321333424 0 70.4857622301273 86.301340043983 85.9242883898007 85.5372620133263 76.8982993539898 87.7028896793472 85.1097422091168 90.1964580507305
87.7998589768893 91.1307580933578 86.8592534147716 82.240236057727 84.6168963459942 89.4681370721026 90.5140152900583 78.4992556823988 88.6029734629427 70.4857622301273 0 84.8667886893461 84.3615278865136 83.8703271661733 76.2581263061566 86.4166994837474 85.6445006672441 89.2492238225855
90.5284981699644 87.0764687502886 84.2094754593369 85.907097675858 80.738820882775 83.0811701290871 84.6786400070565 79.9209847788525 79.9665446864847 86.301340043983 84.8667886893461 0 67.5297680248751 71.8069354424815 86.573399006352 77.1244421618617 90.6430844369512 82.79025144391
90.7230381120269 87.936777508789 85.2003092693599 86.1780297598606 81.9918246263392 84.3540696649848 85.6562542463234 79.7170505944318 81.5313920024931 85.9242883898007 84.3615278865136 67.5297680248751 0 63.8386476146649 85.9071254968862 75.289026176076 90.1676910345745 82.4878386019115
90.755632009934 88.456898132988 85.6873480789682 86.2196361444474 82.5868656935784 85.1362843532686 86.3206133093823 79.444661156233 82.5704608071646 85.5372620133263 83.8703271661733 71.8069354424815 63.8386476146649 0 85.3303424647414 75.2403886686201 89.7799514872702 82.7273505510716
89.4467356815688 92.3912579207112 89.0482237676967 85.6913253237403 87.2516823140145 90.8110544783965 91.6406898670722 82.8317907836347 89.8848567372798 76.8982993539898 76.2581263061566 86.573399006352 85.9071254968862 85.3303424647414 0 87.1691175882643 82.3921913186054 89.7158984668699
92.0757115984578 88.7116570923145 87.3630331127546 88.3464603866549 85.1371988988168 85.2419386570271 85.907097675858 83.6150544197642 82.1523653118793 87.7028896793472 86.4166994837474 77.1244421618617 75.289026176076 75.2403886686201 87.1691175882643 0 90.6994494274212 78.1414495539306
91.5264583468179 94.7780797062345 92.2902715891781 89.7170505944318 91.1510920176696 93.5858469576037 94.1725986684799 88.6320079356994 92.8716393693198 85.1097422091168 85.6445006672441 90.6430844369512 90.1676910345745 89.7799514872702 82.3921913186054 90.6994494274212 0 92.3351989398953
93.5146007159599 88.9042214225407 89.0943820302686 90.5021379979878 87.6457956664753 85.6238550502764 85.4286720635891 87.2249473219105 82.7448943491367 90.1964580507305 89.2492238225855 82.79025144391 82.4878386019115 82.7273505510716 89.7158984668699 78.1414495539306 92.3351989398953 0
