0 87.3031982537424 89.8737382553052 80.260778551345 82.1654959184623 88.3192387985912 82.3578348697387 89.115684439989 86.4247735100825 89.1770313600902 92.1112182017606 87.491838041348 91.6418673468703 90.6188168979226 90.8878285058744 91.7729850735115 92.7925982227306 93.4788978079352
87.3031982537424 0 78.0529683256868 84.0075931315934 90.8600272095335 76.625354376404 87.4269372455433 83.5153213971275 91.7250042174156 87.3905115822053 87.9950206773211 90.4982904275753 88.0105149591016 88.2000037388758 93.4206154648313 94.1709037365116 94.6872842168968 92.6810253671005
89.8737382553052 78.0529683256868 0 87.3697830296643 92.6141463324666 78.5475619699661 89.6497167678421 84.1114246562642 93.1865954989289 88.3403659794512 87.1370785881929 91.885951562939 87.6085169412828 88.5663707686117 94.3990346962979 95.0689505266789 95.4589799284813 92.8751398713875
80.260778551345 84.0075931315934 87.3697830296643 0 85.8490320775052 84.5068605759703 78.562299085929 85.2414328861426 87.1741239843435 85.6562542463234 89.5479150899687 85.9847127590588 88.9264701813032 87.6423722705385 90.3883507877159 91.4154322012342 92.2892514828428 91.7494554502045
82.1654959184623 90.8600272095335 92.6141463324666 85.8490320775052 0 91.2209091826396 83.9968508302003 91.2493343553935 81.1881938127257 90.3971268649902 93.4924948185849 86.1703870630815 92.9463689655499 91.7224641652286 88.773792856881 89.6707254104607 91.1003109566397 93.5900989572223
88.3192387985912 76.625354376404 78.5475619699661 84.5068605759703 91.2209091826396 0 87.1342704420015 78.6223132959149 91.5976403219377 85.0989746663371 85.2803592507032 89.8195101390914 85.289026176076 85.7849113793878 92.883482599481 93.673813079114 94.1217595861951 91.3358915737989
82.3578348697387 87.4269372455433 89.6497167678421 78.562299085929 83.9968508302003 87.1342704420015 0 86.4797404980476 83.6895333266464 84.8275247665464 89.9551011701104 81.3414426772175 89.1123755294906 87.1933731458827 87.8275353557611 89.1754702685607 90.320353448719 90.715999260007
89.115684439989 83.5153213971275 84.1114246562642 85.2414328861426 91.2493343553935 78.6223132959149 86.4797404980476 0 91.0002889469191 80.2588552987565 81.5322455293966 88.4081222350343 80.5906463462703 80.788610269172 91.7300798693387 92.6017133826353 92.9742269677044 89.0537222217762
86.4247735100825 91.7250042174156 93.1865954989289 87.1741239843435 81.1881938127257 91.5976403219377 83.6895333266464 91.0002889469191 0 89.2647077948159 92.9488931003529 81.6251957531956 92.2511762816236 90.6695305263302 84.09464030757 85.5762932353541 87.7576103722295 91.9621820074094
89.1770313600902 87.3905115822053 88.3403659794512 85.6562542463234 90.3971268649902 85.0989746663371 84.8275247665464 80.2588552987565 89.2647077948159 0 83.785387812752 85.1665737716332 81.5311869890019 74.7480223046006 89.286404956983 90.3842889689483 90.755632009934 86.1382352934447
92.1112182017606 87.9950206773211 87.1370785881929 89.5479150899687 93.4924948185849 85.2803592507032 89.9551011701104 81.5322455293966 92.9488931003529 83.785387812752 0 90.5181740191384 71.7346517936752 80.9571366685947 92.8194604750115 93.5170486733343 93.6096517238332 87.5845496219619
87.491838041348 90.4982904275753 91.885951562939 85.9847127590588 86.1703870630815 89.8195101390914 81.3414426772175 88.4081222350343 81.6251957531956 85.1665737716332 90.5181740191384 0 89.5214849154441 87.1561388112382 82.5510227543453 84.9296803811179 86.5474918804657 88.8965747790272
91.6418673468703 88.0105149591016 87.6085169412828 88.9264701813032 92.9463689655499 85.289026176076 89.1123755294906 80.5906463462703 92.2511762816236 81.5311869890019 71.7346517936752 89.5214849154441 0 77.3082160992677 92.0208621231356 92.7800207093342 92.8820440166937 86.4309154214711
90.6188168979226 88.2000037388758 88.5663707686117 87.6423722705385 91.7224641652286 85.7849113793878 87.1933731458827 80.788610269172 90.6695305263302 74.7480223046006 80.9571366685947 87.1561388112382 77.3082160992677 0 90.2604578063016 91.1902457592883 91.358061076888 84.8190149299059
90.8878285058744 93.4206154648313 94.3990346962979 90.3883507877159 88.773792856881 92.883482599481 87.8275353557611 91.7300798693387 84.09464030757 89.286404956983 92.8194604750115 82.5510227543453 92.0208621231356 90.2604578063016 0 72.5269620566865 78.7109698755779 89.6648998632169
91.7729850735115 94.1709037365116 95.0689505266789 91.4154322012342 89.6707254104607 93.673813079114 89.1754702685607 92.6017133826353 85.5762932353541 90.3842889689483 93.5170486733343 84.9296803811179 92.7800207093342 91.1902457592883 72.5269620566865 0 75.0600186880715 90.2528274474093
92.7925982227306 94.6872842168968 95.4589799284813 92.2892514828428 91.1003109566397 94.1217595861951 90.320353448719 92.9742269677044 87.7576103722295 90.755632009934 93.6096517238332 86.5474918804657 92.8820440166937 91.358061076888 78.7109698755779 75.0600186880715 0 89.6889092794994
93.4788978079352 92.6810253671005 92.8751398713875 91.7494554502045 93.5900989572223 91.3358915737989 90.715999260007 89.0537222217762 91.9621820074094 86.1382352934447 87.5845496219619 88.8965747790272 86.4309154214711 84.8190149299059 89.6648998632169 90.2528274474093 89.6889092794994 0
