0 78.7608908822587 82.540029750204 85.4304003347848 86.6218316414651 91.1374082159229 87.7783103125321 91.5687809491987 92.9521155932243 92.9436298012717 93.7684253716377 91.0755025319784 91.8452120114882 92.557316661192 93.4694405414077 93.275797851561 94.033118195493 94.2452419404797
78.7608908822587 0 74.1977189870243 80.1912970937131 82.2595237792253 90.7406414423569 83.9968508302003 91.0463367021321 92.5390090680702 92.5163934390137 93.3031641705524 88.7623263292455 90.0607709142933 91.1676208475889 92.1900093127201 91.5249648871628 92.6916707797269 93.0347324962994
82.540029750204 74.1977189870243 0 77.603755844004 80.0143372885481 91.3400973935865 81.0621077827899 91.5444979608071 92.951377477717 92.9228189581866 93.6208879674288 87.6582322139284 89.5744585561588 90.9704604170653 91.9597292356897 90.6787718210589 92.3105428072981 92.7665677197529
85.4304003347848 80.1912970937131 77.603755844004 0 68.7966354858417 90.1762955422891 77.5424991364325 90.2807401307034 91.8483865499745 91.8069354424815 92.5163934390137 84.7109310897828 87.0520671395345 88.9208584222411 90.1320245695439 88.7787978491908 90.5473532505547 91.1040553030743
86.6218316414651 82.2595237792253 80.0143372885481 68.7966354858417 0 90.2119042252309 75.8005514005498 90.2487524343784 91.7876699035995 91.7412977474576 92.405858156664 83.2015970503529 86.1350517739506 88.3279715303536 89.5700166380199 87.8620403791222 89.9154695130796 90.5622918724125
91.1374082159229 90.7406414423569 91.3400973935865 90.1762955422891 90.2119042252309 0 91.6900390249741 69.5166621000467 78.5475619699661 78.5550952672913 82.3859648733539 91.0002889469191 88.8426679450515 87.2840773906087 88.5241253582302 92.4533902552399 90.4575186497996 89.8251320749173
87.7783103125321 83.9968508302003 81.0621077827899 77.5424991364325 75.8005514005498 91.6900390249741 0 91.6900390249741 92.9856225628036 92.9422595709972 93.4830137698836 83.091775616211 87.205713987203 89.4644757442316 90.4299114571472 87.4611850800035 90.4337125225977 91.2037643457854
91.5687809491987 91.0463367021321 91.5444979608071 90.2807401307034 90.2487524343784 69.5166621000467 91.6900390249741 0 76.5063621434069 76.3715914053258 80.7750878561122 90.7242288662954 88.2745069501547 86.3715914053258 87.650433087972 92.09681604677 89.7910982461815 89.0443175425455
92.9521155932243 92.5390090680702 92.951377477717 91.8483865499745 91.7876699035995 78.5475619699661 92.9856225628036 76.5063621434069 0 50.943337135734 73.8213544350363 91.8901442694456 89.5003454440884 87.4269372455433 88.222814231182 92.8812056746505 90.2799081878028 89.3406308877979
92.9436298012717 92.5163934390137 92.9228189581866 91.8069354424815 91.7412977474576 78.5550952672913 92.9422595709972 76.3715914053258 50.943337135734 0 73.6150544197641 91.8243434821606 89.4054707745279 87.2991797988463 88.103370572082 92.81564881534 90.1857602862904 89.2357314171479
93.7684253716377 93.3031641705524 93.6208879674288 92.5163934390137 92.405858156664 82.3859648733539 93.4830137698836 80.7750878561122 73.8213544350363 73.6150544197641 0 92.1654959184623 89.661984156616 87.3620425904971 87.8568047770822 92.9156937261576 89.9578771939356 88.8306757240111
91.0755025319784 88.7623263292455 87.6582322139284 84.7109310897828 83.2015970503529 91.0002889469191 83.091775616211 90.7242288662954 91.8901442694456 91.8243434821606 92.1654959184623 0 80.8776994407101 85.5160989963473 86.4785265372237 80.2828966450936 85.8266940317724 87.3242343555791
91.8452120114882 90.0607709142933 89.5744585561588 87.0520671395345 86.1350517739506 88.8426679450515 87.205713987203 88.2745069501547 89.5003454440884 89.4054707745279 89.661984156616 80.8776994407101 0 77.8718063285063 80.3185160559075 83.128598638458 81.0357777653088 82.6135550936366
92.557316661192 91.1676208475889 90.9704604170653 88.9208584222411 88.3279715303536 87.2840773906087 89.4644757442316 86.3715914053258 87.4269372455433 87.2991797988463 87.3620425904971 85.5160989963473 77.8718063285063 0 73.6150544197642 86.4064862601357 80.3270509032409 79.5407227977055
93.4694405414077 92.1900093127201 91.9597292356897 90.1320245695439 89.5700166380199 88.5241253582302 90.4299114571472 87.650433087972 88.222814231182 88.103370572082 87.8568047770822 86.4785265372237 80.3185160559075 73.6150544197642 0 86.3445869525341 76.7630100559234 73.5201228844259
93.275797851561 91.5249648871628 90.6787718210589 88.7787978491908 87.8620403791222 92.4533902552399 87.4611850800035 92.09681604677 92.8812056746505 92.81564881534 92.9156937261576 80.2828966450936 83.128598638458 86.4064862601357 86.3445869525341 0 84.1009420423914 86.3244171853581
94.033118195493 92.6916707797269 92.3105428072981 90.5473532505547 89.9154695130796 90.4575186497996 90.4337125225977 89.7910982461815 90.2799081878028 90.1857602862904 89.9578771939356 85.8266940317724 81.0357777653088 80.3270509032409 76.7630100559234 84.1009420423914 0 73.5403473399279
94.2452419404797 93.0347324962994 92.7665677197529 91.1040553030743 90.5622918724125 89.8251320749173 91.2037643457854 89.0443175425455 89.3406308877979 89.2357314171479 88.8306757240111 87.3242343555791 82.6135550936366 79.5407227977055 73.5201228844259 86.3244171853581 73.5403473399279 0
