0 83.0196808096236 82.5385725763241 82.099442252477 86.341622719513 84.4399969767003 86.4059063389811 85.8996056787454 86.9312422033652 89.7543293196242 89.5027665980572 90.4103155081914 88.9649146676036 89.0918038217787 89.5317156500199 90.2216584643998 89.8870516742964 90.0692771132551
83.0196808096236 0 87.4951675561582 71.1136705287218 90.0308673275794 88.6385873374445 80.6108265367578 87.8232652169449 87.0679967752654 91.3667291813695 85.2440876912534 91.6665715186644 88.8306757240111 87.4269372455433 90.0303314592563 90.971043416746 90.2211456292078 90.2375263928769
82.5385725763241 87.4951675561582 0 86.3060581336484 78.1024344001327 70.6690521808536 87.9408474526292 79.8920337031866 84.1058398338845 85.1104350445127 90.4275347381552 86.3892322025761 86.3962389563376 88.1167612644408 86.2147214453435 86.7227102942091 86.8361037379866 87.249196455245
82.099442252477 71.1136705287218 86.3060581336484 0 89.1473223627738 87.5803463896305 79.1621559108853 86.4632898724125 85.5927014269514 90.4857622301273 84.9227372224544 90.8110544783965 87.6864360251488 86.3114457956494 89.0051368755729 90.0474465348809 89.2299361010872 89.2607554721904
86.341622719513 90.0308673275794 78.1024344001327 89.1473223627738 0 73.5201228844259 90.1880517524723 82.4436146406444 86.2325041385106 83.381156296672 92.069722241919 85.2068228736091 87.5605177126806 89.661984156616 86.6639170349971 86.5364172448041 87.2749906725731 87.7566541954257
84.4399969767003 88.6385873374445 70.6690521808536 87.5803463896305 73.5201228844259 0 88.8487990849937 80.0528853928266 84.6150320210808 83.8879993973499 91.0505757896518 85.4673355948484 86.5184091547906 88.5626155199393 85.9539297579115 86.2093142267685 86.6136007973246 87.0859800093211
86.4059063389811 80.6108265367578 87.9408474526292 79.1621559108853 90.1880517524723 88.8487990849937 0 86.625354376404 84.3500870781838 90.3764251741548 79.0722624729746 90.4693413965901 86.0537346330721 82.7842521082344 87.9951453400538 89.2873594933488 88.0881494731432 87.9757213144457
85.8996056787454 87.8232652169449 79.8920337031866 86.4632898724125 82.4436146406444 80.0528853928266 86.625354376404 0 77.217759065202 81.8675828297981 88.9716753919944 82.9049466609874 80.945955242592 84.7032596816382 80.6418201720439 82.1048286378199 81.7449715665925 82.4240989613036
86.9312422033652 87.0679967752654 84.1058398338845 85.5927014269514 86.2325041385106 84.6150320210808 84.3500870781838 77.217759065202 0 84.4786527265116 86.7514468623435 84.5473776830334 75.3681348263785 79.9360690089101 79.2492238225855 82.2305599791183 79.9360690089101 80.1497871498019
89.7543293196242 91.3667291813695 85.1104350445127 90.4857622301273 83.381156296672 83.8879993973499 90.3764251741548 81.8675828297981 84.4786527265116 0 91.6841840260165 70.943337135734 84.1323142820089 87.9347740096789 80.943337135734 78.5475619699661 81.8069354424815 82.7273505510716
89.5027665980572 85.2440876912534 90.4275347381552 84.9227372224544 92.069722241919 91.0505757896518 79.0722624729746 88.9716753919944 86.7514468623435 91.6841840260165 0 91.5968931486337 87.3382020284199 83.323798167022 89.178079427437 90.3345343122189 89.1123755294906 88.8840329755504
90.4103155081914 91.6665715186644 86.3892322025761 90.8110544783965 85.2068228736091 85.4673355948484 90.4693413965901 82.9049466609874 84.5473776830334 70.943337135734 91.5968931486337 0 83.5153213971275 87.59539342008 79.6356543330438 75.5971656502182 80.3485019850597 81.3414426772175
88.9649146676036 88.8306757240111 86.3962389563376 87.6864360251488 87.5605177126806 86.5184091547906 86.0537346330721 80.945955242592 75.3681348263785 84.1323142820089 87.3382020284199 83.5153213971275 0 79.0724707021626 74.8172353991213 79.6356543330438 74.598216984643 73.9536370923738
89.0918038217787 87.4269372455433 88.1167612644408 86.3114457956494 89.661984156616 88.5626155199393 82.7842521082344 84.7032596816382 79.9360690089101 87.9347740096789 83.323798167022 87.59539342008 79.0724707021626 0 83.201597050353 85.3303424647414 82.9463689655499 82.4108172720404
89.5317156500199 90.0303314592563 86.2147214453435 89.0051368755729 86.6639170349971 85.9539297579115 87.9951453400538 80.6418201720439 79.2492238225855 80.943337135734 89.178079427437 79.6356543330438 74.8172353991213 83.201597050353 0 72.2787262194362 63.9536370923738 69.2684262627964
90.2216584643998 90.971043416746 86.7227102942091 90.0474465348809 86.5364172448041 86.2093142267685 89.2873594933488 82.1048286378199 82.2305599791183 78.5475619699661 90.3345343122189 75.5971656502182 79.6356543330438 85.3303424647414 72.2787262194362 0 73.091775616211 75.0930706154422
89.8870516742964 90.2211456292078 86.8361037379866 89.2299361010872 87.2749906725731 86.6136007973246 88.0881494731432 81.7449715665925 79.9360690089101 81.8069354424815 89.1123755294906 80.3485019850597 74.598216984643 82.9463689655499 63.9536370923738 73.091775616211 0 62.9845369622933
90.0692771132551 90.2375263928769 87.249196455245 89.2607554721904 87.7566541954257 87.0859800093211 87.9757213144457 82.4240989613036 80.1497871498019 82.7273505510716 88.8840329755504 81.3414426772175 73.9536370923738 82.4108172720404 69.2684262627964 75.0930706154422 62.9845369622933 0
