0 82.2595237792253 84.2169264795973 83.8924062417859 80.715999260007 81.1011246996244 82.21762491425 87.2000265656844 89.7314264593261 82.7531929436013 88.5513302520412 84.752681769041 88.2616413386156 84.7832850301513 87.2180198603311 85.7849113793878 89.2202600224785 88.015631329007
82.2595237792253 0 89.299608797833 88.6148957965558 85.0612171811727 82.7760355725621 84.2169264795973 90.6811418395391 92.5824014703115 85.5927014269514 91.638908181561 88.4391544843896 91.2892206728703 85.952559527637 84.5321991797927 87.8673994840703 91.780154608477 90.5783821298769
84.2169264795973 89.299608797833 0 79.1189908313318 84.752681769041 86.8784130290517 86.7365991732866 81.5977416904148 84.3872598725851 85.9566689221897 83.2222041818708 83.4206154648313 83.7944074314021 87.7430640785082 90.9372527529249 86.9027061984258 85.9539297579115 85.9415820941298
83.8924062417859 88.6148957965558 79.1189908313318 0 80.6607330446118 84.2169264795973 83.555965823659 77.2816465244561 83.8946079882559 81.9089615194754 81.0335945566031 75.289026176076 80.211904225231 84.4088227212188 89.1656719381225 82.5420156066597 82.6839352129843 81.2614598490377
80.715999260007 85.0612171811727 84.752681769041 80.6607330446118 0 74.7814907955383 72.9845369622933 84.7562762726934 88.3136724490728 69.9742370056535 86.5376151333289 78.6738840693766 85.6854997764966 77.627196302634 85.1757958751021 78.6957997331364 86.4309154214711 84.0417671828947
81.1011246996244 82.7760355725621 86.8784130290517 84.2169264795973 74.7814907955383 0 67.9330371790942 87.1355202524998 89.9677176977207 74.6354957098354 88.5142593369233 82.7531929436013 87.8007545217567 76.4578371154628 82.3921913186054 80.8110544783965 88.2737039650698 86.2080222604288
82.21762491425 84.2169264795973 86.7365991732866 83.555965823659 72.9845369622933 67.9330371790942 0 86.4997275369118 89.5178683060867 69.9742370056534 87.9486437055199 81.4702765549837 87.1217246129041 73.0384872811603 82.7445958873746 78.5776170713634 87.5348899451403 85.1872526798368
87.2000265656844 90.6811418395391 81.5977416904148 77.2816465244561 84.7562762726934 87.1355202524998 86.4997275369118 0 78.871799641503 85.1809044995026 72.0253268659891 79.5869322700213 70.8606069743884 86.6703162945778 90.7201961128193 84.5289626522786 77.8816007889267 79.4416221807986
89.7314264593261 92.5824014703115 84.3872598725851 83.8946079882559 88.3136724490728 89.9677176977207 89.5178683060867 78.871799641503 0 88.6030013835912 74.1239704853616 85.2198208476034 78.1200421657566 89.593191742332 92.6810253671005 88.0105149591016 80.4857622301273 83.9384101227389
82.7531929436013 85.5927014269514 85.9566689221897 81.9089615194754 69.9742370056535 74.6354957098354 69.9742370056534 85.1809044995026 88.6030013835912 0 86.8249332995649 78.8461887760664 85.8457319881969 73.2478263495168 84.2596343120333 75.5971656502182 86.301340043983 83.555965823659
88.5513302520412 91.638908181561 83.2222041818708 81.0335945566031 86.5376151333289 88.5142593369233 87.9486437055199 72.0253268659891 74.1239704853616 86.8249332995649 0 82.420100378145 70.0814756595712 87.9951295844708 91.5968931486337 86.051467240859 76.8316543916761 80.8422827729217
84.752681769041 88.4391544843896 83.4206154648313 75.289026176076 78.6738840693766 82.7531929436013 81.4702765549837 79.5869322700213 85.2198208476034 78.8461887760664 82.420100378145 0 80.715999260007 81.6065963893544 87.8990294060959 77.8718063285063 81.8670341320252 77.9330371790942
88.2616413386156 91.2892206728703 83.7944074314021 80.211904225231 85.6854997764966 87.8007545217567 87.1217246129041 70.8606069743884 78.1200421657566 85.8457319881969 70.0814756595712 80.715999260007 0 87.0264575627073 90.9822487981031 84.716399646416 73.0384872811603 77.8718063285063
84.7832850301513 85.952559527637 87.7430640785082 84.4088227212188 77.627196302634 76.4578371154628 73.0384872811603 86.6703162945778 89.593191742332 73.2478263495168 87.9951295844708 81.6065963893544 87.0264575627073 0 82.2531040517902 75.3208427639379 87.1217246129041 84.4166372889035
87.2180198603311 84.5321991797927 90.9372527529249 89.1656719381225 85.1757958751021 82.3921913186054 82.7445958873746 90.7201961128193 92.6810253671005 84.2596343120333 91.5968931486337 87.8990294060959 90.9822487981031 82.2531040517902 0 85.3681348263785 91.0208149157414 89.3675571693105
85.7849113793878 87.8673994840703 86.9027061984258 82.5420156066597 78.6957997331364 80.8110544783965 78.5776170713634 84.5289626522786 88.0105149591016 75.5971656502182 86.051467240859 77.8718063285063 84.716399646416 75.3208427639379 85.3681348263785 0 84.6168963459942 80.715999260007
89.2202600224785 91.780154608477 85.9539297579115 82.6839352129843 86.4309154214711 88.2737039650698 87.5348899451403 77.8816007889267 80.4857622301273 86.301340043983 76.8316543916761 81.8670341320252 73.0384872811603 87.1217246129041 91.0208149157414 84.6168963459942 0 75.8987805111985
88.015631329007 90.5783821298769 85.9415820941298 81.2614598490377 84.0417671828947 86.2080222604288 85.1872526798368 79.4416221807986 83.9384101227389 83.555965823659 80.8422827729217 77.9330371790942 77.8718063285063 84.4166372889035 89.3675571693105 80.715999260007 75.8987805111985 0
