0 76.706750637792 85.5266933956535 91.6808233076766 86.7713141009514 87.1876185836126 92.2141707175622 89.1709004652479 88.8806135002933 90.7560854627999 91.5109261363883 91.9500675352686 90.5395345841609 90.5705192417982 91.491849111847 90.922877176428 91.9654563422786 91.3812827386351
76.706750637792 0 86.2196361444474 92.5302328756769 86.9032434226821 87.0811628918698 92.7781315902612 87.4093346529378 87.4977227608269 91.0450641686018 91.7640758049631 92.1427556769263 89.2054785257956 89.5571234100914 91.3184958202481 90.0281873245205 91.8864967703292 90.2858098980077
85.5266933956535 86.2196361444474 0 87.3772607031658 72.9580625147293 76.2833322934068 87.3181358917903 87.8718063285063 86.0079334175118 83.8681130724119 85.4561843217471 86.315660837263 88.4965122055893 87.3061418154008 85.963212601821 87.4269372455433 86.6254711617182 88.9405788023923
91.6808233076766 92.5302328756769 87.3772607031658 0 87.8990294060959 88.4018890874713 78.6148957965558 93.3215491485917 92.1651681366727 84.7736057252467 84.9383437488801 85.6854997764966 93.3230449898974 92.2665745361439 88.8030383870541 92.0994004634387 88.3351034548413 93.2644000618806
86.7713141009514 86.9032434226821 72.9580625147293 87.8990294060959 0 66.625354376404 87.2699342686732 86.7783651293404 84.3557033681209 82.696277205819 84.4341688235299 85.2650098301599 87.2169957016613 85.604595839916 84.0608757462916 85.6847901592116 85.042668369047 87.5935153898588
87.1876185836126 87.0811628918698 76.2833322934068 88.4018890874713 66.625354376404 0 87.5944545064845 86.0670235225124 83.2910400873432 82.7964927474086 84.4399969767003 85.1757958751021 86.4247735100825 84.575695180571 83.3313227628732 84.658568049921 84.5321991797927 86.7923005771085
92.2141707175622 92.7781315902612 87.3181358917903 78.6148957965558 87.2699342686732 87.5944545064845 0 92.6814782745599 91.3580535418715 81.3180914920961 80.5906463462703 81.3769599159453 92.4747757008714 91.1770965171296 86.4309154214711 90.8998588647901 85.5523155632995 92.2595237792253
89.1709004652479 87.4093346529378 87.8718063285063 93.3215491485917 86.7783651293404 86.0670235225124 92.6814782745599 0 75.8192300863754 90.0115342903995 90.5548831295737 90.6916751897932 75.5122200478841 80.4449738703133 88.2724489806538 82.0827706588024 89.2695463386162 80.3246390802959
88.8806135002933 87.4977227608269 86.0079334175118 92.1651681366727 84.3557033681209 83.2910400873432 91.3580535418715 75.8192300863754 0 88.138212624375 88.7966354858417 88.9649146676036 76.5304228410657 76.2196361444474 85.9785202629748 78.5032278940981 87.2537141011014 79.3818913619656
90.7560854627999 91.0450641686018 83.8681130724119 84.7736057252467 82.696277205819 82.7964927474086 81.3180914920961 90.0115342903995 88.138212624375 0 69.91706995845 74.3191985965422 89.6630987362555 87.8116239659082 80.2528492275865 87.4181448674708 79.4700933970256 89.3717929371247
91.5109261363883 91.7640758049631 85.4561843217471 84.9383437488801 84.4341688235299 84.4399969767003 80.5906463462703 90.5548831295737 88.7966354858417 69.91706995845 0 67.0711757029314 90.1036632376197 88.280925491606 80.2272956583012 87.8339542978073 78.5475619699661 89.7158984668699
91.9500675352686 92.1427556769263 86.315660837263 85.6854997764966 85.2650098301599 85.1757958751021 81.3769599159453 90.6916751897932 88.9649146676036 74.3191985965422 67.0711757029314 0 90.1450923558343 88.2881350299898 79.6648998632169 87.7880453767744 77.2272264362371 89.6736352563445
90.5395345841609 89.2054785257956 88.4965122055893 93.3230449898974 87.2169957016613 86.4247735100825 92.4747757008714 75.5122200478841 76.5304228410657 89.6630987362555 90.1036632376197 90.1450923558343 0 76.0621707455228 87.2598037653182 78.3719637375065 88.3516992063071 72.9845369622933
90.5705192417982 89.5571234100914 87.3061418154008 92.2665745361439 85.604595839916 84.575695180571 91.1770965171296 80.4449738703133 76.2196361444474 87.8116239659082 88.280925491606 88.2881350299898 76.0621707455228 0 84.4786527265116 66.7886735742986 85.9415820941298 74.0608757462916
91.491849111847 91.3184958202481 85.963212601821 88.8030383870541 84.0608757462916 83.3313227628732 86.4309154214711 88.2724489806538 85.9785202629748 80.2528492275865 80.2272956583012 79.6648998632169 87.2598037653182 84.4786527265116 0 83.5850633900032 69.9742370056535 86.440724448383
90.922877176428 90.0281873245205 87.4269372455433 92.0994004634387 85.6847901592116 84.658568049921 90.8998588647901 82.0827706588024 78.5032278940981 87.4181448674708 87.8339542978073 87.7880453767744 78.3719637375065 66.7886735742986 83.5850633900032 0 85.160338665826 75.5077996046348
91.9654563422786 91.8864967703292 86.6254711617182 88.3351034548413 85.042668369047 84.5321991797927 85.5523155632995 89.2695463386162 87.2537141011014 79.4700933970256 78.5475619699661 77.2272264362371 88.3516992063071 85.9415820941298 69.9742370056535 85.160338665826 0 87.5803463896305
91.3812827386351 90.2858098980077 88.9405788023923 93.2644000618806 87.5935153898588 86.7923005771085 92.2595237792253 80.3246390802959 79.3818913619656 89.3717929371247 89.7158984668699 89.6736352563445 72.9845369622933 74.0608757462916 86.440724448383 75.5077996046348 87.5803463896305 0
