0 83.6408008670417 84.1923321062572 87.5803463896305 72.9023336598264 87.679995898191 68.5776170713634 72.5570171580838 85.7505909256189 70.8110544783965 82.9463689655499 88.0428173008416 84.7254986332328 88.002829084837 82.6135550936366 89.3905934154663 87.9607434601061 87.4889526831515
83.6408008670417 0 89.9404480814455 91.8512064152267 85.7863355292019 91.9089615194754 83.1574795141574 81.7423818124012 90.753364035148 83.091775616211 89.2202600224785 92.1070897475311 90.1445703986413 92.0700573069053 88.8461887760664 92.8882030412311 91.9002599641319 91.4852529036983
84.1923321062572 89.9404480814455 0 77.7647878994723 81.5879170280032 78.103370572082 84.7832850301513 85.8457319881969 71.8069354424815 84.9607879581046 73.323798167022 79.546717201444 72.0827706588024 79.6356543330438 77.9330371790942 83.4694405414077 81.4548623602078 81.9089615194754
87.5803463896305 91.8512064152267 77.7647878994723 0 85.891837352535 57.9330371790942 87.9607434601061 88.7110751598551 74.3872598725851 88.0706757264335 80.855597892659 71.1963957883817 78.2106092259997 72.6751998198568 82.7417264159659 79.8419543483159 79.5765657369386 81.5729154765791
72.9023336598264 85.7863355292019 81.5879170280032 85.891837352535 0 85.9948369189331 74.6168963459942 77.6457956664753 83.5392759245935 75.3208427639379 79.6648998632169 86.3902173587608 82.1556516872302 86.3340981236618 79.3443980803016 87.9822666720595 86.2899428940185 85.7677850549167
87.679995898191 91.9089615194754 78.103370572082 57.9330371790942 85.9948369189331 0 88.0300950629994 88.7737928568809 74.3279020717801 88.1316743187726 80.8776994407101 69.0724707021626 78.1200421657566 70.943337135734 82.6810253671005 79.1189908313318 78.9021373091748 81.1011246996244
68.5776170713634 83.1574795141574 84.7832850301513 87.9607434601061 74.6168963459942 88.0300950629994 0 67.0711757029314 86.1033994395945 57.9330371790942 83.2478263495168 88.2881350299898 85.0002150024618 88.222814231182 82.5420156066597 89.4681370721026 87.9831253858179 87.3975598292249
72.5570171580838 81.7423818124012 85.8457319881969 88.7110751598551 77.6457956664753 88.7737928568809 67.0711757029314 0 87.0178873678807 66.2581263061566 84.4786527265116 89.0031006429096 86.0191975333641 88.939499180549 83.7944074314021 90.0692771132551 88.6760806191086 88.1008643039626
85.7505909256189 90.753364035148 71.8069354424815 74.3872598725851 83.5392759245935 74.3279020717801 86.1033994395945 87.0178873678807 0 86.2118970069928 75.3681348263785 75.3681348263785 69.2684262627964 75.3208427639379 78.5626155199393 80.8422827729217 78.2106092259997 79.3756649167141
70.8110544783965 83.091775616211 84.9607879581046 88.0706757264335 75.3208427639379 88.1316743187726 57.9330371790942 66.2581263061566 86.2118970069928 0 83.361291448686 88.3603669753114 85.0930706154422 88.2881350299898 82.5570171580838 89.4906473078734 87.992560047968 87.3749017919311
82.9463689655499 89.2202600224785 73.323798167022 80.855597892659 79.6648998632169 80.8776994407101 83.2478263495168 84.4786527265116 75.3681348263785 83.361291448686 0 81.1881938127257 70.237526392877 81.0165466649615 70.237526392877 83.785387812752 80.9865508735604 80.5050214404877
88.0428173008416 92.1070897475311 79.546717201444 71.1963957883817 86.3902173587608 69.0724707021626 88.2881350299898 89.0031006429096 75.3681348263785 88.3603669753114 81.1881938127257 0 78.3073021585004 57.9330371790942 82.6017133826353 75.9126336164662 75.9948369189331 79.2299361010872
84.7254986332328 90.1445703986413 72.0827706588024 78.2106092259997 82.1556516872302 78.1200421657566 85.0002150024618 86.0191975333641 69.2684262627964 85.0930706154422 70.237526392877 78.3073021585004 0 78.0529683256868 74.9227372224544 81.8529679016913 78.5550952672913 78.6738840693766
88.002829084837 92.0700573069053 79.6356543330438 72.6751998198568 86.3340981236618 70.943337135734 88.222814231182 88.939499180549 75.3208427639379 88.2881350299898 81.0165466649615 57.9330371790942 78.0529683256868 0 82.3546980369414 75.1757958751021 74.8349979793794 78.4638216139284
82.6135550936366 88.8461887760664 77.9330371790942 82.7417264159659 79.3443980803016 82.6810253671005 82.5420156066597 83.7944074314021 78.5626155199393 82.5570171580838 70.237526392877 82.6017133826353 74.9227372224544 82.3546980369414 0 84.3139343989393 81.3454034114811 80.1497871498019
89.3905934154663 92.8882030412311 83.4694405414077 79.8419543483159 87.9822666720595 79.1189908313318 89.4681370721026 90.0692771132551 80.8422827729217 89.4906473078734 83.785387812752 75.9126336164662 81.8529679016913 75.1757958751021 84.3139343989393 0 73.9968508302003 77.9330371790942
87.9607434601061 91.9002599641319 81.4548623602078 79.5765657369386 86.2899428940185 78.9021373091748 87.9831253858179 88.6760806191086 78.2106092259997 87.992560047968 80.9865508735604 75.9948369189331 78.5550952672913 74.8349979793794 81.3454034114811 73.9968508302003 0 70.0814756595712
87.4889526831515 91.4852529036983 81.9089615194754 81.5729154765791 85.7677850549167 81.1011246996244 87.3975598292249 88.1008643039626 79.3756649167141 87.3749017919311 80.5050214404877 79.2299361010872 78.6738840693766 78.4638216139284 80.1497871498019 77.9330371790942 70.0814756595712 0
