0 84.924474053039 89.7153222884519 82.8787307157422 86.7468837467999 88.940188044825 88.622053085457 91.1980323280461 91.898866095928 91.4529317334505 91.1622558749251 91.4625048790921 92.3887678784619 92.4623163132645 94.1387721478688 93.6946071303151 94.4491120539068 94.0321812799542
84.924474053039 0 82.9188992672694 87.1141120243601 88.5188156704265 81.8211513138294 84.4514243456783 86.9062725451902 87.5348899451403 92.064022178416 91.3096260893556 91.6241041720387 90.8378353124009 90.6803801163197 90.9260424210309 90.6398255405413 91.5976403219377 93.6895333266464
89.7153222884519 82.9188992672694 0 91.2654060773873 91.9970762771725 83.8123906654578 87.7917368318011 87.4602702902628 86.9487100793787 94.2766005397686 93.5782775529528 93.8110682162782 92.3921913186054 92.1125780204395 89.8716836284266 90.3049545448456 91.0097087264199 95.1574018898182
82.8787307157422 87.1141120243601 91.2654060773873 0 78.1319976337803 88.8090989765927 86.8316543916761 90.2807401307034 91.3478534475387 87.4405635051803 87.1619968301804 87.6057080946921 89.9326115896474 90.1912970937131 93.5900989572223 92.8037015056796 93.6703344500471 91.4262965017081
86.7468837467999 88.5188156704265 91.9970762771725 78.1319976337803 0 88.9518820507696 86.1253133627897 89.7239244830857 90.971043416746 83.8879993973499 83.3836330260342 84.0518905396345 87.9486437055199 88.3934511348293 93.1200081534009 92.1137288145108 93.0384872811603 89.3255293548103
88.940188044825 81.8211513138294 83.8123906654578 88.8090989765927 88.9518820507696 0 79.4905832137643 79.9744305543292 81.2856097434395 91.4879355081281 90.4078597858648 90.7250761813881 88.3564292247297 87.9376214328448 87.2831213709668 86.7331655627619 88.1975526364766 92.4256607321831
88.622053085457 84.4514243456783 87.7917368318011 86.8316543916761 86.1253133627897 79.4905832137643 0 80.6047544631244 83.6439472364479 88.9984425260039 87.5031702291181 87.9408474526292 85.2016906445883 84.8632678583311 88.2495451146069 86.8468680662889 88.4800441341851 90.3277357499731
91.1980323280461 86.9062725451902 87.4602702902628 90.2807401307034 89.7239244830857 79.9744305543292 80.6047544631244 0 73.8812694294335 91.1197166488754 89.8381178577419 90.1152402208497 85.899049705204 85.0612171811727 83.622091328923 81.6913626007514 84.3388264490956 91.2220294734581
91.898866095928 87.5348899451403 86.9487100793787 91.3478534475387 90.971043416746 81.2856097434395 83.6439472364479 73.8812694294335 0 92.2305599791183 91.1078203183244 91.342438948276 87.5652470443241 86.8091425723385 81.2764144967218 80.6047544631244 83.091775616211 92.1812004218877
91.4529317334505 92.064022178416 94.2766005397686 87.4405635051803 83.8879993973499 91.4879355081281 88.9984425260039 91.1197166488754 92.2305599791183 0 74.1239704853616 73.0999297727135 86.4284596991444 87.2979067880287 93.6374169576911 92.4432217006488 93.2340091564427 83.9968508302003
91.1622558749251 91.3096260893556 93.5782775529528 87.1619968301804 83.3836330260342 90.4078597858648 87.5031702291181 89.8381178577419 91.1078203183244 74.1239704853616 0 62.6948340950889 84.1239704853616 85.215589261964 92.6664948723097 91.3211865532704 92.2202150111325 83.2478263495168
91.4625048790921 91.6241041720387 93.8110682162782 87.6057080946921 84.0518905396345 90.7250761813881 87.9408474526292 90.1152402208497 91.342438948276 73.0999297727135 62.6948340950889 0 84.3199531273309 85.4164682239697 92.8143121415688 91.4778792996546 92.346943509762 82.5885600731009
92.3887678784619 90.8378353124009 92.3921913186054 89.9326115896474 87.9486437055199 88.3564292247297 85.2016906445883 85.899049705204 87.5652470443241 86.4284596991444 84.1239704853616 84.3199531273309 0 67.3221319757594 89.0154463029771 86.737743107132 88.0715171378125 84.484421527208
92.4623163132645 90.6803801163197 92.1125780204395 90.1912970937131 88.3934511348293 87.9376214328448 84.8632678583311 85.0612171811727 86.8091425723385 87.2979067880287 85.215589261964 85.4164682239697 67.3221319757594 0 88.2737039650698 85.756626572089 87.2381828742958 85.4948249176691
94.1387721478688 90.9260424210309 89.8716836284266 93.5900989572223 93.1200081534009 87.2831213709668 88.2495451146069 83.622091328923 81.2764144967218 93.6374169576911 92.6664948723097 92.8143121415688 89.0154463029771 88.2737039650698 0 76.4208203717758 74.6076994318221 92.8945167237857
93.6946071303151 90.6398255405413 90.3049545448456 92.8037015056796 92.1137288145108 86.7331655627619 86.8468680662889 81.6913626007514 80.6047544631244 92.4432217006488 91.3211865532704 91.4778792996546 86.737743107132 85.756626572089 76.4208203717758 0 73.2222041818708 91.4821850396809
94.4491120539068 91.5976403219377 91.0097087264199 93.6703344500471 93.0384872811603 88.1975526364766 88.4800441341851 84.3388264490956 83.091775616211 93.2340091564427 92.2202150111325 92.346943509762 88.0715171378125 87.2381828742958 74.6076994318221 73.2222041818708 0 92.1339155109664
94.0321812799542 93.6895333266464 95.1574018898182 91.4262965017081 89.3255293548103 92.4256607321831 90.3277357499731 91.2220294734581 92.1812004218877 83.9968508302003 83.2478263495168 82.5885600731009 84.484421527208 85.4948249176691 92.8945167237857 91.4821850396809 92.1339155109664 0
