0 85.3461292680899 88.5663707686117 83.7989102258118 84.5700464329907 91.3418389132307 83.3288160125473 83.3513248469073 88.2753097867997 91.566956990346 88.6230543495502 91.831428800347 93.2084138881136 91.6671896150415 92.8572883068551 94.3176755270352 92.6342007106042 94.3618621471813
85.3461292680899 0 78.4018890874713 78.9642297145514 82.045866309268 85.891837352535 86.2581263061566 87.1933731458827 83.2834453116058 87.0791239290928 88.0402758330119 89.4614222780164 90.6289986200756 91.4297129601383 91.6834515958235 92.3194372658464 93.7700113389315 93.0712026471733
88.5663707686117 78.4018890874713 0 83.440211413787 84.9607879581046 82.1226754861304 88.5843509004963 89.3843794427092 83.2910400873432 84.7716007062779 88.9792737834475 88.9518820507696 89.6548420931262 91.8621252144589 91.604732064441 91.5793242825058 94.4746100018154 92.7541891148683
83.7989102258118 78.9642297145514 83.440211413787 0 71.9124372658146 86.8861574238521 81.6251957531956 83.2910400873432 80.4857622301273 87.0159430954397 84.6150320210808 87.9095217280563 89.772257166128 89.3303913993041 90.0708701724473 91.4782563522833 92.0323684124072 91.9072824565106
84.5700464329907 82.045866309268 84.9607879581046 71.9124372658146 0 87.210845672568 79.546717201444 81.7423818124012 79.546717201444 86.8994768304155 82.3546980369414 86.9508886321302 89.1971696569528 88.0955118845853 89.0891422958372 90.9144233122431 91.1655581808111 91.1873945883546
91.3418389132307 85.891837352535 82.1226754861304 86.8861574238521 87.210845672568 0 90.1576005458867 90.869755834518 83.2707577629414 76.2588449454117 88.9021373091748 86.3516352768448 86.0679498434107 91.1376519348746 90.0029141266583 88.7756765505871 94.3984467127035 90.8533997411573
83.3288160125473 86.2581263061566 88.5843509004963 81.6251957531956 79.546717201444 90.1576005458867 0 68.7966354858417 85.1097422091168 89.7241803354724 82.2305599791183 88.6496484135121 90.8086628741527 87.4850245935031 89.546717201444 92.0211890105067 89.4608113270667 91.7305774161869
83.3513248469073 87.1933731458827 89.3843794427092 83.2910400873432 81.7423818124012 90.869755834518 68.7966354858417 0 86.3303309311581 90.4531776835699 83.201597050353 89.3002428506583 91.352127672791 87.6995236724561 89.9267487930091 92.4426999264759 89.1077388152954 92.0477902731223
88.2753097867997 83.2834453116058 83.2910400873432 80.4857622301273 79.546717201444 83.2707577629414 85.1097422091168 86.3303309311581 0 82.0857786880632 83.0088975767243 83.622091328923 86.1666995576569 87.8190113572954 87.6085169412828 88.7128733534634 91.8670341320252 89.6694942561669
91.566956990346 87.0791239290928 84.7716007062779 87.0159430954397 86.8994768304155 76.2588449454117 89.7241803354724 90.4531776835699 82.0857786880632 0 87.5687227710597 83.2535895587948 82.7531929436013 89.7170505944318 88.0912522922161 86.5220167514142 93.5614106070155 89.062436939935
88.6230543495502 88.0402758330119 88.9792737834475 84.6150320210808 82.3546980369414 88.9021373091748 82.2305599791183 83.201597050353 83.0088975767243 87.5687227710597 0 83.785387812752 87.4385836093511 81.7898458457423 84.6595564074942 88.8519949651676 87.9822666720595 88.1882773342382
91.831428800347 89.4614222780164 88.9518820507696 87.9095217280563 86.9508886321302 86.3516352768448 88.6496484135121 89.3002428506583 83.622091328923 83.2535895587948 83.785387812752 0 78.190426696375 84.7014140269823 80.715999260007 82.2621969262317 90.8807847012786 83.7836770067415
93.2084138881136 90.6289986200756 89.6548420931262 89.772257166128 89.1971696569528 86.0679498434107 90.8086628741527 91.352127672791 86.1666995576569 82.7531929436013 87.4385836093511 78.190426696375 0 87.657842677859 83.7531746753884 77.5519919157727 92.474521080586 83.7491208394148
91.6671896150415 91.4297129601383 91.8621252144589 89.3303913993041 88.0955118845853 91.1376519348746 87.4850245935031 87.6995236724561 87.8190113572954 89.7170505944318 81.7898458457423 84.7014140269823 87.657842677859 0 80.3237337458785 87.8990294060959 85.0636144690658 85.2970022018606
92.8572883068551 91.6834515958235 91.604732064441 90.0708701724473 89.0891422958372 90.0029141266583 89.546717201444 89.9267487930091 87.6085169412828 88.0912522922161 84.6595564074942 80.715999260007 83.7531746753884 80.3237337458785 0 83.2887293665403 88.7838012938152 78.8285225041906
94.3176755270352 92.3194372658464 91.5793242825058 91.4782563522833 90.9144233122431 88.7756765505871 92.0211890105067 92.4426999264759 88.7128733534634 86.5220167514142 88.8519949651676 82.2621969262317 77.5519919157727 87.8990294060959 83.2887293665403 0 92.4764452625232 80.3185160559075
92.6342007106042 93.7700113389315 94.4746100018154 92.0323684124072 91.1655581808111 94.3984467127035 89.4608113270667 89.1077388152954 91.8670341320252 93.5614106070155 87.9822666720595 90.8807847012786 92.474521080586 85.0636144690658 88.7838012938152 92.4764452625232 0 90.5811584319424
94.3618621471813 93.0712026471733 92.7541891148683 91.9072824565106 91.1873945883546 90.8533997411573 91.7305774161869 92.0477902731223 89.6694942561669 89.062436939935 88.1882773342382 83.7836770067415 83.7491208394148 85.2970022018606 78.8285225041906 80.3185160559075 90.5811584319424 0
