0 82.2806449707613 89.3223765816634 87.2425274907694 87.4454406823376 86.4930717190664 85.1130688617644 89.1787314723026 87.5119820512232 87.9758189360999 88.8798443128057 87.7348895485676 89.7634567520006 88.3760823708534 89.9769504982872 90.8961782126266 90.6009967775609 90.5050214404877
82.2806449707613 0 84.2177045545623 80.9509085866238 81.6905689210863 90.2995955263257 85.4538021996897 85.8139140314563 90.388819851248 87.1217246129041 87.1466475745357 89.4254830349617 87.9165076101525 88.8798787838561 89.4410221558016 89.5413733542667 92.2018338201318 89.5887464275812
89.3223765816634 84.2177045545623 0 79.3443980803016 80.1964580507305 93.644999428341 89.2434464950952 84.484421527208 93.4419218599077 89.1665072702304 88.1341628747489 92.2460313737877 88.1778938560859 91.220094294783 90.7077540295225 89.687575441599 94.3772261103576 90.3509914920462
87.2425274907694 80.9509085866238 79.3443980803016 0 63.4960621867671 92.0397974466437 85.9140164997191 80.0174507434799 91.6359469985815 85.8829918603807 84.6521673035101 90.027114860058 85.0561662659079 88.6797390683343 88.1860958317419 87.2628453983262 92.688296329487 87.8779684079293
87.4454406823376 81.6905689210863 80.1964580507305 63.4960621867671 0 92.0215398082145 85.604595839916 78.6223132959149 91.5461594301175 85.3597255757031 83.9296849669784 89.8262555892992 84.3199260459954 88.3564292247297 87.7357985898726 86.6917490863679 92.532086120294 87.3749017919311
86.4930717190664 90.2995955263257 93.644999428341 92.0397974466437 92.0215398082145 0 87.4802850888848 92.3546980369414 78.4638216139284 89.6469374932687 91.0058576494277 85.0964100579897 91.7532076048429 88.0377328770581 90.5299314062634 92.1965229169693 86.0016174742824 91.3938272656236
85.1130688617644 85.4538021996897 89.2434464950952 85.9140164997191 85.604595839916 87.4802850888848 0 85.2003092693599 85.7863355292019 77.6279345010697 81.6251957531956 81.561630208681 83.6964506811521 79.2234877779738 82.6488877209461 85.26340400843 87.3719376615789 84.0311148723812
89.1787314723026 85.8139140314563 84.484421527208 80.0174507434799 78.6223132959149 92.3546980369414 85.2003092693599 0 91.5142900318607 83.0979319087383 79.6648998632169 89.259475688825 79.0724707021626 87.0775265860798 85.2698237358651 82.764629276264 91.9817162959901 84.2979161426279
87.5119820512232 90.388819851248 93.4419218599077 91.6359469985815 91.5461594301175 78.4638216139284 85.7863355292019 91.5142900318607 0 87.9245393230471 89.6356543330438 80.5098229277861 90.4591405847679 85.2970022018606 88.5843509004963 90.7669541520655 81.557861926606 89.7066704265978
87.9758189360999 87.1217246129041 89.1665072702304 85.8829918603807 85.3597255757031 89.6469374932687 77.6279345010697 83.0979319087383 87.9245393230471 0 74.7593497427404 83.655501929698 78.5317184730939 78.3858449891076 76.8826399796103 80.6280794260981 88.1285417278686 78.5581036354233
88.8798443128057 87.1466475745357 88.1341628747489 84.6521673035101 83.9296849669784 91.0058576494277 81.6251957531956 79.6648998632169 89.6356543330438 74.7593497427404 0 86.3152293981705 70.237526392877 82.6017133826353 78.9298435901867 77.3975598292249 89.7468991299264 77.7738075181225
87.7348895485676 89.4254830349617 92.2460313737877 90.027114860058 89.8262555892992 85.0964100579897 81.561630208681 89.259475688825 80.5098229277861 83.655501929698 86.3152293981705 0 87.4132525105052 77.9330371790942 84.2434141444616 87.6541394631225 81.1510920176696 86.0393941818496
89.7634567520006 87.9165076101525 88.1778938560859 85.0561662659079 84.3199260459954 91.7532076048429 83.6964506811521 79.0724707021626 90.4591405847679 78.5317184730939 70.237526392877 87.4132525105052 0 84.0735682389664 79.8531331056309 74.3872598725851 90.3886573456538 77.4269372455433
88.3760823708534 88.8798787838561 91.220094294783 88.6797390683343 88.3564292247297 88.0377328770581 79.2234877779738 87.0775265860798 85.2970022018606 78.3858449891076 82.6017133826353 77.9330371790942 84.0735682389664 0 78.5626155199393 84.2250937501173 84.7254986332328 81.7097415724374
89.9769504982872 89.4410221558016 90.7077540295225 88.1860958317419 87.7357985898726 90.5299314062634 82.6488877209461 85.2698237358651 88.5843509004963 76.8826399796103 78.9298435901867 84.2434141444616 79.8531331056309 78.5626155199393 0 78.3073021585004 87.6689334133668 71.6251957531956
90.8961782126266 89.5413733542667 89.687575441599 87.2628453983262 86.6917490863679 92.1965229169693 85.26340400843 82.764629276264 90.7669541520655 80.6280794260981 77.3975598292249 87.6541394631225 74.3872598725851 84.2250937501173 78.3073021585004 0 90.2119042252309 73.091775616211
90.6009967775609 92.2018338201318 94.3772261103576 92.688296329487 92.532086120294 86.0016174742824 87.3719376615789 91.9817162959901 81.557861926606 88.1285417278686 89.7468991299264 81.1510920176696 90.3886573456538 84.7254986332328 87.6689334133668 90.2119042252309 0 88.9187822793513
90.5050214404877 89.5887464275812 90.3509914920462 87.8779684079293 87.3749017919311 91.3938272656236 84.0311148723812 84.2979161426279 89.7066704265978 78.5581036354233 77.7738075181225 86.0393941818496 77.4269372455433 81.7097415724374 71.6251957531956 73.091775616211 88.9187822793513 0
