0 90.6047544631244 79.0924689484848 80.237526392877 88.0402758330119 86.5650757693805 86.4785265372237 92.2405582226928 91.3671231171328 89.1551959618225 93.0965396490333 89.3500427490681 92.2354007132093 89.9047396501542 91.0505757896518 90.5366135954557 91.8754520538706 92.21762491425
90.6047544631244 0 92.6002308959102 89.0724707021626 82.3578348697387 86.6029953102007 93.3570584373184 87.679995898191 88.5663707686117 91.2066265229575 88.6252767520647 91.5370777263936 88.940188044825 92.8120532793794 91.3887347396581 92.9605848368978 91.775495757294 91.6488872940843
79.0924689484848 92.6002308959102 0 84.2169264795973 90.3822376182188 88.8461887760664 84.5832154332189 93.4543633898754 92.5293741338488 89.7468991299264 94.1904819013407 89.8195101390914 93.3152545014854 89.8564811295554 91.6742857808915 90.539950838469 92.450594601596 92.845813466116
80.237526392877 89.0724707021626 84.2169264795973 0 84.7182209694953 81.2004909747474 85.5266933956535 89.8402750501759 88.5663707686117 85.7505909256189 90.9450739663187 86.1350517739506 89.7543293196242 87.4142314228996 88.2511598923979 88.1465843099084 89.3519226761528 89.7651660120367
88.0402758330119 82.3578348697387 90.3822376182188 84.7182209694953 0 78.3784347830183 90.6430844369512 85.2505360143668 84.9227372224544 87.3975598292249 86.9780287330724 87.9016548640009 86.1677794707972 89.7388831451238 88.0402758330119 89.9856222991348 88.7887968762792 88.7859429613949
86.5650757693805 86.6029953102007 88.8461887760664 81.2004909747474 78.3784347830183 0 88.3390605802349 85.8653516496594 84.1114246562642 83.9925487547429 87.5605177126806 84.7054556385607 85.9291992239092 87.1342704420015 85.6985962861268 87.5529400534949 86.921385559777 87.1768639511139
86.4785265372237 93.3570584373184 84.5832154332189 85.5266933956535 90.6430844369512 88.3390605802349 0 92.4108172720404 91.0259312856468 85.8625542615955 93.1352515379138 85.6562542463234 91.9145213791805 84.3872598725851 88.6643528285041 85.604595839916 89.645619925852 90.3029418256257
92.2405582226928 87.679995898191 93.4543633898754 89.8402750501759 85.2505360143668 85.8653516496594 92.4108172720404 0 76.4578371154628 87.4444687801697 72.5570171580838 87.8452979360192 73.2478263495168 89.7158984668699 85.7159970899826 89.5317156500199 85.5807743482046 84.7761036398105
91.3671231171328 88.5663707686117 92.5293741338488 88.5663707686117 84.9227372224544 84.1114246562642 91.0259312856468 76.4578371154628 0 84.598216984643 79.8251320749173 85.1329754427703 72.0827706588024 87.5878764215456 82.1654959184623 87.3590696675158 82.3073716170739 81.4548623602078
89.1551959618225 91.2066265229575 89.7468991299264 85.7505909256189 87.3975598292249 83.9925487547429 85.8625542615955 87.4444687801697 84.598216984643 0 88.5210920458533 62.9845369622933 86.2196361444474 77.627196302634 77.8007545217567 78.2106092259997 81.0505757896518 82.5659932787142
93.0965396490333 88.6252767520647 94.1904819013407 90.9450739663187 86.9780287330724 87.5605177126806 93.1352515379138 72.5570171580838 79.8251320749173 88.5210920458533 0 88.8426679450515 75.9539297579115 90.4649628778786 86.6580961725535 90.2272956583012 86.2581263061566 85.3461292680899
89.3500427490681 91.5370777263936 89.8195101390914 86.1350517739506 87.9016548640009 84.7054556385607 85.6562542463234 87.8452979360192 85.1329754427703 62.9845369622933 88.8426679450515 0 86.6230062039656 75.9126336164662 78.0105149591016 76.5662657802988 81.0843403509302 82.6839352129843
92.2354007132093 88.940188044825 93.3152545014854 89.7543293196242 86.1677794707972 85.9291992239092 91.9145213791805 73.2478263495168 72.0827706588024 86.2196361444474 75.9539297579115 86.6230062039656 0 88.6548006238839 83.6964506811521 88.3666599593055 83.3011458390096 82.1523653118793
89.9047396501542 92.8120532793794 89.8564811295554 87.4142314228996 89.7388831451238 87.1342704420015 84.3872598725851 89.7158984668699 87.5878764215456 77.627196302634 90.4649628778786 75.9126336164662 88.6548006238839 0 81.7819451443998 68.1860958317419 83.4206154648313 84.7904545651168
91.0505757896518 91.3887347396581 91.6742857808915 88.2511598923979 88.0402758330119 85.6985962861268 88.6643528285041 85.7159970899826 82.1654959184623 77.8007545217567 86.6580961725535 78.0105149591016 83.6964506811521 81.7819451443998 0 80.8378353124009 71.1136705287218 75.0930706154422
90.5366135954557 92.9605848368978 90.539950838469 88.1465843099084 89.9856222991348 87.5529400534949 85.604595839916 89.5317156500199 87.3590696675158 78.2106092259997 90.2272956583012 76.5662657802988 88.3666599593055 68.1860958317419 80.8378353124009 0 82.3546980369414 83.8924062417859
91.8754520538706 91.775495757294 92.450594601596 89.3519226761528 88.7887968762792 86.921385559777 89.645619925852 85.5807743482046 82.3073716170739 81.0505757896518 86.2581263061566 81.0843403509302 83.3011458390096 83.4206154648313 71.1136705287218 82.3546980369414 0 68.103370572082
92.21762491425 91.6488872940843 92.845813466116 89.7651660120367 88.7859429613949 87.1768639511139 90.3029418256257 84.7761036398105 81.4548623602078 82.5659932787142 85.3461292680899 82.6839352129843 82.1523653118793 84.7904545651168 75.0930706154422 83.8924062417859 68.103370572082 0
