0 90.1471795575176 89.9883286897122 90.6695305263302 88.9374319318853 85.435034457386 90.755632009934 90.2319024715531 88.8707549940815 88.3886138704597 88.8222266661041 91.9280437922403 91.0399703025278 90.5805632243494 92.8884805545587 92.3399315776908 93.4265035391518 91.5807977518685
90.1471795575176 0 75.3681348263785 77.5519919157727 82.5570171580838 87.3719376615789 82.2595237792253 87.0071507868401 94.0161576060675 91.8782544058433 91.5815135894573 88.6957997331364 89.5407227977055 94.9778843843571 89.2970716604341 89.4423694680605 90.539950838469 94.3485714436332
89.9883286897122 75.3681348263785 0 69.0724707021626 78.1778938560859 85.8358888194266 77.2272264362371 84.4166372889035 93.3570584373184 90.8258043694878 90.4254075610444 86.593546419187 87.6836771400466 94.3565659589678 87.4132525105052 87.5375186082701 88.922933573106 93.5049801885302
90.6695305263302 77.5519919157727 69.0724707021626 0 79.0051368755729 86.5111849588043 75.0930706154422 84.1779208042287 93.6178705518108 91.0632682823266 90.627140936034 86.051467240859 87.4889526831515 94.5674778700958 86.728583188484 87.0251468241912 88.3666599593055 93.6183397296667
88.9374319318853 82.5570171580838 78.1778938560859 79.0051368755729 0 81.9745296711912 76.4578371154628 79.5765657369386 91.8438003603076 88.5776170713634 88.0178850920116 83.9405886754904 84.5719301653208 92.9859516856315 85.6282873808047 85.2143288128862 87.3031982537424 91.8782544058433
85.435034457386 87.3719376615789 85.8358888194266 86.5111849588043 81.9745296711912 0 85.54930902471 82.9023336598264 88.6223132959149 84.2312091392794 83.8335600214959 86.3715914053258 84.7054556385607 90.3064773315352 88.1308444831307 87.1221763845047 89.0112398515747 89.4301536759735
90.755632009934 82.2595237792253 77.2272264362371 75.0930706154422 76.4578371154628 85.54930902471 0 80.7750878561122 93.0374148166978 90.0878265427196 89.5205579122795 83.1600871064417 85.2279248708898 93.9979319707298 84.2005457159281 84.4948497560722 86.3152293981705 92.7805897161898
90.2319024715531 87.0071507868401 84.4166372889035 84.1779208042287 79.5765657369386 82.9023336598264 80.7750878561122 0 91.1411444397705 87.0006960745015 86.0269512530389 77.1342704420015 77.6085169412828 92.2080015051488 81.3136159332918 79.5089465983304 83.4499763303665 90.3763032814006
88.8707549940815 94.0161576060675 93.3570584373184 93.6178705518108 91.8438003603076 88.6223132959149 93.0374148166978 91.1411444397705 0 82.9188992672694 84.487373513273 92.0323684124072 90.3930962198545 75.8863350153266 92.9422595709972 92.1241675482484 92.9837225837893 83.0970686635682
88.3886138704597 91.8782544058433 90.8258043694878 91.0632682823266 88.5776170713634 84.2312091392794 90.0878265427196 87.0006960745015 82.9188992672694 0 69.1430023036042 88.2881350299898 85.6238550502764 85.290034975605 89.6549784637635 88.4384090878874 89.7657356159223 82.5570171580838
88.8222266661041 91.5815135894573 90.4254075610444 90.627140936034 88.0178850920116 83.8335600214959 89.5205579122795 86.0269512530389 84.487373513273 69.1430023036042 0 87.3255629410106 84.2577436114513 86.3902173587608 88.8215767668092 87.4658005457673 88.9206406955644 83.0753273028287
91.9280437922403 88.6957997331364 86.593546419187 86.051467240859 83.9405886754904 86.3715914053258 83.1600871064417 77.1342704420015 92.0323684124072 88.2881350299898 87.3255629410106 0 76.9639370490137 92.865636731789 73.6150544197642 67.9591305944275 77.7285209261352 90.7260555518404
91.0399703025278 89.5407227977055 87.6836771400466 87.4889526831515 84.5719301653208 84.7054556385607 85.2279248708898 77.6085169412828 90.3930962198545 85.6238550502764 84.2577436114513 76.9639370490137 0 91.3563295926288 81.0505757896518 77.2985519294092 81.6951556819209 88.7651958006542
90.5805632243494 94.9778843843571 94.3565659589678 94.5674778700958 92.9859516856315 90.3064773315352 93.9979319707298 92.2080015051488 75.8863350153266 85.290034975605 86.3902173587608 92.865636731789 91.3563295926288 0 93.6542453510073 92.8926411279113 93.6021832906167 82.5820087166734
92.8884805545587 89.2970716604341 87.4132525105052 86.728583188484 85.6282873808047 88.1308444831307 84.2005457159281 81.3136159332918 92.9422595709972 89.6549784637635 88.8215767668092 73.6150544197642 81.0505757896518 93.6542453510073 0 72.1525075226208 73.091775616211 91.5807977518685
92.3399315776908 89.4423694680605 87.5375186082701 87.0251468241912 85.2143288128862 87.1221763845047 84.4948497560722 79.5089465983304 92.1241675482484 88.4384090878874 87.4658005457673 67.9591305944275 77.2985519294092 92.8926411279113 72.1525075226208 0 74.8466270326731 90.6116845258872
93.4265035391518 90.539950838469 88.922933573106 88.3666599593055 87.3031982537424 89.0112398515747 86.3152293981705 83.4499763303665 92.9837225837893 89.7657356159223 88.9206406955644 77.7285209261352 81.6951556819209 93.6021832906167 73.091775616211 74.8466270326731 0 91.3132171138031
91.5807977518685 94.3485714436332 93.5049801885302 93.6183397296667 91.8782544058433 89.4301536759735 92.7805897161898 90.3763032814006 83.0970686635682 82.5570171580838 83.0753273028287 90.7260555518404 88.7651958006542 82.5820087166734 91.5807977518685 90.6116845258872 91.3132171138031 0
