0 85.9689738268077 82.9436298012717 88.3192387985912 86.2581263061566 87.9719488414633 86.1924886111327 89.4221471101878 89.4098004215052 89.2378052738121 90.4522293480359 92.134366195137 91.0805549162447 93.0006739141535 93.1542082179788 91.9210029692486 92.6902991136677 92.6941043474961
85.9689738268077 0 90.3604386251505 78.3784347830183 83.4206154648313 83.2478263495168 90.3134982103822 87.4093346529378 92.1021037784185 91.4158984667606 90.0984287183531 89.5423184579852 89.6356543330438 90.1679222262179 90.7970443403588 91.8768442997757 94.3189657525825 93.778610784351
82.9436298012717 90.3604386251505 0 91.5313920024931 89.0891422958372 90.5755470009639 82.9463689655499 90.855597892659 86.8249332995649 87.5393583862287 90.8062383820762 93.3517832592601 91.9276975891377 94.2486992412028 94.1972489723192 91.8023590831606 90.9051105458279 91.5039964300515
88.3192387985912 78.3784347830183 91.5313920024931 0 82.1654959184623 79.6239007539644 90.7460985465124 85.3681348263785 92.170082267796 91.2997788428004 88.9490724712338 87.1138650672283 87.8928971582322 87.7145649042312 88.6464053797138 90.9109981706394 94.1262725806034 93.3558126483712
86.2581263061566 83.4206154648313 89.0891422958372 82.1654959184623 0 74.6168963459942 86.965022649524 79.8920337031865 88.8875204444754 87.5669103771799 84.742395309362 85.9824709295427 84.5016820945834 87.6597833490265 87.944313716693 87.7883928231841 91.6294363484163 90.7082125087859
87.9719488414633 83.2478263495168 90.5755470009639 79.6239007539644 74.6168963459942 0 88.7666298257024 79.2428040951504 90.1912970937131 88.9584530042395 85.3242103663103 84.2651234289979 83.9968508302003 85.9551766758109 86.5719877706189 88.1664075351291 92.4012791416252 91.3769599159453
86.1924886111327 90.3134982103822 82.9463689655499 90.7460985465124 86.965022649524 88.7666298257024 0 87.9831253858179 79.2428040951504 79.8562220255434 86.8951087437975 91.1979094457828 88.9298435901867 92.4138801951426 92.1660836313315 88.0639456241199 87.1532538857958 87.5784618398856
89.4221471101878 87.4093346529378 90.855597892659 85.3681348263785 79.8920337031865 79.2428040951504 87.9831253858179 0 88.7666298257024 87.0602488846095 79.7299928966582 81.3049890145417 76.8761978059386 84.5246568859976 84.3058065807959 84.4032506112549 90.780216642915 89.259475688825
89.4098004215052 92.1021037784185 86.8249332995649 92.170082267796 88.8875204444754 90.1912970937131 79.2428040951504 88.7666298257024 0 74.2205710866645 86.5390896854225 91.4424217849664 88.9628594842768 92.6506515619665 92.2279495677082 86.7080559022165 82.6936644562294 83.9968508302003
89.2378052738121 91.4158984667606 87.5393583862287 91.2997788428004 87.5669103771799 88.9584530042395 79.8562220255434 87.0602488846095 74.2205710866645 0 84.1323142820089 90.162281845025 87.2064301137421 91.5472933089331 91.0603100168754 84.5850934634402 83.4694405414077 83.0985325060735
90.4522293480359 90.0984287183531 90.8062383820762 88.9490724712338 84.742395309362 85.3242103663103 86.8951087437975 79.7299928966582 86.5390896854225 84.1323142820089 0 84.3239158899316 76.8789702912515 86.8316543916761 85.8695443561659 77.2272264362371 88.2032697249812 85.8191132228069
92.134366195137 89.5423184579852 93.3517832592601 87.1138650672283 85.9824709295427 84.2651234289979 91.1979094457828 81.3049890145417 91.4424217849664 90.162281845025 84.3239158899316 0 79.5337525041817 74.9227372224544 74.0608757462916 86.1664750873007 92.4148423878347 90.8287907460843
91.0805549162447 89.6356543330438 91.9276975891377 87.8928971582322 84.5016820945834 83.9968508302003 88.9298435901867 76.8761978059386 88.9628594842768 87.2064301137421 76.8789702912515 79.5337525041817 0 83.508193737143 82.1783811819128 81.3499626025865 90.2146619772669 88.2106092259997
93.0006739141535 90.1679222262179 94.2486992412028 87.7145649042312 87.6597833490265 85.9551766758109 92.4138801951426 84.5246568859976 92.6506515619665 91.5472933089331 86.8316543916761 74.9227372224544 83.508193737143 0 72.5570171580838 88.0740403942904 93.4468051401423 92.0092883313898
93.1542082179788 90.7970443403588 94.1972489723192 88.6464053797138 87.944313716693 86.5719877706189 92.1660836313315 84.3058065807959 92.2279495677082 91.0603100168754 85.8695443561659 74.0608757462916 82.1783811819128 72.5570171580838 0 86.8784130290517 92.8634330622707 91.2597615666142
91.9210029692486 91.8768442997757 91.8023590831606 90.9109981706394 87.7883928231841 88.1664075351291 88.0639456241199 84.4032506112549 86.7080559022165 84.5850934634402 77.2272264362371 86.1664750873007 81.3499626025865 88.0740403942904 86.8784130290517 0 86.8249332995649 83.2401770082761
92.6902991136677 94.3189657525825 90.9051105458279 94.1262725806034 91.6294363484163 92.4012791416252 87.1532538857958 90.780216642915 82.6936644562294 83.4694405414077 88.2032697249812 92.4148423878347 90.2146619772669 93.4468051401423 92.8634330622707 86.8249332995649 0 78.1879274577438
92.6941043474961 93.778610784351 91.5039964300515 93.3558126483712 90.7082125087859 91.3769599159453 87.5784618398856 89.259475688825 83.9968508302003 83.0985325060735 85.8191132228069 90.8287907460843 88.2106092259997 92.0092883313898 91.2597615666142 83.2401770082761 78.1879274577438 0
