0 89.3122722994984 77.1342704420015 89.6736352563445 83.5630990497122 86.6998332832862 86.4198537193337 86.5647911916719 86.728583188484 87.8274690181188 90.4569197324136 88.6848557252811 88.6902383090667 90.5123498482438 90.4905514406989 93.0237176292658 90.5170152200493 90.7501868793672
89.3122722994984 0 90.9350776916189 68.5776170713634 85.1080779267362 81.8810549507213 90.1320245695439 90.4500966884481 90.8101589335291 91.9206139531019 88.3706340536072 90.7696670796825 91.0505774094249 89.2420962761255 93.9704467606371 89.8116271825038 93.3637795294295 92.1661514078332
77.1342704420015 90.9350776916189 0 91.1606037798718 85.5673171147236 88.302518301047 85.61053085255 85.5809897202887 85.5447953106515 86.2941364985063 90.7736476404043 88.0639385603448 87.9441028587599 90.6577891302527 88.9712888943258 93.3530706541341 89.299608797833 90.1052437355394
89.6736352563445 68.5776170713634 91.1606037798718 0 85.2003092693599 81.5313920024931 89.9796622965764 90.3076340967678 90.6801563207739 91.8031934420853 87.7011152167864 90.5098229277861 90.8128181300148 88.673030367622 93.8609089066298 89.0724707021626 93.1990142701287 91.8782544058433
83.5630990497122 85.1080779267362 85.5673171147236 85.2003092693599 0 76.9639370490137 83.6964506811521 84.2898088970413 84.9383437488801 86.9640747043537 85.8409935873444 85.8358888194266 86.1711352099856 86.2981373727539 90.3355992376309 89.6174227009619 89.6479614516232 88.5663707686117
86.6998332832862 81.8810549507213 88.302518301047 81.5313920024931 76.9639370490137 0 85.891837352535 86.4069311709418 86.9780287330724 88.6472023093941 84.5948106205694 86.9693623399366 87.3799626024501 85.5808061478542 91.4893467948651 88.2163091637699 90.6806177226143 89.1656719381225
86.4198537193337 90.1320245695439 85.61053085255 89.9796622965764 83.6964506811521 85.891837352535 0 61.7543777259293 68.5776170713634 77.350315528933 85.1126021339894 75.9948369189331 75.9356022903238 84.3528511600138 85.0312004191288 89.5178683060867 83.5630990497122 82.6342007106042
86.5647911916719 90.4500966884481 85.5809897202887 90.3076340967678 84.2898088970413 86.4069311709418 61.7543777259293 0 63.3018981613948 75.7863355292019 85.5447953106515 75.9938251597708 75.5523155632995 84.7544879428325 84.4341688235299 89.757923349602 82.9507380374913 82.4261466357094
86.728583188484 90.8101589335291 85.5447953106515 90.6801563207739 84.9383437488801 86.9780287330724 68.5776170713634 63.3018981613948 0 73.5051617128947 86.0793468808826 76.5304228410657 75.6975034474207 85.2757844705262 83.6857988251183 90.0644944265226 82.2337877346136 82.3358293114501
87.8274690181188 91.9206139531019 86.2941364985063 91.8031934420853 86.9640747043537 88.6472023093941 77.350315528933 75.7863355292019 73.5051617128947 0 87.4269372455433 78.7327322889043 77.3975598292249 86.573399006352 80.4905850455247 90.8210991104861 79.0641838242911 81.9336552315434
90.4569197324136 88.3706340536072 90.7736476404043 87.7011152167864 85.8409935873444 84.5948106205694 85.1126021339894 85.5447953106515 86.0793468808826 87.4269372455433 0 83.5716233795062 84.3279020717801 70.0814756595712 89.9921148053681 81.6361774125846 88.4401302662246 84.8076551753757
88.6848557252811 90.7696670796825 88.0639385603448 90.5098229277861 85.8358888194266 86.9693623399366 75.9948369189331 75.9938251597708 76.5304228410657 78.7327322889043 83.5716233795062 0 62.8570852776766 82.0842129001858 84.5209611150219 88.3390605802349 81.8069354424815 77.4947214838478
88.6902383090667 91.0505774094249 87.9441028587599 90.8128181300148 86.1711352099856 87.3799626024501 75.9356022903238 75.5523155632995 75.6975034474207 77.3975598292249 84.3279020717801 62.8570852776766 0 82.9463689655499 83.778610784351 88.7543593398907 80.8520873673449 77.2432322891218
90.5123498482438 89.2420962761255 90.6577891302527 88.673030367622 86.2981373727539 85.5808061478542 84.3528511600138 84.7544879428325 85.2757844705262 86.573399006352 70.0814756595712 82.0842129001858 82.9463689655499 0 89.2021401250958 82.6159269388225 87.4367856982789 83.1009383845497
90.4905514406989 93.9704467606371 88.9712888943258 93.8609089066298 90.3355992376309 91.4893467948651 85.0312004191288 84.4341688235299 83.6857988251183 80.4905850455247 89.9921148053681 84.5209611150219 83.778610784351 89.2021401250958 0 92.36299490567 75.2692740180617 83.9582528984616
93.0237176292658 89.8116271825038 93.3530706541341 89.0724707021626 89.6174227009619 88.2163091637699 89.5178683060867 89.757923349602 90.0644944265226 90.8210991104861 81.6361774125846 88.3390605802349 88.7543593398907 82.6159269388225 92.36299490567 0 91.1011246996244 88.2881350299898
90.5170152200493 93.3637795294295 89.299608797833 93.1990142701287 89.6479614516232 90.6806177226143 83.5630990497122 82.9507380374913 82.2337877346136 79.0641838242911 88.4401302662246 81.8069354424815 80.8520873673449 87.4367856982789 75.2692740180617 91.1011246996244 0 80.0174507434799
90.7501868793672 92.1661514078332 90.1052437355394 91.8782544058433 88.5663707686117 89.1656719381225 82.6342007106042 82.4261466357094 82.3358293114501 81.9336552315434 84.8076551753757 77.4947214838478 77.2432322891218 83.1009383845497 83.9582528984616 88.2881350299898 80.0174507434799 0
