0 84.2169264795973 83.7056567149524 79.2492238225855 82.6839352129843 83.0196808096236 87.3667856960387 88.7916489169787 89.6385877643063 89.1123755294906 90.857813115772 92.7657804364479 92.038295492504 92.0171329637785 91.8652783427072 93.0590807705625 93.3818994637991 94.1871474038067
84.2169264795973 0 89.3706773252167 78.5776170713634 87.4502969333401 87.0605702158074 81.0227143301705 91.3295387552311 84.7814907955383 87.6131943190306 90.8422827729217 89.9859942200057 89.9411067024874 92.6135550936366 91.0843403509302 91.8055112926675 92.2895700323584 94.7084578369395
83.7056567149524 89.3706773252167 0 86.4210841896122 78.5776170713634 80.5050214404877 90.1795809990419 83.6009463029101 91.7271802232159 89.5413226105397 89.710133239926 93.8219329186715 92.6218549979254 90.0814756595712 91.4184221916742 93.0088975767243 93.201597050353 92.4217512174796
79.2492238225855 78.5776170713634 86.4210841896122 0 83.6895333266464 83.2222041818708 83.0537062809823 89.2492238225855 86.5256213537673 86.728583188484 89.6742169916369 90.780920519903 90.0891196713426 91.4114092712714 90.4245313795394 91.5819226242647 92.0161153643317 93.783510724049
82.6839352129843 87.4502969333401 78.5776170713634 83.6895333266464 0 66.5063621434069 87.7735257733187 83.0277507001197 89.6742169916369 86.6917490863679 87.4908764682633 92.1749675983988 90.7198626723942 88.6223132959149 89.4387596557842 91.3136159332918 91.5879170280032 91.5863017336953
83.0196808096236 87.0605702158074 80.5050214404877 83.2222041818708 66.5063621434069 0 87.1185799927739 83.2478263495168 89.1084015061976 85.8019704317074 86.8584352256806 91.7149220671008 90.1694273230799 88.2608359710067 88.8644512266057 90.8280348378328 91.1286778400159 91.3828500067287
87.3667856960387 81.0227143301705 90.1795809990419 83.0537062809823 87.7735257733187 87.1185799927739 0 90.8588812235425 76.8826532576925 83.4622289560392 88.6055401264309 86.341622719513 86.1192544428531 91.0891932996759 88.345191760657 88.9875263192841 89.678165127691 93.4555812314523
88.7916489169787 91.3295387552311 83.6009463029101 89.2492238225855 83.0277507001197 83.2478263495168 90.8588812235425 0 91.917298642149 88.251967056199 86.2118970069928 93.2546300784071 91.4933609270718 85.2440876912534 89.0159806884951 91.220094294783 91.2840039217096 88.6129731788898
89.6385877643063 84.7814907955383 91.7271802232159 86.5256213537673 89.6742169916369 89.1084015061976 76.8826532576925 91.917298642149 0 83.964480905296 88.9021373091748 83.0700722039928 84.118416523504 91.4238688668901 87.9762509169206 87.9538334430254 88.7723611954805 93.585511852405
89.1123755294906 87.6131943190306 89.5413226105397 86.728583188484 86.6917490863679 85.8019704317074 83.4622289560392 88.251967056199 83.964480905296 0 81.7532076048429 86.1064075965368 82.1252909464943 86.6545999065771 81.4548623602078 84.3139343989393 85.2198208476034 90.2016287573161
90.857813115772 90.8422827729217 89.710133239926 89.6742169916369 87.4908764682633 86.8584352256806 88.6055401264309 86.2118970069928 88.9021373091748 81.7532076048429 0 89.1889251702576 85.6740735240039 79.5166621000467 77.9330371790942 84.1114246562642 84.1984937693655 86.0880315310738
92.7657804364479 89.9859942200057 93.8219329186715 90.780920519903 92.1749675983988 91.7149220671008 86.341622719513 93.2546300784071 83.0700722039928 86.1064075965368 89.1889251702576 0 79.8251320749173 91.5475922775159 87.0552552159957 85.0212257178121 86.0648852018289 93.2562485999175
92.038295492504 89.9411067024874 92.6218549979254 90.0891196713426 90.7198626723942 90.1694273230799 86.1192544428531 91.4933609270718 84.118416523504 82.1252909464943 85.6740735240039 79.8251320749173 0 88.9534673411623 82.0978265893902 79.3372329588004 81.4026230782966 91.1963957883817
92.0171329637785 92.6135550936366 90.0814756595712 91.4114092712714 88.6223132959149 88.2608359710067 91.0891932996759 85.2440876912534 91.4238688668901 86.6545999065771 79.5166621000467 91.5475922775159 88.9534673411623 0 83.8213544350363 87.1861580940907 86.8982993539898 81.3633736396877
91.8652783427072 91.0843403509302 91.4184221916742 90.4245313795394 89.4387596557842 88.8644512266057 88.345191760657 89.0159806884951 87.9762509169206 81.4548623602078 77.9330371790942 87.0552552159957 82.0978265893902 83.8213544350363 0 78.2511598923979 78.6665542029632 87.4964074614392
93.0590807705625 91.8055112926675 93.0088975767243 91.5819226242647 91.3136159332918 90.8280348378328 88.9875263192841 91.220094294783 87.9538334430254 84.3139343989393 84.1114246562642 85.0212257178121 79.3372329588004 87.1861580940907 78.2511598923979 0 67.9330371790942 89.2351520453397
93.3818994637991 92.2895700323584 93.201597050353 92.0161153643317 91.5879170280032 91.1286778400159 89.678165127691 91.2840039217096 88.7723611954805 85.2198208476034 84.1984937693655 86.0648852018289 81.4026230782966 86.8982993539898 78.6665542029632 67.9330371790942 0 88.7312069661749
94.1871474038067 94.7084578369395 92.4217512174796 93.783510724049 91.5863017336953 91.3828500067287 93.4555812314523 88.6129731788898 93.585511852405 90.2016287573161 86.0880315310738 93.2562485999175 91.1963957883817 81.3633736396877 87.4964074614392 89.2351520453397 88.7312069661749 0
