0 91.5127665924628 79.7799514872702 81.1136705287218 92.3759505457448 91.9587458613175 86.2810577195812 88.7966354858417 92.7210100637805 91.1679038233735 93.8146333429251 87.6085169412828 92.0548078724339 88.3564292247297 88.1383073018398 88.7168802665761 90.3094797554861 89.636827943325
91.5127665924628 0 90.4673865315043 90.0692771132551 79.8878029763717 83.0625479788191 90.0308673275794 87.9719488414633 85.891837352535 87.2830977282773 87.3827962632147 93.2867380118859 87.8176535654292 91.7282678173998 92.1559801880298 92.3452739215203 90.5150984397825 91.2940305799451
79.7799514872702 90.4673865315043 0 65.5673171147236 90.9349049065962 90.174222290158 80.715999260007 85.2585829776085 90.9211314443901 88.7142660529301 92.2289452013272 84.7544879428325 89.8583081125577 84.5700464329907 84.4555005891274 85.3208427639379 87.2425274907694 86.3152293981705
81.1136705287218 90.0692771132551 65.5673171147236 0 90.4874538218186 89.6602337925892 79.4313841462521 84.3279020717801 90.4401640436861 88.0919129295178 91.8161810502716 84.8314512704693 89.3168091203934 84.0735682389664 84.09464030757 84.9796890336395 86.6323912855628 85.7520263726057
92.3759505457448 79.8878029763717 90.9349049065962 90.4874538218186 0 75.4258489815476 89.6713072295036 86.7697037235785 80.3572867731012 84.3872598725851 82.6301743194922 93.0119051178995 84.484421527208 91.0847101070666 91.618675047635 91.7330824305026 89.1286394759735 90.2821290967332
91.9587458613175 83.0625479788191 90.174222290158 89.6602337925892 75.4258489815476 0 88.3311427205777 84.5719301653208 75.0930706154422 80.616470674657 80.5622918724125 92.045866309268 80.7541754212884 89.7571837034398 90.3980229870522 90.4920308463988 87.2169957016613 88.6957997331364
86.2810577195812 90.0308673275794 80.715999260007 79.4313841462521 89.6713072295036 88.3311427205777 0 79.5765657369386 88.7966354858417 85.3331766303708 90.3345343122189 83.2222041818708 86.8602955447793 78.1200421657566 79.3443980803016 80.5098229277861 81.7060996897762 80.1445703986413
88.7966354858417 87.9719488414633 85.2585829776085 84.3279020717801 86.7697037235785 84.5719301653208 79.5765657369386 0 85.1097422091168 79.1900555153147 87.3719376615789 87.2699342686732 82.1809363621576 82.9518421166448 84.2434141444616 84.5321991797927 79.3818913619656 81.3493605368748
92.7210100637805 85.891837352535 90.9211314443901 90.4401640436861 80.3572867731012 75.0930706154422 88.7966354858417 85.1097422091168 0 79.6389324149125 75.289026176076 92.1654959184623 77.741601258213 89.7754074692579 90.4430889140306 90.4591405847679 86.7548660553969 88.4653586674992
91.1679038233735 87.2830977282773 88.7142660529301 88.0919129295178 84.3872598725851 80.616470674657 85.3331766303708 79.1900555153147 79.6389324149125 0 83.2104323364473 89.8351993450414 71.8069354424815 86.5372230449869 87.4920681770763 87.5130180847744 81.8754723969354 84.6029677187203
93.8146333429251 87.3827962632147 92.2289452013272 91.8161810502716 82.6301743194922 80.5622918724125 90.3345343122189 87.3719376615789 75.289026176076 83.2104323364473 0 93.1365622199274 81.2099173216637 90.9925666286993 91.5819226242647 91.5552221823547 88.2382248275296 89.7537582176681
87.6085169412828 93.2867380118859 84.7544879428325 84.8314512704693 93.0119051178995 92.045866309268 83.2222041818708 87.2699342686732 92.1654959184623 89.8351993450414 93.1365622199274 0 90.6140499391408 80.0174507434799 77.5519919157727 78.2753097867997 86.125843648819 83.7262992166468
92.0548078724339 87.8176535654292 89.8583081125577 89.3168091203934 84.484421527208 80.7541754212884 86.8602955447793 82.1809363621576 77.741601258213 71.8069354424815 81.2099173216637 90.6140499391408 0 87.596850876355 88.4554500532114 88.4088717515243 83.1477808215036 85.691935510968
88.3564292247297 91.7282678173998 84.5700464329907 84.0735682389664 91.0847101070666 89.7571837034398 78.1200421657566 82.9518421166448 89.7754074692579 86.5372230449869 90.9925666286993 80.0174507434799 87.596850876355 0 67.9330371790942 69.0724707021626 80.237526392877 74.9227372224544
88.1383073018398 92.1559801880298 84.4555005891274 84.09464030757 91.618675047635 90.3980229870522 79.3443980803016 84.2434141444616 90.4430889140306 87.4920681770763 91.5819226242647 77.5519919157727 88.4554500532114 67.9330371790942 0 64.9227372224544 82.0827706588024 77.9330371790942
88.7168802665761 92.3452739215203 85.3208427639379 84.9796890336395 91.7330824305026 90.4920308463988 80.5098229277861 84.5321991797927 90.4591405847679 87.5130180847744 91.5552221823547 78.2753097867997 88.4088717515243 69.0724707021626 64.9227372224544 0 81.7532076048429 77.2272264362371
90.3094797554861 90.5150984397825 87.2425274907694 86.6323912855628 89.1286394759735 87.2169957016613 81.7060996897762 79.3818913619656 86.7548660553969 81.8754723969354 88.2382248275296 86.125843648819 83.1477808215036 80.237526392877 82.0827706588024 81.7532076048429 0 73.9536370923738
89.636827943325 91.2940305799451 86.3152293981705 85.7520263726057 90.2821290967332 88.6957997331364 80.1445703986413 81.3493605368748 88.4653586674992 84.6029677187203 89.7537582176681 83.7262992166468 85.691935510968 74.9227372224544 77.9330371790942 77.2272264362371 73.9536370923738 0
