0 67.0711757029314 86.9345227862877 91.8626537383727 93.4682218915263 81.2493343553935 87.1049402642099 89.4221471101878 86.4736061587242 84.9796890336395 86.5840769255055 93.8411576537798 87.0178873678807 89.8603838981258 91.1190958196448 94.7213449582279 88.9628594842768 89.7107101071407
67.0711757029314 0 86.0056807318553 91.348221852798 93.0423921856302 80.8110544783965 86.3653649600743 88.7966354858417 85.8041570857299 84.4613002047043 86.1677794707972 93.454425546335 86.965022649524 89.4005173154006 90.7013302325281 94.3838694727597 88.7630438748595 89.4681370721026
86.9345227862877 86.0056807318553 0 84.748151923334 87.9942260645646 86.7889107409908 82.9436298012717 82.8634330622707 84.7651541907165 86.5063621434069 87.2840773906087 89.414513278021 89.7360167039801 87.0520671395345 87.9762509169206 91.0747131126586 89.7657356159223 89.7651660120367
91.8626537383727 91.348221852798 84.748151923334 0 78.0529683256868 91.1779321937001 87.1011079322503 83.7282643294782 88.6230543495502 90.3406330331283 90.4137674834842 83.555965823659 92.4255155197408 88.0376113001261 87.6560288601076 86.7956877693918 91.7763710441774 91.399637915667
93.4682218915263 93.0423921856302 87.9942260645646 78.0529683256868 0 92.8858384319386 89.5764506085883 86.9772820178009 90.7338104052137 92.1404035074021 92.1377055238515 82.4936594236437 93.8247067650187 89.9015984882294 89.2942101842658 85.7863355292019 93.1584946771034 92.7667139877223
81.2493343553935 80.8110544783965 86.7889107409908 91.1779321937001 92.8858384319386 0 83.555965823659 87.3082160992677 81.4604597869079 76.5304228410657 80.0814756595712 92.6857280065748 81.2493343553935 86.625354376404 88.4806993574841 93.5125973794973 84.3616377049391 85.6120133392751
87.1049402642099 86.3653649600743 82.9436298012717 87.1011079322503 89.5764506085883 83.555965823659 0 78.3073021585004 72.755353731925 80.3134982103822 80.5098229277861 88.9501568022335 85.6591876775859 79.6648998632169 82.7760355725621 90.2262650432753 84.7635075614827 84.5321991797927
89.4221471101878 88.7966354858417 82.8634330622707 83.7282643294782 86.9772820178009 87.3082160992677 78.3073021585004 0 81.7936695220104 85.3461292680899 85.1757958751021 86.0083775203254 88.5663707686117 80.4372372021831 81.2209091826396 87.9160591307339 87.3985422847928 86.8092101824516
86.4736061587242 85.8041570857299 84.7651541907165 88.6230543495502 90.7338104052137 81.4604597869079 72.755353731925 81.7936695220104 0 75.9075778204541 75.9874107822006 90.00991931245 83.4303012817429 80.0457203942419 83.5212275983274 91.0399703025278 82.5983367324848 82.6963438949705
84.9796890336395 84.4613002047043 86.5063621434069 90.3406330331283 92.1404035074021 76.5304228410657 80.3134982103822 85.3461292680899 75.9075778204541 0 71.1963957883817 91.5636442357538 79.5943768821453 83.5008850021645 86.0621707455228 92.3952536465201 81.0505757896518 82.3546980369414
86.5840769255055 86.1677794707972 87.2840773906087 90.4137674834842 92.1377055238515 80.0814756595712 80.5098229277861 85.1757958751021 75.9874107822006 71.1963957883817 0 91.2828661822708 78.7608908822587 82.0154368322127 84.9504435034663 92.0336071281465 78.1117143687293 79.5765657369386
93.8411576537798 93.454425546335 89.414513278021 83.555965823659 82.4936594236437 92.6857280065748 88.9501568022335 86.0083775203254 90.00991931245 91.5636442357538 91.2828661822708 0 93.05151352199 87.9356337101831 86.472663231659 76.6604254538209 91.9455171079519 91.3092211049113
87.0178873678807 86.965022649524 89.7360167039801 92.4255155197408 93.8247067650187 81.2493343553935 85.6591876775859 88.5663707686117 83.4303012817429 79.5943768821453 78.7608908822587 93.05151352199 0 86.1192544428531 87.9443141818646 93.5861215907362 77.8275353557611 81.1510920176696
89.8603838981258 89.4005173154006 87.0520671395345 88.0376113001261 89.9015984882294 86.625354376404 79.6648998632169 80.4372372021831 80.0457203942419 83.5008850021645 82.0154368322127 87.9356337101831 86.1192544428531 0 74.2066957450215 88.8076490747912 83.341335320205 81.7711908388985
91.1190958196448 90.7013302325281 87.9762509169206 87.6560288601076 89.2942101842658 88.4806993574841 82.7760355725621 81.2209091826396 83.5212275983274 86.0621707455228 84.9504435034663 86.472663231659 87.9443141818646 74.2066957450215 0 87.2135864224852 85.4535216572886 83.9405886754904
94.7213449582279 94.3838694727597 91.0747131126586 86.7956877693918 85.7863355292019 93.5125973794973 90.2262650432753 87.9160591307339 91.0399703025278 92.3952536465201 92.0336071281465 76.6604254538209 93.5861215907362 88.8076490747912 87.2135864224852 0 92.3922142695726 91.70809737792
88.9628594842768 88.7630438748595 89.7657356159223 91.7763710441774 93.1584946771034 84.3616377049391 84.7635075614827 87.3985422847928 82.5983367324848 81.0505757896518 78.1117143687293 91.9455171079519 77.8275353557611 83.341335320205 85.4535216572886 92.3922142695726 0 71.3176021151403
89.7107101071407 89.4681370721026 89.7651660120367 91.399637915667 92.7667139877223 85.6120133392751 84.5321991797927 86.8092101824516 82.6963438949705 82.3546980369414 79.5765657369386 91.3092211049113 81.1510920176696 81.7711908388985 83.9405886754904 91.70809737792 71.3176021151403 0
