0 72.5868656935784 88.3823526405858 88.0908247429846 88.9208584222411 87.4754622734875 89.7493039911554 86.8861574238521 88.2163091637699 89.1754702685607 89.4023755247218 88.9153198341236 90.7683108277111 91.1655581808111 89.9179585158647 89.5287091114304 89.8968698814339 90.4533104756221
72.5868656935784 0 87.2749906725731 86.6917490863679 88.5513302520412 85.8203757673713 89.3293026474086 85.0612171811727 86.6545999065771 87.8293148865457 88.6994416157976 87.8461841608603 89.6806109422008 90.6787718210589 88.6555361552294 88.1975526364766 88.9384864241325 89.5317156500199
88.3823526405858 87.2749906725731 0 76.0487872378001 92.8990129423313 80.9302887188506 93.1491921007401 86.1494823545164 83.6337942323103 82.045866309268 92.1576223194136 90.5556491061807 83.2834453116058 93.5825369662917 84.8314512704693 86.082168991845 91.0913973531179 91.2880173632844
88.0908247429846 86.6917490863679 76.0487872378001 0 91.906874735667 74.0608757462916 92.1229756646817 83.237595614941 78.9642297145514 76.4210841896122 90.9058262814253 88.9132410411909 80.237526392877 92.5057990397075 81.1303421223965 82.8100758107315 89.5006167498636 89.7020490430077
88.9208584222411 88.5513302520412 92.8990129423313 91.906874735667 0 90.7989490134675 70.4826747456109 88.1860958317419 90.3134982103822 91.4990315363439 78.2511598923979 83.7989102258118 92.6559198824918 80.0708701724473 91.1963957883817 90.1887143134889 84.5425970300461 85.4427470234674
87.4754622734875 85.8203757673713 80.9302887188506 74.0608757462916 90.7989490134675 0 91.0106745874095 79.546717201444 72.79025144391 74.2066957450215 89.5771606201419 87.1809971370733 80.788610269172 91.4063373322637 78.8179418809182 79.8419543483159 87.8971028192387 88.1540201537056
89.7493039911554 89.3293026474086 93.1491921007401 92.1229756646817 70.4826747456109 91.0106745874095 0 88.3817722212596 90.4414234047917 91.6055641424528 76.4563938766218 83.3722154324938 92.6995799132407 76.6036127601054 91.2093053492396 90.1692953518639 83.7989102258118 84.6443956088733
86.8861574238521 85.0612171811727 86.1494823545164 83.237595614941 88.1860958317419 79.546717201444 88.3817722212596 0 77.0711757029314 81.5313920024931 86.301340043983 82.5570171580838 84.8632678583311 88.8461887760664 81.1963957883817 78.6148957965558 83.8765211301847 84.4341688235299
88.2163091637699 86.6545999065771 83.6337942323103 78.9642297145514 90.3134982103822 72.79025144391 90.4414234047917 77.0711757029314 0 73.6150544197642 88.7737928568809 85.9126336164662 80.4078597858648 90.6967359817886 74.9227372224544 74.8349979793794 86.5889612295793 86.7956877693918
89.1754702685607 87.8293148865457 82.045866309268 76.4210841896122 91.4990315363439 74.2066957450215 91.6055641424528 81.5313920024931 73.6150544197642 0 90.1471795575176 87.7239661854775 75.6120133392751 91.7916013027084 73.6150544197642 77.9330371790942 88.2006347237529 88.303315976652
89.4023755247218 88.6994416157976 92.1576223194136 90.9058262814253 78.2511598923979 89.5771606201419 76.4563938766218 86.301340043983 88.7737928568809 90.1471795575176 0 78.2993261327158 91.3667291813695 77.3382020284199 89.5753757260203 88.280925491606 78.9534134267456 80.4857622301273
88.9153198341236 87.8461841608603 90.5556491061807 88.9132410411909 83.7989102258118 87.1809971370733 83.3722154324938 82.5570171580838 85.9126336164662 87.7239661854775 78.2993261327158 0 89.22735792065 83.2478263495168 86.8428331489911 85.0002150024618 70.4826747456109 74.8172353991213
90.7683108277111 89.6806109422008 83.2834453116058 80.237526392877 92.6559198824918 80.788610269172 92.6995799132407 84.8632678583311 80.4078597858648 75.6120133392751 91.3667291813695 89.22735792065 0 92.7445958873746 76.8982993539898 81.0165466649615 89.4902959210009 89.4705762436461
91.1655581808111 90.6787718210589 93.5825369662917 92.5057990397075 80.0708701724473 91.4063373322637 76.6036127601054 88.8461887760664 90.6967359817886 91.7916013027084 77.3382020284199 83.2478263495168 92.7445958873746 0 91.220094294783 90.1450923558343 82.7637542718576 83.237595614941
89.9179585158647 88.6555361552294 84.8314512704693 81.1303421223965 91.1963957883817 78.8179418809182 91.2093053492396 81.1963957883817 74.9227372224544 73.6150544197642 89.5753757260203 86.8428331489911 76.8982993539898 91.220094294783 0 72.5570171580838 87.1676503749751 87.1530214921769
89.5287091114304 88.1975526364766 86.082168991845 82.8100758107315 90.1887143134889 79.8419543483159 90.1692953518639 78.6148957965558 74.8349979793794 77.9330371790942 88.280925491606 85.0002150024618 81.0165466649615 90.1450923558343 72.5570171580838 0 85.380727060787 85.3790959332366
89.8968698814339 88.9384864241325 91.0913973531179 89.5006167498636 84.5425970300461 87.8971028192387 83.7989102258118 83.8765211301847 86.5889612295793 88.2006347237529 78.9534134267456 70.4826747456109 89.4902959210009 82.7637542718576 87.1676503749751 85.380727060787 0 67.1071965514169
90.4533104756221 89.5317156500199 91.2880173632844 89.7020490430077 85.4427470234674 88.1540201537056 84.6443956088733 84.4341688235299 86.7956877693918 88.303315976652 80.4857622301273 74.8172353991213 89.4705762436461 83.237595614941 87.1530214921769 85.3790959332366 67.1071965514169 0
