0 85.3208427639379 89.703782638195 88.5865931919939 86.8148321182775 91.3164066447049 88.7284672531233 90.6792333700066 87.7864035964503 89.0139495349064 90.618722338197 89.8731826428412 91.7962429180347 90.8821062851461 90.1052437355394 90.4396763737266 90.0810666579533 90.8110544783965
85.3208427639379 0 87.8461841608603 85.1329754427703 77.0178873678807 89.2894513429609 82.6017133826353 88.0105149591016 76.2325041385106 83.8146333429251 87.400901281727 82.4416841028919 88.5550952672913 86.2581263061566 82.8438513133261 84.2979161426279 82.6307623398988 85.289026176076
89.703782638195 87.8461841608603 0 76.8428331489911 89.9579203496951 76.1020755728508 91.4331901614411 75.1757958751021 87.2016042685911 81.6251957531956 77.9503664476306 87.4570865748645 82.1259843966288 83.760486836007 90.0174507434799 91.3072304223909 88.5380732377767 91.8483865499745
88.5865931919939 85.1329754427703 76.8428331489911 0 87.8461841608603 80.9822487981031 89.6549784637635 77.627196302634 84.0608757462916 75.042668369047 77.0248995066695 84.6354957098355 81.7711908388985 80.943337135734 87.9095217280563 89.5003454440884 86.0609469160722 90.1612419923159
86.8148321182775 77.0178873678807 89.9579203496951 87.8461841608603 0 91.0097087264199 76.2581263061566 89.9333298446319 79.9579203496951 86.573399006352 89.3613460073797 83.622091328923 90.1052437355394 87.989131632697 81.0208149157414 81.1136705287218 82.8480191117583 82.1654959184623
91.3164066447049 89.2894513429609 76.1020755728508 80.9822487981031 91.0097087264199 0 92.2305599791183 72.6751998198568 88.3603669753114 83.2222041818708 76.8890998866931 88.0402758330119 79.4005173154006 83.4499763303665 90.5925300786004 91.8670341320252 89.0768756450305 92.3725477108902
88.7284672531233 82.6017133826353 91.4331901614411 89.6549784637635 76.2581263061566 92.2305599791183 0 91.2795848479266 83.3513248469073 88.4407002914246 90.7327631684848 85.1080779267362 91.2147937934774 89.2716184311276 80.7750878561122 77.9330371790942 83.9146636215322 78.3073021585004
90.6792333700066 88.0105149591016 75.1757958751021 77.627196302634 89.9333298446319 72.6751998198568 91.2795848479266 0 86.8226906220976 80.1912970937131 69.19117597832 86.4309154214711 76.9639370490137 80.8110544783965 89.4147433098681 90.857813115772 87.6645291487832 91.4238688668901
87.7864035964503 76.2325041385106 87.2016042685911 84.0608757462916 79.9579203496951 88.3603669753114 83.3513248469073 86.8226906220976 0 81.3769599159453 85.8979223085461 76.625354376404 86.8761978059386 83.6150544197642 79.8920337031866 83.0411672842192 77.5596790606507 84.3557033681209
89.0139495349064 83.8146333429251 81.6251957531956 75.042668369047 86.573399006352 83.2222041818708 88.4407002914246 80.1912970937131 81.3769599159453 0 78.13404008903 81.2493343553935 81.1510920176696 76.8428331489911 85.8987805111985 87.9330371790942 83.3265964292506 88.7197799126989
90.618722338197 87.400901281727 77.9503664476306 77.0248995066695 89.3613460073797 76.8890998866931 90.7327631684848 69.19117597832 85.8979223085461 78.13404008903 0 85.235957466128 74.6356690864452 78.1702590293882 88.6067493323617 90.1906164216154 86.6359054690201 90.7975571668807
89.8731826428412 82.4416841028919 87.4570865748645 84.6354957098355 83.622091328923 88.0402758330119 85.1080779267362 86.4309154214711 76.625354376404 81.2493343553935 85.235957466128 0 85.5523155632995 81.1963957883817 78.8461887760664 83.0625479788191 70.1023452633244 84.3596604935146
91.7962429180347 88.5550952672913 82.1259843966288 81.7711908388985 90.1052437355394 79.4005173154006 91.2147937934774 76.9639370490137 86.8761978059386 81.1510920176696 74.6356690864452 85.5523155632995 0 77.4754622734875 88.8398492236681 90.4103155081914 86.8444396153142 90.9822487981031
90.8821062851461 86.2581263061566 83.760486836007 80.943337135734 87.989131632697 83.4499763303665 89.2716184311276 80.8110544783965 83.6150544197642 76.8428331489911 78.1702590293882 81.1963957883817 77.4754622734875 0 86.1033994395945 88.1901910181076 83.236316841117 88.922933573106
90.1052437355394 82.8438513133261 90.0174507434799 87.9095217280563 81.0208149157414 90.5925300786004 80.7750878561122 89.4147433098681 79.8920337031866 85.8987805111985 88.6067493323617 78.8461887760664 88.8398492236681 86.1033994395945 0 74.7814907955383 75.1008599369875 77.8007545217567
90.4396763737266 84.2979161426279 91.3072304223909 89.5003454440884 81.1136705287218 91.8670341320252 77.9330371790942 90.857813115772 83.0411672842192 87.9330371790942 90.1906164216154 83.0625479788191 90.4103155081914 88.1901910181076 74.7814907955383 0 80.9611580369034 67.4754622734875
90.0810666579533 82.6307623398988 88.5380732377767 86.0609469160722 82.8480191117583 89.0768756450305 83.9146636215322 87.6645291487832 77.5596790606507 83.3265964292506 86.6359054690201 70.1023452633244 86.8444396153142 83.236316841117 75.1008599369875 80.9611580369034 0 82.555010838821
90.8110544783965 85.289026176076 91.8483865499745 90.1612419923159 82.1654959184623 92.3725477108902 78.3073021585004 91.4238688668901 84.3557033681209 88.7197799126989 90.7975571668807 84.3596604935146 90.9822487981031 88.922933573106 77.8007545217567 67.4754622734875 82.555010838821 0
