0 77.8718063285063 87.5576776396732 86.223500547626 87.6864360251488 86.5364172448041 89.1663258483577 87.9822666720595 89.703782638195 89.5317156500199 90.6305009104019 91.2310824007349 90.7406414423569 91.9625254725383 91.8596550420021 91.8779042107201 91.7412977474576 92.7506156131791
77.8718063285063 0 89.6666483480365 88.1581456834345 89.1551959618225 86.4309154214711 87.4298640870463 87.0200315026164 90.8776994407101 88.6385873374445 91.4145275229358 92.0867776818322 91.3608158529667 92.8117708389787 92.5701757945129 91.1832651817987 91.3454034114811 91.9669880491193
87.5576776396732 89.6666483480365 0 78.2106092259997 80.237526392877 87.6836771400466 92.1279685334877 89.9985976200845 82.21762491425 90.9680216370173 85.7620612388407 85.6811254822013 86.8249332995649 86.3653649600743 87.1394871931621 92.532086120294 91.6121845670317 93.5908072192693
86.223500547626 88.1581456834345 78.2106092259997 0 72.6751998198568 84.1406420790363 90.229855602271 87.4269372455433 80.2272956583012 88.6957997331364 83.5725918290523 84.3872598725851 84.4632316900903 85.7634929002411 85.8987805111985 90.715999260007 89.6543941455899 91.9950314157273
87.6864360251488 89.1551959618225 80.237526392877 72.6751998198568 0 83.9731365032165 90.2487524343784 87.2628453983262 76.0621707455228 88.3572170605267 80.6607330446118 81.8529679016913 81.9745296711912 83.760486836007 83.778610784351 90.2175540862382 88.9069986855092 91.5882914036613
86.5364172448041 86.4309154214711 87.6836771400466 84.1406420790363 83.9731365032165 0 84.4786527265116 77.3975598292249 86.0914700857269 81.1136705287218 85.6562542463234 87.2272264362371 85.0070354904267 88.5550952672913 87.6772329176171 85.8653516496594 84.9435334863856 87.8594558778782
89.1663258483577 87.4298640870463 92.1279685334877 90.229855602271 90.2487524343784 84.4786527265116 0 79.8251320749173 91.2892206728703 79.6648998632169 90.7628815804338 91.715198676593 90.1912970937131 92.5188113915121 91.8087149732661 83.8681130724119 85.8415162187485 84.7109310897828
87.9822666720595 87.0200315026164 89.9985976200845 87.4269372455433 87.2628453983262 77.3975598292249 79.8251320749173 0 88.6030013835912 73.8213544350363 87.8858782559868 89.1806870197213 87.1311373807962 90.2456936633969 89.3519226761528 83.0384872811603 83.2834453116058 85.3681348263785
89.703782638195 90.8776994407101 82.21762491425 80.2272956583012 76.0621707455228 86.0914700857269 91.2892206728703 88.6030013835912 0 89.3040452248854 76.5063621434069 76.3340981236618 79.6648998632169 79.2299361010872 79.9850808185757 90.6234942756704 89.1176685768479 91.9401435468265
89.5317156500199 88.6385873374445 90.9680216370173 88.6957997331364 88.3572170605267 81.1136705287218 79.6648998632169 73.8213544350363 89.3040452248854 0 88.2993261327158 89.546717201444 87.4142314228996 90.5366135954557 89.546717201444 79.3818913619656 80.6188168979226 82.7273505510716
90.6305009104019 91.4145275229358 85.7620612388407 83.5725918290523 80.6607330446118 85.6562542463234 90.7628815804338 87.8858782559868 76.5063621434069 88.2993261327158 0 72.0827706588024 70.237526392877 77.7738075181225 74.484421527208 89.3255293548103 87.3620425904971 90.8110544783965
91.2310824007349 92.0867776818322 85.6811254822013 84.3872598725851 81.8529679016913 87.2272264362371 91.715198676593 89.1806870197213 76.3340981236618 89.546717201444 72.0827706588024 0 76.706750637792 71.5879170280032 70.943337135734 90.3822376182188 88.6208308091898 91.6980767816235
90.7406414423569 91.3608158529667 86.8249332995649 84.4632316900903 81.9745296711912 85.0070354904267 90.1912970937131 87.1311373807962 79.6648998632169 87.4142314228996 70.237526392877 76.706750637792 0 80.1912970937131 76.4210841896122 88.3666599593055 86.0981015495578 89.9985976200845
91.9625254725383 92.8117708389787 86.3653649600743 85.7634929002411 83.760486836007 88.5550952672913 92.5188113915121 90.2456936633969 79.2299361010872 90.5366135954557 77.7738075181225 71.5879170280032 80.1912970937131 0 72.9845369622933 91.1832651817987 89.546717201444 92.3728602091683
91.8596550420021 92.5701757945129 87.1394871931621 85.8987805111985 83.778610784351 87.6772329176171 91.8087149732661 89.3519226761528 79.9850808185757 89.546717201444 74.484421527208 70.943337135734 76.4210841896122 72.9845369622933 0 90.1152402208497 88.2106092259997 91.4331901614411
91.8779042107201 91.1832651817987 92.532086120294 90.715999260007 90.2175540862382 85.8653516496594 83.8681130724119 83.0384872811603 90.6234942756704 79.3818913619656 89.3255293548103 90.3822376182188 88.3666599593055 91.1832651817987 90.1152402208497 0 76.3340981236618 74.9227372224544
91.7412977474576 91.3454034114811 91.6121845670317 89.6543941455899 88.9069986855092 84.9435334863856 85.8415162187485 83.2834453116058 89.1176685768479 80.6188168979226 87.3620425904971 88.6208308091898 86.0981015495578 89.546717201444 88.2106092259997 76.3340981236618 0 81.2614598490377
92.7506156131791 91.9669880491193 93.5908072192693 91.9950314157273 91.5882914036613 87.8594558778782 84.7109310897828 85.3681348263785 91.9401435468265 82.7273505510716 90.8110544783965 91.6980767816235 89.9985976200845 92.3728602091683 91.4331901614411 74.9227372224544 81.2614598490377 0
