0 74.2066957450215 82.2305599791183 86.2389238659457 82.2305599791183 83.2401555589108 83.6501254971811 85.9744315024477 89.0864791378086 85.4412056055918 86.6882798185873 87.0277551479571 88.7773699469597 87.2506239663697 87.4802850888848 89.1969490952604 88.5663707686117 88.3136724490728
74.2066957450215 0 77.9762509169206 87.657842677859 84.0417671828947 79.9360690089101 82.4447587542196 86.5650757693805 87.3827962632147 84.4166372889035 85.1626652685191 85.8964183765909 89.115684439989 86.2607363991776 87.1017859644811 87.753034320393 87.3867381239972 87.7647878994723
82.2305599791183 77.9762509169206 0 89.9796622965764 87.2820597623173 77.6085169412828 84.0097315459766 88.6223132959149 84.4341688235299 85.3208427639379 84.6224845236715 85.9985308427131 90.5289759679537 86.5189732096229 88.103370572082 86.125843648819 86.8092101824516 88.3666599593055
86.2389238659457 87.657842677859 89.9796622965764 0 78.5626155199393 89.1558514511934 86.6394168112023 80.8110544783965 92.6786960858331 87.2353937067571 89.3425148925208 88.6849470387751 83.6663955797549 88.4920708660028 86.6604254538209 91.775495757294 90.273145354966 87.9822666720595
82.2305599791183 84.0417671828947 87.2820597623173 78.5626155199393 0 86.1651703119209 82.9023336598264 78.6957997331364 90.8458374650122 84.1984937693655 86.8817337465467 86.2929818409018 84.0438945132429 86.1796878515195 84.6280655201376 89.9360690089101 88.3279715303536 86.2028505482141
83.2401555589108 79.9360690089101 77.6085169412828 89.1558514511934 86.1651703119209 0 79.4313841462521 86.8092101824516 83.3637795294295 81.0632682823266 79.546717201444 81.8470911291233 88.8461887760664 82.6899774206958 85.289026176076 83.2222041818708 83.2478263495168 85.4841598430449
83.6501254971811 82.4447587542196 84.0097315459766 86.6394168112023 82.9023336598264 79.4313841462521 0 82.2595237792253 86.8584352256806 70.855597892659 78.2106092259997 77.5048962654014 85.26340400843 77.9226551364435 79.7170505944318 84.8314512704693 81.9950314157273 80.9822487981031
85.9744315024477 86.5650757693805 88.6223132959149 80.8110544783965 78.6957997331364 86.8092101824516 82.2595237792253 0 90.8635674133725 82.4784370287424 85.9195436335469 84.6088783961565 77.627196302634 84.1767828897423 80.4857622301273 89.3002428506583 86.9639370490137 82.987250454927
89.0864791378086 87.3827962632147 84.4341688235299 92.6786960858331 90.8458374650122 83.3637795294295 86.8584352256806 90.8635674133725 0 86.8428331489911 84.1009420423914 85.9410172715699 91.8663319014765 86.5332231043064 88.9628594842768 79.8864977625784 84.7054556385607 88.5119793763395
85.4412056055918 84.4166372889035 85.3208427639379 87.2353937067571 84.1984937693655 81.0632682823266 70.855597892659 82.4784370287424 86.8428331489911 0 76.2196361444474 72.9589523947229 84.7635075614827 73.0600452181646 77.0071507868401 84.0438945132429 79.8864977625784 77.9762509169206
86.6882798185873 85.1626652685191 84.6224845236715 89.3425148925208 86.8817337465467 79.546717201444 78.2106092259997 85.9195436335469 84.1009420423914 76.2196361444474 0 71.7994516961579 87.3272312123874 74.5518433574915 81.6065963893544 79.546717201444 74.4651623168477 80.7841074747623
87.0277551479571 85.8964183765909 85.9985308427131 88.6849470387751 86.2929818409018 81.8470911291233 77.5048962654014 84.6088783961565 85.9410172715699 72.9589523947229 71.7994516961579 0 85.8911636635085 63.2478263495168 78.3798301039624 81.8424292138895 74.7749808540448 76.9825795720426
88.7773699469597 89.115684439989 90.5289759679537 83.6663955797549 84.0438945132429 88.8461887760664 85.26340400843 77.627196302634 91.8663319014765 84.7635075614827 87.3272312123874 85.8911636635085 0 85.3307555933645 81.2209091826396 90.094168152246 87.669856364134 83.051870788883
87.2506239663697 86.2607363991776 86.5189732096229 88.4920708660028 86.1796878515195 82.6899774206958 77.9226551364435 84.1767828897423 86.5332231043064 73.0600452181646 74.5518433574915 63.2478263495168 85.3307555933645 0 76.8974612204858 82.6098803713528 75.7345314420045 74.9825459071143
87.4802850888848 87.1017859644811 88.103370572082 86.6604254538209 84.6280655201376 85.289026176076 79.7170505944318 80.4857622301273 88.9628594842768 77.0071507868401 81.6065963893544 78.3798301039624 81.2209091826396 76.8974612204858 0 86.2196361444474 82.0827706588024 70.9865508735604
89.1969490952604 87.753034320393 86.125843648819 91.775495757294 89.9360690089101 83.2222041818708 84.8314512704693 89.3002428506583 79.8864977625784 84.0438945132429 79.546717201444 81.8424292138895 90.094168152246 82.6098803713528 86.2196361444474 0 78.1860958317419 85.239245157967
88.5663707686117 87.3867381239972 86.8092101824516 90.273145354966 88.3279715303536 83.2478263495168 81.9950314157273 86.9639370490137 84.7054556385607 79.8864977625784 74.4651623168477 74.7749808540448 87.669856364134 75.7345314420045 82.0827706588024 78.1860958317419 0 80.1912970937131
88.3136724490728 87.7647878994723 88.3666599593055 87.9822666720595 86.2028505482141 85.4841598430449 80.9822487981031 82.987250454927 88.5119793763395 77.9762509169206 80.7841074747623 76.9825795720426 83.051870788883 74.9825459071143 70.9865508735604 85.239245157967 80.1912970937131 0
