0 87.100891524634 80.6792333700066 87.8955263247855 83.4107842329724 90.4649628778786 86.3306155232339 90.4245313795394 88.1308444831307 92.0630155077947 87.989131632697 88.5392602221938 89.0112398515747 90.0962799659609 89.6945287903597 90.4992526397913 91.7990968329191 93.4262583620372
87.100891524634 0 90.2851077726359 82.6719323823766 89.0524876475807 84.7267425304586 85.952559527637 85.8729129943666 86.2277932430036 87.3370000099528 88.0993820378402 90.5500132802991 89.4365351775635 88.9017738368214 90.8475403856819 90.9158702130491 90.4389230340434 91.4523144109349
80.6792333700066 90.2851077726359 0 90.0228223518567 82.1226754861304 92.1576223194136 87.90927282644 91.9280437922403 89.5214849154441 93.4387447807504 88.6914254388411 87.8718063285063 89.2428040951504 90.7899601976351 89.3217457522892 90.4004842763326 92.308323217301 94.0200086830597
87.8955263247855 82.6719323823766 90.0228223518567 0 87.0264575627073 78.922933573106 79.4064375619862 78.5550952672913 77.4754622734875 83.7445660987571 82.5510227543453 87.2169957016613 84.7635075614827 83.1365622199274 87.202632062897 86.9780287330724 85.891837352535 87.8718063285063
83.4107842329724 89.0524876475807 82.1226754861304 87.0264575627073 0 89.8116271825038 82.8332889416046 89.2639532816413 85.4024912752453 91.3176021151403 83.4033961764943 81.9124372658146 84.2066957450215 86.9257690522703 84.484421527208 86.2080222604288 89.1368019765385 91.5472933089331
90.4649628778786 84.7267425304586 92.1576223194136 78.922933573106 89.8116271825038 0 84.7359592375078 71.9124372658146 82.5570171580838 76.625354376404 85.823200447028 89.3519226761528 87.0520671395345 84.5850934634402 88.9847314590875 88.3917411035878 85.8076419242784 86.4210841896122
86.3306155232339 85.952559527637 87.90927282644 79.4064375619862 82.8332889416046 84.7359592375078 0 83.6349377595832 74.1116854556614 87.2148137064247 75.3571990705961 82.9715315492241 80.0785905999645 81.1409526285887 83.546225895596 83.9926165066314 85.2481710441451 88.3741042142337
90.4245313795394 85.8729129943666 91.9280437922403 78.5550952672913 89.2639532816413 71.9124372658146 83.6349377595832 0 80.6047544631244 77.8007545217567 84.3616377049391 88.3635146071354 85.6282873808047 82.3859648733539 87.8319828162819 87.0605702158074 83.8658978492988 85.0002150024618
88.1308444831307 86.2277932430036 89.5214849154441 77.4754622734875 85.4024912752453 82.5570171580838 74.1116854556614 80.6047544631244 0 85.3208427639379 75.9126336164662 84.1114246562642 79.8864977625784 77.7647878994723 83.8213544350363 83.4499763303665 83.051870788883 86.625354376404
92.0630155077947 87.3370000099528 93.4387447807504 83.7445660987571 91.3176021151403 76.625354376404 87.2148137064247 77.8007545217567 85.3208427639379 0 87.6253319777206 90.5098229277861 88.3784347830183 85.8358888194266 89.9742370056535 89.2125036075832 85.9195436335469 85.0930706154422
87.989131632697 88.0993820378402 88.6914254388411 82.5510227543453 83.4033961764943 85.823200447028 75.3571990705961 84.3616377049391 75.9126336164662 87.6253319777206 0 79.8419543483159 72.5868656935784 77.4269372455433 79.6239007539644 79.9796622965764 83.0088975767243 87.2516823140145
88.5392602221938 90.5500132802991 87.8718063285063 87.2169957016613 81.9124372658146 89.3519226761528 82.9715315492241 88.3635146071354 84.1114246562642 90.5098229277861 79.8419543483159 0 77.4754622734875 83.361291448686 73.2478263495168 78.9298435901867 85.7563298690626 89.213150504854
89.0112398515747 89.4365351775635 89.2428040951504 84.7635075614827 84.2066957450215 87.0520671395345 80.0785905999645 85.6282873808047 79.8864977625784 88.3784347830183 72.5868656935784 77.4754622734875 0 77.2272264362371 75.0930706154422 75.2408599357581 82.045866309268 86.8806271228131
90.0962799659609 88.9017738368214 90.7899601976351 83.1365622199274 86.9257690522703 84.5850934634402 81.1409526285887 82.3859648733539 77.7647878994723 85.8358888194266 77.4269372455433 83.361291448686 77.2272264362371 0 81.6065963893544 79.4681370721026 76.8092101824516 83.8681130724119
89.6945287903597 90.8475403856819 89.3217457522892 87.202632062897 84.484421527208 88.9847314590875 83.546225895596 87.8319828162819 83.8213544350363 89.9742370056535 79.6239007539644 73.2478263495168 75.0930706154422 81.6065963893544 0 72.79025144391 83.8325331923513 87.9330371790942
90.4992526397913 90.9158702130491 90.4004842763326 86.9780287330724 86.2080222604288 88.3917411035878 83.9926165066314 87.0605702158074 83.4499763303665 89.2125036075832 79.9796622965764 78.9298435901867 75.2408599357581 79.4681370721026 72.79025144391 0 81.2209091826396 86.3353531286753
91.7990968329191 90.4389230340434 92.308323217301 85.891837352535 89.1368019765385 85.8076419242784 85.2481710441451 83.8658978492988 83.051870788883 85.9195436335469 83.0088975767243 85.7563298690626 82.045866309268 76.8092101824516 83.8325331923513 81.2209091826396 0 79.546717201444
93.4262583620372 91.4523144109349 94.0200086830597 87.8718063285063 91.5472933089331 86.4210841896122 88.3741042142337 85.0002150024618 86.625354376404 85.0930706154422 87.2516823140145 89.213150504854 86.8806271228131 83.8681130724119 87.9330371790942 86.3353531286753 79.546717201444 0
