0 81.7387672097631 86.5364172448041 81.6951556819209 79.8334780828452 89.874631714136 85.5673171147236 82.6488877209461 90.2484555803346 90.0372925954051 88.5901610678101 88.0402758330119 90.0372925954051 88.765912872367 90.5494717122131 90.6579511859799 90.7301627873035 91.1151804904226
81.7387672097631 0 79.1123755294906 87.4502969333401 77.5806944705579 85.7737274709673 80.1288824412368 83.2478263495168 86.8159191582579 87.1716919309492 86.6010206953716 89.1176685768479 88.3784347830183 90.3733330693944 89.2299361010872 92.2405582226928 92.0807657600275 90.4148139972891
86.5364172448041 79.1123755294906 0 90.162281845025 83.2241238189109 80.8327977946867 79.546717201444 86.0434222651364 83.5145472560601 85.1130688617644 86.22354812274 90.4078597858648 87.8025450576794 91.7213751164949 88.8306757240111 93.4105381668051 93.1616509106304 90.3979622988783
81.6951556819209 87.4502969333401 90.162281845025 0 85.249819570862 92.2587785126994 88.7630438748595 84.5869706818913 92.2583964772424 91.7387672097631 89.9228201275183 86.6136007973246 91.0131290414768 86.2734273606889 91.2493343553935 88.002829084837 88.4530469801072 91.2802620086843
79.8334780828452 77.5806944705579 83.2241238189109 85.249819570862 0 87.1269564468328 79.5063292723885 76.9957959543369 87.3001847612063 86.8379205831986 84.8314512704693 86.4909723457336 87.0036196888254 88.1113691707762 87.8224635243492 90.4727608168602 90.2680427763175 88.8707549940815
89.874631714136 85.7737274709673 80.8327977946867 92.2587785126994 87.1269564468328 0 82.8923926966739 88.3177020058729 75.9539297579115 81.6684964876194 85.7505909256189 91.2628266518785 86.673026086237 92.6258679489758 87.8296935667309 94.1756969012009 93.8253951451014 89.8195101390914
85.5673171147236 80.1288824412368 79.546717201444 88.7630438748595 79.5063292723885 82.8923926966739 0 81.6951556819209 82.7538215176218 82.3073716170739 81.375304093569 87.6169325975649 84.2737774339689 89.4833594670039 85.6811254822013 91.6326132525547 91.2586335937683 87.6526745077159
82.6488877209461 83.2478263495168 86.0434222651364 84.5869706818913 76.9957959543369 88.3177020058729 81.6951556819209 0 87.8875249297478 86.7594207960546 83.2509799347825 82.9518421166448 85.5971656502182 85.4304003347848 86.2581263061566 88.57836579041 88.2301208042432 87.0029290771813
90.2484555803346 86.8159191582579 83.5145472560601 92.2583964772424 87.3001847612063 75.9539297579115 82.7538215176218 87.8875249297478 0 75.974879497123 83.5008850021645 90.4470811468754 84.1523720018245 91.9849691171358 85.6019742650429 93.618815353086 93.1831916038363 88.1308444831307
90.0372925954051 87.1716919309492 85.1130688617644 91.7387672097631 86.8379205831986 81.6684964876194 82.3073716170739 86.7594207960546 75.974879497123 0 79.5160109613813 88.9969862103985 79.8864977625784 90.8101589335291 82.1226754861304 92.6215300345053 92.0861101013499 85.6719716729757
88.5901610678101 86.6010206953716 86.22354812274 89.9228201275183 84.8314512704693 85.7505909256189 81.375304093569 83.2509799347825 83.5008850021645 79.5160109613813 0 85.4482227775518 73.9320061349257 88.0528632860909 77.5765207274443 90.4505807037245 89.7664342463791 82.0323684124072
88.0402758330119 89.1176685768479 90.4078597858648 86.6136007973246 86.4909723457336 91.2628266518785 87.6169325975649 82.9518421166448 90.4470811468754 88.9969862103985 85.4482227775518 0 86.2118970069928 76.3340981236618 85.9126336164662 83.3313227628732 81.9950314157273 84.6878786481797
90.0372925954051 88.3784347830183 87.8025450576794 91.0131290414768 87.0036196888254 86.673026086237 84.2737774339689 85.5971656502182 84.1523720018245 79.8864977625784 73.9320061349257 86.2118970069928 0 88.6030013835912 69.9742370056535 90.7501868793672 89.9883286897122 79.4793832584233
88.765912872367 90.3733330693944 91.7213751164949 86.2734273606889 88.1113691707762 92.6258679489758 89.4833594670039 85.4304003347848 91.9849691171358 90.8101589335291 88.0528632860909 76.3340981236618 88.6030013835912 0 88.3136724490728 78.4638216139284 77.1342704420015 87.1266589084236
90.5494717122131 89.2299361010872 88.8306757240111 91.2493343553935 87.8224635243492 87.8296935667309 85.6811254822013 86.2581263061566 85.6019742650429 82.1226754861304 77.5765207274443 85.9126336164662 69.9742370056535 88.3136724490728 0 90.422083684711 89.5753757260203 76.1994065021313
90.6579511859799 92.2405582226928 93.4105381668051 88.002829084837 90.4727608168602 94.1756969012009 91.6326132525547 88.57836579041 93.618815353086 92.6215300345053 90.4505807037245 83.3313227628732 90.7501868793672 78.4638216139284 90.422083684711 0 71.3176021151403 89.223634066878
90.7301627873035 92.0807657600275 93.1616509106304 88.4530469801072 90.2680427763175 93.8253951451014 91.2586335937683 88.2301208042432 93.1831916038363 92.0861101013499 89.7664342463791 81.9950314157273 89.9883286897122 77.1342704420015 89.5753757260203 71.3176021151403 0 88.1491192968244
91.1151804904226 90.4148139972891 90.3979622988783 91.2802620086843 88.8707549940815 89.8195101390914 87.6526745077159 87.0029290771813 88.1308444831307 85.6719716729757 82.0323684124072 84.6878786481797 79.4793832584233 87.1266589084236 76.1994065021313 89.223634066878 88.1491192968244 0
