0 72.0827706588024 64.9227372224544 92.963888316071 82.8662232614152 83.0838239298534 92.2867022452208 88.2390343987537 88.5301856345584 88.8426679450515 90.0093808529838 94.6199271541633 90.0814756595712 95.1125700262849 91.3769599159453 92.0103444593576 93.5595339012134 93.4163759759462
72.0827706588024 0 72.9023336598264 93.6869584003113 84.6373512727003 83.3313227628732 92.9092436769071 88.47226868458 88.5271565534808 88.8115609307259 89.9333298446319 95.0885587676959 90.0485139909067 95.5301687791988 91.2209091826396 91.8512064152267 93.8926264666697 93.7183924975193
64.9227372224544 72.9023336598264 0 92.8643225164465 82.1027689051246 81.9401435468265 92.0323684124072 87.627196302634 87.9399803377578 88.2753097867997 89.5178683060867 94.4208015871047 89.5914134259955 94.9119533417572 90.9662939612834 91.6303893326534 93.2631274040491 93.1070598946437
92.963888316071 93.6869584003113 92.8643225164465 0 90.275506640611 92.6959911169583 85.6412131102985 92.4701714597775 93.3914262154593 93.5515242259842 94.0300544298352 87.7593671230427 93.8615580390212 89.2970235468673 94.9222165331745 95.2456629337916 91.4507065316753 91.9145213791805
82.8662232614152 84.6373512727003 82.1027689051246 90.275506640611 0 81.3096260893556 88.7045351262639 85.015546065008 86.4309154214711 86.8806271228131 88.3279715303536 92.0231721633258 88.2293095695683 92.68916802751 90.1617619497926 90.8821062851461 90.8882683645691 90.8026705629491
83.0838239298534 83.3313227628732 81.9401435468265 92.6959911169583 81.3096260893556 0 90.567977596313 81.4741215705682 81.9124372658146 82.5868656935784 84.8667886893461 93.1932389850474 84.9590655924985 93.6150544197642 87.2991797988463 88.302518301047 91.0335945566031 90.7215489039479
92.2867022452208 92.9092436769071 92.0323684124072 85.6412131102985 88.7045351262639 90.567977596313 0 88.9298435901867 90.2487524343784 90.4078597858648 90.8378353124009 82.0891938478647 90.5456658670192 84.2717598056775 91.9141740963992 92.2787262194362 85.2408599357581 86.139514518075
88.2390343987537 88.47226868458 87.627196302634 92.4701714597775 85.015546065008 81.4741215705682 88.9298435901867 0 73.4960621867671 74.9227372224544 78.9090804678383 91.6448547433237 78.3073021585004 91.9504880014648 83.4694405414077 84.8913549073611 87.9330371790942 87.3377593957558
88.5301856345584 88.5271565534808 87.9399803377578 93.3914262154593 86.4309154214711 81.9124372658146 90.2487524343784 73.4960621867671 0 60.943337135734 74.3279020717801 92.5533198210902 74.3872598725851 92.7760355725621 81.0335945566031 82.968220306335 88.9090804678383 88.2689911238083
88.8426679450515 88.8115609307259 88.2753097867997 93.5515242259842 86.8806271228131 82.5868656935784 90.4078597858648 74.9227372224544 60.943337135734 0 72.2787262194362 92.631699819058 72.5570171580838 92.8298100957312 80.1288824412368 82.2531040517902 88.9021373091748 88.2333453234183
90.0093808529838 89.9333298446319 89.5178683060867 94.0300544298352 88.3279715303536 84.8667886893461 90.8378353124009 78.9090804678383 74.3279020717801 72.2787262194362 0 92.7900206890891 62.0827706588024 92.8990129423313 75.7863355292019 79.0051368755729 88.7147042607757 87.9344795627765
94.6199271541633 95.0885587676959 94.4208015871047 87.7593671230427 92.0231721633258 93.1932389850474 82.0891938478647 91.6448547433237 92.5533198210902 92.631699819058 92.7900206890891 0 92.5379809035216 73.5220915249835 93.4614612170005 93.66312876834 85.7996965712221 86.9747808619358
90.0814756595712 90.0485139909067 89.5914134259955 93.8615580390212 88.2293095695683 84.9590655924985 90.5456658670192 78.3073021585004 74.3872598725851 72.5570171580838 62.0827706588024 92.5379809035216 0 92.6462477219879 76.5304228410657 79.4005173154006 88.303315976652 87.4880439997781
95.1125700262849 95.5301687791988 94.9119533417572 89.2970235468673 92.68916802751 93.6150544197642 84.2717598056775 91.9504880014648 92.7760355725621 92.8298100957312 92.8990129423313 73.5220915249835 92.6462477219879 0 93.4623948404553 93.6159933333597 85.2408599357581 86.5009975431696
91.3769599159453 91.2209091826396 90.9662939612834 94.9222165331745 90.1617619497926 87.2991797988463 91.9141740963992 83.4694405414077 81.0335945566031 80.1288824412368 75.7863355292019 93.4614612170005 76.5304228410657 93.4623948404553 0 69.0724707021626 89.3500427490681 88.5306659643679
92.0103444593576 91.8512064152267 91.6303893326534 95.2456629337916 90.8821062851461 88.302518301047 92.2787262194362 84.8913549073611 82.968220306335 82.2531040517902 79.0051368755729 93.66312876834 79.4005173154006 93.6159933333597 69.0724707021626 0 89.5178683060867 88.6844157112859
93.5595339012134 93.8926264666697 93.2631274040491 91.4507065316753 90.8882683645691 91.0335945566031 85.2408599357581 87.9330371790942 88.9090804678383 88.9021373091748 88.7147042607757 85.7996965712221 88.303315976652 85.2408599357581 89.3500427490681 89.5178683060867 0 69.1303161522635
93.4163759759462 93.7183924975193 93.1070598946437 91.9145213791805 90.8026705629491 90.7215489039479 86.139514518075 87.3377593957558 88.2689911238083 88.2333453234183 87.9344795627765 86.9747808619358 87.4880439997781 86.5009975431696 88.5306659643679 88.6844157112859 69.1303161522635 0
