0 90.6047544631244 81.3769599159453 89.2639532816413 86.301340043983 90.9835398682664 91.4250351233942 84.9590655924985 86.028206195209 89.966086340479 86.7594207960546 88.3430301659553 89.1551959618225 87.6288970276506 89.7617468189833 87.7783103125321 92.0536086459958 91.7711908388985
90.6047544631244 0 93.0290942252098 76.5662657802988 83.9968508302003 82.4570356382086 82.4324470668276 91.5476712027614 92.1721161891384 86.8327735631342 90.7814035555182 89.2815321141765 88.5543425253154 91.0265092711003 88.5776170713634 93.3200309745183 87.8990294060959 88.8461887760664
81.3769599159453 93.0290942252098 0 91.9061789181827 89.6127053130504 92.9260581204275 93.3011458390096 84.598216984643 84.9358601548716 91.63335430619 87.3352127350916 89.6226670307086 90.5708176693204 88.0332440992375 91.1040553030743 85.7863355292019 93.3672604494914 92.9422595709972
89.2639532816413 76.5662657802988 91.9061789181827 0 79.546717201444 79.8419543483159 80.6560956231151 89.8920337031865 90.6308127162361 84.1323142820089 88.9042214225407 87.0328808777199 86.1703870630815 89.204610974248 86.2899428940185 91.9772688354693 86.2734273606889 87.1269564468328
86.301340043983 83.9968508302003 89.6127053130504 79.546717201444 0 83.4206154648313 84.4166372889035 86.8417165672086 87.9040228684162 82.9436298012717 85.7520263726057 83.9990982712479 83.6687149094864 86.341435421079 84.3279020717801 89.7222313894489 86.7055985102301 86.8249332995649
90.9835398682664 82.4570356382086 92.9260581204275 79.8419543483159 83.4206154648313 0 65.9948369189331 90.2771975547646 90.8724421907491 80.5622918724125 88.8285560079588 86.1079263408587 84.484421527208 88.8932524135067 84.0841170535261 92.0720671541386 81.2614598490377 83.3313227628732
91.4250351233942 82.4324470668276 93.3011458390096 80.6560956231151 84.4166372889035 65.9948369189331 0 90.788610269172 91.3471019541175 81.8069354424815 89.4147433098681 86.8635821677136 85.3461292680899 89.4616876476779 84.924474053039 92.4808762002859 81.5729154765791 83.8056556760196
84.9590655924985 91.5476712027614 84.598216984643 89.8920337031865 86.8417165672086 90.2771975547646 90.788610269172 0 69.5591626026754 87.6253319777206 76.3715914053258 83.2759547219596 85.3429764949431 78.3772682114901 86.2389238659457 78.9090804678383 90.0485139909067 89.2047333150932
86.028206195209 92.1721161891384 84.9358601548716 90.6308127162361 87.9040228684162 90.8724421907491 91.3471019541175 69.5591626026754 0 88.2762735668197 77.8391359507752 84.1239704853616 86.0522408497697 78.9298435901867 86.8369782918761 75.3213652238566 90.4547336163357 89.5751009415777
89.966086340479 86.8327735631342 91.63335430619 84.1323142820089 82.9436298012717 80.5622918724125 81.8069354424815 87.6253319777206 88.2762735668197 0 85.2068228736091 80.1107127857835 75.9948369189331 85.0836125192231 74.5416919591329 89.7170505944318 78.6665542029632 77.9762509169206
86.7594207960546 90.7814035555182 87.3352127350916 88.9042214225407 85.7520263726057 88.8285560079588 89.4147433098681 76.3715914053258 77.8391359507752 85.2068228736091 0 78.3599220874507 81.7819451443997 67.2219510821385 83.0331223084966 81.9504880014648 88.1407920610298 87.0028487113827
88.3430301659553 89.2815321141765 89.6226670307086 87.0328808777199 83.9990982712479 86.1079263408587 86.8635821677136 83.2759547219596 84.1239704853616 80.1107127857835 78.3599220874507 0 72.0463979245213 77.8718063285063 75.4626980224388 86.2381170359278 84.7423105817943 83.1125837134312
89.1551959618225 88.5543425253154 90.5708176693204 86.1703870630815 83.6687149094864 84.484421527208 85.3461292680899 85.3429764949431 86.0522408497697 75.9948369189331 81.7819451443997 72.0463979245213 0 81.4111000490445 66.625354376404 87.7738075181225 82.4784370287424 80.5098229277861
87.6288970276506 91.0265092711003 88.0332440992375 89.204610974248 86.341435421079 88.8932524135067 89.4616876476779 78.3772682114901 78.9298435901867 85.0836125192231 67.2219510821385 77.8718063285063 81.4111000490445 0 82.5865755250113 82.0866979597544 87.8762710878418 86.595534058241
89.7617468189833 88.5776170713634 91.1040553030743 86.2899428940185 84.3279020717801 84.0841170535261 84.924474053039 86.2389238659457 86.8369782918761 74.5416919591329 83.0331223084966 75.4626980224388 66.625354376404 82.5865755250113 0 88.3572170605267 81.1011246996244 78.5626155199393
87.7783103125321 93.3200309745183 85.7863355292019 91.9772688354693 89.7222313894489 92.0720671541386 92.4808762002859 78.9090804678383 75.3213652238566 89.7170505944318 81.9504880014648 86.2381170359278 87.7738075181225 82.0866979597544 88.3572170605267 0 91.4618055188714 90.593000884045
92.0536086459958 87.8990294060959 93.3672604494914 86.2734273606889 86.7055985102301 81.2614598490377 81.5729154765791 90.0485139909067 90.4547336163357 78.6665542029632 88.1407920610298 84.7423105817943 82.4784370287424 87.8762710878418 81.1011246996244 91.4618055188714 0 72.79025144391
91.7711908388985 88.8461887760664 92.9422595709972 87.1269564468328 86.8249332995649 83.3313227628732 83.8056556760196 89.2047333150932 89.5751009415777 77.9762509169206 87.0028487113827 83.1125837134312 80.5098229277861 86.595534058241 78.5626155199393 90.593000884045 72.79025144391 0
