0 57.9330371790942 78.7320818557614 87.4337634765958 81.2493343553935 89.6529291826824 82.21762491425 84.6354957098355 92.653284156097 92.6344949380912 92.6810253671005 92.9106243619669 93.5832464625472 94.8450902380207 93.3380837703859 93.6087114380771 94.0576968186256 93.7445660987571
57.9330371790942 0 78.5626155199393 87.3877230304124 80.6374962592738 89.6411548256599 81.676854159603 84.2250937501173 92.5420156066597 92.4747757008714 92.5248503896611 92.7574850982769 93.4694405414077 94.7703499652831 93.2088206741481 93.4660405956172 93.9475527095647 93.6058893587105
78.7320818557614 78.5626155199393 0 83.4864004590469 81.5047597563245 86.8348243932154 81.8564887327063 84.3852942944484 91.041244329277 92.099442252477 91.9871838486129 92.2867022452208 92.3105428072981 93.5095525964311 92.2357232370533 93.1176501284126 92.8884805545587 93.1478177864372
87.4337634765958 87.3877230304124 83.4864004590469 0 87.3955942510882 77.4469156788004 87.2272264362371 88.2032697249812 88.607465606858 92.4619366908591 92.0710623467877 92.4333716550195 90.6967359817886 91.1153405709724 91.2266091204097 93.3313227628732 91.4331901614411 93.1478177864372
81.2493343553935 80.6374962592738 81.5047597563245 87.3955942510882 0 89.7936833732452 63.9536370923738 74.8349979793794 90.891785631268 89.9130061550656 90.0158379645473 90.3089771870867 91.7300798693387 93.6779798619475 91.1881938127257 91.2192792539963 92.2608065867428 91.4203682170771
89.6529291826824 89.6411548256599 86.8348243932154 77.4469156788004 89.7936833732452 0 89.659333254179 90.3710647193935 88.9357713312433 93.4757291230781 93.0501736049528 93.3853559769487 91.0955714746929 90.7012790613126 91.8836872469103 94.1983835176753 91.7892851631998 93.9642556124646
82.21762491425 81.676854159603 81.8564887327063 87.2272264362371 63.9536370923738 89.659333254179 0 72.79025144391 90.521324885034 89.519074177209 89.6032551369968 89.9179585158647 91.3738145637752 93.4206154648313 90.802090708818 90.8821062851461 91.9235409978307 91.0755025319784
84.6354957098355 84.2250937501173 84.3852942944484 88.2032697249812 74.8349979793794 90.3710647193935 72.79025144391 0 90.2319024715531 88.2584189716943 88.4407002914246 88.7666298257024 90.8966172265081 93.2654179196972 90.1073501717728 89.813317592445 91.4296970200605 90.0814756595712
92.653284156097 92.5420156066597 91.041244329277 88.607465606858 90.891785631268 88.9357713312433 90.521324885034 90.2319024715531 0 88.8518161753883 87.657842677859 88.2390343987537 78.103370572082 82.7273505510716 82.4600994442045 89.4839672543982 80.7750878561122 88.6819326595009
92.6344949380912 92.4747757008714 92.099442252477 92.4619366908591 89.9130061550656 93.4757291230781 89.519074177209 88.2584189716943 88.8518161753883 0 71.6251957531956 69.0724707021626 87.4658005457673 91.8303667392488 84.5150597129644 74.1239704853616 87.4947214838478 76.4210841896122
92.6810253671005 92.5248503896611 91.9871838486129 92.0710623467877 90.0158379645473 93.0501736049528 89.6032551369968 88.4407002914246 87.657842677859 71.6251957531956 0 65.0930706154422 85.9415820941298 90.9437714085026 82.2819183877674 76.0621707455228 85.9744315024477 75.0930706154422
92.9106243619669 92.7574850982769 92.2867022452208 92.4333716550195 90.3089771870867 93.3853559769487 89.9179585158647 88.7666298257024 88.2390343987537 69.0724707021626 65.0930706154422 0 86.5364172448041 91.2892206728703 83.1155436921792 73.2222041818708 86.4930717190664 73.0384872811603
93.5832464625472 93.4694405414077 92.3105428072981 90.6967359817886 91.7300798693387 91.0955714746929 91.3738145637752 90.8966172265081 78.103370572082 87.4658005457673 85.9415820941298 86.5364172448041 0 83.785387812752 76.8982993539898 87.7864035964503 69.6356543330438 86.6218316414651
94.8450902380207 94.7703499652831 93.5095525964311 91.1153405709724 93.6779798619475 90.7012790613126 93.4206154648313 93.2654179196972 82.7273505510716 91.8303667392488 90.9437714085026 91.2892206728703 83.785387812752 0 87.0178873678807 92.0215398082145 84.1613919743094 91.3036344422995
93.3380837703859 93.2088206741481 92.2357232370533 91.2266091204097 91.1881938127257 91.8836872469103 90.802090708818 90.1073501717728 82.4600994442045 84.5150597129644 82.2819183877674 83.1155436921792 76.8982993539898 87.0178873678807 0 84.8667886893461 76.8316543916761 83.2093361878076
93.6087114380771 93.4660405956172 93.1176501284126 93.3313227628732 91.2192792539963 94.1983835176753 90.8821062851461 89.813317592445 89.4839672543982 74.1239704853616 76.0621707455228 73.2222041818708 87.7864035964503 92.0215398082145 84.8667886893461 0 87.5859951372108 70.8110544783965
94.0576968186256 93.9475527095647 92.8884805545587 91.4331901614411 92.2608065867428 91.7892851631998 91.9235409978307 91.4296970200605 80.7750878561122 87.4947214838478 85.9744315024477 86.4930717190664 69.6356543330438 84.1613919743094 76.8316543916761 87.5859951372108 0 86.3152293981705
93.7445660987571 93.6058893587105 93.1478177864372 93.1478177864372 91.4203682170771 93.9642556124646 91.0755025319784 90.0814756595712 88.6819326595009 76.4210841896122 75.0930706154422 73.0384872811603 86.6218316414651 91.3036344422995 83.2093361878076 70.8110544783965 86.3152293981705 0
