0 77.7647878994723 68.7966354858417 74.5416919591329 82.8438513133261 80.1288824412368 81.2493343553935 85.9744315024477 87.9699361329388 90.4219183588182 86.7923005771085 87.2991797988463 88.922933573106 89.6916329145312 89.6041925426893 89.5124377387419 89.8564811295554 90.4372372021832
77.7647878994723 0 78.4407002914246 81.8211513138294 76.625354376404 84.8172353991213 84.5416919591329 84.1323142820089 85.8726178818287 88.8046027800403 86.8517554835501 88.1860958317419 90.3150041728844 88.3666599593055 88.3288629653642 89.4497994875647 89.813317592445 91.0212415101938
68.7966354858417 78.4407002914246 0 72.0827706588024 82.6342007106042 79.178079427437 79.2684262627964 85.0964100579897 87.43021007986 90.0203278986845 85.6562542463234 86.2093142267685 88.1573208909491 89.1236155543266 89.0141377014178 88.6957997331364 89.0704658033877 89.6945287903597
74.5416919591329 81.8211513138294 72.0827706588024 0 84.8491559212384 74.1239704853616 76.625354376404 86.2937452682456 88.5024145588144 90.8148278688239 85.8987805111985 85.7777836167194 87.2016042685911 89.8469883502153 89.7230106975382 88.8179418809182 89.1656719381225 89.3500427490681
82.8438513133261 76.625354376404 82.6342007106042 84.8491559212384 0 87.0178873678807 86.107368620208 81.2209091826396 82.5808240228721 86.4651142951399 86.1703870630815 88.2106092259997 90.7917594497868 86.2389238659457 86.2503191414904 88.6694876342257 89.062436939935 90.8684304864118
80.1288824412368 84.8172353991213 79.178079427437 74.1239704853616 87.0178873678807 0 75.9126336164662 87.7157555952006 89.7229664074031 91.7345262106815 86.5087742205692 85.5673171147236 85.9635092840055 90.7228583477486 90.5888564293798 89.1084015061976 89.4098004215052 89.0112398515747
81.2493343553935 84.5416919591329 79.2684262627964 76.625354376404 86.107368620208 75.9126336164662 0 85.7520263726057 88.2945095636615 90.5480306375131 83.4960621867671 82.3105428072981 84.2979161426279 89.2202600224785 89.0415548568053 86.9639370490137 87.3511319091826 87.1269564468328
85.9744315024477 84.1323142820089 85.0964100579897 86.2937452682456 81.2209091826396 87.7157555952006 85.7520263726057 0 76.515274803386 83.1253811239874 80.9865508735604 85.26340400843 89.2716184311276 80.5289759679537 80.2815628254825 84.2596343120333 84.875578299347 88.2390343987537
87.9699361329388 85.8726178818287 87.43021007986 88.5024145588144 82.5808240228721 89.7229664074031 88.2945095636615 76.515274803386 0 78.2511598923979 84.5851819406184 87.751962487932 90.9843874408253 77.4759191108505 77.8007545217567 86.0571940940505 86.488192646474 89.7705353207506
90.4219183588182 88.8046027800403 90.0203278986845 90.8148278688239 86.4651142951399 91.7345262106815 90.5480306375131 83.1253811239874 78.2511598923979 0 87.0849738961548 89.5740759609948 92.3247750555016 76.7417131012101 77.7647878994723 87.2803216498646 87.5396188403409 90.7838513574268
86.7923005771085 86.8517554835501 85.6562542463234 85.8987805111985 86.1703870630815 86.5087742205692 83.4960621867671 80.9865508735604 84.5851819406184 87.0849738961548 0 77.5519919157727 85.4535216572886 84.2737774339689 83.8502933215142 78.103370572082 79.3255293548103 83.4107842329724
87.2991797988463 88.1860958317419 86.2093142267685 85.7777836167194 88.2106092259997 85.5673171147236 82.3105428072981 85.26340400843 87.751962487932 89.5740759609948 77.5519919157727 0 80.9994315893368 87.4995229711462 87.1982512905803 80.8110544783965 81.3136159332918 80.0867687069284
88.922933573106 90.3150041728844 88.1573208909491 87.2016042685911 90.7917594497868 85.9635092840055 84.2979161426279 89.2716184311276 90.9843874408253 92.3247750555016 85.4535216572886 80.9994315893368 0 90.8591417074774 90.6537253975427 86.3653649600743 86.4505113704269 82.0827706588024
89.6916329145312 88.3666599593055 89.1236155543266 89.8469883502153 86.2389238659457 90.7228583477486 89.2202600224785 80.5289759679537 77.4759191108505 76.7417131012101 84.2737774339689 87.4995229711462 90.8591417074774 0 58.7033897453476 84.2169264795973 84.5869706818913 88.8644512266057
89.6041925426893 88.3288629653642 89.0141377014178 89.7230106975382 86.2503191414904 90.5888564293798 89.0415548568053 80.2815628254825 77.8007545217567 77.7647878994723 83.8502933215142 87.1982512905803 90.6537253975427 58.7033897453476 0 83.7450240474088 84.1383395751968 88.5905925743507
89.5124377387419 89.4497994875647 88.6957997331364 88.8179418809182 88.6694876342257 89.1084015061976 86.9639370490137 84.2596343120333 86.0571940940505 87.2803216498646 78.103370572082 80.8110544783965 86.3653649600743 84.2169264795973 83.7450240474088 0 62.0827706588024 81.2493343553935
89.8564811295554 89.813317592445 89.0704658033877 89.1656719381225 89.062436939935 89.4098004215052 87.3511319091826 84.875578299347 86.488192646474 87.5396188403409 79.3255293548103 81.3136159332918 86.4505113704269 84.5869706818913 84.1383395751968 62.0827706588024 0 80.8821062851461
90.4372372021832 91.0212415101938 89.6945287903597 89.3500427490681 90.8684304864118 89.0112398515747 87.1269564468328 88.2390343987537 89.7705353207506 90.7838513574268 83.4107842329724 80.0867687069284 82.0827706588024 88.8644512266057 88.5905925743507 81.2493343553935 80.8821062851461 0
