0 89.0031006429096 73.6150544197642 79.1453517305904 87.0794182658629 78.9298435901867 86.804707388042 84.8615063718665 88.8228983685733 89.3818913619656 88.7205045218303 91.3168051714149 93.1290209673202 90.8843080316161 91.4668131279807 92.6941043474961 92.8898755607691 93.1530430109369
89.0031006429096 0 89.7020490430077 91.1411444397705 77.3399539435593 86.8092101824516 82.5420156066597 91.7532076048429 93.6150544197642 94.0279140776271 92.3687959765968 89.3800243655255 89.6856260714737 91.7618488509086 92.641844154349 93.0747943831624 93.5486813776828 93.5392759245935
73.6150544197642 89.7020490430077 0 74.8172353991213 87.6913525686104 79.178079427437 86.9388930455938 82.0827706588024 87.1696213970273 87.8497272528937 87.1561388112382 90.8631250456799 92.9202257265675 89.9742370056535 90.535659626244 91.9504880014648 92.1162456427922 92.4324470668276
79.1453517305904 91.1411444397705 74.8172353991213 0 89.4578588595129 83.2222041818708 88.7515488942688 80.802090708818 86.0299807662634 86.6639170349971 87.0125223952169 91.715198676593 93.70212223488 90.4294226344984 90.8110544783965 92.2665745361439 92.3428858464209 92.6978753982388
87.0794182658629 77.3399539435593 87.6913525686104 89.4578588595129 0 83.6689527624225 76.2401791406535 89.9650905878848 92.1739055840674 92.6603806331564 90.6842670900013 87.8478340019772 89.0301722270237 90.1666508300304 91.1900369605254 91.8287260253964 92.3358293114501 92.3721458223696
78.9298435901867 86.8092101824516 79.178079427437 83.2222041818708 83.6689527624225 0 82.4692779150087 84.8913549073611 88.8108513571896 89.4784941033033 87.5944545064845 89.0355663526282 91.2495634028475 89.0764777251924 89.9579203496951 91.240420760883 91.5700373208863 91.8069354424815
86.804707388042 82.5420156066597 86.9388930455938 88.7515488942688 76.2401791406535 82.4692779150087 0 88.6555361552294 91.0058576494277 91.5653952239311 89.0496941384894 85.6238550502764 87.8311480969534 88.2163091637699 89.4784941033033 90.2746653730014 90.8652642573506 90.922877176428
84.8615063718665 91.7532076048429 82.0827706588024 80.802090708818 89.9650905878848 84.8913549073611 88.6555361552294 0 80.237526392877 81.8246980227395 81.3454034114811 90.2216584643998 92.7430560028449 87.627196302634 87.8876340453048 89.9360690089101 89.9231295289001 90.4401640436861
88.8228983685733 93.6150544197642 87.1696213970273 86.0299807662634 92.1739055840674 88.8108513571896 91.0058576494277 80.237526392877 0 67.4754622734875 80.2119042252309 91.1705069362443 93.5405049264492 87.7139289096556 87.3242343555791 89.4900404546874 89.1773757824063 89.8419543483159
89.3818913619656 94.0279140776271 87.8497272528937 86.6639170349971 92.6603806331564 89.4784941033033 91.5653952239311 81.8246980227395 67.4754622734875 0 81.7423818124012 91.6599483701519 93.9167192337119 88.3192387985912 87.8568047770822 89.8781805979189 89.5241852366047 90.1762955422891
88.7205045218303 92.3687959765968 87.1561388112382 87.0125223952169 90.6842670900013 87.5944545064845 89.0496941384894 81.3454034114811 80.2119042252309 81.7423818124012 0 88.3311427205777 91.4696519500219 83.0411672842192 82.7760355725621 86.223500547626 86.0221008055717 86.8817337465467
91.3168051714149 89.3800243655255 90.8631250456799 91.715198676593 87.8478340019772 89.0355663526282 85.6238550502764 90.2216584643998 91.1705069362443 91.6599483701519 88.3311427205777 0 81.1066724525013 83.1365622199274 85.2003092693599 84.7472587363043 86.1312408054417 85.7735013371753
93.1290209673202 89.6856260714737 92.9202257265675 93.70212223488 89.0301722270237 91.2495634028475 87.8311480969534 92.7430560028449 93.5405049264492 93.9167192337119 91.4696519500219 81.1066724525013 0 88.0001543311998 89.1096964063747 88.2340371442641 89.2125036075832 88.7459177535159
90.8843080316161 91.7618488509086 89.9742370056535 90.4294226344984 90.1666508300304 89.0764777251924 88.2163091637699 87.627196302634 87.7139289096556 88.3192387985912 83.0411672842192 83.1365622199274 88.0001543311998 0 72.5269620566865 78.1860958317419 79.5982099751013 80.4372372021832
91.4668131279807 92.641844154349 90.535659626244 90.8110544783965 91.1900369605254 89.9579203496951 89.4784941033033 87.8876340453048 87.3242343555791 87.8568047770822 82.7760355725621 85.2003092693599 89.1096964063747 72.5269620566865 0 76.5304228410657 76.5511286469158 78.5626155199393
92.6941043474961 93.0747943831624 91.9504880014648 92.2665745361439 91.8287260253964 91.240420760883 90.2746653730014 89.9360690089101 89.4900404546874 89.8781805979189 86.223500547626 84.7472587363043 88.2340371442641 78.1860958317419 76.5304228410657 0 69.7859557920387 68.103370572082
92.8898755607691 93.5486813776828 92.1162456427922 92.3428858464209 92.3358293114501 91.5700373208863 90.8652642573506 89.9231295289001 89.1773757824063 89.5241852366047 86.0221008055717 86.1312408054417 89.2125036075832 79.5982099751013 76.5511286469158 69.7859557920387 0 67.659967770207
93.1530430109369 93.5392759245935 92.4324470668276 92.6978753982388 92.3721458223696 91.8069354424815 90.922877176428 90.4401640436861 89.8419543483159 90.1762955422891 86.8817337465467 85.7735013371753 88.7459177535159 80.4372372021832 78.5626155199393 68.103370572082 67.659967770207 0
