0 88.2390343987537 74.8349979793794 87.590057784768 87.9822666720595 81.3136159332918 81.6841840260165 82.6135550936366 81.9089615194754 85.0964100579897 89.9718412727337 89.6032551369968 88.8707549940815 86.0016174742824 87.3082160992677 89.6668715468279 86.8529173554699 87.4181448674708
88.2390343987537 0 88.7966354858417 75.6681890033238 75.3208427639379 90.715999260007 89.8042944601115 86.4284596991444 87.3242343555791 92.0062662574906 82.3234654244359 82.9023336598264 83.1600871064417 90.5050214404877 92.1900093127201 85.5007328774489 90.5115201478005 91.7423818124012
74.8349979793794 88.7966354858417 0 87.7808657274264 88.1647383903082 77.0711757029314 76.4210841896122 80.5622918724125 78.9090804678383 82.5057990397075 89.7998368348839 89.3255293548103 88.4761028375782 83.2478263495168 85.0002150024618 89.090408613514 84.4546546859964 85.0930706154422
87.590057784768 75.6681890033238 87.7808657274264 0 60.9346555102618 89.7769005349719 88.5661088019542 84.2431838002917 85.4525122176808 91.0868183248167 79.1453517305904 79.178770070923 78.8239890239062 89.0562137373663 91.0779158787317 82.4324470668276 88.9847314590875 90.4970085901042
87.9822666720595 75.3208427639379 88.1647383903082 60.9346555102618 0 90.0772365720516 88.8986615628356 84.7635075614827 85.9126336164662 91.3370816934188 78.4038226615203 78.6957997331364 78.6957997331364 89.3255293548103 91.3020352726896 82.3391151382402 89.2368270889546 90.7233152353214
81.3136159332918 90.715999260007 77.0711757029314 89.7769005349719 90.0772365720516 0 74.5416919591329 83.7262992166468 82.240236057727 76.0621707455228 91.2061751263737 90.7460985465124 89.9850808185757 81.9401435468265 81.9504880014648 90.3032894125317 83.5947019609974 82.9023336598264
81.6841840260165 89.8042944601115 76.4210841896122 88.5661088019542 88.8986615628356 74.5416919591329 0 80.6047544631244 78.3073021585004 79.1123755294906 89.9947734291007 89.4344587975798 88.5271565534808 78.3390605802349 81.1136705287218 88.819156038354 80.5782590013983 81.1011246996244
82.6135550936366 86.4284596991444 80.5622918724125 84.2431838002917 84.7635075614827 83.7262992166468 80.6047544631244 0 67.9330371790942 85.891837352535 86.4372381856377 85.6238550502764 84.2107909313872 82.1226754861304 85.9029410845511 85.0273473688387 82.4985481257158 85.0325173442018
81.9089615194754 87.3242343555791 78.9090804678383 85.4525122176808 85.9126336164662 82.240236057727 78.3073021585004 67.9330371790942 0 84.7182209694953 87.3971780555591 86.6580961725535 85.4024912752453 80.7750878561122 84.875578299347 86.0183963506518 81.5011951359146 84.0268466216013
85.0964100579897 92.0062662574906 82.5057990397075 91.0868183248167 91.3370816934188 76.0621707455228 79.1123755294906 85.891837352535 84.7182209694953 0 92.1323184674229 91.6801541304969 90.9800961612219 81.6658361118692 78.2993261327158 91.09817479337 83.2951321931007 80.8600272095335
89.9718412727337 82.3234654244359 89.7998368348839 79.1453517305904 78.4038226615203 91.2061751263737 89.9947734291007 86.4372381856377 87.3971780555591 92.1323184674229 0 67.5114014962868 74.389659688411 89.7793735352446 91.7293545056699 77.7917907521781 89.4906473078734 91.0415009355788
89.6032551369968 82.9023336598264 89.3255293548103 79.178770070923 78.6957997331364 90.7460985465124 89.4344587975798 85.6238550502764 86.6580961725535 91.6801541304969 67.5114014962868 0 69.5166621000467 89.1189908313318 91.2066265229575 74.9429951708245 88.7901010582618 90.4635080362083
88.8707549940815 83.1600871064417 88.4761028375782 78.8239890239062 78.6957997331364 89.9850808185757 88.5271565534808 84.2107909313872 85.4024912752453 90.9800961612219 74.389659688411 69.5166621000467 0 88.1647383903082 90.4649628778786 73.0630034344018 87.8120020641295 89.6602337925892
86.0016174742824 90.5050214404877 83.2478263495168 89.0562137373663 89.3255293548103 81.9401435468265 78.3390605802349 82.1226754861304 80.7750878561122 81.6658361118692 89.7793735352446 89.1189908313318 88.1647383903082 0 77.8007545217567 88.0043476527913 68.4589670457347 74.2066957450215
87.3082160992677 92.1900093127201 85.0002150024618 91.0779158787317 91.3020352726896 81.9504880014648 81.1136705287218 85.9029410845511 84.875578299347 78.2993261327158 91.7293545056699 91.2066265229575 90.4649628778786 77.8007545217567 0 90.3234245111046 79.328384502105 71.3176021151403
89.6668715468279 85.5007328774489 89.090408613514 82.4324470668276 82.3391151382402 90.3032894125317 88.819156038354 85.0273473688387 86.0183963506518 91.09817479337 77.7917907521781 74.9429951708245 73.0630034344018 88.0043476527913 90.3234245111046 0 87.491838041348 89.423009620543
86.8529173554699 90.5115201478005 84.4546546859964 88.9847314590875 89.2368270889546 83.5947019609974 80.5782590013983 82.4985481257158 81.5011951359146 83.2951321931007 89.4906473078734 88.7901010582618 87.8120020641295 68.4589670457347 79.328384502105 87.491838041348 0 75.4158357039267
87.4181448674708 91.7423818124012 85.0930706154422 90.4970085901042 90.7233152353214 82.9023336598264 81.1011246996244 85.0325173442018 84.0268466216013 80.8600272095335 91.0415009355788 90.4635080362083 89.6602337925892 74.2066957450215 71.3176021151403 89.423009620543 75.4158357039267 0
