0 75.1097422091168 90.4004842763326 90.0415708322431 87.2180198603311 87.8461841608603 90.8966172265081 94.8231050856384 94.5549470876843 92.883482599481 91.4668131279807 94.4682495356157 95.3494372184575 93.1270809807705 94.0321812799542 95.7065803099363 94.7810188146631 93.8714337899069
75.1097422091168 0 89.4042329393139 88.8644512266057 84.9296803811179 85.8457319881969 89.3818913619656 94.0583327903378 93.6980631464282 91.7282678173998 90.1036632376197 93.5509655850957 94.5458622176707 91.964040538152 93.0202192690898 94.9338409544705 93.8643281922607 92.8399243462261
90.4004842763326 89.4042329393139 0 70.943337135734 84.6280655201376 90.6727672167897 86.9508886321302 87.6532131658344 88.0062467083217 87.6243995150613 91.3675170171665 88.8398492236681 89.8564811295554 89.8325032718761 89.3818913619656 90.5050214404877 90.1688460775565 92.79025144391
90.0415708322431 88.8644512266057 70.943337135734 0 82.8634330622707 89.8059877260316 85.4887369853822 87.5972706385311 87.6131943190306 86.5507701462811 90.4982904275753 88.251967056199 89.5082092644203 88.9015743041148 88.607465606858 90.1964580507305 89.5602909257646 92.0827706588024
87.2180198603311 84.9296803811179 84.6280655201376 82.8634330622707 0 84.6944839826563 82.240236057727 90.5050214404877 89.7997758540917 86.5364172448041 87.0520671395345 89.5317156500199 91.0641131310442 87.5309915533098 88.7966354858417 91.6355767087045 90.0928012947896 90.121541955671
87.8461841608603 85.8457319881969 90.6727672167897 89.8059877260316 84.6944839826563 0 85.840110052371 93.3836330260342 92.5188113915121 89.2562745795041 82.5570171580838 91.8483865499745 93.1741411140456 88.3307232772852 90.6038153464986 93.5659490628205 91.7376735666141 88.1498907012513
90.8966172265081 89.3818913619656 86.9508886321302 85.4887369853822 82.240236057727 85.840110052371 0 88.7623263292455 87.1143894407578 79.7799514872702 83.9925487547429 85.9029410845511 88.3390605802349 80.7362008082494 83.8123906654578 89.0402807229033 86.1138832806013 86.6112462595499
94.8231050856384 94.0583327903378 87.6532131658344 87.5972706385311 90.5050214404877 93.3836330260342 88.7623263292455 0 76.5662657802988 85.9195436335469 92.4570356382086 82.099442252477 80.4761005024071 88.7843574506698 85.8005514005498 81.676854159603 85.2154126550212 92.4008933721061
94.5549470876843 93.6980631464282 88.0062467083217 87.6131943190306 89.7997758540917 92.5188113915121 87.1143894407578 76.5662657802988 0 82.9023336598264 91.1853194578027 75.5673171147236 75.5523155632995 86.5069679224634 82.1654959184623 78.4638216139284 81.2776045831152 90.9193850103386
92.883482599481 91.7282678173998 87.6243995150613 86.5507701462811 86.5364172448041 89.2562745795041 79.7799514872702 85.9195436335469 82.9023336598264 0 86.965022649524 80.0814756595712 84.3774230737726 78.4594450603621 76.0621707455228 85.4164682239697 80.63719878653 87.1519818883852
91.4668131279807 90.1036632376197 91.3675170171665 90.4982904275753 87.0520671395345 82.5570171580838 83.9925487547429 92.4570356382086 91.1853194578027 86.965022649524 0 90.0158379645473 91.5968931486337 84.1807107783628 88.0173354470665 91.9752146242434 89.391126539815 81.6841840260165
94.4682495356157 93.5509655850957 88.8398492236681 88.251967056199 89.5317156500199 91.8483865499745 85.9029410845511 82.099442252477 75.5673171147236 80.0814756595712 90.0158379645473 0 76.2196361444474 84.042634934547 77.0178873678807 78.6738840693766 75.1743714354476 89.3949379122535
95.3494372184575 94.5458622176707 89.8564811295554 89.5082092644203 91.0641131310442 93.1741411140456 88.3390605802349 80.4761005024071 75.5523155632995 84.3774230737726 91.5968931486337 76.2196361444474 0 86.862061463622 82.2595237792253 67.9330371790942 79.6751844911978 90.867104733722
93.1270809807705 91.964040538152 89.8325032718761 88.9015743041148 87.5309915533098 88.3307232772852 80.7362008082494 88.7843574506698 86.5069679224634 78.4594450603621 84.1807107783628 84.042634934547 86.862061463622 0 79.1569415884906 87.4557545775478 82.4784370287424 83.1903751803446
94.0321812799542 93.0202192690898 89.3818913619656 88.607465606858 88.7966354858417 90.6038153464986 83.8123906654578 85.8005514005498 82.1654959184623 76.0621707455228 88.0173354470665 77.0178873678807 82.2595237792253 79.1569415884906 0 83.2478263495168 73.5505270081693 87.0071507868401
95.7065803099363 94.9338409544705 90.5050214404877 90.1964580507305 91.6355767087045 93.5659490628205 89.0402807229033 81.676854159603 78.4638216139284 85.4164682239697 91.9752146242434 78.6738840693766 67.9330371790942 87.4557545775478 83.2478263495168 0 80.5391459452195 91.1220143253691
94.7810188146631 93.8643281922607 90.1688460775565 89.5602909257646 90.0928012947896 91.7376735666141 86.1138832806013 85.2154126550212 81.2776045831152 80.63719878653 89.391126539815 75.1743714354476 79.6751844911978 82.4784370287424 73.5505270081693 80.5391459452195 0 88.0876111052738
93.8714337899069 92.8399243462261 92.79025144391 92.0827706588024 90.121541955671 88.1498907012513 86.6112462595499 92.4008933721061 90.9193850103386 87.1519818883852 81.6841840260165 89.3949379122535 90.867104733722 83.1903751803446 87.0071507868401 91.1220143253691 88.0876111052738 0
