0 87.8461841608603 91.4134956121103 76.9639370490137 91.644454963556 77.8007545217567 77.0873412577496 83.8658978492988 83.5677247739561 85.9885090842344 83.447537158823 86.9574177410809 93.5008850021645 86.9121743861277 89.8531331056309 93.9772659134642 89.4412153781109 91.3452793614107
87.8461841608603 0 82.298145118584 86.1297923790371 82.9436298012717 85.840110052371 86.8475996083918 82.045866309268 84.0240503121685 82.7333470263597 85.5266933956535 84.1758581374509 88.1308444831307 86.0398650354401 86.1192544428531 89.9041074501311 89.0891422958372 88.7611990990933
91.4134956121103 82.298145118584 0 90.0824743362465 60.0864848470595 89.8774401087106 90.48383160337 87.2570105086415 88.170498810619 86.625354376404 89.0204231193568 86.9272662681814 82.8531035329949 88.3327274477688 86.3170710764995 86.7594207960546 90.0864478347586 88.3327274477688
76.9639370490137 86.1297923790371 90.0824743362465 0 90.3445158032112 57.9330371790942 65.7236388756675 79.2684262627964 78.1736386853995 82.3228085757413 77.9330371790942 83.6710330012516 92.2595237792253 83.6177337725349 87.627196302634 92.706462668382 87.2537141011014 89.5095510697277
91.644454963556 82.9436298012717 60.0864848470595 90.3445158032112 0 90.1450923558343 90.7317072330632 87.6085169412828 88.4767202573617 86.9684929940519 89.291357676221 87.2272264362371 82.3921913186055 88.5787141429996 86.5111849588043 86.5614666198313 90.2375263928769 88.4209842060921
77.8007545217567 85.840110052371 89.8774401087106 57.9330371790942 90.1450923558343 0 67.7415151933047 78.4944597996847 77.3208556946912 81.7914399681042 77.2272264362371 83.2401555589108 92.0911144554496 83.2450709769934 87.3590696675158 92.5490503640044 87.0637545821867 89.3116403970952
77.0873412577496 86.8475996083918 90.48383160337 65.7236388756675 90.7317072330632 67.7415151933047 0 80.4050282869021 78.9298435901867 82.8522543049557 77.9912176832881 83.9504746465478 92.4895487079097 83.6150544197642 87.7725803433914 92.8533734764138 87.0473518707849 89.5323167080541
83.8658978492988 82.045866309268 87.2570105086415 79.2684262627964 87.6085169412828 78.4944597996847 80.4050282869021 0 70.4781764010802 73.8489304881411 76.0487872378002 78.1200421657566 90.0623670961744 80.1887281968106 84.3279020717801 90.7429188741947 85.7777836167194 87.3077963612894
83.5677247739561 84.0240503121685 88.170498810619 78.1736386853995 88.4767202573617 77.3208556946912 78.9298435901867 70.4781764010802 0 74.0608757462916 69.5862189268571 77.1650965755095 90.4678224605249 78.1117143687293 84.1010623398169 90.9106422900855 84.6280460842969 86.9257690522703
85.9885090842344 82.7333470263597 86.625354376404 82.3228085757413 86.9684929940519 81.7914399681042 82.8522543049557 73.8489304881411 74.0608757462916 0 76.9044154140801 70.3062660911278 89.0619630607244 76.2325041385106 81.255199733293 89.5765657369386 83.8065146477803 85.2408599357581
83.447537158823 85.5266933956535 89.0204231193568 77.9330371790942 89.291357676221 77.2272264362371 77.9912176832881 76.0487872378002 69.5862189268571 76.9044154140801 0 78.1200421657566 90.943337135734 77.2559702263367 84.3990346962979 91.2014428280562 83.7944074314021 86.8727631275101
86.9574177410809 84.1758581374509 86.9272662681814 83.6710330012516 87.2272264362371 83.2401555589108 83.9504746465478 78.1200421657566 77.1650965755095 70.3062660911278 78.1200421657566 0 88.7838012938151 72.1366555305131 78.9090804678383 89.0241812809904 81.9124372658146 83.6307588673507
93.5008850021645 88.1308444831307 82.8531035329949 92.2595237792253 82.3921913186055 92.0911144554496 92.4895487079097 90.0623670961744 90.4678224605249 89.0619630607244 90.943337135734 88.7838012938151 0 89.6576415911699 86.573399006352 79.4070970734127 90.2313908446669 87.1826887666397
86.9121743861277 86.0398650354401 88.3327274477688 83.6177337725349 88.5787141429996 83.2450709769934 83.6150544197642 80.1887281968106 78.1117143687293 76.2325041385106 77.2559702263367 72.1366555305131 89.6576415911699 0 79.9943690259603 89.580133814493 79.3106869435019 83.408322943692
89.8531331056309 86.1192544428531 86.3170710764995 87.627196302634 86.5111849588043 87.3590696675158 87.7725803433914 84.3279020717801 84.1010623398169 81.255199733293 84.3990346962979 78.9090804678383 86.573399006352 79.9943690259603 0 86.0864506928798 81.3096260893556 77.2658434818291
93.9772659134642 89.9041074501311 86.7594207960546 92.706462668382 86.5614666198313 92.5490503640044 92.8533734764138 90.7429188741947 90.9106422900855 89.5765657369386 91.2014428280562 89.0241812809904 79.4070970734127 89.580133814493 86.0864506928798 0 89.3788743813386 85.3681348263785
89.4412153781109 89.0891422958372 90.0864478347586 87.2537141011014 90.2375263928769 87.0637545821867 87.0473518707849 85.7777836167194 84.6280460842969 83.8065146477803 83.7944074314021 81.9124372658146 90.2313908446669 79.3106869435019 81.3096260893556 89.3788743813386 0 80.8720881057558
91.3452793614107 88.7611990990933 88.3327274477688 89.5095510697277 88.4209842060921 89.3116403970952 89.5323167080541 87.3077963612894 86.9257690522703 85.2408599357581 86.8727631275101 83.6307588673507 87.1826887666397 83.408322943692 77.2658434818291 85.3681348263785 80.8720881057558 0
