0 89.9508307163448 89.259475688825 88.3635146071354 82.5659932787142 83.8146333429251 81.1676208475889 83.4499763303665 88.444562403568 88.6848557252811 91.5416665593979 91.0365710695442 94.6312249041452 93.8926264666697 95.4902107852217 91.1622558749251 91.6599483701519 92.4848369345495
89.9508307163448 0 70.237526392877 76.5063621434069 86.6136007973246 86.4309154214711 89.4681370721026 89.7571837034398 85.6149767954249 86.2581263061566 86.161534607624 87.2415090959192 89.5765657369386 89.1453517305904 90.7094781498595 92.884038211945 92.532086120294 92.1180387719352
89.259475688825 70.237526392877 0 70.8110544783965 85.2970022018606 85.0274329204183 88.5271565534808 88.8143980660997 84.0841170535261 84.8615063718665 85.3195599789606 86.2899428940185 89.4954990830677 88.8651520972308 90.7387010372927 92.2405582226928 91.885951562939 91.5005598005698
88.3635146071354 76.5063621434069 70.8110544783965 0 83.5392759245935 83.1600871064417 87.3382020284199 87.6476512293401 82.3921913186054 83.3588019416995 84.8987902702454 85.5613227109851 89.7170505944318 88.9021373091748 91.0177417305462 91.561630208681 91.2310824007349 90.9268025096977
82.5659932787142 86.6136007973246 85.2970022018606 83.5392759245935 0 66.9639370490137 78.4407002914246 79.9742370056535 82.3358293114501 82.9023336598264 87.7220039472329 86.9834364598563 92.1523653118793 91.1419742754125 93.2868376398482 89.250506630103 89.4098004215052 89.9677176977207
83.8146333429251 86.4309154214711 85.0274329204183 83.1600871064417 66.9639370490137 0 79.0724707021626 79.8419543483159 80.7750878561122 81.4121890441111 86.9646694046782 86.0941238864933 91.7271802232159 90.6356319343604 92.9230915261367 88.7852291895436 88.8707549940815 89.3818913619656
81.1676208475889 89.4681370721026 88.5271565534808 87.3382020284199 78.4407002914246 79.0724707021626 0 70.855597892659 85.1395907446115 85.2505360143668 89.4438116147903 88.4806993574841 93.2834453116058 92.2819183877674 94.3148890783844 87.9486437055199 88.5843509004963 89.7571837034398
83.4499763303665 89.7571837034398 88.8143980660997 87.6476512293401 79.9742370056535 79.8419543483159 70.855597892659 0 84.5719301653208 84.5416919591329 89.0296535909425 87.8718063285063 93.0088975767243 91.9235409978307 94.0792207967008 86.6440941889501 87.3867381239972 88.7852291895436
88.444562403568 85.6149767954249 84.0841170535261 82.3921913186054 82.3358293114501 80.7750878561122 85.1395907446115 84.5719301653208 0 63.9536370923738 81.3031438998142 79.3443980803016 88.9724420299244 87.3242343555791 90.6042488812788 87.9693655491383 87.3471575828297 86.9487100793787
88.6848557252811 86.2581263061566 84.8615063718665 83.3588019416995 82.9023336598264 81.4121890441111 85.2505360143668 84.5416919591329 63.9536370923738 0 81.1530116447013 78.5475619699661 88.9090804678383 87.1696213970273 90.5622964783828 87.4735316467302 86.7651075126181 86.3114457956494
91.5416665593979 86.161534607624 85.3195599789606 84.8987902702454 87.7220039472329 86.9646694046782 89.4438116147903 89.0296535909425 81.3031438998142 81.1530116447013 0 73.8753254132284 84.3439154387777 81.3930081676145 86.9747808619358 89.6576015487861 88.6023828571774 87.0365221251812
91.0365710695442 87.2415090959192 86.2899428940185 85.5613227109851 86.9834364598563 86.0941238864933 88.4806993574841 87.8718063285063 79.3443980803016 78.5475619699661 73.8753254132284 0 86.107368620208 83.3637795294295 88.3271560632948 88.118377883376 86.8728728512127 85.1362843532686
94.6312249041452 89.5765657369386 89.4954990830677 89.7170505944318 92.1523653118793 91.7271802232159 93.2834453116058 93.0088975767243 88.9724420299244 88.9090804678383 84.3439154387777 86.107368620208 0 75.5673171147236 75.393131222096 92.6909108988406 91.7412977474576 90.1162911451909
93.8926264666697 89.1453517305904 88.8651520972308 88.9021373091748 91.1419742754125 90.6356319343604 92.2819183877674 91.9235409978307 87.3242343555791 87.1696213970273 81.3930081676145 83.3637795294295 75.5673171147236 0 81.3400030230764 91.3887347396581 90.2807401307034 88.3564292247297
95.4902107852217 90.7094781498595 90.7387010372927 91.0177417305462 93.2868376398482 92.9230915261367 94.3148890783844 94.0792207967008 90.6042488812788 90.5622964783828 86.9747808619358 88.3271560632948 75.393131222096 81.3400030230764 0 93.7272227926769 92.8661437986153 91.3973341350085
91.1622558749251 92.884038211945 92.2405582226928 91.561630208681 89.250506630103 88.7852291895436 87.9486437055199 86.6440941889501 87.9693655491383 87.4735316467302 89.6576015487861 88.118377883376 92.6909108988406 91.3887347396581 93.7272227926769 0 74.0608757462916 82.0154368322127
91.6599483701519 92.532086120294 91.885951562939 91.2310824007349 89.4098004215052 88.8707549940815 88.5843509004963 87.3867381239972 87.3471575828297 86.7651075126181 88.6023828571774 86.8728728512127 91.7412977474576 90.2807401307034 92.8661437986153 74.0608757462916 0 77.5803463896305
92.4848369345495 92.1180387719352 91.5005598005698 90.9268025096977 89.9677176977207 89.3818913619656 89.7571837034398 88.7852291895436 86.9487100793787 86.3114457956494 87.0365221251812 85.1362843532686 90.1162911451909 88.3564292247297 91.3973341350085 82.0154368322127 77.5803463896305 0
