0 65.5673171147236 89.2428040951504 92.4692779150087 74.4651623168477 91.9967355337869 84.7544879428325 89.0301722270237 87.6689334133668 91.822570344987 93.8645681728627 93.5404701896413 92.845813466116 91.2586335937683 90.2807401307034 90.0415708322431 90.0115342903995 91.7705147966992
65.5673171147236 0 88.6906959612515 92.0897805247568 74.2066957450215 91.5834220010513 83.8481352690408 88.5263989529871 87.4269372455433 91.4063373322637 93.5261172881643 93.1902213103069 92.4790469500718 90.855597892659 89.8920337031865 89.8920337031865 89.8296243895863 91.4061065107316
89.2428040951504 88.6906959612515 0 82.3105428072981 89.4954990830677 81.2004909747474 86.1350517739506 87.8568047770822 91.2795848479266 87.0371465782411 88.4391544843896 88.1407920610298 88.4967489738495 88.7515488942688 89.7314264593261 92.7460299124228 92.4542763635846 89.7407415055594
92.4692779150087 92.0897805247568 82.3105428072981 0 92.6002308959102 73.323798167022 89.9769504982872 90.1990362311678 93.4291995742851 87.5576776396732 86.4284596991444 86.5364172448041 88.303315976652 90.0093808529838 91.4529317334505 94.4467866182246 94.1665639944741 90.7963117113929
74.4651623168477 74.2066957450215 89.4954990830677 92.6002308959102 0 92.0262806451349 83.2478263495168 87.8488417508376 85.5523155632995 91.2683159643051 93.562386254106 93.201597050353 92.3276273357941 90.405894207728 89.0924689484848 88.4638216139284 88.4391544843896 90.8998106482013
91.9967355337869 91.5834220010513 81.2004909747474 73.323798167022 92.0262806451349 0 88.9312242752465 88.922933573106 92.6441932793929 85.7044043041359 84.9105599207718 84.8667886893461 86.706750637792 88.6341550069162 90.3255313138615 93.7111709827367 93.3989573022936 89.5493419238841
84.7544879428325 83.8481352690408 86.1350517739506 89.9769504982872 83.2478263495168 88.9312242752465 0 81.1303421223965 84.3872598725851 86.8728728512127 90.4455248021527 89.9085993106296 88.5731220444114 85.7376505077114 84.4651623168477 87.5424991364325 87.1112419990312 86.7650338590999
89.0301722270237 88.5263989529871 87.8568047770822 90.1990362311678 87.8488417508376 88.922933573106 81.1303421223965 0 84.3398387118709 83.0838239298534 88.5301856345584 87.7738075181225 85.1757958751021 78.5776170713634 75.8005514005498 86.341622719513 85.5523155632995 80.4175376260971
87.6689334133668 87.4269372455433 91.2795848479266 93.4291995742851 85.5523155632995 92.6441932793929 84.3872598725851 84.3398387118709 0 89.7314264593261 92.6941043474961 92.2305599791183 90.6635131224742 87.3719376615789 83.9536370923738 77.9330371790942 77.4947214838478 87.4517560933209
91.822570344987 91.4063373322637 87.0371465782411 87.5576776396732 91.2683159643051 85.7044043041359 86.8728728512127 83.0838239298534 89.7314264593261 0 81.9124372658146 80.1912970937131 73.88799939735 78.9021373091748 84.2979161426279 90.6117913722832 90.0989182898492 81.0076651469569
93.8645681728627 93.5261172881643 88.4391544843896 86.4284596991444 93.562386254106 84.9105599207718 90.4455248021527 88.5301856345584 92.6941043474961 81.9124372658146 0 67.0711757029314 79.9579203496951 86.2899428940185 89.115684439989 93.2897752133517 92.9114525623608 86.904446101448
93.5404701896413 93.1902213103069 88.1407920610298 86.5364172448041 93.201597050353 84.8667886893461 89.9085993106296 87.7738075181225 92.2305599791183 80.1912970937131 67.0711757029314 0 77.8452979360192 85.289026176076 88.4018890874713 92.8550516930196 92.4570356382086 86.000346163784
92.845813466116 92.4790469500718 88.4967489738495 88.303315976652 92.3276273357941 86.706750637792 88.5731220444114 85.1757958751021 90.6635131224742 73.88799939735 79.9579203496951 77.8452979360192 0 80.8110544783965 85.5613227109851 91.2598450712467 90.7750878561122 81.7311428815295
91.2586335937683 90.855597892659 88.7515488942688 90.0093808529838 90.405894207728 88.6341550069162 85.7376505077114 78.5776170713634 87.3719376615789 78.9021373091748 86.2899428940185 85.289026176076 80.8110544783965 0 78.0529683256868 88.1647383903082 87.4658005457673 70.3839326872397
90.2807401307034 89.8920337031865 89.7314264593261 91.4529317334505 89.0924689484848 90.3255313138615 84.4651623168477 75.8005514005498 83.9536370923738 84.2979161426279 89.115684439989 88.4018890874713 85.5613227109851 78.0529683256868 0 84.9227372224544 83.8924062417859 77.865574952498
90.0415708322431 89.8920337031865 92.7460299124228 94.4467866182246 88.4638216139284 93.7111709827367 87.5424991364325 86.341622719513 77.9330371790942 90.6117913722832 93.2897752133517 92.8550516930196 91.2598450712467 88.1647383903082 84.9227372224544 0 65.9948369189331 87.8800543409766
90.0115342903995 89.8296243895863 92.4542763635846 94.1665639944741 88.4391544843896 93.3989573022936 87.1112419990312 85.5523155632995 77.4947214838478 90.0989182898492 92.9114525623608 92.4570356382086 90.7750878561122 87.4658005457673 83.8924062417859 65.9948369189331 0 87.151230226572
91.7705147966992 91.4061065107316 89.7407415055594 90.7963117113929 90.8998106482013 89.5493419238841 86.7650338590999 80.4175376260971 87.4517560933209 81.0076651469569 86.904446101448 86.000346163784 81.7311428815295 70.3839326872397 77.865574952498 87.8800543409766 87.151230226572 0
