0 84.8825972015924 82.9463689655499 83.964480905296 86.6265279866851 87.7239661854775 89.950284880258 90.8115021815894 90.9541809486562 93.4687885063573 92.1449911026738 92.0857762726231 93.2204049563407 92.8647321840254 92.930457710338 93.2950852102986 94.388242328153 93.7081849568279
84.8825972015924 0 86.560312462274 82.3859648733539 84.1779208042287 86.8628826862014 86.7923005771085 87.4034512316464 89.3905934154663 94.7097136860299 89.8091473478143 92.2952999318 93.9925487547429 93.1236130504458 91.0755025319784 91.2795848479266 95.2003092693599 91.6900390249741
82.9463689655499 86.560312462274 0 79.8251320749173 82.3326765383033 82.045866309268 87.2272264362371 88.6200893760136 87.5110249283942 90.7342046532038 89.7378168233108 88.3666599593055 90.1199673790078 89.5258245063736 90.5050214404877 91.1136705287218 91.8087149732661 91.6801541304969
83.964480905296 82.3859648733539 79.8251320749173 0 75.0930706154422 79.941542160005 83.9384101227389 85.6854997764966 86.0056807318553 92.3080924612775 87.8528666685883 89.140092335677 91.3675170171665 90.3012370390072 89.126256043734 89.6666483480365 92.9551226995673 90.2852906292129
86.6265279866851 84.1779208042287 82.3326765383033 75.0930706154422 0 75.5673171147236 80.273145354966 82.9845369622933 83.2067580073703 92.0084981562254 85.6028738201509 87.9899889902793 90.7560854627999 89.3096836335525 87.2016042685911 87.8779684079293 92.4808762002859 88.6385873374445
87.7239661854775 86.8628826862014 82.045866309268 79.941542160005 75.5673171147236 0 81.2331141878218 83.8879993973499 80.9865508735604 90.6605873067514 85.1724515121124 85.6445006672441 89.1017700423667 87.337232261953 86.3902173587608 87.3471575828297 91.1510920176696 88.2089792973565
89.950284880258 86.7923005771085 87.2272264362371 83.9384101227389 80.273145354966 81.2331141878218 0 72.3105428072981 79.2492238225855 92.6940913632963 79.4019407223516 87.989131632697 91.1190958196448 89.1977906062609 82.9023336598264 83.6150544197642 92.7632013805355 84.7254986332328
90.8115021815894 87.4034512316464 88.6200893760136 85.6854997764966 82.9845369622933 83.8879993973499 72.3105428072981 0 81.1303421223965 93.3458806242076 77.8670767537086 88.9132410411909 91.8133383436939 89.9489362791096 82.2305599791183 82.4570356382086 93.3207846744859 83.5008850021645
90.9541809486562 89.3905934154663 87.5110249283942 86.0056807318553 83.2067580073703 80.9865508735604 79.2492238225855 81.1303421223965 0 91.0178851098088 78.7924278459799 84.3872598725851 88.8461887760664 86.0413760890075 79.9360690089101 82.0727368965748 90.8821062851461 83.6150544197642
93.4687885063573 94.7097136860299 90.7342046532038 92.3080924612775 92.0084981562254 90.6605873067514 92.6940913632963 93.3458806242076 91.0178851098088 0 92.793939960948 85.8335485113363 79.3809751122172 84.9435334863856 92.460259961952 93.0777472514585 78.055061803903 93.4520778019162
92.1449911026738 89.8091473478143 89.7378168233108 87.8528666685883 85.6028738201509 85.1724515121124 79.4019407223516 77.8670767537086 78.7924278459799 92.793939960948 0 87.6658055040078 90.9468653385675 88.6555361552294 74.1820152500813 75.3110924163752 92.5144346244509 78.0436179887118
92.0857762726231 92.2952999318 88.3666599593055 89.140092335677 87.9899889902793 85.6445006672441 87.989131632697 88.9132410411909 84.3872598725851 85.8335485113363 87.6658055040078 0 80.943337135734 72.3003543343369 87.0125223952169 88.1407920610298 85.3176715737137 88.8108513571896
93.2204049563407 93.9925487547429 90.1199673790078 91.3675170171665 90.7560854627999 89.1017700423667 91.1190958196448 91.8133383436939 88.8461887760664 79.3809751122172 90.9468653385675 80.943337135734 0 78.6014654985752 90.416203582512 91.1770965171296 77.627196302634 91.6177655634978
92.8647321840254 93.1236130504458 89.5258245063736 90.3012370390072 89.3096836335525 87.337232261953 89.1977906062609 89.9489362791096 86.0413760890075 84.9435334863856 88.6555361552294 72.3003543343369 78.6014654985752 0 87.8646341734837 88.8619635973892 83.6093903216487 89.4239720456465
92.930457710338 91.0755025319784 90.5050214404877 89.126256043734 87.2016042685911 86.3902173587608 82.9023336598264 82.2305599791183 79.9360690089101 92.460259961952 74.1820152500813 87.0125223952169 90.416203582512 87.8646341734837 0 69.9742370056535 91.9817162959901 74.7635075614827
93.2950852102986 91.2795848479266 91.1136705287218 89.6666483480365 87.8779684079293 87.3471575828297 83.6150544197642 82.4570356382086 82.0727368965748 93.0777472514585 75.3110924163752 88.1407920610298 91.1770965171296 88.8619635973892 69.9742370056535 0 92.6002308959102 67.8452979360192
94.388242328153 95.2003092693599 91.8087149732661 92.9551226995673 92.4808762002859 91.1510920176696 92.7632013805355 93.3207846744859 90.8821062851461 78.055061803903 92.5144346244509 85.3176715737137 77.627196302634 83.6093903216487 91.9817162959901 92.6002308959102 0 92.9414372252721
93.7081849568279 91.6900390249741 91.6801541304969 90.2852906292129 88.6385873374445 88.2089792973565 84.7254986332328 83.5008850021645 83.6150544197642 93.4520778019162 78.0436179887118 88.8108513571896 91.6177655634978 89.4239720456465 74.7635075614827 67.8452979360192 92.9414372252721 0
