0 78.8179418809182 86.3303309311581 87.5453491495408 75.0930706154422 81.4548623602078 83.051870788883 93.0739967563912 87.9199887622108 93.9832848363944 84.6168963459942 83.201597050353 84.7109310897828 85.3303424647414 90.5797990005825 87.2169957016613 93.3490792059179 90.7814035555182
78.8179418809182 0 81.5879170280032 83.6150544197642 74.5416919591329 72.6459542896836 76.5304228410657 91.2192792539963 84.9296803811179 92.3859648733539 83.051870788883 84.4399969767003 85.5523155632995 86.2899428940185 88.5626155199393 85.6518503809952 91.7423818124012 88.8986615628356
86.3303309311581 81.5879170280032 0 70.4857622301273 84.2737774339689 79.8195101390914 78.5626155199393 87.7629817256808 80.8378353124009 89.5765657369386 84.9383437488801 87.7998589768893 88.2753097867997 88.8426679450515 85.5673171147236 85.7159970899826 89.0294974900039 86.2389238659457
87.5453491495408 83.6150544197642 70.4857622301273 0 85.6694391116945 81.9401435468265 80.6374962592738 86.5376151333289 79.7170505944318 88.5550952672913 85.4841598430449 88.4383813744954 88.7966354858417 89.3223765816634 84.3872598725851 85.7677850549167 87.9762509169206 85.2003092693599
75.0930706154422 74.5416919591329 84.2737774339689 85.6694391116945 0 76.5662657802988 78.9847314590875 92.0897805247568 85.7044043041359 93.0258690664609 81.4741215705682 81.4741215705682 83.1365622199274 84.0438945132429 88.9867763205327 84.9227372224544 92.2508549033855 89.2234877779738
81.4548623602078 72.6459542896836 79.8195101390914 81.9401435468265 76.5662657802988 0 67.9330371790942 90.4992526397913 82.5868656935784 91.644454963556 80.788610269172 83.8146333429251 84.7922451010396 85.6282873808047 87.0838681956062 83.6964506811521 90.8271427879541 87.4648331897505
83.051870788883 76.5304228410657 78.5626155199393 80.6374962592738 78.9847314590875 67.9330371790942 0 89.9448227429275 80.8110544783965 91.1044737993231 80.1288824412368 84.1427215355371 84.9296803811179 85.7563298690626 86.0728479354589 82.7417264159659 90.1912970937131 86.5075683494469
93.0739967563912 91.2192792539963 87.7629817256808 86.5376151333289 92.0897805247568 90.4992526397913 89.9448227429275 0 87.4947214838478 78.3311427205777 91.2650909053476 93.1352515379138 93.1990142701287 93.4827717624266 86.2937452682456 90.6584149528466 82.7273505510716 86.8193244329465
87.9199887622108 84.9296803811179 80.8378353124009 79.7170505944318 85.7044043041359 82.5868656935784 80.8110544783965 87.4947214838478 0 88.4530469801072 82.21762491425 86.7696515306304 86.8517554835501 87.4298640870463 79.2428040951504 80.8422827729217 86.7548660553969 80.273145354966
93.9832848363944 92.3859648733539 89.5765657369386 88.5550952672913 93.0258690664609 91.644454963556 91.1044737993231 78.3311427205777 88.4530469801072 0 91.8526156615501 93.6452325627758 93.622091328923 93.8625728945729 86.2581263061566 91.012701649377 78.5475619699661 86.560312462274
84.6168963459942 83.051870788883 84.9383437488801 85.4841598430449 81.4741215705682 80.788610269172 80.1288824412368 91.2650909053476 82.21762491425 91.8526156615501 0 79.05908719444 79.2234877779738 80.6188168979226 85.8695443561659 75.5673171147236 90.5170152200493 85.9621420732846
83.201597050353 84.4399969767003 87.7998589768893 88.4383813744954 81.4741215705682 83.8146333429251 84.1427215355371 93.1352515379138 86.7696515306304 93.6452325627758 79.05908719444 0 68.7966354858417 72.2787262194362 89.0918038217787 82.7445958873746 92.557316661192 89.1123755294906
84.7109310897828 85.5523155632995 88.2753097867997 88.7966354858417 83.1365622199274 84.7922451010396 84.9296803811179 93.1990142701287 86.8517554835501 93.622091328923 79.2234877779738 68.7966354858417 0 64.9227372224544 88.9298435901867 82.1654959184623 92.4545830362408 88.8986615628356
85.3303424647414 86.2899428940185 88.8426679450515 89.3223765816634 84.0438945132429 85.6282873808047 85.7563298690626 93.4827717624266 87.4298640870463 93.8625728945729 80.6188168979226 72.2787262194362 64.9227372224544 0 89.2970716604341 82.9023336598264 92.6975854336372 89.2428040951504
90.5797990005825 88.5626155199393 85.5673171147236 84.3872598725851 88.9867763205327 87.0838681956062 86.0728479354589 86.2937452682456 79.2428040951504 86.2581263061566 85.8695443561659 89.0918038217787 88.9298435901867 89.2970716604341 0 83.6408008670417 82.9188992672694 64.9227372224544
87.2169957016613 85.6518503809952 85.7159970899826 85.7677850549167 84.9227372224544 83.6964506811521 82.7417264159659 90.6584149528466 80.8422827729217 91.012701649377 75.5673171147236 82.7445958873746 82.1654959184623 82.9023336598264 83.6408008670417 0 89.299608797833 83.5392759245935
93.3490792059179 91.7423818124012 89.0294974900039 87.9762509169206 92.2508549033855 90.8271427879541 90.1912970937131 82.7273505510716 86.7548660553969 78.5475619699661 90.5170152200493 92.557316661192 92.4545830362408 92.6975854336372 82.9188992672694 89.299608797833 0 83.0625479788191
90.7814035555182 88.8986615628356 86.2389238659457 85.2003092693599 89.2234877779738 87.4648331897505 86.5075683494469 86.8193244329465 80.273145354966 86.560312462274 85.9621420732846 89.1123755294906 88.8986615628356 89.2428040951504 64.9227372224544 83.5392759245935 83.0625479788191 0
