0 91.1902457592883 88.0538131744044 92.0296637915388 86.7550490705698 88.404227566296 88.607465606858 92.4061682673299 89.6748574999362 89.0517086471389 90.539950838469 91.5127665924628 92.1216823211715 94.0973593014025 93.9312131351764 92.7858157572653 93.0387553559 94.0670150828938
91.1902457592883 0 83.6009463029101 78.8179418809182 92.0152647755566 90.9925666286993 91.4452006324876 84.4651623168477 89.0324881034555 92.4052378688933 92.3276273357941 92.883482599481 91.1568842665482 89.5228529855353 89.6869954930345 94.1168057171972 93.1044681088858 91.4168647432734
88.0538131744044 83.6009463029101 0 83.6964506811521 87.8727710699656 86.2810577195812 87.0382140342669 84.3872598725851 83.534581222741 88.5550952672913 88.6797390683343 89.6426912422026 87.929561432755 88.7088042057497 88.5626155199393 91.4344764353034 90.4294226344984 89.6707254104607
92.0296637915388 78.8179418809182 83.6964506811521 0 91.7573875097686 90.3310353635652 90.8101589335291 78.4638216139284 87.6906112531473 91.8483865499745 91.4683527698718 91.9487656358587 89.5700166380199 86.5951793008782 86.8817337465467 93.2349890193876 91.8849027535593 89.3425148925208
86.7550490705698 92.0152647755566 87.8727710699656 91.7573875097686 0 78.1148307393275 77.2231560615831 91.0978439542201 84.7200415290772 76.5867623406474 82.1827382018425 84.3912871964569 87.2874497140581 91.8810549507213 91.5233607948988 86.8249332995649 87.8508395603263 90.9074718098228
88.404227566296 90.9925666286993 86.2810577195812 90.3310353635652 78.1148307393275 0 65.5673171147236 89.22735792065 79.649216749946 75.9948369189331 77.9330371790942 81.4741215705682 83.7262992166468 89.9108870380092 89.4497994875647 85.3768974693751 85.3681348263785 88.6738840693766
88.607465606858 91.4452006324876 87.0382140342669 90.8101589335291 77.2231560615831 65.5673171147236 0 89.7314264593261 81.0103177464829 72.9023336598264 76.6136007973246 80.6607330446118 84.0161576060675 90.2504745442158 89.7929891177413 84.7469376040325 85.1478457267947 88.9069986855092
92.4061682673299 84.4651623168477 84.3872598725851 78.4638216139284 91.0978439542201 89.22735792065 89.7314264593261 0 85.7936053670676 90.8591417074774 90.121541955671 90.521324885034 87.2353937067571 82.4445967733665 82.79025144391 91.9111827954632 90.1246893973976 86.4309154214711
89.6748574999362 89.0324881034555 83.534581222741 87.6906112531473 84.7200415290772 79.649216749946 81.0103177464829 85.7936053670676 0 83.7665378435615 82.4392581721672 83.9644611538432 80.6107856773603 86.9508886321302 86.3663445360057 87.0711757029314 85.2427919746956 86.0577555850908
89.0517086471389 92.4052378688933 88.5550952672913 91.8483865499745 76.5867623406474 75.9948369189331 72.9023336598264 90.8591417074774 83.7665378435615 0 76.2581263061566 79.941542160005 85.2279248708898 91.1276393100096 90.6939770966864 83.6593076894346 85.2408599357581 89.6648998632169
90.539950838469 92.3276273357941 88.6797390683343 91.4683527698718 82.1827382018425 77.9330371790942 76.6136007973246 90.121541955671 82.4392581721672 76.2581263061566 0 72.0827706588024 81.9401435468265 89.8604111997937 89.3255293548103 80.6023666249885 81.4741215705682 87.8007545217567
91.5127665924628 92.883482599481 89.6426912422026 91.9487656358587 84.3912871964569 81.4741215705682 80.6607330446118 90.521324885034 83.9644611538432 79.941542160005 72.0827706588024 0 81.5879170280032 89.8278439574019 89.2684262627964 76.9012849085255 78.6665542029632 87.3620425904971
92.1216823211715 91.1568842665482 87.929561432755 89.5700166380199 87.2874497140581 83.7262992166468 84.0161576060675 87.2353937067571 80.6107856773603 85.2279248708898 81.9401435468265 81.5879170280032 0 85.5734871637412 84.6429132091945 84.4372112058163 79.2684262627964 81.7060996897762
94.0973593014025 89.5228529855353 88.7088042057497 86.5951793008782 91.8810549507213 89.9108870380092 90.2504745442158 82.4445967733665 86.9508886321302 91.1276393100096 89.8604111997937 89.8278439574019 85.5734871637412 0 65.9434572419002 90.8873886026257 88.3792456488952 80.3111636291651
93.9312131351764 89.6869954930345 88.5626155199393 86.8817337465467 91.5233607948988 89.4497994875647 89.7929891177413 82.79025144391 86.3663445360057 90.6939770966864 89.3255293548103 89.2684262627964 84.6429132091945 65.9434572419002 0 90.3817761271541 87.6974540728827 78.6665542029632
92.7858157572653 94.1168057171972 91.4344764353034 93.2349890193876 86.8249332995649 85.3768974693751 84.7469376040325 91.9111827954632 87.0711757029314 83.6593076894346 80.6023666249885 76.9012849085255 84.4372112058163 90.8873886026257 90.3817761271541 0 79.1681368552951 88.3152458281295
93.0387553559 93.1044681088858 90.4294226344984 91.8849027535593 87.8508395603263 85.3681348263785 85.1478457267947 90.1246893973976 85.2427919746956 85.2408599357581 81.4741215705682 78.6665542029632 79.2684262627964 88.3792456488952 87.6974540728827 79.1681368552951 0 84.598216984643
94.0670150828938 91.4168647432734 89.6707254104607 89.3425148925208 90.9074718098228 88.6738840693766 88.9069986855092 86.4309154214711 86.0577555850908 89.6648998632169 87.8007545217567 87.3620425904971 81.7060996897762 80.3111636291651 78.6665542029632 88.3152458281295 84.598216984643 0
