0 86.0393941818496 89.2434464950952 86.5650757693805 84.8615063718665 85.9744315024477 86.7514468623435 89.673305170883 88.9731256890866 89.5889316445084 89.9921148053681 90.5456658670192 90.5797990005825 90.6080397730269 90.715999260007 93.8072281080192 94.2988110640352 92.0161153643317
86.0393941818496 0 81.9401435468265 83.2222041818708 88.9724420299244 86.5111849588043 89.9360690089101 86.5676556475883 91.4548623602078 90.3889292153483 89.8262555892992 91.2485247841694 91.5245592935632 91.6651005805237 90.4591405847679 90.8378353124009 91.4776549736009 92.2392694194134
89.2434464950952 81.9401435468265 0 81.2614598490377 89.5275059129689 85.9539297579115 90.0708701724473 81.643903318273 91.264687604533 89.2552711254963 88.0105149591016 90.0527811932338 90.4905850455247 90.7050021370538 88.5603608111481 86.9747808619358 87.9564949454311 90.7683108277111
86.5650757693805 83.2222041818708 81.2614598490377 0 85.3176715737137 78.4407002914246 86.1651703119209 79.3476673428837 88.0529683256868 85.5746546638033 84.3557033681209 86.9574177410809 87.4658005457673 87.7212310464226 85.5085157137867 88.9021373091748 89.749501257993 88.444562403568
84.8615063718665 88.9724420299244 89.5275059129689 85.3176715737137 0 80.6374962592738 72.5868656935784 87.6677850624393 80.5906463462703 83.150009881514 85.0325173442018 84.8172353991213 84.6429132091945 84.598216984643 86.1350517739506 92.7204331965658 93.2503254204287 87.5605177126806
85.9744315024477 86.5111849588043 85.9539297579115 78.4407002914246 80.6374962592738 0 81.6251957531956 82.631578878289 84.5869706818913 81.7549800278783 81.557861926606 83.9968508302003 84.484421527208 84.752681769041 83.3513248469073 90.3265325691556 91.0315260796804 86.5364172448041
86.7514468623435 89.9360690089101 90.0708701724473 86.1651703119209 72.5868656935784 81.6251957531956 0 87.8177271631204 76.2581263061566 81.2183581458991 84.0268466216013 82.968220306335 82.5570171580838 82.4108172720404 85.1014144120895 92.6816074922698 93.1956596407149 86.2389238659457
89.673305170883 86.5676556475883 81.643903318273 79.3476673428837 87.6677850624393 82.631578878289 87.8177271631204 0 88.8643626546883 85.322427491129 82.7706475749958 86.3095048324532 87.0436636369511 87.3925778831567 83.5198909290197 85.7486367074844 86.9257690522703 87.0986513589516
88.9731256890866 91.4548623602078 91.264687604533 88.0529683256868 80.5906463462703 84.5869706818913 76.2581263061566 88.8643626546883 0 80.6572847033108 84.2107909313872 81.3493605368748 80.1964580507305 79.6239007539644 84.8615063718665 93.0411672842192 93.5018254834744 84.8118924275813
89.5889316445084 90.3889292153483 89.2552711254963 85.5746546638033 83.150009881514 81.7549800278783 81.2183581458991 85.322427491129 80.6572847033108 0 74.8437084451082 71.2308671529591 73.311019849566 74.5476662984874 76.6521042016067 90.7031765794243 91.2848069067945 79.7765641412269
89.9921148053681 89.8262555892992 88.0105149591016 84.3557033681209 85.0325173442018 81.557861926606 84.0268466216013 82.7706475749958 84.2107909313872 74.8437084451082 0 76.8316543916761 78.922933573106 79.8195101390914 68.7966354858417 89.178079427437 89.8671431601291 79.9360690089101
90.5456658670192 91.2485247841694 90.0527811932338 86.9574177410809 84.8172353991213 83.9968508302003 82.968220306335 86.3095048324532 81.3493605368748 71.2308671529591 76.8316543916761 0 65.9948369189331 69.5166621000467 76.5662657802988 90.869755834518 91.4006697012849 76.2196361444474
90.5797990005825 91.5245592935632 90.4905850455247 87.4658005457673 84.6429132091945 84.484421527208 82.5570171580838 87.0436636369511 80.1964580507305 73.311019849566 78.922933573106 65.9948369189331 0 59.9742370056535 78.8179418809182 91.350942378021 91.8523120576011 77.2272264362371
90.6080397730269 91.6651005805237 90.7050021370538 87.7212310464226 84.598216984643 84.752681769041 82.4108172720404 87.3925778831567 79.6239007539644 74.5476662984874 79.8195101390914 69.5166621000467 59.9742370056535 0 79.7571837034398 91.5819226242647 92.0697093927994 77.8718063285063
90.715999260007 90.4591405847679 88.5603608111481 85.5085157137867 86.1350517739506 83.3513248469073 85.1014144120895 83.5198909290197 84.8615063718665 76.6521042016067 68.7966354858417 76.5662657802988 78.8179418809182 79.7571837034398 0 89.0112398515747 89.6695215703529 77.8275353557611
93.8072281080192 90.8378353124009 86.9747808619358 88.9021373091748 92.7204331965658 90.3265325691556 92.6816074922698 85.7486367074844 93.0411672842192 90.7031765794243 89.178079427437 90.869755834518 91.350942378021 91.5819226242647 89.0112398515747 0 69.1168893078933 90.4804509400096
94.2988110640352 91.4776549736009 87.9564949454311 89.749501257993 93.2503254204287 91.0315260796804 93.1956596407149 86.9257690522703 93.5018254834744 91.2848069067945 89.8671431601291 91.4006697012849 91.8523120576011 92.0697093927994 89.6695215703529 69.1168893078933 0 90.9476995920957
92.0161153643317 92.2392694194134 90.7683108277111 88.444562403568 87.5605177126806 86.5364172448041 86.2389238659457 87.0986513589516 84.8118924275813 79.7765641412269 79.9360690089101 76.2196361444474 77.2272264362371 77.8718063285063 77.8275353557611 90.4804509400096 90.9476995920957 0
