0 85.6635841127368 76.2581263061566 80.3733330693944 87.6019601377656 89.4497994875647 87.2180198603311 85.9195436335469 90.5981763781854 88.6738840693766 89.2428040951504 90.1262622632876 90.280234225313 89.5753757260203 91.4741530501175 93.5502507951088 92.486054895665 90.9541809486562
85.6635841127368 0 88.1901910181076 89.0818146780226 82.5868656935784 83.9296849669784 83.5725918290523 90.1985207175083 86.1924886111327 85.435034457386 86.7239959740949 86.9639370490137 88.8679544492035 89.436916952347 89.43905622522 91.2521666668307 90.9119548206408 92.3578348697387
76.2581263061566 88.1901910181076 0 75.1097422091168 89.3425148925208 90.951147409269 88.9042214225407 84.9796890336395 91.8747511832455 90.0527811932338 90.4372372021832 91.3036344422995 91.1419742754125 90.2119042252309 92.3391592649372 94.3235170704429 93.1811510997322 90.8311555702704
80.3733330693944 89.0818146780226 75.1097422091168 0 89.4005173154006 91.0603100168754 88.8179418809182 81.9401435468265 91.8779042107201 89.8581541741292 90.1199673790078 91.1011246996244 90.6117913722832 89.3650594295902 91.9660801705436 94.0956912319113 92.7486099648681 89.519074177209
87.6019601377656 82.5868656935784 89.3425148925208 89.4005173154006 0 75.9539297579115 69.2684262627964 88.8756516062992 79.9360690089101 74.3872598725851 78.3390605802349 79.2428040951504 83.2093361878076 84.924474053039 84.2286684325251 87.7494114256519 86.7365991732866 89.9360690089101
89.4497994875647 83.9296849669784 90.951147409269 91.0603100168754 75.9539297579115 0 78.8461887760664 90.593000884045 73.447537158823 77.9330371790942 80.1964580507305 78.2753097867997 84.1779208042287 86.5256213537673 83.8081938925792 86.3740794860693 86.3902173587608 91.0670688079589
87.2180198603311 83.5725918290523 88.9042214225407 88.8179418809182 69.2684262627964 78.8461887760664 0 87.9951295844708 81.3454034114811 72.79025144391 76.8428331489911 79.2684262627964 82.0861101013499 83.555965823659 83.8289643024617 87.8673994840703 86.3691018983393 89.1136993962343
85.9195436335469 90.1985207175083 84.9796890336395 81.9401435468265 88.8756516062992 90.593000884045 87.9951295844708 0 91.1606037798718 88.6848557252811 88.6052340688356 89.8731826428412 88.47226868458 86.2080222604288 90.2912973012317 92.8737478572664 90.943337135734 84.877334088665
90.5981763781854 86.1924886111327 91.8747511832455 91.8779042107201 79.9360690089101 73.447537158823 81.3454034114811 91.1606037798718 0 79.0724707021626 80.0814756595712 76.1677794707972 83.447537158823 86.4309154214711 81.9383509303551 84.2107909313872 84.8615063718665 91.0755025319784
88.6738840693766 85.435034457386 90.0527811932338 89.8581541741292 74.3872598725851 77.9330371790942 72.79025144391 88.6848557252811 79.0724707021626 0 69.6356543330438 73.88799939735 79.3818913619656 82.5390090680702 81.0319694768958 86.2170579640101 84.4166372889035 88.9042214225407
89.2428040951504 86.7239959740949 90.4372372021832 90.1199673790078 78.3390605802349 80.1964580507305 76.8428331489911 88.6052340688356 80.0814756595712 69.6356543330438 0 72.5570171580838 75.9948369189331 80.8821062851461 78.7705556860475 85.4673355948484 82.8438513133261 88.2390343987537
90.1262622632876 86.9639370490137 91.3036344422995 91.1011246996244 79.2428040951504 78.2753097867997 79.2684262627964 89.8731826428412 76.1677794707972 73.88799939735 72.5570171580838 0 78.5550952672913 83.2910400873432 77.4816750090542 83.8325331923513 82.2531040517902 89.3756649167141
90.280234225313 88.8679544492035 91.1419742754125 90.6117913722832 83.2093361878076 84.1779208042287 82.0861101013499 88.47226868458 83.447537158823 79.3818913619656 75.9948369189331 78.5550952672913 0 76.8982993539898 75.8466763326031 84.8632678583311 79.5943768821453 86.6265279866851
89.5753757260203 89.436916952347 90.2119042252309 89.3650594295902 84.924474053039 86.5256213537673 83.555965823659 86.2080222604288 86.4309154214711 82.5390090680702 80.8821062851461 83.2910400873432 76.8982993539898 0 82.2706876729715 87.627196302634 83.4206154648313 83.4206154648313
91.4741530501175 89.43905622522 92.3391592649372 91.9660801705436 84.2286684325251 83.8081938925792 83.8289643024617 90.2912973012317 81.9383509303551 81.0319694768958 78.7705556860475 77.4816750090542 75.8466763326031 82.2706876729715 0 81.0809017030948 74.7930363099331 88.5327026230449
93.5502507951088 91.2521666668307 94.3235170704429 94.0956912319113 87.7494114256519 86.3740794860693 87.8673994840703 92.8737478572664 84.2107909313872 86.2170579640101 85.4673355948484 83.8325331923513 84.8632678583311 87.627196302634 81.0809017030948 0 80.2528274474092 91.2844054328105
92.486054895665 90.9119548206408 93.1811510997322 92.7486099648681 86.7365991732866 86.3902173587608 86.3691018983393 90.943337135734 84.8615063718665 84.4166372889035 82.8438513133261 82.2531040517902 79.5943768821453 83.4206154648313 74.7930363099331 80.2528274474092 0 88.4391544843896
90.9541809486562 92.3578348697387 90.8311555702704 89.519074177209 89.9360690089101 91.0670688079589 89.1136993962343 84.877334088665 91.0755025319784 88.9042214225407 88.2390343987537 89.3756649167141 86.6265279866851 83.4206154648313 88.5327026230449 91.2844054328105 88.4391544843896 0
