0 83.7944074314021 88.6555361552294 80.5098229277861 81.9590439640032 86.2899428940185 89.8335513566863 88.5843509004963 89.7314264593261 89.4809274664817 91.1457065748421 90.7368459468746 92.3875223217547 91.8554327830753 92.3689796374014 93.140753746197 93.4694405414077 92.8657432439905
83.7944074314021 0 81.3926525972256 75.3681348263785 88.1890756616049 88.9042214225407 85.7563298690626 88.1407920610298 91.4234800451146 91.0569266728001 88.7429076482031 89.1307502465317 89.7997758540917 90.0158379645473 90.41264137852 91.1044737993231 91.3769599159453 93.2754387564686
88.6555361552294 81.3926525972256 0 84.8385417941978 91.4326299116948 91.6065963893544 85.1757958751021 90.1288824412368 93.373221257682 93.0433100965577 88.8644512266057 89.9659405921014 89.0831478920987 90.273145354966 90.3795961186572 90.706378301254 90.7953557193797 94.4499544246014
80.5098229277861 75.3681348263785 84.8385417941978 0 85.9544501297573 87.0178873678807 86.4602762870063 86.9487100793787 90.1288824412368 89.7342959307347 88.7651958006542 88.7151075134633 90.1445703986413 89.8831728078525 90.4120240338584 91.2521666668307 91.5987608409254 92.502516285176
81.9590439640032 88.1890756616049 91.4326299116948 85.9544501297573 0 81.6599433213208 91.0693921206516 87.6962796358336 86.3448082838989 86.2373370104747 91.5355131753589 90.6117913722832 92.9573468752216 91.9109257720038 92.5272636396052 93.4042152251894 93.798313534128 91.1622558749251
86.2899428940185 88.9042214225407 91.6065963893544 87.0178873678807 81.6599433213208 0 89.7170505944318 83.1548703552811 80.0814756595712 79.2428040951504 89.4448963599549 87.7932034300877 91.3295387552311 89.5836989629918 90.4330870277418 91.5882914036613 92.1177073885602 87.6774089515778
89.8335513566863 85.7563298690626 85.1757958751021 86.4602762870063 91.0693921206516 89.7170505944318 0 85.5673171147236 91.1832651817987 90.6967359817886 79.6707254104607 83.1357278583239 81.2209091826396 83.2478263495168 83.4830287252123 84.5016820945834 84.9659509602808 91.5250524249206
88.5843509004963 88.1407920610298 90.1288824412368 86.9487100793787 87.6962796358336 83.1548703552811 85.5673171147236 0 84.8385417941978 83.785387812752 83.8703271661733 80.1283345997257 87.1861580940907 83.9536370923738 85.5112774440206 87.4570865748645 88.3001243947931 86.3660028258096
89.7314264593261 91.4234800451146 93.373221257682 90.1288824412368 86.3448082838989 80.0814756595712 91.1832651817987 84.8385417941978 0 65.9948369189331 90.2771975547646 88.4149056027811 92.0052461083682 89.9850808185757 90.804173626245 91.9141740963992 92.4542763635846 84.2461265289261
89.4809274664817 91.0569266728001 93.0433100965577 89.7342959307347 86.2373370104747 79.2428040951504 90.6967359817886 83.785387812752 65.9948369189331 0 89.7342959307347 87.7466373061385 91.5646424819553 89.4412153781109 90.3124255809432 91.4852529036983 92.0509172245329 84.0194865061117
91.1457065748421 88.7429076482031 88.8644512266057 88.7651958006542 91.5355131753589 89.4448963599549 79.6707254104607 83.8703271661733 90.2771975547646 89.7342959307347 0 76.5189679481172 77.2169957016613 73.8213544350363 75.2725643468173 79.4005173154006 81.0505757896518 89.6483493866858
90.7368459468746 89.1307502465317 89.9659405921014 88.7151075134633 90.6117913722832 87.7932034300877 83.1357278583239 80.1283345997257 88.4149056027811 87.7466373061385 76.5189679481172 0 82.6586035385182 74.9887035977942 78.8108513571896 82.5913232780361 84.0386263568416 87.5519919157727
92.3875223217547 89.7997758540917 89.0831478920987 90.1445703986413 92.9573468752216 91.3295387552311 81.2209091826396 87.1861580940907 92.0052461083682 91.5646424819553 77.2169957016613 82.6586035385182 0 79.3818913619656 77.0737321796691 75.5523155632995 75.9539297579115 91.2033280615217
91.8554327830753 90.0158379645473 90.273145354966 89.8831728078525 91.9109257720038 89.5836989629918 83.2478263495168 83.9536370923738 89.9850808185757 89.4412153781109 73.8213544350363 74.9887035977942 79.3818913619656 0 69.9606879486799 77.9762509169206 80.3534795727897 88.630045726396
92.3689796374014 90.41264137852 90.3795961186572 90.4120240338584 92.5272636396052 90.4330870277418 83.4830287252123 85.5112774440206 90.804173626245 90.3124255809432 75.2725643468173 78.8108513571896 77.0737321796691 69.9606879486799 0 73.5778939728633 77.2318118886397 89.4042329393139
93.140753746197 91.1044737993231 90.706378301254 91.2521666668307 93.4042152251894 91.5882914036613 84.5016820945834 87.4570865748645 91.9141740963992 91.4852529036983 79.4005173154006 82.5913232780361 75.5523155632995 77.9762509169206 73.5778939728633 0 68.103370572082 90.4983461309692
93.4694405414077 91.3769599159453 90.7953557193797 91.5987608409254 93.798313534128 92.1177073885602 84.9659509602808 88.3001243947931 92.4542763635846 92.0509172245329 81.0505757896518 84.0386263568416 75.9539297579115 80.3534795727897 77.2318118886397 68.103370572082 0 91.1053696390143
92.8657432439905 93.2754387564686 94.4499544246014 92.502516285176 91.1622558749251 87.6774089515778 91.5250524249206 86.3660028258096 84.2461265289261 84.0194865061117 89.6483493866858 87.5519919157727 91.2033280615217 88.630045726396 89.4042329393139 90.4983461309692 91.1053696390143 0
