0 79.1806851680701 85.4908375700228 78.6463150049413 84.3428918060878 87.9060271031893 77.2272264362371 91.3714058925605 79.6707254104607 93.3423210002862 87.4269372455433 88.4081222350343 92.9199896458541 90.1961446594069 94.2829576436678 90.6435497940177 93.0217018794981 91.0058576494277
79.1806851680701 0 79.7571837034398 63.2478263495168 77.4269372455433 84.0335595782072 82.8805937567664 88.9669688788295 79.9471337976017 91.6492564508544 87.5170773593765 87.6710945251352 91.3686985029555 89.3500427490681 92.9518421166448 90.4031087224832 91.780154608477 90.4767879608596
85.4908375700228 79.7571837034398 0 80.4372372021832 69.2684262627964 77.1146468739136 87.283208579814 85.5085157137867 84.7382072337074 89.6426912422026 88.9507177832639 88.3186983715528 89.7890252849174 89.4350734667223 91.5597464763509 90.9690202221686 90.7633342770328 90.723497847092
78.6463150049413 63.2478263495168 80.4372372021832 0 78.0529683256868 84.2393379329452 82.1326223118033 89.0891422958372 78.5766494383152 91.6451939995178 86.98578684511 87.2089883889574 91.2856097434395 89.0051368755729 92.8915320313544 90.0502119886878 91.6326132525547 90.1530545578544
84.3428918060878 77.4269372455433 69.2684262627964 78.0529683256868 0 78.6095770782093 86.1850881766685 86.3000751699915 83.1396028820092 89.9130061550656 88.0819915582528 87.5162668412821 89.8296243895863 88.8518161753883 91.6418673468703 90.3869161439077 90.6234942756704 90.1926184541509
87.9060271031893 84.0335595782072 77.1146468739136 84.2393379329452 78.6095770782093 0 88.9187822793513 81.7156506424474 86.4198537193337 87.3008775113852 89.0597573502655 87.8885116738456 87.6483042393847 88.6060815385418 89.7959909604364 90.5622918724125 89.1336770143188 90.0708701724473
77.2272264362371 82.8805937567664 87.283208579814 82.1326223118033 86.1850881766685 88.9187822793513 0 91.9989970367972 77.7647878994723 93.5272441711041 85.1675938994461 86.9780287330724 92.8549728769203 89.128995996258 94.225362912317 89.2027885677725 92.6819767988609 89.8251320749173
91.3714058925605 88.9669688788295 85.5085157137867 89.0891422958372 86.3000751699915 81.7156506424474 91.9989970367972 0 90.2377822878183 82.764629276264 91.3733446017747 90.0840275861386 85.4535216572886 90.0415708322431 87.4093346529378 91.9511121797426 88.3192387985912 91.2594006944177
79.6707254104607 79.9471337976017 84.7382072337074 78.5766494383152 83.1396028820092 86.4198537193337 77.7647878994723 90.2377822878183 0 91.9843026225062 83.2478263495168 84.4613002047043 91.1958141957266 87.1280184312848 92.832110893739 87.8673994840703 91.0902774127314 88.2777174066446
93.3423210002862 91.6492564508544 89.6426912422026 91.6451939995178 89.9130061550656 87.3008775113852 93.5272441711041 82.764629276264 91.9843026225062 0 91.8834585924725 90.3529248076377 78.9090804678383 89.580133814493 80.1912970937131 91.5968474236379 84.7490671664029 90.6220750523154
87.4269372455433 87.5170773593765 88.9507177832639 86.98578684511 88.0819915582528 89.0597573502655 85.1675938994461 91.3733446017747 83.2478263495168 91.8834585924725 0 76.4578371154628 90.3678253322644 81.7145441462318 92.0060915815006 80.6047544631244 89.3093855513411 82.420100378145
88.4081222350343 87.6710945251352 88.3186983715528 87.2089883889574 87.5162668412821 87.8885116738456 86.9780287330724 90.0840275861386 84.4613002047043 90.3529248076377 76.4578371154628 0 88.4274654500505 75.9721751557022 90.4198799964947 79.3756649167141 87.0969978654724 79.3756649167141
92.9199896458541 91.3686985029555 89.7890252849174 91.2856097434395 89.8296243895863 87.6483042393847 92.8549728769203 85.4535216572886 91.1958141957266 78.9090804678383 90.3678253322644 88.4274654500505 0 87.0711757029314 77.5424991364325 89.5883839859104 78.5776170713634 88.2696701021089
90.1961446594069 89.3500427490681 89.4350734667223 89.0051368755729 88.8518161753883 88.6060815385418 89.128995996258 90.0415708322431 87.1280184312848 89.580133814493 81.7145441462318 75.9721751557022 87.0711757029314 0 89.1630553121545 78.0641684596906 84.8172353991213 73.9190667254078
94.2829576436678 92.9518421166448 91.5597464763509 92.8915320313544 91.6418673468703 89.7959909604364 94.225362912317 87.4093346529378 92.832110893739 80.1912970937131 92.0060915815006 90.4198799964947 77.5424991364325 89.1630553121545 0 91.0765528852916 81.5313920024931 89.925420722637
90.6435497940177 90.4031087224832 90.9690202221686 90.0502119886878 90.3869161439077 90.5622918724125 89.2027885677725 91.9511121797426 87.8673994840703 91.5968474236379 80.6047544631244 79.3756649167141 89.5883839859104 78.0641684596906 91.0765528852916 0 87.613608486284 73.091775616211
93.0217018794981 91.780154608477 90.7633342770328 91.6326132525547 90.6234942756704 89.1336770143188 92.6819767988609 88.3192387985912 91.0902774127314 84.7490671664029 89.3093855513411 87.0969978654724 78.5776170713634 84.8172353991213 81.5313920024931 87.613608486284 0 85.81829847074
91.0058576494277 90.4767879608596 90.723497847092 90.1530545578544 90.1926184541509 90.0708701724473 89.8251320749173 91.2594006944177 88.2777174066446 90.6220750523154 82.420100378145 79.3756649167141 88.2696701021089 73.9190667254078 89.925420722637 73.091775616211 85.81829847074 0
