0 80.9302887188506 88.0402758330119 88.1008643039626 81.8670341320252 85.4519840595317 91.0579853640585 86.728583188484 87.1809971370733 87.817734881193 92.2897172467903 90.8807847012786 90.56845107081 93.6143501013337 91.6418673468703 93.447537158823 92.9436298012717 94.9659509602808
80.9302887188506 0 83.3288160125473 83.3836330260342 84.1323142820089 86.1350517739506 87.8152848683537 85.2922183444072 87.0711757029314 87.7212310464226 89.6398857783506 88.6252767520647 89.5178683060867 91.3863823274932 90.280234225313 91.6918670945465 91.8243434821606 93.2623636303005
88.0402758330119 83.3288160125473 0 53.9536370923738 89.5359213104071 90.2928642139126 82.2725921314799 88.8349120548484 90.5050214404877 90.8882683645691 86.5722584650964 88.7623263292455 91.2037643457854 88.7262970466224 91.2209091826396 91.0738170968863 92.5163934390137 91.8512064152267
88.1008643039626 83.3836330260342 53.9536370923738 0 89.5275059129689 90.2604578063016 81.9679501859319 88.7623263292455 90.4557406389774 90.8378353124009 86.3728853725105 88.6208308091898 91.1220143253691 88.5776170713634 91.124514341644 90.9541809486562 92.4296721206275 91.7412977474576
81.8670341320252 84.1323142820089 89.5359213104071 89.5275059129689 0 76.2196361444474 91.3241746952517 81.7711908388985 80.8378353124009 82.022217387562 91.9764020768768 89.0724707021626 87.3082160992677 93.3031641705524 89.157162133207 92.1388651124052 90.7356330659556 94.2305979877219
85.4519840595317 86.1350517739506 90.2928642139126 90.2604578063016 76.2196361444474 0 91.4649456186254 78.7320818557614 73.6150544197642 75.8987805111985 91.7823424122614 87.9994087697801 84.8615063718665 93.0718690352051 87.4298640870463 91.2904236491447 89.2027885677725 93.7295014724124
91.0579853640585 87.8152848683537 82.2725921314799 81.9679501859319 91.3241746952517 91.4649456186254 0 89.5617049192 91.2560436950028 91.508067352671 79.0724707021626 86.8873644462178 90.7945581435768 83.1581866389074 90.1906879701404 88.4593047239418 91.3775186451751 88.6038012791281
86.728583188484 85.2922183444072 88.8349120548484 88.7623263292455 81.7711908388985 78.7320818557614 89.5617049192 0 76.2325041385106 77.6457956664753 89.6962786225059 84.3872598725851 81.676854159603 91.2663005831288 84.4651623168477 89.0597573502655 87.1394871931621 92.0387851445175
87.1809971370733 87.0711757029314 90.5050214404877 90.4557406389774 80.8378353124009 73.6150544197642 91.2560436950028 76.2325041385106 0 65.0930706154422 91.3269747208634 86.7365991732866 82.1292907879716 92.6159195661703 85.5673171147236 90.3210228062334 87.650433087972 93.0930994829547
87.817734881193 87.7212310464226 90.8882683645691 90.8378353124009 82.022217387562 75.8987805111985 91.508067352671 77.6457956664753 65.0930706154422 0 91.4900918361504 86.7889107409908 81.4510002480644 92.7273505510716 85.2279248708898 90.2604578063016 87.2749906725731 93.0941582858658
92.2897172467903 89.6398857783506 86.5722584650964 86.3728853725105 91.9764020768768 91.7823424122614 79.0724707021626 89.6962786225059 91.3269747208634 91.4900918361504 0 85.0914862553527 90.0539458015766 76.6280608661801 88.9269289478634 85.4320789095529 89.9842041434953 85.0964670638699
90.8807847012786 88.6252767520647 88.7623263292455 88.6208308091898 89.0724707021626 87.9994087697801 86.8873644462178 84.3872598725851 86.7365991732866 86.7889107409908 85.0914862553527 0 82.9023336598264 87.0264575627073 80.2272956583012 81.6951556819209 83.622091328923 87.4142314228996
90.56845107081 89.5178683060867 91.2037643457854 91.1220143253691 87.3082160992677 84.8615063718665 90.7945581435768 81.676854159603 82.1292907879716 81.4510002480644 90.0539458015766 82.9023336598264 0 91.2209091826396 76.5304228410657 86.921385559777 81.1011246996244 90.9835398682664
93.6143501013337 91.3863823274932 88.7262970466224 88.5776170713634 93.3031641705524 93.0718690352051 83.1581866389074 91.2663005831288 92.6159195661703 92.7273505510716 76.6280608661801 87.0264575627073 91.2209091826396 0 90.00991931245 85.7217818991216 90.6843071736753 82.7531929436013
91.6418673468703 90.280234225313 91.2209091826396 91.124514341644 89.157162133207 87.4298640870463 90.1906879701404 84.4651623168477 85.5673171147236 85.2279248708898 88.9269289478634 80.2272956583012 76.5304228410657 90.00991931245 0 83.964480905296 76.0621707455228 89.2970716604341
93.447537158823 91.6918670945465 91.0738170968863 90.9541809486562 92.1388651124052 91.2904236491447 88.4593047239418 89.0597573502655 90.3210228062334 90.2604578063016 85.4320789095529 81.6951556819209 86.921385559777 85.7217818991216 83.964480905296 0 84.0608757462916 82.5570171580838
92.9436298012717 91.8243434821606 92.5163934390137 92.4296721206275 90.7356330659556 89.2027885677725 91.3775186451751 87.1394871931621 87.650433087972 87.2749906725731 89.9842041434953 83.622091328923 81.1011246996244 90.6843071736753 76.0621707455228 84.0608757462916 0 89.2684262627964
94.9659509602808 93.2623636303005 91.8512064152267 91.7412977474576 94.2305979877219 93.7295014724124 88.6038012791281 92.0387851445175 93.0930994829547 93.0941582858658 85.0964670638699 87.4142314228996 90.9835398682664 82.7531929436013 89.2970716604341 82.5570171580838 89.2684262627964 0
