0 67.0711757029314 82.3354610368769 88.7457899743875 85.1080779267362 86.4247735100825 90.2604578063016 86.9476203930553 90.6902958548309 89.2731803618742 90.0527811932338 90.6188168979226 91.2310824007349 91.9030463591712 92.3578348697387 91.9128051266042 92.4530494563601 93.2210787069577
67.0711757029314 0 83.38194305152 89.259475688825 85.4550587108594 85.8541512699659 89.7480430637718 86.9639370490137 90.2604578063016 89.5400522815888 90.3629213010421 90.539950838469 91.3761737914398 92.099442252477 92.5752491544387 91.8524371626273 92.5057990397075 93.3640420317747
82.3354610368769 83.38194305152 0 83.1023998045214 79.2272278130356 87.3828508564346 91.4769317138408 84.2476794442261 91.436246176604 85.0053313723672 85.8157895207018 89.0701259131336 88.3150683930577 88.8686053529197 89.3528865821326 90.4455248021527 90.3597549072975 90.7777957091474
88.7457899743875 89.259475688825 83.1023998045214 0 83.4960621867671 90.3485019850597 93.447537158823 86.3114457956494 93.1530430109369 81.6087637800166 79.8026005337483 89.3274199206759 85.8541512699659 85.1986793407167 85.2068228736091 90.2279063623243 88.9090804678383 87.9777596225351
85.1080779267362 85.4550587108594 79.2272278130356 83.4960621867671 0 85.0930706154422 90.1445703986413 77.3975598292249 89.8042944601115 81.0933469723981 83.4694405414077 85.7044043041359 85.3176715737137 86.6766955363947 87.6169325975649 87.655765101076 87.7738075181225 88.8960999631589
86.4247735100825 85.8541512699659 87.3828508564346 90.3485019850597 85.0930706154422 0 83.091775616211 82.7445958873746 82.9436298012717 88.3427138129351 89.7657356159223 85.4102617994493 89.259475688825 90.7260555518404 91.5476712027614 87.5122031683994 89.6707254104607 91.745557703012
90.2604578063016 89.7480430637718 91.4769317138408 93.447537158823 90.1445703986413 83.091775616211 0 88.6148957965558 74.3872598725851 91.8567980168739 92.8558905581967 88.5241253582302 92.0861101013499 93.2621090091988 93.9242228296478 89.5816135981254 91.8564887327063 93.80768892802
86.9476203930553 86.9639370490137 84.2476794442261 86.3114457956494 77.3975598292249 82.7445958873746 88.6148957965558 0 87.9199887622108 81.8833832727506 84.6669329609772 81.7962429180347 84.2066957450215 86.4602762870063 87.7056993033671 84.8655153368227 86.0299807662634 88.331014795204
90.6902958548309 90.2604578063016 91.436246176604 93.1530430109369 89.8042944601115 82.9436298012717 74.3872598725851 87.9199887622108 0 91.2693008971632 92.3358293114501 87.0775265860798 91.2924278694115 92.5954835348373 93.3197797121259 88.1458031162388 90.8542682162229 93.0821303207175
89.2731803618742 89.5400522815888 85.0053313723672 81.6087637800166 81.0933469723981 88.3427138129351 91.8567980168739 81.8833832727506 91.2693008971632 0 73.5990662708704 84.9539913903573 78.6172657801321 80.2451537827566 82.0931259220693 86.223500547626 84.2882530603817 84.5416919591329
90.0527811932338 90.3629213010421 85.8157895207018 79.8026005337483 83.4694405414077 89.7657356159223 92.8558905581967 84.6669329609772 92.3358293114501 73.5990662708704 0 86.8249332995649 80.0228223518567 78.8179418809182 79.8419543483159 87.6383015045996 85.2585829776085 83.9285784067144
90.6188168979226 90.539950838469 89.0701259131336 89.3274199206759 85.7044043041359 85.4102617994493 88.5241253582302 81.7962429180347 87.0775265860798 84.9539913903573 86.8249332995649 0 83.3513248469073 86.3202690794079 87.7647878994723 74.8113083650022 81.9504880014648 87.0480535666121
91.2310824007349 91.3761737914398 88.3150683930577 85.8541512699659 85.3176715737137 89.259475688825 92.0861101013499 84.2066957450215 91.2924278694115 78.6172657801321 80.0228223518567 83.3513248469073 0 75.5673171147236 79.7799514872702 83.6266131281899 78.3784347830183 79.8836850863044
91.9030463591712 92.099442252477 88.8686053529197 85.1986793407167 86.6766955363947 90.7260555518404 93.2621090091988 86.4602762870063 92.5954835348373 80.2451537827566 78.8179418809182 86.3202690794079 75.5673171147236 0 71.4741215705682 86.3530166135847 81.8069354424815 76.8946297586074
92.3578348697387 92.5752491544387 89.3528865821326 85.2068228736091 87.6169325975649 91.5476712027614 93.9242228296478 87.7056993033671 93.3197797121259 82.0931259220693 79.8419543483159 87.7647878994723 79.7799514872702 71.4741215705682 0 87.7437122883086 83.8146333429251 77.4877642031558
91.9128051266042 91.8524371626273 90.4455248021527 90.2279063623243 87.655765101076 87.5122031683994 89.5816135981254 84.8655153368227 88.1458031162388 86.223500547626 87.6383015045996 74.8113083650022 83.6266131281899 86.3530166135847 87.7437122883086 0 79.9294877478 86.3653649600743
92.4530494563601 92.5057990397075 90.3597549072975 88.9090804678383 87.7738075181225 89.6707254104607 91.8564887327063 86.0299807662634 90.8542682162229 84.2882530603817 85.2585829776085 81.9504880014648 78.3784347830183 81.8069354424815 83.8146333429251 79.9294877478 0 80.7767186411286
93.2210787069577 93.3640420317747 90.7777957091474 87.9777596225351 88.8960999631589 91.745557703012 93.80768892802 88.331014795204 93.0821303207175 84.5416919591329 83.9285784067144 87.0480535666121 79.8836850863044 76.8946297586074 77.4877642031558 86.3653649600743 80.7767186411286 0
