0 71.4741215705682 80.2119042252309 82.2531040517902 79.2695383698422 88.6223132959149 80.5906463462703 83.5201228844259 89.941542160005 90.5797990005825 90.4063856856688 89.8178221382336 92.5281682627265 90.1139969553937 92.1769938099363 89.6870596037674 90.8043332052451 90.9181506317819
71.4741215705682 0 76.2581263061566 79.546717201444 81.7898928700974 87.3391980024683 79.3756649167141 83.051870788883 89.0382609051074 89.7170505944318 89.6543941455899 89.4005173154006 91.9363443980687 90.478364381869 91.5909760019273 89.7646864890506 91.0412644157881 90.6825649819599
80.2119042252309 76.2581263061566 0 73.2222041818708 85.2131716493632 84.5473776830334 80.1497871498019 83.555965823659 87.3590696675158 88.0899870643594 88.3532764515829 88.9298435901867 90.8966172265081 91.2543361768657 90.5839789508262 90.1658367511527 91.6139452161711 90.48909255989
82.2531040517902 79.546717201444 73.2222041818708 0 85.733511248638 83.2067580073703 78.3784347830183 81.8564887327063 85.5912123321934 86.5364172448041 86.7055985102301 87.4879904709355 89.7170505944318 90.7509075044561 89.3381668547455 89.3072513392408 91.0131086412571 89.3638890203909
79.2695383698422 81.7898928700974 85.2131716493632 85.733511248638 0 90.5784347025125 82.2730951475154 83.2166113952695 90.948414792511 91.5775465683955 91.0647366549243 89.5518200919741 93.0115317458732 87.8319828162819 92.6002308959102 88.103370572082 88.939499180549 90.2868064031166
88.6223132959149 87.3391980024683 84.5473776830334 83.2067580073703 90.5784347025125 0 86.7707867926468 87.6624672601499 82.2787262194362 82.4936594236437 85.0612171811727 88.7716451877599 87.6974540728827 93.1589325869256 87.681894731628 91.6185268820778 93.1399515762716 90.6038674342295
80.5906463462703 79.3756649167141 80.1497871498019 78.3784347830183 82.2730951475154 86.7707867926468 0 74.1239704853616 86.9747808619358 87.9408474526292 87.3031982537424 86.1664750873007 90.1871639077538 88.4512729112209 89.6690888112956 86.9270549336249 88.9139778852158 87.9245491900648
83.5201228844259 83.051870788883 83.555965823659 81.8564887327063 83.2166113952695 87.6624672601499 74.1239704853616 0 86.7707867926468 87.7998589768893 86.6639170349971 84.1758581374509 89.6462054256599 86.9063224985972 89.0124435486219 84.7013654073668 87.302847275544 86.0912373527534
89.941542160005 89.0382609051074 87.3590696675158 85.5912123321934 90.948414792511 82.2787262194362 86.9747808619358 86.7707867926468 0 68.7966354858417 74.0608757462916 84.6595564074942 81.6177655634978 91.8611174513295 81.1826491502974 89.6236859329217 91.5670974523296 87.315930453391
90.5797990005825 89.7170505944318 88.0899870643594 86.5364172448041 91.5775465683955 82.4936594236437 87.9408474526292 87.7998589768893 68.7966354858417 0 76.0487872378001 85.6825840698956 80.788610269172 92.4126116937976 80.8078524765253 90.2985457979429 92.1097993826691 88.0107992311156
90.4063856856688 89.6543941455899 88.3532764515829 86.7055985102301 91.0647366549243 85.0612171811727 87.3031982537424 86.6639170349971 74.0608757462916 76.0487872378001 0 82.3859648733539 79.2492238225855 91.2163996076035 77.6866919878089 88.6455316001116 90.7806379301494 85.515304784733
89.8178221382336 89.4005173154006 88.9298435901867 87.4879904709355 89.5518200919741 88.7716451877599 86.1664750873007 84.1758581374509 84.6595564074942 85.6825840698956 82.3859648733539 0 85.4412056055918 87.5500799089817 84.1270494879961 83.0557710806976 86.6944636883616 76.1876003588636
92.5281682627265 91.9363443980687 90.8966172265081 89.7170505944318 93.0115317458732 87.6974540728827 90.1871639077538 89.6462054256599 81.6177655634978 80.788610269172 79.2492238225855 85.4412056055918 0 92.5729288630496 68.4802184524847 90.322375135685 92.0372958323395 87.0772746411751
90.1139969553937 90.478364381869 91.2543361768657 90.7509075044561 87.8319828162819 93.1589325869256 88.4512729112209 86.9063224985972 91.8611174513295 92.4126116937976 91.2163996076035 87.5500799089817 92.5729288630496 0 92.0154368322127 79.7799514872702 73.323798167022 86.4136961331341
92.1769938099363 91.5909760019273 90.5839789508262 89.3381668547455 92.6002308959102 87.681894731628 89.6690888112956 89.0124435486219 81.1826491502974 80.8078524765253 77.6866919878089 84.1270494879961 68.4802184524847 92.0154368322127 0 89.5914134259955 91.4405553572584 86.000262209856
89.6870596037674 89.7646864890506 90.1658367511527 89.3072513392408 88.103370572082 91.6185268820778 86.9270549336249 84.7013654073668 89.6236859329217 90.2985457979429 88.6455316001116 83.0557710806976 90.322375135685 79.7799514872702 89.5914134259955 0 77.6085169412828 81.1011246996244
90.8043332052451 91.0412644157881 91.6139452161711 91.0131086412571 88.939499180549 93.1399515762716 88.9139778852158 87.302847275544 91.5670974523296 92.1097993826691 90.7806379301494 86.6944636883616 92.0372958323395 73.323798167022 91.4405553572584 77.6085169412828 0 84.9659509602808
90.9181506317819 90.6825649819599 90.48909255989 89.3638890203909 90.2868064031166 90.6038674342295 87.9245491900648 86.0912373527534 87.315930453391 88.0107992311156 85.515304784733 76.1876003588636 87.0772746411751 86.4136961331341 86.000262209856 81.1011246996244 84.9659509602808 0
