0 89.9937364164961 83.0196808096236 91.3084284210613 88.3073021585004 89.7543293196242 79.8251320749173 82.1226754861304 90.3150041728844 90.7301627873035 82.3747533370501 83.555965823659 92.4808762002859 91.8247621367628 89.0517086471389 91.3176021151403 91.5976403219377 91.8342596941612
89.9937364164961 0 85.5266933956535 75.1757958751021 78.9642297145514 76.4210841896122 89.77028975955 92.022217387562 76.5662657802988 78.8461887760664 91.2927660314935 88.3192387985912 86.6813329578914 87.3715608152843 91.4683527698718 90.6038153464986 91.7618488509086 92.774611422748
83.0196808096236 85.5266933956535 0 87.3975598292249 81.6065963893544 84.5150597129644 81.5729154765791 86.4541757875918 85.5160989963473 86.1677794707972 85.1064722585894 78.9642297145514 89.0220684557673 88.2364517195714 87.5652470443241 88.725573403395 89.6032551369968 90.4088422414326
91.3084284210613 75.1757958751021 87.3975598292249 0 81.5313920024931 77.6085169412828 90.8873886026257 92.9158669657079 75.6854997764966 76.625354376404 92.1972502972281 89.4350734667223 85.2650098301599 86.5935584425089 91.8810549507213 90.5665568630299 91.8001665676802 92.884038211945
88.3073021585004 78.9642297145514 81.6065963893544 81.5313920024931 0 73.6150544197642 87.3072129938656 90.2160139438428 76.7067506377919 78.4638216139284 89.1928148258718 84.9659509602808 85.3681348263785 85.1797442242149 89.1236155543266 88.3073021585004 89.6985797752271 90.8966172265081
89.7543293196242 76.4210841896122 84.5150597129644 77.6085169412828 73.6150544197642 0 88.9173976324978 91.3969581622675 66.2581263061566 71.8069354424815 90.4886695146803 86.9312422033652 84.0417671828947 84.5903509090903 90.0527811932338 88.7429076482031 90.1804390796997 91.4145275229358
79.8251320749173 89.77028975955 81.5729154765791 90.8873886026257 87.3072129938656 88.9173976324978 0 79.3002428506583 89.5178683060867 89.8296243895863 75.6737254694646 76.8092101824516 91.1307580933578 90.1230992086709 85.3681348263785 88.8228983685733 89.062436939935 89.3255293548103
82.1226754861304 92.022217387562 86.4541757875918 92.9158669657079 90.2160139438428 91.3969581622675 79.3002428506583 0 91.8512064152267 92.0831047186325 73.1488048609336 83.8325331923513 92.9605848368978 92.0619893529267 86.5982734344227 90.405894207728 90.2405909195141 90.0415708322431
90.3150041728844 76.5662657802988 85.5160989963473 75.6854997764966 76.7067506377919 66.2581263061566 89.5178683060867 91.8512064152267 0 66.9639370490137 90.9814250708059 87.6457956664753 83.4984742639294 84.4377857180244 90.4196346095776 88.9429424097939 90.384707867315 91.6251957531956
90.7301627873035 78.8461887760664 86.1677794707972 76.625354376404 78.4638216139284 71.8069354424815 89.8296243895863 92.0831047186325 66.9639370490137 0 91.2058564488933 87.9399803377578 82.1654959184623 83.4740288471329 90.3763032814006 88.6200893760136 90.1430041505679 91.4494544410294
82.3747533370501 91.2927660314935 85.1064722585894 92.1972502972281 89.1928148258718 90.4886695146803 75.6737254694646 73.1488048609336 90.9814250708059 91.2058564488933 0 81.1609004710452 92.0550943659508 91.0314672262549 84.7944871090297 89.1580580593266 89.041447397268 88.9386911144609
83.555965823659 88.3192387985912 78.9642297145514 89.4350734667223 84.9659509602808 86.9312422033652 76.8092101824516 83.8325331923513 87.6457956664753 87.9399803377578 81.1609004710452 0 89.2869082629181 88.0114932573999 83.7944074314021 86.7696515306304 87.4142314228996 88.1200421657566
92.4808762002859 86.6813329578914 89.0220684557673 85.2650098301599 85.3681348263785 84.0417671828947 91.1307580933578 92.9605848368978 83.4984742639294 82.1654959184623 92.0550943659508 89.2869082629181 0 75.1129554008711 89.7793837449569 86.1494823545164 88.1778938560859 89.9179585158647
91.8247621367628 87.3715608152843 88.2364517195714 86.5935584425089 85.1797442242149 84.5903509090903 90.1230992086709 92.0619893529267 84.4377857180244 83.4740288471329 91.0314672262549 88.0114932573999 75.1129554008711 0 88.0555256959412 83.3216446101072 86.0320109001958 88.1980446416847
89.0517086471389 91.4683527698718 87.5652470443241 91.8810549507213 89.1236155543266 90.0527811932338 85.3681348263785 86.5982734344227 90.4196346095776 90.3763032814006 84.7944871090297 83.7944074314021 89.7793837449569 88.0555256959412 0 82.4692779150087 81.0505757896518 80.6374962592738
91.3176021151403 90.6038153464986 88.725573403395 90.5665568630299 88.3073021585004 88.7429076482031 88.8228983685733 90.405894207728 88.9429424097939 88.6200893760136 89.1580580593266 86.7696515306304 86.1494823545164 83.3216446101072 82.4692779150087 0 74.6354957098355 80.8600272095335
91.5976403219377 91.7618488509086 89.6032551369968 91.8001665676802 89.6985797752271 90.1804390796997 89.062436939935 90.2405909195141 90.384707867315 90.1430041505679 89.041447397268 87.4142314228996 88.1778938560859 86.0320109001958 81.0505757896518 74.6354957098355 0 75.1097422091168
91.8342596941612 92.774611422748 90.4088422414326 92.884038211945 90.8966172265081 91.4145275229358 89.3255293548103 90.0415708322431 91.6251957531956 91.4494544410294 88.9386911144609 88.1200421657566 89.9179585158647 88.1980446416847 80.6374962592738 80.8600272095335 75.1097422091168 0
