0 80.9994315893368 90.4649628778786 75.1097422091168 82.6459542896836 84.0161576060675 88.0975203616846 85.9539355357966 86.5698338578532 87.5196314496235 88.2777174066446 89.9505867763998 92.935676441103 90.0381046239233 93.8774211996158 90.2908458823698 90.4700583297293 91.0450641686018
80.9994315893368 0 92.968220306335 83.1391823978766 80.9822487981031 87.8718063285063 90.7260555518404 88.2927229807783 85.3303424647414 88.8567341753854 88.103370572082 91.7633895034419 94.5564593867573 90.7078680796511 95.3128795768919 90.567977596313 90.403556997291 91.3104243514329
90.4649628778786 92.968220306335 0 89.8116271825038 92.4148423878347 87.5348899451403 85.9126336164662 89.460566620343 93.2319584210396 90.9281101660991 93.0331223084966 88.620940798731 87.59539342008 92.3383855128141 89.1081828247961 93.1255401774895 93.7196837621398 93.4265035391518
75.1097422091168 83.1391823978766 89.8116271825038 0 81.3769599159453 80.5622918724125 86.1677794707972 83.0182213399913 85.2698237358651 85.239245157967 86.7159566715922 88.260036004801 91.9124372658146 88.4399055420511 92.9470612956103 88.8518161753883 89.1780591952013 89.7170505944318
82.6459542896836 80.9822487981031 92.4148423878347 81.3769599159453 0 85.4412056055918 88.7515488942688 84.6254858888536 78.1117143687293 84.7490671664029 83.1155436921792 89.4834577680243 93.2132005909862 87.3213619083932 94.027846485065 87.0679967752654 86.8719012728638 88.1573208909491
84.0161576060675 87.8718063285063 87.5348899451403 80.5622918724125 85.4412056055918 0 79.7170505944318 77.5430820264772 86.8761978059386 82.6135550936366 86.706750637792 84.0131818022939 89.1754702685607 86.6622588293718 90.5599831583289 87.7357985898726 88.551008026113 88.5475619699661
88.0975203616846 90.7260555518404 85.9126336164662 86.1677794707972 88.7515488942688 79.7170505944318 0 81.1653629523537 89.2338005042658 84.0672266294399 88.3564292247297 78.8602544620094 85.6120133392751 86.705559678869 87.6258197398619 88.1729652251589 89.2350644659629 88.6797390683343
85.9539355357966 88.2927229807783 89.460566620343 83.0182213399913 84.6254858888536 77.5430820264772 81.1653629523537 0 84.8846289044001 75.5628204556298 83.6006041463654 82.1883793840769 89.1984002124651 82.9436298012717 90.4372372021832 84.5355474873362 85.7634929002411 85.6737876596616
86.5698338578532 85.3303424647414 93.2319584210396 85.2698237358651 78.1117143687293 86.8761978059386 89.2338005042658 84.8846289044001 0 83.5081091981508 77.627196302634 89.2278143119967 93.2088206741481 85.2127948562949 93.9345360359816 84.2596343120333 83.4807625631398 85.6562542463234
87.5196314496235 88.8567341753854 90.9281101660991 85.239245157967 84.7490671664029 82.6135550936366 84.0672266294399 75.5628204556298 83.5081091981508 0 80.3134982103822 82.9415708604082 89.813317592445 78.426872866524 90.8306075442604 80.715999260007 82.6082623781626 82.4692779150087
88.2777174066446 88.103370572082 93.0331223084966 86.7159566715922 83.1155436921792 86.706750637792 88.3564292247297 83.6006041463654 77.627196302634 80.3134982103822 0 87.6182435819256 92.2460313737877 80.7857665760538 92.9632929328708 78.8108513571896 77.7860951305616 81.2856097434395
89.9505867763998 91.7633895034419 88.620940798731 88.260036004801 89.4834577680243 84.0131818022939 78.8602544620094 82.1883793840769 89.2278143119967 82.9415708604082 87.6182435819256 0 84.5790512722545 84.2169264795973 86.3691018983393 86.3055256882012 87.7647878994723 86.600072101465
92.935676441103 94.5564593867573 87.59539342008 91.9124372658146 93.2132005909862 89.1754702685607 85.6120133392751 89.1984002124651 93.2088206741481 89.813317592445 92.2460313737877 84.5790512722545 0 90.1849660322568 74.3932664848545 91.3008355089306 92.1749078778561 91.3096260893556
90.0381046239233 90.7078680796511 92.3383855128141 88.4399055420511 87.3213619083932 86.6622588293718 86.705559678869 82.9436298012717 85.2127948562949 78.426872866524 80.7857665760538 84.2169264795973 90.1849660322568 0 90.9176378737087 72.9648397955822 78.4018890874713 74.8612937457722
93.8774211996158 95.3128795768919 89.1081828247961 92.9470612956103 94.027846485065 90.5599831583289 87.6258197398619 90.4372372021832 93.9345360359816 90.8306075442604 92.9632929328708 86.3691018983393 74.3932664848545 90.9176378737087 0 91.9293704805351 92.74631666062 91.857208323377
90.2908458823698 90.567977596313 93.1255401774895 88.8518161753883 87.0679967752654 87.7357985898726 88.1729652251589 84.5355474873362 84.2596343120333 80.715999260007 78.8108513571896 86.3055256882012 91.3008355089306 72.9648397955822 91.9293704805351 0 71.8166534616465 69.6356543330438
90.4700583297293 90.403556997291 93.7196837621398 89.1780591952013 86.8719012728638 88.551008026113 89.2350644659629 85.7634929002411 83.4807625631398 82.6082623781626 77.7860951305616 87.7647878994723 92.1749078778561 78.4018890874713 92.74631666062 71.8166534616465 0 74.2775127966714
91.0450641686018 91.3104243514329 93.4265035391518 89.7170505944318 88.1573208909491 88.5475619699661 88.6797390683343 85.6737876596616 85.6562542463234 82.4692779150087 81.2856097434395 86.600072101465 91.3096260893556 74.8612937457722 91.857208323377 69.6356543330438 74.2775127966714 0
