0 85.2198208476034 94.5910977085083 91.1411444397705 94.5951889000306 91.8779042107201 95.5162505270191 92.1321678929376 94.2786159209449 92.7882640210183 94.9009400567379 95.5954431509086 95.2440876912534 96.437694748857 94.2248897554335 93.9955742395551 96.5682880508182 93.9729203233803
85.2198208476034 0 93.5261172881643 85.2585829776085 92.9405798361483 87.4327889573908 94.0874872698707 87.2554921392954 91.9391077449011 88.6208308091898 92.7703027839753 93.762181033571 93.1321042862616 94.9259175906194 91.0471848507178 90.3808073497414 95.0490851011573 90.273145354966
94.5910977085083 93.5261172881643 0 92.4404536326133 79.5662994559735 90.3886573456538 80.1912970937131 91.9735550084146 85.6149767954249 91.1190958196448 85.4754293923408 85.003401099424 86.2810577195812 85.3330587312195 90.2563899499508 91.8192029172409 85.9029410845511 92.1965229169693
91.1411444397705 85.2585829776085 92.4404536326133 0 91.007188287968 79.3756649167141 92.3184606669553 74.0606011199785 88.8108513571896 79.9360690089101 89.8793564874518 91.29310916672 90.1912970937131 92.8944567796757 85.6282873808047 83.5305295381828 92.9913175176426 83.1679005025265
94.5951889000306 92.9405798361483 79.5662994559735 91.007188287968 0 88.3909513279443 75.9358768918157 90.2487524343784 79.9304621485499 89.0230425933254 79.3443980803016 79.3002428506583 80.9790455861857 82.2787262194362 87.4667673947908 89.6497167678421 83.0095271013226 90.1496361313782
91.8779042107201 87.4327889573908 90.3886573456538 79.3756649167141 88.3909513279443 0 90.1036632376197 76.5408210102641 85.2585829776085 74.3279020717801 86.8528691517733 88.7956250342767 87.3511319091826 90.8659691920964 81.7711908388985 81.4595813895315 90.9994315893368 81.9124372658146
95.5162505270191 94.0874872698707 80.1912970937131 92.3184606669553 75.9358768918157 90.1036632376197 0 91.6038231944231 83.1574795141574 90.4992526397913 81.6425890122601 78.8410924494702 82.2305599791183 78.4184389394642 88.8644512266057 90.8297820865639 79.6356543330438 91.2791828908882
92.1321678929376 87.2554921392954 91.9735550084146 74.0606011199785 90.2487524343784 76.5408210102641 91.6038231944231 0 87.5717226948812 74.2336434645193 88.7205045218303 90.3049545448456 89.0031918155073 92.0807657600275 83.0648879112511 80.0281873245205 92.1688088860795 79.6391071828273
94.2786159209449 91.9391077449011 85.6149767954249 88.8108513571896 79.9304621485499 85.2585829776085 83.1574795141574 87.5717226948812 0 85.6635841127368 71.9809310422427 79.4102223120446 75.6854997764966 84.4369255216973 82.7417264159659 86.2609488449318 84.7544879428325 86.9996193558102
92.7882640210183 88.6208308091898 91.1190958196448 79.9360690089101 89.0230425933254 74.3279020717801 90.4992526397913 74.2336434645193 85.6635841127368 0 87.0044102903059 88.8833579540752 87.2991797988463 90.9354618537086 79.2684262627964 76.56239538248 91.0259312856468 77.2169957016613
94.9009400567379 92.7703027839753 85.4754293923408 89.8793564874518 79.3443980803016 86.8528691517733 81.6425890122601 88.7205045218303 71.9809310422427 87.0044102903059 0 74.8349979793794 68.0416510177593 82.240236057727 83.9493134062704 87.1882207608685 82.5875896801146 87.8671530137996
95.5954431509086 93.762181033571 85.003401099424 91.29310916672 79.3002428506583 88.7956250342767 78.8410924494702 90.3049545448456 79.4102223120446 88.8833579540752 74.8349979793794 0 73.7954759267719 77.4269372455433 86.2932271618523 88.8819391491607 78.0175451597769 89.44508137859
95.2440876912534 93.1321042862616 86.2810577195812 90.1912970937131 80.9790455861857 87.3511319091826 82.2305599791183 89.0031918155073 75.6854997764966 87.2991797988463 68.0416510177593 73.7954759267719 0 81.6610443977888 83.947117784441 87.2031352007083 81.8810549507213 87.8814856746282
96.437694748857 94.9259175906194 85.3330587312195 92.8944567796757 82.2787262194362 90.8659691920964 78.4184389394642 92.0807657600275 84.4369255216973 90.9354618537086 82.240236057727 77.4269372455433 81.6610443977888 0 88.8717636659469 90.8591417074774 61.97276878134 91.3084890935094
94.2248897554335 91.0471848507178 90.2563899499508 85.6282873808047 87.4667673947908 81.7711908388985 88.8644512266057 83.0648879112511 82.7417264159659 79.2684262627964 83.9493134062704 86.2932271618523 83.947117784441 88.8717636659469 0 77.1052896923845 88.922933573106 79.1123755294906
93.9955742395551 90.3808073497414 91.8192029172409 83.5305295381828 89.6497167678421 81.4595813895315 90.8297820865639 80.0281873245205 86.2609488449318 76.56239538248 87.1882207608685 88.8819391491607 87.2031352007083 90.8591417074774 77.1052896923845 0 90.8924302111636 65.4062060873397
96.5682880508182 95.0490851011573 85.9029410845511 92.9913175176426 83.0095271013226 90.9994315893368 79.6356543330438 92.1688088860795 84.7544879428325 91.0259312856468 82.5875896801146 78.0175451597769 81.8810549507213 61.97276878134 88.922933573106 90.8924302111636 0 91.3382714869934
93.9729203233803 90.273145354966 92.1965229169693 83.1679005025265 90.1496361313782 81.9124372658146 91.2791828908882 79.6391071828273 86.9996193558102 77.2169957016613 87.8671530137996 89.44508137859 87.8814856746282 91.3084890935094 79.1123755294906 65.4062060873397 91.3382714869934 0
