0 92.8007413114836 86.9866778667631 91.7230518845526 89.8335513566863 81.6065963893544 91.7250042174156 82.2819183877674 86.4736672977584 92.1900093127201 92.5323873476095 91.814404576725 88.7197799126989 91.2614598490377 91.0379491872281 92.4321388270163 92.9902333399376 92.7585408295405
92.8007413114836 0 86.6323912855628 74.80930074857 82.4784370287424 90.8600272095335 79.9360690089101 93.5597716688529 91.5729154765791 85.3555738781601 86.8817337465467 88.4944597996847 92.7531929436013 92.3962337262755 93.0851974094766 91.5472933089331 93.9209422467254 95.3438637747589
86.9866778667631 86.6323912855628 0 84.2097338137882 78.7966354858417 82.8522543049557 84.4166372889035 88.5776170713634 86.125843648819 86.5256213537673 87.6019601377656 87.3620425904971 88.7966354858417 89.77028975955 90.2716789715203 89.9579203496951 92.0599940951292 93.0916580457282
91.7230518845526 74.80930074857 84.2097338137882 0 77.8906133092535 89.3924983804687 75.6603332417511 92.4992410791223 90.2277722292632 83.7345809993696 85.6248775280893 87.1335160318449 91.630197328414 91.3644464369113 92.0977779700964 90.5778776206145 93.1264733527159 94.5922225809045
89.8335513566863 82.4784370287424 78.7966354858417 77.8906133092535 0 86.706750637792 78.3073021585004 90.715999260007 88.015631329007 83.5201228844259 85.322427491129 85.9975504115668 89.9360690089101 90.0415708322431 90.7709157476257 89.5765657369386 92.1812004218877 93.5889683399793
81.6065963893544 90.8600272095335 82.8522543049557 89.3924983804687 86.706750637792 0 89.0112398515747 82.2531040517902 80.8110544783965 89.2684262627964 89.6736352563445 88.607465606858 85.3461292680899 88.3192387985912 88.3142228710379 89.6462054256599 90.8396148431855 91.1911240931001
91.7250042174156 79.9360690089101 84.4166372889035 75.6603332417511 78.3073021585004 89.0112398515747 0 92.0977779700964 89.2970716604341 79.3756649167141 82.3105428072981 84.5245899885005 90.6398255405413 90.0367575193471 90.9441628447227 88.940188044825 91.9885496619173 93.739630344635
82.2819183877674 93.5597716688529 88.5776170713634 92.4992410791223 90.715999260007 82.2531040517902 92.0977779700964 0 82.8129004903881 91.8971231313347 92.0062662574906 90.8838677716108 84.6354957098355 88.7916489169787 88.1150482025502 90.7342661421173 90.6801563207739 89.8567322048386
86.4736672977584 91.5729154765791 86.125843648819 90.2277722292632 88.015631329007 80.8110544783965 89.2970716604341 82.8129004903881 0 88.4391544843896 88.444562403568 86.5662657802988 77.7738075181225 83.8146333429251 83.5739047195169 86.5111849588043 87.5878764215456 88.201639558101
92.1900093127201 85.3555738781601 86.5256213537673 83.7345809993696 83.5201228844259 89.2684262627964 79.3756649167141 91.8971231313347 88.4391544843896 0 71.4741215705682 78.5475619699661 89.3619352334846 87.8497272528937 89.1356472273045 85.8203757673713 90.0367575193471 92.4057636713542
92.5323873476095 86.8817337465467 87.6019601377656 85.6248775280893 85.322427491129 89.6736352563445 82.3105428072981 92.0062662574906 88.444562403568 71.4741215705682 0 75.7863355292019 89.0704658033877 87.0520671395345 88.5099378663768 84.3852942944484 89.2254232804135 91.911312913479
91.814404576725 88.4944597996847 87.3620425904971 87.1335160318449 85.9975504115668 88.607465606858 84.5245899885005 90.8838677716108 86.5662657802988 78.5475619699661 75.7863355292019 0 87.0371465782411 84.305932655876 86.2336613368027 80.9865508735604 87.3501386685107 90.4690095830501
88.7197799126989 92.7531929436013 88.7966354858417 91.630197328414 89.9360690089101 85.3461292680899 90.6398255405413 84.6354957098355 77.7738075181225 89.3619352334846 89.0704658033877 87.0371465782411 0 80.5289759679537 78.5709135339905 85.2408599357581 84.8172353991213 85.0923265950969
91.2614598490377 92.3962337262755 89.77028975955 91.3644464369113 90.0415708322431 88.3192387985912 90.0367575193471 88.7916489169787 83.8146333429251 87.8497272528937 87.0520671395345 84.305932655876 80.5289759679537 0 72.6409740155527 78.4018890874713 79.3756649167141 84.6285852267166
91.0379491872281 93.0851974094766 90.2716789715203 92.0977779700964 90.7709157476257 88.3142228710379 90.9441628447227 88.1150482025502 83.5739047195169 89.1356472273045 88.5099378663768 86.2336613368027 78.5709135339905 72.6409740155527 0 81.9074150403926 79.066955560924 82.5420156066597
92.4321388270163 91.5472933089331 89.9579203496951 90.5778776206145 89.5765657369386 89.6462054256599 88.940188044825 90.7342661421173 86.5111849588043 85.8203757673713 84.3852942944484 80.9865508735604 85.2408599357581 78.4018890874713 81.9074150403926 0 81.8564887327063 87.4396103861242
92.9902333399376 93.9209422467254 92.0599940951292 93.1264733527159 92.1812004218877 90.8396148431855 91.9885496619173 90.6801563207739 87.5878764215456 90.0367575193471 89.2254232804135 87.3501386685107 84.8172353991213 79.3756649167141 79.066955560924 81.8564887327063 0 81.7698420334038
92.7585408295405 95.3438637747589 93.0916580457282 94.5922225809045 93.5889683399793 91.1911240931001 93.739630344635 89.8567322048386 88.201639558101 92.4057636713542 91.911312913479 90.4690095830501 85.0923265950969 84.6285852267166 82.5420156066597 87.4396103861242 81.7698420334038 0
