0 88.1934643891456 87.8990294060959 91.9100045354878 92.5858716381578 93.8899830307358 86.7696515306304 92.1655551530448 91.2493343553935 91.6151619909681 91.0007175622483 90.5722370096519 93.8678916009404 93.229306687208 95.6411156176517 93.0977510043518 93.6396338793096 95.015546065008
88.1934643891456 0 66.9639370490137 83.3588019416995 86.0592429668205 88.6797390683343 88.3406424213812 87.3613806897131 86.9866778667631 88.1316743187726 89.6085733910625 89.8887129856915 90.8458374650122 91.056847238981 92.7273505510716 92.4740831183171 92.3509308444377 93.1184397786743
87.8990294060959 66.9639370490137 0 83.4181597425046 85.8001628220856 88.5066548089446 87.5972706385311 86.7948393590041 86.2491757321852 87.4658005457673 88.9628594842768 89.250506630103 90.4401640436861 90.5796708924537 92.4784370287424 92.0173526179795 91.9124372658146 92.7711915565808
91.9100045354878 83.3588019416995 83.4181597425046 0 77.3071707810768 82.5570171580838 90.3345343122189 83.9545445021253 85.2585829776085 86.6323912855628 89.546717201444 90.2211456292078 88.4944597996847 89.7158398614752 90.0814756595712 92.1394643661157 91.5291156270663 91.5957721475987
92.5858716381578 86.0592429668205 85.8001628220856 77.3071707810768 0 77.0656701991143 90.1248717756431 79.9360690089101 82.8996759070934 84.3911429008159 88.3241828712441 89.2421182844085 85.8690486683518 87.8007545217567 87.8253670064143 90.971043416746 90.0727815566376 89.8528300959165
93.8899830307358 88.6797390683343 88.5066548089446 82.5570171580838 77.0656701991143 0 91.4579495789759 81.9159196259426 84.9105599207718 85.6913253237403 89.2684262627964 90.1912970937131 85.0930706154422 87.8474981565188 85.7863355292019 91.2596036150034 90.1246893973976 89.2125036075832
86.7696515306304 88.3406424213812 87.5972706385311 90.3345343122189 90.1248717756431 91.4579495789759 0 88.1448225724502 86.1821018921153 86.1677794707972 83.201597050353 81.7060996897762 89.7617468189833 88.1294751487088 92.5856756826601 87.3741799531853 88.4806993574841 91.0297646113869
92.1655551530448 87.3613806897131 86.7948393590041 83.9545445021253 79.9360690089101 81.9159196259426 88.1448225724502 0 74.378636757013 76.8035694038479 84.4627433150057 85.9764146453448 81.3182686437593 83.440211413787 86.2595135869744 88.110880710061 86.8796564274679 87.1143677657647
91.2493343553935 86.9866778667631 86.2491757321852 85.2585829776085 82.8996759070934 84.9105599207718 86.1821018921153 74.378636757013 0 70.4372372021832 81.6658361118692 83.555965823659 82.5057990397075 82.5869905913494 87.6169325975649 86.9059654161487 85.9744315024477 87.2272264362371
91.6151619909681 88.1316743187726 87.4658005457673 86.6323912855628 84.3911429008159 85.6913253237403 86.1677794707972 76.8035694038479 70.4372372021832 0 79.8419543483159 82.3358293114501 81.0463367021322 80.1911903671671 87.1112419990312 85.5821152138385 84.3872598725851 86.0340175859056
91.0007175622483 89.6085733910625 88.9628594842768 89.546717201444 88.3241828712441 89.2684262627964 83.201597050353 84.4627433150057 81.6658361118692 79.8419543483159 0 70.855597892659 84.8172353991213 80.9269222515222 89.3002428506583 81.4708397326842 82.1292907879716 86.5075683494469
90.5722370096519 89.8887129856915 89.250506630103 90.2211456292078 89.2421182844085 90.1912970937131 81.7060996897762 85.9764146453448 83.555965823659 82.3358293114501 70.855597892659 0 86.3715914053258 83.0168125900656 90.2456936633969 81.4697149823598 83.1548703552811 87.4995229711462
93.8678916009404 90.8458374650122 90.4401640436861 88.4944597996847 85.8690486683518 85.0930706154422 89.7617468189833 81.3182686437593 82.5057990397075 81.0463367021322 84.8172353991213 86.3715914053258 0 78.1171097552022 81.4741215705682 86.1213200552305 83.4033961764943 81.1676208475889
93.229306687208 91.056847238981 90.5796708924537 89.7158398614752 87.8007545217567 87.8474981565188 88.1294751487088 83.440211413787 82.5869905913494 80.1911903671671 80.9269222515222 83.0168125900656 78.1171097552022 0 85.4987389434847 81.7711908388985 77.423064931706 80.4394797863388
95.6411156176517 92.7273505510716 92.4784370287424 90.0814756595712 87.8253670064143 85.7863355292019 92.5856756826601 86.2595135869744 87.6169325975649 87.1112419990312 89.3002428506583 90.2456936633969 81.4741215705682 85.4987389434847 0 89.4970053976222 87.4908764682633 83.4206154648313
93.0977510043518 92.4740831183171 92.0173526179795 92.1394643661157 90.971043416746 91.2596036150034 87.3741799531853 88.110880710061 86.9059654161487 85.5821152138385 81.4708397326842 81.4697149823598 86.1213200552305 81.7711908388985 89.4970053976222 0 75.9060221527108 84.5176895631119
93.6396338793096 92.3509308444377 91.9124372658146 91.5291156270663 90.0727815566376 90.1246893973976 88.4806993574841 86.8796564274679 85.9744315024477 84.3872598725851 82.1292907879716 83.1548703552811 83.4033961764943 77.423064931706 87.4908764682633 75.9060221527108 0 80.6047544631244
95.015546065008 93.1184397786743 92.7711915565808 91.5957721475987 89.8528300959165 89.2125036075832 91.0297646113869 87.1143677657647 87.2272264362371 86.0340175859056 86.5075683494469 87.4995229711462 81.1676208475889 80.4394797863388 83.4206154648313 84.5176895631119 80.6047544631244 0
