0 86.6813329578914 72.5570171580838 89.6244891890062 70.237526392877 77.3382020284199 83.0411672842192 87.5119820512232 90.0372925954051 86.476544651142 89.6479614516232 88.6877768249837 91.6683284557365 88.5626155199393 91.1220143253691 88.940188044825 89.7929891177413 92.0215398082145
86.6813329578914 0 87.8461841608603 78.8179418809182 86.5268222233502 85.289026176076 80.3134982103822 84.7200415290772 84.4786527265116 89.5887012962811 86.1192544428531 86.8148321182775 87.3160709429194 89.3443980803016 87.6457956664753 89.1656719381225 92.7161042483199 88.9021373091748
72.5570171580838 87.8461841608603 0 90.4751331463904 70.943337135734 77.7285209261352 84.1323142820089 87.6169325975649 90.3763032814006 85.2081827336869 89.7617468189833 88.5865931919939 91.8933724560425 87.9269527962851 91.2262022299968 88.4267681806095 88.6385873374445 92.0897805247568
89.6244891890062 78.8179418809182 90.4751331463904 0 89.5178683060867 88.6052340688356 85.3429764949431 86.7923005771085 84.3872598725851 91.4394283546583 86.9639370490137 88.2753097867997 86.6247698798721 90.8631250456799 87.7348895485676 90.5906463462703 94.0583327903378 88.7630438748595
70.237526392877 86.5268222233502 70.943337135734 89.5178683060867 0 73.2222041818708 82.0154368322127 86.5075683494469 89.4705762436461 85.0563368580375 88.8965747790272 87.7266996030558 91.1641189946518 87.4454406823376 90.4997336659665 87.8858782559868 88.9847314590875 91.4498409443732
77.3382020284199 85.289026176076 77.7285209261352 88.6052340688356 73.2222041818708 0 78.8461887760664 84.3872598725851 88.0706757264335 83.873941334897 87.3352127350916 85.952559527637 90.0072505526404 86.0056807318553 89.2221969636326 86.4198537193337 88.7197799126989 90.3134982103822
83.0411672842192 80.3134982103822 84.1323142820089 85.3429764949431 82.0154368322127 78.8461887760664 0 81.2493343553935 84.9504435034663 86.0451625741279 84.8065428746745 84.1239704853616 87.7382597535131 86.3152293981705 87.1394871931621 86.3114457956494 90.3733330693944 88.5513302520412
87.5119820512232 84.7200415290772 87.6169325975649 86.7923005771085 86.5075683494469 84.3872598725851 81.2493343553935 0 80.6047544631244 84.8902395969454 76.5662657802988 73.6150544197642 83.9985149465453 82.3859648733539 81.8564887327063 81.5766707252515 89.5747805982607 84.1984937693655
90.0372925954051 84.4786527265116 90.3763032814006 84.3872598725851 89.4705762436461 88.0706757264335 84.9504435034663 80.6047544631244 0 89.0016694043531 76.625354376404 81.8069354424815 76.6755779953992 87.0637545821867 77.8718063285063 86.341622719513 92.1259843966288 81.0165466649615
86.476544651142 89.5887012962811 85.2081827336869 91.4394283546583 85.0563368580375 83.873941334897 86.0451625741279 84.8902395969454 89.0016694043531 0 87.1141385792905 84.4981644876055 90.1887143134889 78.9130082904908 88.7574625249042 80.8872373461635 82.3704833634412 89.6033094857375
89.6479614516232 86.1192544428531 89.7617468189833 86.9639370490137 88.8965747790272 87.3352127350916 84.8065428746745 76.5662657802988 76.625354376404 87.1141385792905 0 75.5673171147236 79.6949473510766 84.1593214403875 75.042668369047 83.0384872811603 90.6967359817886 79.5943768821453
88.6877768249837 86.8148321182775 88.5865931919939 88.2753097867997 87.7266996030558 85.952559527637 84.1239704853616 73.6150544197642 81.8069354424815 84.4981644876055 75.5673171147236 0 83.8360472844011 80.2119042252309 80.6047544631244 78.5626155199393 89.0281477013935 82.8884805545587
91.6683284557365 87.3160709429194 91.8933724560425 86.6247698798721 91.1641189946518 90.0072505526404 87.7382597535131 83.9985149465453 76.6755779953992 90.1887143134889 79.6949473510766 83.8360472844011 0 88.0765436181752 75.2025485930956 87.3067887148152 92.7852672759537 76.4149702805184
88.5626155199393 89.3443980803016 87.9269527962851 90.8631250456799 87.4454406823376 86.0056807318553 86.3152293981705 82.3859648733539 87.0637545821867 78.9130082904908 84.1593214403875 80.2119042252309 88.0765436181752 0 85.9948369189331 67.4754622734875 85.2198208476034 86.9312422033652
91.1220143253691 87.6457956664753 91.2262022299968 87.7348895485676 90.4997336659665 89.2221969636326 87.1394871931621 81.8564887327063 77.8718063285063 88.7574625249042 75.042668369047 80.6047544631244 75.2025485930956 85.9948369189331 0 84.9659509602808 91.6315014349562 72.0827706588024
88.940188044825 89.1656719381225 88.4267681806095 90.5906463462703 87.8858782559868 86.4198537193337 86.3114457956494 81.5766707252515 86.341622719513 80.8872373461635 83.0384872811603 78.5626155199393 87.3067887148152 67.4754622734875 84.9659509602808 0 86.2118970069928 85.9689738268077
89.7929891177413 92.7161042483199 88.6385873374445 94.0583327903378 88.9847314590875 88.7197799126989 90.3733330693944 89.5747805982607 92.1259843966288 82.3704833634412 90.6967359817886 89.0281477013935 92.7852672759537 85.2198208476034 91.6315014349562 86.2118970069928 0 92.0831047186325
92.0215398082145 88.9021373091748 92.0897805247568 88.7630438748595 91.4498409443732 90.3134982103822 88.5513302520412 84.1984937693655 81.0165466649615 89.6033094857375 79.5943768821453 82.8884805545587 76.4149702805184 86.9312422033652 72.0827706588024 85.9689738268077 92.0831047186325 0
