0 90.4649628778786 87.2991797988463 82.1654959184623 84.5245899885005 86.3152293981705 91.3812810589918 94.8610990263046 90.6267654453235 93.4578749524859 91.1124175754548 90.9680216370173 93.729544895211 92.3812891741917 91.443652759418 90.4591405847679 93.1088493713699 93.0899215245332
90.4649628778786 0 84.0311148723812 90.2812459771682 89.0496941384894 91.3667291813695 86.7067506377919 88.7329077867478 88.0258460216478 87.9813012528756 88.7666298257024 88.9021373091748 88.2508732494748 88.1860958317419 88.9298435901867 90.2405909195141 89.0011018323171 89.2428040951504
87.2991797988463 84.0311148723812 0 85.0830368532146 82.1556516872302 86.5304228410657 83.4033961764943 90.1701058176984 82.9845369622933 87.6437503787128 84.3872598725851 84.3398387118709 88.1511840085638 85.8737330189105 84.9607879581046 85.4673355948484 87.3302030749441 87.3975598292249
82.1654959184623 90.2812459771682 85.0830368532146 0 75.5971656502182 78.1860958317419 89.1123755294906 93.7872588852947 87.6253319777206 91.8420435761623 88.1432753994101 87.8770886459859 92.184071083401 90.2119042252309 88.607465606858 86.625354376404 91.0974395437392 91.0131290414768
84.5245899885005 89.0496941384894 82.1556516872302 75.5971656502182 0 78.9642297145514 87.0541944698827 92.6607395593417 85.1757958751021 90.388758201855 85.9126336164662 85.5912123321934 90.7917474579606 88.4391544843896 86.5111849588043 84.3517426338573 89.5211143007658 89.4301536759735
86.3152293981705 91.3667291813695 86.5304228410657 78.1860958317419 78.9642297145514 0 88.8518161753883 93.7722895661526 86.8982993539898 91.6158289544233 87.1861580940907 86.8249332995649 91.9658082307583 89.7170505944318 87.6624672601499 84.5416919591329 90.5608566309846 90.4078597858648
91.3812810589918 86.7067506377919 83.4033961764943 89.1123755294906 87.0541944698827 88.8518161753883 0 86.5051104089131 75.8005514005498 80.4746273574179 77.1342704420015 78.103370572082 81.6822222756757 73.8213544350363 76.9639370490137 83.2478263495168 78.5466267349061 78.7966354858417
94.8610990263046 88.7329077867478 90.1701058176984 93.7872588852947 92.6607395593417 93.7722895661526 86.5051104089131 0 88.6518854710875 81.1676208475889 88.6885347748185 89.0000791289831 80.0867687069284 85.7260249074079 88.4030785210627 90.8275366822397 84.9383437488801 85.4645277702632
90.6267654453235 88.0258460216478 82.9845369622933 87.6253319777206 85.1757958751021 86.8982993539898 75.8005514005498 88.6518854710875 0 84.0920565466813 67.9330371790942 68.5776170713634 84.8957973831194 78.607465606858 71.1963957883817 78.5626155199393 81.4777779510338 81.1963957883817
93.4578749524859 87.9813012528756 87.6437503787128 91.8420435761623 90.388758201855 91.6158289544233 80.4746273574179 81.1676208475889 84.0920565466813 0 84.0070967575498 84.5365378003189 63.9536370923738 77.9734136062371 83.4724948291338 87.385374614263 76.2581263061566 77.69104163382
91.1124175754548 88.7666298257024 84.3872598725851 88.1432753994101 85.9126336164662 87.1861580940907 77.1342704420015 88.6885347748185 67.9330371790942 84.0070967575498 0 59.9742370056535 84.7896309949753 78.0529683256868 62.9845369622933 77.6457956664753 80.7249220102096 80.237526392877
90.9680216370173 88.9021373091748 84.3398387118709 87.8770886459859 85.5912123321934 86.8249332995649 78.103370572082 89.0000791289831 68.5776170713634 84.5365378003189 59.9742370056535 0 85.2747169146294 79.0724707021626 66.9639370490137 76.4578371154628 81.4566547319089 80.9865508735604
93.729544895211 88.2508732494748 88.1511840085638 92.184071083401 90.7917474579606 91.9658082307583 81.6822222756757 80.0867687069284 84.8957973831194 63.9536370923738 84.7896309949753 85.2747169146294 0 79.4463625502563 84.2839069823733 87.9116039872619 77.6085169412828 78.8156045898554
92.3812891741917 88.1860958317419 85.8737330189105 90.2119042252309 88.4391544843896 89.7170505944318 73.8213544350363 85.7260249074079 78.607465606858 77.9734136062371 78.0529683256868 79.0724707021626 79.4463625502563 0 76.8982993539898 83.7989102258118 71.231111321931 71.5879170280032
91.443652759418 88.9298435901867 84.9607879581046 88.607465606858 86.5111849588043 87.6624672601499 76.9639370490137 88.4030785210627 71.1963957883817 83.4724948291338 62.9845369622933 66.9639370490137 84.2839069823733 76.8982993539898 0 78.5776170713634 79.6849019922401 79.0724707021626
90.4591405847679 90.2405909195141 85.4673355948484 86.625354376404 84.3517426338573 84.5416919591329 83.2478263495168 90.8275366822397 78.5626155199393 87.385374614263 77.6457956664753 76.4578371154628 87.9116039872619 83.7989102258118 78.5776170713634 0 85.0759935262618 84.676136068509
93.1088493713699 89.0011018323171 87.3302030749441 91.0974395437392 89.5211143007658 90.5608566309846 78.5466267349061 84.9383437488801 81.4777779510338 76.2581263061566 80.7249220102096 81.4566547319089 77.6085169412828 71.231111321931 79.6849019922401 85.0759935262618 0 61.3894263426474
93.0899215245332 89.2428040951504 87.3975598292249 91.0131290414768 89.4301536759735 90.4078597858648 78.7966354858417 85.4645277702632 81.1963957883817 77.69104163382 80.237526392877 80.9865508735604 78.8156045898554 71.5879170280032 79.0724707021626 84.676136068509 61.3894263426474 0
