0 82.7417264159659 89.8737382553052 89.1551959618225 82.1259843966288 90.229855602271 85.9415820941298 87.0602696161884 88.1029990068202 91.4094592264185 91.0399703025278 91.2395028950614 91.1853194578027 93.997146499342 92.8817425781287 92.7531929436013 93.0621226019065 92.9037417235773
82.7417264159659 0 84.8385417941978 83.5153213971275 84.9227372224544 86.2581263061566 87.0711757029314 89.4290218051774 90.5050209470891 90.181991887589 92.3597158824667 92.2480196344205 91.4879355081281 92.431158206148 92.0701183078427 93.7411469057037 92.8255461715328 93.1301452568399
89.8737382553052 84.8385417941978 0 68.103370572082 90.1612419923159 81.9745296711912 90.7732816823207 92.7467332520418 93.5534166927651 90.5755470009639 94.5142963866914 94.2351740658725 93.1391823978766 91.1853651675518 92.3526497903555 95.4509074171047 93.6328920167706 94.3407976042448
89.1551959618225 83.5153213971275 68.103370572082 0 89.4608113270667 81.5879170280032 90.1633214488167 92.2478180065232 93.0979657933975 90.2313908446669 94.1406420790363 93.8658035162225 92.7640581743079 91.1325098925978 92.0993009301885 95.1338029067756 93.3568695136362 94.041539111589
82.1259843966288 84.9227372224544 90.1612419923159 89.4608113270667 0 89.0724707021626 76.9639370490137 81.575418179024 84.0407128492217 88.3406424213812 87.7157555952006 87.7599877674203 87.4132525105052 92.177385757147 90.1667959011251 90.0522480221793 90.1992186916607 89.9448448777488
90.229855602271 86.2581263061566 81.9745296711912 81.5879170280032 89.0724707021626 0 88.9969862103985 91.492344255576 92.4180448941832 86.804707388042 93.0726670528142 92.6021680564257 90.971043416746 87.6245598694719 89.3252361827145 94.0022224385771 91.2307577188164 92.3222206277802
85.9415820941298 87.0711757029314 90.7732816823207 90.1633214488167 76.9639370490137 88.9969862103985 0 79.4475074177685 82.670720839627 86.2937452682456 85.6149767954249 85.2964381953763 84.3279020717801 91.13295553182 88.2758293138202 88.3255916171591 88.0910873387564 87.757558739182
87.0602696161884 89.4290218051774 92.7467332520418 92.2478180065232 81.575418179024 91.492344255576 79.4475074177685 0 72.5868656935784 88.8867942532712 82.3582472130312 83.2067580073703 84.9237892811113 92.8100758107315 89.9267487930091 86.4139205029632 88.9792737834475 87.7783103125321
88.1029990068202 90.5050209470891 93.5534166927651 93.0979657933975 84.0407128492217 92.4180448941832 82.670720839627 72.5868656935784 0 89.8440787011457 81.016417337329 82.7445958873746 85.5918733993069 93.4397225911382 90.593000884045 85.5523460313194 89.4289228569717 87.9477781460115
91.4094592264185 90.181991887589 90.5755470009639 90.2313908446669 88.3406424213812 86.804707388042 86.2937452682456 88.8867942532712 89.8440787011457 0 89.2428040951504 88.1133634986639 84.3199260459954 84.0430796073139 78.0527978771711 90.0179882033926 83.2901449351803 86.1669090544242
91.0399703025278 92.3597158824667 94.5142963866914 94.1406420790363 87.7157555952006 93.0726670528142 85.6149767954249 82.3582472130312 81.016417337329 89.2428040951504 0 72.3153500247662 82.3546980369414 92.9097379732561 89.2602134069784 77.8718063285063 87.0091058705612 84.0619468304631
91.2395028950614 92.2480196344205 94.2351740658725 93.8658035162225 87.7599877674203 92.6021680564257 85.2964381953763 83.2067580073703 82.7445958873746 88.1133634986639 72.3153500247662 0 79.2978704528289 92.1259843966288 87.9719488414633 77.8293352502645 85.2408599357581 81.5766707252515
91.1853194578027 91.4879355081281 93.1391823978766 92.7640581743079 87.4132525105052 90.971043416746 84.3279020717801 84.9237892811113 85.5918733993069 84.3199260459954 82.3546980369414 79.2978704528289 0 89.8744404692602 84.0622038253761 83.7056567149524 80.4919985439854 78.0527978771711
93.997146499342 92.431158206148 91.1853651675518 91.1325098925978 92.177385757147 87.6245598694719 91.13295553182 92.8100758107315 93.4397225911382 84.0430796073139 92.9097379732561 92.1259843966288 89.8744404692602 0 84.1009420423914 93.1870723149895 87.9330371790942 90.229855602271
92.8817425781287 92.0701183078427 92.3526497903555 92.0993009301885 90.1667959011251 89.3252361827145 88.2758293138202 89.9267487930091 90.593000884045 78.0527978771711 89.2602134069784 87.9719488414633 84.0622038253761 84.1009420423914 0 89.4597134566386 79.1189908313318 84.3199260459954
92.7531929436013 93.7411469057037 95.4509074171047 95.1338029067756 90.0522480221793 94.0022224385771 88.3255916171591 86.4139205029632 85.5523460313194 90.0179882033926 77.8718063285063 77.8293352502645 83.7056567149524 93.1870723149895 89.4597134566386 0 86.6614379225689 82.8566068366135
93.0621226019065 92.8255461715328 93.6328920167706 93.3568695136362 90.1992186916607 91.2307577188164 88.0910873387564 88.9792737834475 89.4289228569717 83.2901449351803 87.0091058705612 85.2408599357581 80.4919985439854 87.9330371790942 79.1189908313318 86.6614379225689 0 77.7647878994723
92.9037417235773 93.1301452568399 94.3407976042448 94.041539111589 89.9448448777488 92.3222206277802 87.757558739182 87.7783103125321 87.9477781460115 86.1669090544242 84.0619468304631 81.5766707252515 78.0527978771711 90.229855602271 84.3199260459954 82.8566068366135 77.7647878994723 0
