0 81.2838104478085 75.5971656502182 90.4088422414326 89.3924558748554 89.9377116785958 87.7998589768893 88.4638216139284 89.6093976105432 89.7657356159223 90.8966172265081 89.9464621055713 89.9850808185757 90.3345343122189 90.3886573456538 91.8754520538706 92.6708255255615 93.6895333266464
81.2838104478085 0 78.1946087088755 86.8236965632715 85.120656085588 86.0123871911692 84.1730486199009 87.3560374571043 90.1262622632876 90.2025686473971 88.2276909715463 90.3895246651542 90.0956952639541 90.1012798251646 89.0738580860166 89.9145864702291 90.694114246876 91.7229400867243
75.5971656502182 78.1946087088755 0 89.5275059129689 88.2584189716943 88.8986615628356 85.3915891308315 86.4210841896122 88.4629636159687 88.6052340688356 89.2970716604341 88.8228983685733 88.7016252803801 88.9669688788295 88.725573403395 90.4284448241106 91.3686985029555 92.5701757945129
90.4088422414326 86.8236965632715 89.5275059129689 0 73.2222041818708 69.0724707021626 87.4532080795685 91.1486072584796 93.7565668697933 93.752988616705 87.9199887622108 93.8714337899069 93.4636104322619 93.1845222467978 91.4529317334505 90.1964580507305 90.1052437355394 89.9796622965764
89.3924558748554 85.120656085588 88.2584189716943 73.2222041818708 0 65.9948369189331 85.6445006672441 89.9921148053681 92.9002339320809 92.8973516309362 86.6394168112023 93.0282881600324 92.5835923786124 92.2867022452208 90.4078597858648 89.2280026092608 89.291357676221 89.4516367342193
89.9377116785958 86.0123871911692 88.8986615628356 69.0724707021626 65.9948369189331 0 86.3391159691871 90.4396763737266 93.2480311442433 93.2422024281929 86.9639370490137 93.3672604494914 92.9290833172068 92.6274279709303 90.7696670796825 89.4736232828639 89.4412153781109 89.4467356815688
87.7998589768893 84.1730486199009 85.3915891308315 87.4532080795685 85.6445006672441 86.3391159691871 0 82.0052461083682 88.2475117944247 88.1975526364766 80.5050214404877 88.4081222350343 87.5186760113139 86.8728728512127 83.1548703552811 83.622091328923 85.3461292680899 87.6019601377656
88.4638216139284 87.3560374571043 86.4210841896122 91.1486072584796 89.9921148053681 90.4396763737266 82.0052461083682 0 82.7209704675234 82.5420156066597 85.2650098301599 82.9106243619669 80.9865508735604 79.6239007539644 76.9312422033652 84.8314512704693 87.0125223952169 89.5178683060867
89.6093976105432 90.1262622632876 88.4629636159687 93.7565668697933 92.9002339320809 93.2480311442433 88.2475117944247 82.7209704675234 0 58.5016318386105 90.0489672142336 61.9476583957176 72.0403474068639 77.6021664242996 84.8560778859959 89.4009601366039 90.7670184530687 92.5330364936968
89.7657356159223 90.2025686473971 88.6052340688356 93.752988616705 92.8973516309362 93.2422024281929 88.1975526364766 82.5420156066597 58.5016318386105 0 89.9404480814455 56.9639370490137 70.237526392877 76.706750637792 84.5719301653208 89.2357314171479 90.6234942756704 92.41855457111
90.8966172265081 88.2276909715463 89.2970716604341 87.9199887622108 86.6394168112023 86.9639370490137 80.5050214404877 85.2650098301599 90.0489672142336 89.9404480814455 0 90.0782967319053 89.1630553121545 88.280925491606 83.7944074314021 77.4658005457673 78.6957997331364 82.5420156066597
89.9464621055713 90.3895246651542 88.8228983685733 93.8714337899069 93.0282881600324 93.3672604494914 88.4081222350343 82.9106243619669 61.9476583957176 56.9639370490137 90.0782967319053 0 70.8110544783965 76.9312422033652 84.7635075614827 89.3475349130989 90.715999260007 92.4957863074959
89.9850808185757 90.0956952639541 88.7016252803801 93.4636104322619 92.5835923786124 92.9290833172068 87.5186760113139 80.9865508735604 72.0403474068639 70.237526392877 89.1630553121545 70.8110544783965 0 71.1136705287218 82.8550516930196 88.2688829342483 89.7997758540917 91.758250420991
90.3345343122189 90.1012798251646 88.9669688788295 93.1845222467978 92.2867022452208 92.6274279709303 86.8728728512127 79.6239007539644 77.6021664242996 76.706750637792 88.280925491606 76.9312422033652 71.1136705287218 0 80.6047544631244 87.094417010166 88.8115609307259 90.9813878713843
90.3886573456538 89.0738580860166 88.725573403395 91.4529317334505 90.4078597858648 90.7696670796825 83.1548703552811 76.9312422033652 84.8560778859959 84.5719301653208 83.7944074314021 84.7635075614827 82.8550516930196 80.6047544631244 0 81.6065963893544 84.6354957098355 87.9060271031893
91.8754520538706 89.9145864702291 90.4284448241106 90.1964580507305 89.2280026092608 89.4736232828639 83.622091328923 84.8314512704693 89.4009601366039 89.2357314171479 77.4658005457673 89.3475349130989 88.2688829342483 87.094417010166 81.6065963893544 0 74.0608757462916 82.1556516872302
92.6708255255615 90.694114246876 91.3686985029555 90.1052437355394 89.291357676221 89.4412153781109 85.3461292680899 87.0125223952169 90.7670184530687 90.6234942756704 78.6957997331364 90.715999260007 89.7997758540917 88.8115609307259 84.6354957098355 74.0608757462916 0 77.8718063285063
93.6895333266464 91.7229400867243 92.5701757945129 89.9796622965764 89.4516367342193 89.4467356815688 87.6019601377656 89.5178683060867 92.5330364936968 92.41855457111 82.5420156066597 92.4957863074959 91.758250420991 90.9813878713843 87.9060271031893 82.1556516872302 77.8718063285063 0
