0 82.3326765383033 87.4142314228996 84.5832154332189 84.8190149299059 86.4198537193337 86.9996193558102 93.0930994829547 90.4455248021527 88.4776355514882 88.6555361552294 88.8986615628356 91.1939368217298 91.3084284210613 91.2892206728703 91.5131475024152 91.3454034114811 92.2276529466665
82.3326765383033 0 88.1647383903082 78.9298435901867 77.1342704420015 82.7674836600796 79.9850808185757 93.2910400873432 89.9491930022336 83.964480905296 85.6854997764966 84.5150597129644 87.679995898191 89.0443175425455 88.5626155199393 89.3500427490681 88.3666599593055 89.22735792065
87.4142314228996 88.1647383903082 0 85.5266933956535 86.706750637792 84.484421527208 88.5776170713634 86.7365991732866 81.3887347396581 87.7674957525076 85.4427470234674 88.2106092259997 90.6454107238026 87.9538334430254 88.9792737834475 88.0639385603448 89.6479614516232 91.3675170171665
84.5832154332189 78.9298435901867 85.5266933956535 0 68.7966354858417 73.88799939735 78.4638216139284 91.630018568593 87.2016042685911 79.8195101390914 80.6792333700066 80.9822487981031 86.0621707455228 86.1664750873007 85.9195436335469 86.5662657802988 86.0191975333641 87.7602710557797
84.8190149299059 77.1342704420015 86.706750637792 68.7966354858417 0 76.8092101824516 75.5673171147236 92.2072490519002 88.0916622600674 79.3002428506583 81.6326132525547 80.4078597858648 85.5447953106515 86.5184091547906 86.000262209856 86.921385559777 85.9029410845511 87.4093346529378
86.4198537193337 82.7674836600796 84.484421527208 73.88799939735 76.8092101824516 0 80.4078597858648 90.6967359817886 85.4024912752453 78.1778938560859 75.8005514005498 79.5765657369386 85.3413992496673 83.9968508302003 84.09464030757 84.4786527265116 84.5473776830334 86.9747808619358
86.9996193558102 79.9850808185757 88.5776170713634 78.4638216139284 75.5673171147236 80.4078597858648 0 92.9856225628036 89.178079427437 76.9747808619358 82.3859648733539 77.627196302634 83.0625479788191 86.2170579640101 85.042668369047 86.6545999065771 84.4632316900903 85.5523155632995
93.0930994829547 93.2910400873432 86.7365991732866 91.630018568593 92.2072490519002 90.6967359817886 92.9856225628036 0 84.056636658772 91.9625254725383 90.2160139438428 92.1339155109664 93.2836986848925 90.1466578511299 91.3769599159453 90.0244325396595 92.0911144554496 93.4674980411768
90.4455248021527 89.9491930022336 81.3887347396581 87.2016042685911 88.0916622600674 85.4024912752453 89.178079427437 84.056636658772 0 87.491838041348 84.3398387118709 87.7864035964503 89.7543293196242 85.0325173442018 86.9747808619358 84.9659509602808 88.0639385603448 90.1912970937131
88.4776355514882 83.964480905296 87.7674957525076 79.8195101390914 79.3002428506583 78.1778938560859 76.9747808619358 91.9625254725383 87.491838041348 0 77.1861580940907 63.2478263495168 80.4372372021832 82.5420156066597 80.8776994407101 83.201597050353 80.4372372021832 83.3313227628732
88.6555361552294 85.6854997764966 85.4427470234674 80.6792333700066 81.6326132525547 75.8005514005498 82.3859648733539 90.2160139438428 84.3398387118709 77.1861580940907 0 78.103370572082 83.760486836007 79.7170505944318 80.3485019850597 80.4905850455247 81.561630208681 85.2698237358651
88.8986615628356 84.5150597129644 88.2106092259997 80.9822487981031 80.4078597858648 79.5765657369386 77.627196302634 92.1339155109664 87.7864035964503 63.2478263495168 78.103370572082 0 79.1453517305904 82.3358293114501 80.2272956583012 83.0088975767243 79.4497994875647 82.4416841028919
91.1939368217298 87.679995898191 90.6454107238026 86.0621707455228 85.5447953106515 85.3413992496673 83.0625479788191 93.2836986848925 89.7543293196242 80.4372372021832 83.760486836007 79.1453517305904 0 83.361291448686 79.8251320749173 83.8213544350363 76.4578371154628 73.5201228844259
91.3084284210613 89.0443175425455 87.9538334430254 86.1664750873007 86.5184091547906 83.9968508302003 86.2170579640101 90.1466578511299 85.0325173442018 82.5420156066597 79.7170505944318 82.3358293114501 83.361291448686 0 73.9968508302003 60.4857622301273 78.3390605802349 83.5201228844259
91.2892206728703 88.5626155199393 88.9792737834475 85.9195436335469 86.000262209856 84.09464030757 85.042668369047 91.3769599159453 86.9747808619358 80.8776994407101 80.3485019850597 80.2272956583012 79.8251320749173 73.9968508302003 0 75.1757958751021 70.237526392877 80.0814756595712
91.5131475024152 89.3500427490681 88.0639385603448 86.5662657802988 86.921385559777 84.4786527265116 86.6545999065771 90.0244325396595 84.9659509602808 83.201597050353 80.4905850455247 83.0088975767243 83.8213544350363 60.4857622301273 75.1757958751021 0 79.05908719444 83.8325331923513
91.3454034114811 88.3666599593055 89.6479614516232 86.0191975333641 85.9029410845511 84.5473776830334 84.4632316900903 92.0911144554496 88.0639385603448 80.4372372021832 81.561630208681 79.4497994875647 76.4578371154628 78.3390605802349 70.237526392877 79.05908719444 0 76.9312422033652
92.2276529466665 89.22735792065 91.3675170171665 87.7602710557797 87.4093346529378 86.9747808619358 85.5523155632995 93.4674980411768 90.1912970937131 83.3313227628732 85.2698237358651 82.4416841028919 73.5201228844259 83.5201228844259 80.0814756595712 83.8325331923513 76.9312422033652 0
