0 62.0827706588024 82.3073716170739 89.1123755294906 90.1700728143196 89.9085993106296 88.8707549940815 88.6023628731785 90.7683108277111 91.586607455363 92.0897805247568 91.0480328336979 91.9487656358587 92.2772367504705 92.6108935223864 93.4581438389994 92.9235813910652 93.9495093337998
62.0827706588024 0 82.1292907879716 88.8875204444754 89.9491930022336 89.6736352563445 88.4761028375782 88.192363049099 90.4761005024071 91.3283521993069 91.8529679016913 90.7501868793672 91.7250042174156 92.0119909728929 92.4108172720404 93.2340186890892 92.6722841132558 93.7532160257805
82.3073716170739 82.1292907879716 0 91.630018568593 92.2787262194362 92.0333822111479 89.6707254104607 87.6151585098025 91.8501491803079 92.6624909842692 93.1902213103069 89.6945287903597 89.6602337925892 92.6263361142938 90.3733330693944 93.943089314583 92.3358293114501 92.4613243616626
89.1123755294906 88.8875204444754 91.630018568593 0 72.79025144391 72.2787262194362 85.7563298690626 89.6158544826829 84.3774230737726 84.748524523518 84.9796890336395 91.6841840260165 93.8385577783157 88.6019097313272 94.4491120539068 89.1707194784585 91.835674449388 94.6556786954996
90.1700728143196 89.9491930022336 92.2787262194362 72.79025144391 0 62.0827706588024 85.5673171147236 89.733689582074 82.9899622532162 82.9252423316992 82.9188992672694 91.6255669291985 93.9016460853199 87.733195809659 94.5016820945834 88.0642137455799 91.4741215705682 94.5575932655729
89.9085993106296 89.6736352563445 92.0333822111479 72.2787262194362 62.0827706588024 0 85.0002150024618 89.37216523336 82.4570356382086 82.5861098980948 82.7417264159659 91.3493605368748 93.6814491297281 87.4547402901302 94.2969130372258 87.9145568724832 91.2408263214024 94.3693402398917
88.8707549940815 88.4761028375782 89.6707254104607 85.7563298690626 85.5673171147236 85.0002150024618 0 81.7394303213249 79.3818913619656 82.4125012077807 84.1323142820089 85.6459716053848 89.7571837034398 82.5008791840543 90.6939770966864 85.8535438619479 86.2581263061566 90.7967035530901
88.6023628731785 88.192363049099 87.6151585098025 89.6158544826829 89.733689582074 89.37216523336 81.7394303213249 0 86.4768237714334 87.8814856746282 88.8440041732244 79.4799246034189 85.5520871636479 86.1703870630815 87.0538859374252 88.8791458094156 84.951850092633 88.0164520600563
90.7683108277111 90.4761005024071 91.8501491803079 84.3774230737726 82.9899622532162 82.4570356382086 79.3818913619656 86.4768237714334 0 71.8409101396084 76.625354376404 88.4104573609006 91.758250420991 80.3174727620043 92.4808762002859 82.4966403170258 87.4658005457673 92.1759718947623
91.586607455363 91.3283521993069 92.6624909842692 84.748524523518 82.9252423316992 82.5861098980948 82.4125012077807 87.8814856746282 71.8409101396084 0 69.284837896377 89.3826973122998 92.4653666918089 80.7886102691719 93.1200371180604 81.1963957883817 88.1051869949047 92.6991288261697
92.0897805247568 91.8529679016913 93.1902213103069 84.9796890336395 82.9188992672694 82.7417264159659 84.1323142820089 88.8440041732244 76.625354376404 69.284837896377 0 90.1492657565821 93.0196808096236 82.086414852389 93.6295848190927 81.1934468140307 88.7966354858417 93.1715419489557
91.0480328336979 90.7501868793672 89.6945287903597 91.6841840260165 91.6255669291985 91.3493605368748 85.6459716053848 79.4799246034189 88.4104573609006 89.3826973122998 90.1492657565821 0 82.0861101013499 86.7092028347004 84.0075874112409 89.1782870953283 81.5766707252515 84.0417671828947
91.9487656358587 91.7250042174156 89.6602337925892 93.8385577783157 93.9016460853199 93.6814491297281 89.7571837034398 85.5520871636479 91.758250420991 92.4653666918089 93.0196808096236 82.0861101013499 0 90.7096069906112 71.1136705287218 92.3194830344336 87.0775265860798 81.7423818124012
92.2772367504705 92.0119909728929 92.6263361142938 88.6019097313272 87.733195809659 87.4547402901302 82.5008791840543 86.1703870630815 80.3174727620043 80.7886102691719 82.086414852389 86.7092028347004 90.7096069906112 0 91.4253865110896 77.4658005457673 83.4840038805424 90.4698850193806
92.6108935223864 92.4108172720404 90.3733330693944 94.4491120539068 94.5016820945834 94.2969130372258 90.6939770966864 87.0538859374252 92.4808762002859 93.1200371180604 93.6295848190927 84.0075874112409 71.1136705287218 91.4253865110896 0 92.8873962714524 87.8858782559868 81.1220143253691
93.4581438389994 93.2340186890892 93.943089314583 89.1707194784585 88.0642137455799 87.9145568724832 85.8535438619479 88.8791458094156 82.4966403170258 81.1963957883817 81.1934468140307 89.1782870953283 92.3194830344336 77.4658005457673 92.8873962714524 0 86.1771573532138 91.8513285039292
92.9235813910652 92.6722841132558 92.3358293114501 91.835674449388 91.4741215705682 91.2408263214024 86.2581263061566 84.951850092633 87.4658005457673 88.1051869949047 88.7966354858417 81.5766707252515 87.0775265860798 83.4840038805424 87.8858782559868 86.1771573532138 0 85.4703994008443
93.9495093337998 93.7532160257805 92.4613243616626 94.6556786954996 94.5575932655729 94.3693402398917 90.7967035530901 88.0164520600563 92.1759718947623 92.6991288261697 93.1715419489557 84.0417671828947 81.7423818124012 90.4698850193806 81.1220143253691 91.8513285039292 85.4703994008443 0
