0 65.5673171147236 72.79025144391 71.3176021151403 85.322427491129 84.8615063718665 93.4594760311699 92.6179874241649 86.6545999065771 85.7749292329038 88.1935040056541 90.8101589335291 87.1851858652684 91.2082612062624 87.3827962632147 91.9002599641319 89.4221471101878 91.567276508266
65.5673171147236 0 73.091775616211 65.0930706154422 85.4703994008443 85.0053313723672 93.555965823659 92.6932336398074 86.4210841896122 84.9659509602808 87.918705573569 90.7246856097169 86.7269054414192 91.1136705287218 86.8159556326594 91.7962429180347 89.0924689484848 91.3128182576868
72.79025144391 73.091775616211 0 74.9227372224544 83.091775616211 82.4784370287424 92.6909108988406 91.7358733600348 84.7490671664029 84.9105599207718 86.6936605723477 89.6479614516232 85.7241849040938 90.1047169668058 86.2504555155506 90.891785631268 88.2560006264889 90.6579511859799
71.3176021151403 65.0930706154422 74.9227372224544 0 85.8203757673713 85.3681348263785 93.7116301891679 92.8399243462261 86.393932982674 84.2413823573747 87.8044832420945 90.7501868793672 86.4335845174851 91.124514341644 86.3740794860693 91.7883849681963 88.8868231746949 91.1510920176696
85.322427491129 85.4703994008443 83.091775616211 85.8203757673713 0 59.9742370056535 89.2338005042658 87.7285209261352 79.7170505944318 87.1185824845969 83.2317394040981 85.2003092693599 84.5714099451281 86.0434222651364 86.5087742205692 87.3719376615789 86.301340043983 88.7737928568809
84.8615063718665 85.0053313723672 82.4784370287424 85.3681348263785 59.9742370056535 0 89.5275059129689 88.0715171378125 79.5765657369386 86.8193244329465 83.2025086877469 85.4841598430449 84.3564205056411 86.2937452682456 86.2810577195812 87.5803463896305 86.2504555155506 88.7966354858417
93.4594760311699 93.555965823659 92.6909108988406 93.7116301891679 89.2338005042658 89.5275059129689 0 75.289026176076 90.0814756595712 93.6814491297281 90.3151032033163 87.0382140342669 91.7881012883574 87.2272264362371 92.8455332128446 87.6085169412828 91.3887347396581 91.53442531487
92.6179874241649 92.6932336398074 91.7358733600348 92.8399243462261 87.7285209261352 88.0715171378125 75.289026176076 0 88.43141718532 92.6179874241649 88.6403515834402 84.4555005891274 90.409038290839 84.7490671664029 91.6326132525547 85.3649979935812 89.9085993106296 90.1246893973976
86.6545999065771 86.4210841896122 84.7490671664029 86.393932982674 79.7170505944318 79.5765657369386 90.0814756595712 88.43141718532 0 84.2979161426279 74.0606985513411 82.764629276264 77.9590242832314 83.6150544197642 82.1226754861304 85.0930706154422 80.8378353124009 85.2408599357581
85.7749292329038 84.9659509602808 84.9105599207718 84.2413823573747 87.1185824845969 86.8193244329465 93.6814491297281 92.6179874241649 84.2979161426279 0 84.345890833038 89.0724707021626 80.2632910445979 89.3223765816634 76.3715914053258 89.8559233047754 84.0672266294399 87.3471575828297
88.1935040056541 87.918705573569 86.6936605723477 87.8044832420945 83.2317394040981 83.2025086877469 90.3151032033163 88.6403515834402 74.0606985513411 84.345890833038 0 81.5308246235653 75.9539297579115 82.1634354896978 80.9579781258551 83.5330933115181 75.9075153676177 82.4378586375219
90.8101589335291 90.7246856097169 89.6479614516232 90.7501868793672 85.2003092693599 85.4841598430449 87.0382140342669 84.4555005891274 82.764629276264 89.0724707021626 81.5308246235653 0 85.1837527748556 65.5673171147236 87.1768639511139 74.3872598725851 83.440211413787 83.9209422467254
87.1851858652684 86.7269054414192 85.7241849040938 86.4335845174851 84.5714099451281 84.3564205056411 91.7881012883574 90.409038290839 77.9590242832314 80.2632910445979 75.9539297579115 85.1837527748556 0 85.5498815350354 74.0690478427796 86.3758488220853 76.7370495951914 83.5980390479116
91.2082612062624 91.1136705287218 90.1047169668058 91.124514341644 86.0434222651364 86.2937452682456 87.2272264362371 84.7490671664029 83.6150544197642 89.3223765816634 82.1634354896978 65.5673171147236 85.5498815350354 0 87.4034512316464 70.4857622301273 83.5201228844259 83.4181597425046
87.3827962632147 86.8159556326594 86.2504555155506 86.3740794860693 86.5087742205692 86.2810577195812 92.8455332128446 91.6326132525547 82.1226754861304 76.3715914053258 80.9579781258551 87.1768639511139 74.0690478427796 87.4034512316464 0 87.9607434601061 79.5166621000467 84.4805765116235
91.9002599641319 91.7962429180347 90.891785631268 91.7883849681963 87.3719376615789 87.5803463896305 87.6085169412828 85.3649979935812 85.0930706154422 89.8559233047754 83.5330933115181 74.3872598725851 86.3758488220853 70.4857622301273 87.9607434601061 0 84.0735682389664 82.9023336598264
89.4221471101878 89.0924689484848 88.2560006264889 88.8868231746949 86.301340043983 86.2504555155506 91.3887347396581 89.9085993106296 80.8378353124009 84.0672266294399 75.9075153676177 83.440211413787 76.7370495951914 83.5201228844259 79.5166621000467 84.0735682389664 0 78.3784347830183
91.567276508266 91.3128182576868 90.6579511859799 91.1510920176696 88.7737928568809 88.7966354858417 91.53442531487 90.1246893973976 85.2408599357581 87.3471575828297 82.4378586375219 83.9209422467254 83.5980390479116 83.4181597425046 84.4805765116235 82.9023336598264 78.3784347830183 0
