0 64.9227372224544 83.0625479788191 76.9639370490137 87.6253319777206 88.1212419635177 79.4313841462521 81.41340118771 87.0605702158074 87.3985422847928 90.763614485264 87.210845672568 91.2687189283341 90.2807401307034 90.9783732831594 91.2375807763142 92.513671632346 92.1900093127201
64.9227372224544 0 84.0608757462916 74.4651623168477 86.965022649524 87.4988180255503 80.7342661421173 82.3707792824186 87.3827962632147 87.6864360251488 90.3750373756626 87.1561388112382 90.9680216370173 90.0174507434799 90.8396148431855 91.3008355089306 92.2892514828428 92.3105428072981
83.0625479788191 84.0608757462916 0 86.5220167514142 91.6359469985815 91.9499551166878 76.3715914053258 77.1688084898973 84.9796890336395 85.5762932353541 93.2874037367753 88.3255916171591 93.295843251578 92.1576223194136 92.0646931625531 90.803884943431 94.0500578850353 91.1411444397705
76.9639370490137 74.4651623168477 86.5220167514142 0 84.6168963459942 85.3093129073962 83.9405886754904 84.9463057887814 88.4638216139284 88.6760806191086 89.1452939760839 87.3001847612063 90.0782967319053 89.3097425514618 90.539950838469 91.5987608409254 91.6488872940843 92.7402909689791
87.6253319777206 86.965022649524 91.6359469985815 84.6168963459942 0 63.0281246670668 90.2211456292078 90.6258451237491 92.0827706588024 92.1441384770285 85.6670074997725 90.0623670961744 88.4530469801072 89.0112398515747 91.1820321496173 93.4213519108357 90.6272325542047 94.6222983668821
88.1212419635177 87.4988180255503 91.9499551166878 85.3093129073962 63.0281246670668 0 90.5839191279027 90.9662939612834 92.3359772626894 92.390595950214 85.4719304936925 90.3118087261038 88.4094778880552 89.0893009729007 91.2884741343654 93.5758413410706 90.5972961102421 94.7712146353418
79.4313841462521 80.7342661421173 76.3715914053258 83.9405886754904 90.2211456292078 90.5839191279027 0 69.0455248103817 83.6009463029101 84.2250937501173 91.9528658152089 86.2581263061566 91.9772688354693 90.6861507245123 90.7429160691407 89.8781805979189 92.8884805545587 90.6117913722832
81.41340118771 82.3707792824186 77.1688084898973 84.9463057887814 90.6258451237491 90.9662939612834 69.0455248103817 0 81.8471103969012 82.6216523448685 91.9991201762544 85.5334969789202 91.885465688222 90.4771194171856 90.3504973694831 89.1470474049403 92.7224509812222 89.8752241525283
87.0605702158074 87.3827962632147 84.9796890336395 88.4638216139284 92.0827706588024 92.3359772626894 83.6009463029101 81.8471103969012 0 62.0827706588024 92.0719486606805 82.4416841028919 91.3430274044086 89.4467356815688 88.2616413386156 84.6150320210808 91.7762128290069 85.4841598430449
87.3985422847928 87.6864360251488 85.5762932353541 88.6760806191086 92.1441384770285 92.390595950214 84.2250937501173 82.6216523448685 62.0827706588024 0 92.0018607299696 82.0323684124072 91.2066265229575 89.250506630103 87.9330371790942 83.9405886754904 91.5987608409254 84.9435334863856
90.763614485264 90.3750373756626 93.2874037367753 89.1452939760839 85.6670074997725 85.4719304936925 91.9528658152089 91.9991201762544 92.0719486606805 92.0018607299696 0 88.8206420131041 78.8876472006031 83.274352454715 87.5446989617854 91.8792660993118 84.0720996802898 93.493161827485
87.210845672568 87.1561388112382 88.3255916171591 87.3001847612063 90.0623670961744 90.3118087261038 86.2581263061566 85.5334969789202 82.4416841028919 82.0323684124072 88.8206420131041 0 87.4947214838478 84.3139343989393 82.9436298012717 83.6964506811521 88.2106092259997 86.8461811729156
91.2687189283341 90.9680216370173 93.295843251578 90.0782967319053 88.4530469801072 88.4094778880552 91.9772688354693 91.885465688222 91.3430274044086 91.2066265229575 78.8876472006031 87.4947214838478 0 77.7647878994723 84.2169264795973 90.3049545448456 77.5519919157727 92.2276529466665
90.2807401307034 90.0174507434799 92.1576223194136 89.3097425514618 89.0112398515747 89.0893009729007 90.6861507245123 90.4771194171856 89.4467356815688 89.250506630103 83.274352454715 84.3139343989393 77.7647878994723 0 79.3443980803016 88.0105149591016 79.8920337031865 90.4372372021832
90.9783732831594 90.8396148431855 92.0646931625531 90.539950838469 91.1820321496173 91.2884741343654 90.7429160691407 90.3504973694831 88.2616413386156 87.9330371790942 87.5446989617854 82.9436298012717 84.2169264795973 79.3443980803016 0 84.5869706818913 83.1155436921792 87.9607434601061
91.2375807763142 91.3008355089306 90.803884943431 91.5987608409254 93.4213519108357 93.5758413410706 89.8781805979189 89.1470474049403 84.6150320210808 83.9405886754904 91.8792660993118 83.6964506811521 90.3049545448456 88.0105149591016 84.5869706818913 0 89.8781805979189 78.1860958317419
92.513671632346 92.2892514828428 94.0500578850353 91.6488872940843 90.6272325542047 90.5972961102421 92.8884805545587 92.7224509812222 91.7762128290069 91.5987608409254 84.0720996802898 88.2106092259997 77.5519919157727 79.8920337031865 83.1155436921792 89.8781805979189 0 91.8512064152267
92.1900093127201 92.3105428072981 91.1411444397705 92.7402909689791 94.6222983668821 94.7712146353418 90.6117913722832 89.8752241525283 85.4841598430449 84.9435334863856 93.493161827485 86.8461811729156 92.2276529466665 90.4372372021832 87.9607434601061 78.1860958317419 91.8512064152267 0
