0 78.0105149591016 85.2970022018606 83.8325331923513 81.6065963893544 84.924474053039 87.0679967752654 88.3666599593055 90.5499955786283 90.8684304864118 91.3418389132307 91.8831541748752 93.0129444272911 91.8694910451496 91.8487339282727 93.394287277317 94.0784539989701 93.2561572583911
78.0105149591016 0 86.4284596991444 84.2596343120333 74.3279020717801 79.7170505944318 86.9747808619358 85.2279248708898 88.252399536501 88.6341550069162 89.2428040951504 90.9972874546011 92.4619366908591 90.5622918724125 90.4418311608927 92.6962851859305 92.6006985006922 91.7733710635962
85.2970022018606 86.4284596991444 0 74.9227372224544 85.9539297579115 88.7320818557614 78.0529683256868 90.7233152353214 92.5983577321668 92.5904337711328 92.4808762002859 88.9976660170554 89.7799514872702 90.2313908446669 90.5081758017357 90.7286415465586 94.716349700849 93.0307662877739
83.8325331923513 84.2596343120333 74.9227372224544 0 83.2478263495168 86.8092101824516 77.0071507868401 89.1885004158061 91.3828818988435 91.3738145637752 91.2687189283341 88.3065052147751 89.5765657369386 89.2027885677725 89.4270522173087 90.3505229241942 93.8249613746637 92.0685888419831
81.6065963893544 74.3279020717801 85.9539297579115 83.2478263495168 0 77.6085169412828 85.7376505077114 83.8481352690408 87.5039528610741 87.7285209261352 88.1117143687293 89.703782638195 91.4510002480644 89.1084015061976 88.9652580964595 91.6505846855068 91.8185458219925 90.63104134154
84.924474053039 79.7170505944318 88.7320818557614 86.8092101824516 77.6085169412828 0 88.2801236925049 78.6665542029632 84.2849950934138 84.7922451010396 85.7749292329038 90.4455248021527 92.240236057727 89.259475688825 88.9301555319238 92.2213635763409 90.4027520238398 89.7509634958221
87.0679967752654 86.9747808619358 78.0529683256868 77.0071507868401 85.7376505077114 88.2801236925049 0 89.96118858877 91.9364563860611 91.8076473422977 91.4702765549837 86.1033994395945 87.3620425904972 87.8928971582322 88.3162240076934 88.4870536084021 93.7845672580801 91.6095270341601
88.3666599593055 85.2279248708898 90.7233152353214 89.1885004158061 83.8481352690408 78.6665542029632 89.96118858877 0 78.3702854422696 78.9090804678383 81.0208149157414 90.5760196509964 92.4711112837065 88.7320818557614 88.1802288325816 92.2169584268914 87.8911456458449 87.8572480209962
90.5499955786283 88.252399536501 92.5983577321668 91.3828818988435 87.5039528610741 84.2849950934138 91.9364563860611 78.3702854422696 0 69.7875042307458 78.826138097264 91.9254963959262 93.600733184411 90.0257583643179 89.4412153781109 93.2401555589108 85.891837352535 87.8293148865457
90.8684304864118 88.6341550069162 92.5904337711328 91.3738145637752 87.7285209261352 84.7922451010396 91.8076473422977 78.9090804678383 69.7875042307458 0 75.0930706154422 91.4683527698718 93.227854042878 89.3519226761528 88.6932607444244 92.8026137620209 84.6534135969951 86.6826921595891
91.3418389132307 89.2428040951504 92.4808762002859 91.2687189283341 88.1117143687293 85.7749292329038 91.4702765549837 81.0208149157414 78.826138097264 75.0930706154422 0 90.4513653653806 92.3977874971121 87.8417512271091 87.0050448949778 91.8371377966501 82.7250431335093 84.0283367322352
91.8831541748752 90.9972874546011 88.9976660170554 88.3065052147751 89.703782638195 90.4455248021527 86.1033994395945 90.5760196509964 91.9254963959262 91.4683527698718 90.4513653653806 0 78.4944597996847 79.6648998632169 81.5936312466244 77.7068391044686 92.0163476691511 88.1068633983054
93.0129444272911 92.4619366908591 89.7799514872702 89.5765657369386 91.4510002480644 92.240236057727 87.3620425904972 92.4711112837065 93.600733184411 93.227854042878 92.3977874971121 78.4944597996847 0 84.8491559212384 85.9771286537109 74.71049166527 93.5559982257094 90.304267889351
91.8694910451496 90.5622918724125 90.2313908446669 89.2027885677725 89.1084015061976 89.259475688825 87.8928971582322 88.7320818557614 90.0257583643179 89.3519226761528 87.8417512271091 79.6648998632169 84.8491559212384 0 67.6969526980126 83.1716766487745 89.6242020783108 84.014040324595
91.8487339282727 90.4418311608927 90.5081758017357 89.4270522173087 88.9652580964595 88.9301555319238 88.3162240076934 88.1802288325816 89.4412153781109 88.6932607444244 87.0050448949778 81.5936312466244 85.9771286537109 67.6969526980126 0 84.4651623168477 88.9042214225407 82.6751998198568
93.394287277317 92.6962851859305 90.7286415465586 90.3505229241942 91.6505846855068 92.2213635763409 88.4870536084021 92.2169584268914 93.2401555589108 92.8026137620209 91.8371377966501 77.7068391044686 74.71049166527 83.1716766487745 84.4651623168477 0 92.8176982334711 89.1361436054588
94.0784539989701 92.6006985006922 94.716349700849 93.8249613746637 91.8185458219925 90.4027520238398 93.7845672580801 87.8911456458449 85.891837352535 84.6534135969951 82.7250431335093 92.0163476691511 93.5559982257094 89.6242020783108 88.9042214225407 92.8176982334711 0 83.6408008670417
93.2561572583911 91.7733710635962 93.0307662877739 92.0685888419831 90.63104134154 89.7509634958221 91.6095270341601 87.8572480209962 87.8293148865457 86.6826921595891 84.0283367322352 88.1068633983054 90.304267889351 84.014040324595 82.6751998198568 89.1361436054588 83.6408008670417 0
