0 83.6127062473257 83.4499763303665 85.3978222783945 91.609205100441 90.8600272095335 88.3390605802349 89.1709004652479 91.6121845670317 90.0415708322431 90.593000884045 92.4579550069773 92.5320718421787 93.9355763693999 91.693328996376 93.8607985439761 91.917298642149 91.9994607326019
83.6127062473257 0 85.3681348263785 76.2325041385106 92.9845369622933 91.5127665924628 86.9476203930553 84.056636658772 92.2234504614938 88.4822304503324 87.5935153898588 92.4447587542196 92.5203100503808 94.2169264795973 89.9590100360185 93.964480905296 89.9267487930091 90.1912970937131
83.4499763303665 85.3681348263785 0 84.3199260459954 88.3390605802349 86.2747000185204 82.1654959184623 87.2840773906087 87.5424991364325 85.3461292680899 87.5576776396732 88.6665542029632 88.7817036207688 90.9502802943976 88.1647383903082 90.7841074747623 88.7168802665761 88.6957997331364
85.3978222783945 76.2325041385106 84.3199260459954 0 92.3452739215203 90.4533104756221 84.4399969767003 80.237526392877 91.2298628720652 86.2118970069928 84.877334088665 91.2711359276465 91.356090667385 93.3268095699988 87.9762509169206 92.9953807752155 87.9165025530579 88.2543876478932
91.609205100441 92.9845369622933 88.3390605802349 92.3452739215203 0 81.1510920176696 88.940188044825 92.9845369622933 80.5622918724125 89.4448963599549 91.9991201762544 85.3681348263785 85.4049102321986 85.0830368532146 90.738820882775 86.0621707455228 91.4575637966244 91.1510920176696
90.8600272095335 91.5127665924628 86.2747000185204 90.4533104756221 81.1510920176696 0 85.0796871077196 90.7989490134675 70.237526392877 85.3915891308315 89.2073249576102 79.3002428506583 79.5287352420867 83.4304244917432 87.2425274907694 83.4206154648313 88.2993261327158 87.8497272528937
88.3390605802349 86.9476203930553 82.1654959184623 84.4399969767003 88.940188044825 85.0796871077196 0 84.4786527265116 86.3453801341546 75.1757958751021 82.099442252477 86.0016174742824 86.1556538778795 89.5003454440884 82.1259843966288 88.940188044825 83.237595614941 83.1574795141574
89.1709004652479 84.056636658772 87.2840773906087 80.237526392877 92.9845369622933 90.7989490134675 84.4786527265116 0 91.4556343706656 84.877334088665 79.8864977625784 90.9580781026514 91.0369794052077 93.1553923124741 85.6854997764966 92.6839352129843 85.0947406576928 85.7634929002411
91.6121845670317 92.2234504614938 87.5424991364325 91.2298628720652 80.5622918724125 70.237526392877 86.3453801341546 91.4556343706656 0 86.3715914053258 89.8531331056309 78.1200421657566 78.2671060229145 81.4121890441111 87.7917907521781 81.6841840260165 88.7973473856579 88.3327274477688
90.0415708322431 88.4822304503324 85.3461292680899 86.2118970069928 89.4448963599549 85.3915891308315 75.1757958751021 84.877334088665 86.3715914053258 0 80.237526392877 85.0053313723672 85.1587550662928 88.9312242752465 77.0711757029314 88.1465843099084 79.3255293548103 78.922933573106
90.593000884045 87.5935153898588 87.5576776396732 84.877334088665 91.9991201762544 89.2073249576102 82.099442252477 79.8864977625784 89.8531331056309 80.237526392877 0 88.7666298257024 88.8555759729316 91.4825686412198 79.6356543330438 90.8208933031192 78.1778938560859 79.6239007539644
92.4579550069773 92.4447587542196 88.6665542029632 91.2711359276465 85.3681348263785 79.3002428506583 86.0016174742824 90.9580781026514 78.1200421657566 85.0053313723672 88.7666298257024 0 51.3476007159418 80.1445703986413 85.6942351696241 78.103370572082 86.9257690522703 86.2581263061566
92.5320718421787 92.5203100503808 88.7817036207688 91.356090667385 85.4049102321986 79.5287352420867 86.1556538778795 91.0369794052077 78.2671060229145 85.1587550662928 88.8555759729316 51.3476007159418 0 79.8718995422336 85.795128692059 77.7055862356706 87.0095225412557 86.3448222842389
93.9355763693999 94.2169264795973 90.9502802943976 93.3268095699988 85.0830368532146 83.4304244917432 89.5003454440884 93.1553923124741 81.4121890441111 88.9312242752465 91.4825686412198 80.1445703986413 79.8718995422336 0 89.2338005042658 71.1136705287218 90.0415708322431 89.5598758378731
91.693328996376 89.9590100360185 88.1647383903082 87.9762509169206 90.738820882775 87.2425274907694 82.1259843966288 85.6854997764966 87.7917907521781 77.0711757029314 79.6356543330438 85.6942351696241 85.795128692059 89.2338005042658 0 88.2753097867997 69.5765657369386 65.0930706154422
93.8607985439761 93.964480905296 90.7841074747623 92.9953807752155 86.0621707455228 83.4206154648313 88.940188044825 92.6839352129843 81.6841840260165 88.1465843099084 90.8208933031192 78.103370572082 77.7055862356706 71.1136705287218 88.2753097867997 0 89.14994848217 88.607465606858
91.917298642149 89.9267487930091 88.7168802665761 87.9165025530579 91.4575637966244 88.2993261327158 83.237595614941 85.0947406576928 88.7973473856579 79.3255293548103 78.1778938560859 86.9257690522703 87.0095225412557 90.0415708322431 69.5765657369386 89.14994848217 0 64.9227372224544
91.9994607326019 90.1912970937131 88.6957997331364 88.2543876478932 91.1510920176696 87.8497272528937 83.1574795141574 85.7634929002411 88.3327274477688 78.922933573106 79.6239007539644 86.2581263061566 86.3448222842389 89.5598758378731 65.0930706154422 88.607465606858 64.9227372224544 0
