0 88.404227566296 92.8733171324165 92.4994299725232 85.1097422091168 91.5093368986618 87.1363578944901 91.8501491803079 93.4033961764943 92.4008933721061 90.0158379645473 90.4819001179839 91.1601906578911 90.867104733722 91.5879170280032 93.5095525964311 94.4682495356157 91.3382714869934
88.404227566296 0 85.8110653626681 85.26340400843 89.2434464950952 85.1675938994461 87.6019601377656 88.0300950629994 89.115684439989 89.1551959618225 91.6355767087045 90.4649628778786 90.1513509539906 91.0856014296263 90.6435497940177 90.497809241511 91.0771873132309 92.6743253133963
92.8733171324165 85.8110653626681 0 67.5663323468946 92.0454695830846 80.6094449823932 90.0778986393441 85.6059192870391 83.694394271791 86.6858398254183 92.7680336738098 91.056185765399 90.0926611723985 91.5931103213436 90.4025245178655 87.3920736384961 86.7082097157052 93.4150766305558
92.4994299725232 85.26340400843 67.5663323468946 0 91.5279769917565 78.4638216139284 89.4098004215052 84.5700464329907 82.9106243619669 85.8415162187485 92.2787262194362 90.4649628778786 89.4467356815688 91.0416689218196 89.7907245134303 86.7696515306304 86.3202690794079 92.9674028621278
85.1097422091168 89.2434464950952 92.0454695830846 91.5279769917565 0 89.6788680708702 78.922933573106 88.8728542182353 91.3008355089306 89.3103751266313 82.7417264159659 84.2596343120333 86.0728479354589 84.8172353991213 86.7067506377919 90.7451895052074 92.3073716170739 85.5762932353541
91.5093368986618 85.1675938994461 80.6094449823932 78.4638216139284 89.6788680708702 0 86.8249332995649 79.2299361010872 80.4078597858648 81.8069354424815 90.3230271652485 87.9538334430254 86.5828917856921 88.7147042607757 87.0838681956062 84.0735682389664 84.9504435034663 91.1568842665482
87.1363578944901 87.6019601377656 90.0778986393441 89.4098004215052 78.922933573106 86.8249332995649 0 85.5673171147236 88.9132410411909 86.2810577195812 83.051870788883 81.1881938127257 82.5570171580838 82.6342007106042 83.6895333266464 88.3073021585004 90.2609660205458 85.6825840698956
91.8501491803079 88.0300950629994 85.6059192870391 84.5700464329907 88.8728542182353 79.2299361010872 85.5673171147236 0 79.178079427437 70.855597892659 88.444562403568 85.0561662659079 82.5570171580838 85.9621420732846 83.0970686635682 78.7966354858417 82.8354320315571 89.2027885677725
93.4033961764943 89.115684439989 83.694394271791 82.9106243619669 91.3008355089306 80.4078597858648 88.9132410411909 79.178079427437 0 79.2684262627964 90.9350776916189 88.4776355514882 86.7365991732866 89.0281477013935 86.8982993539898 78.5776170713634 77.2169957016613 91.3996958465162
92.4008933721061 89.1551959618225 86.6858398254183 85.8415162187485 89.3103751266313 81.8069354424815 86.2810577195812 70.855597892659 79.2684262627964 0 88.3572170605267 84.8385417941978 81.9745296711912 85.6238550502764 82.240236057727 75.0930706154422 81.6177655634978 88.9312242752465
90.0158379645473 91.6355767087045 92.7680336738098 92.2787262194362 82.7417264159659 90.3230271652485 83.051870788883 88.444562403568 90.9350776916189 88.3572170605267 0 78.8179418809182 82.7760355725621 77.5803463896305 82.9763862971189 89.5317156500199 91.4668131279807 74.6168963459942
90.4819001179839 90.4649628778786 91.056185765399 90.4649628778786 84.2596343120333 87.9538334430254 81.1881938127257 85.0561662659079 88.4776355514882 84.8385417941978 78.8179418809182 0 74.1239704853616 67.9330371790942 75.289026176076 86.573399006352 89.178079427437 80.943337135734
91.1601906578911 90.1513509539906 90.0926611723985 89.4467356815688 86.0728479354589 86.5828917856921 82.5570171580838 82.5570171580838 86.7365991732866 81.9745296711912 82.7760355725621 74.1239704853616 0 76.3340981236618 65.9948369189331 84.2066957450215 87.4908764682633 83.7944074314021
90.867104733722 91.0856014296263 91.5931103213436 91.0416689218196 84.8172353991213 88.7147042607757 82.6342007106042 85.9621420732846 89.0281477013935 85.6238550502764 77.5803463896305 67.9330371790942 76.3340981236618 0 76.3340981236618 87.0520671395345 89.546717201444 79.0724707021626
91.5879170280032 90.6435497940177 90.4025245178655 89.7907245134303 86.7067506377919 87.0838681956062 83.6895333266464 83.0970686635682 86.8982993539898 82.240236057727 82.9763862971189 75.289026176076 65.9948369189331 76.3340981236618 0 84.0735682389664 87.4132525105052 83.5725918290523
93.5095525964311 90.497809241511 87.3920736384961 86.7696515306304 90.7451895052074 84.0735682389664 88.3073021585004 78.7966354858417 78.5776170713634 75.0930706154422 89.5317156500199 86.573399006352 84.2066957450215 87.0520671395345 84.0735682389664 0 77.4947214838478 89.8059877260316
94.4682495356157 91.0771873132309 86.7082097157052 86.3202690794079 92.3073716170739 84.9504435034663 90.2609660205458 82.8354320315571 77.2169957016613 81.6177655634978 91.4668131279807 89.178079427437 87.4908764682633 89.546717201444 87.4132525105052 77.4947214838478 0 91.6841840260165
91.3382714869934 92.6743253133963 93.4150766305558 92.9674028621278 85.5762932353541 91.1568842665482 85.6825840698956 89.2027885677725 91.3996958465162 88.9312242752465 74.6168963459942 80.943337135734 83.7944074314021 79.0724707021626 83.5725918290523 89.8059877260316 91.6841840260165 0
