0 81.7387672097631 86.3453801341546 87.9921677866299 84.1260579378503 86.0981015495578 87.0334386303324 90.1633214488167 89.2932463930761 90.2119042252309 90.6117913722832 92.0667470590189 92.513671632346 92.8312162621087 92.8759748657475 93.3197797121259 92.9436298012717 93.0483950425437
81.7387672097631 0 78.6957997331364 91.1559218154678 87.2272264362371 88.8108513571896 88.2990535223773 88.5962964327146 90.9468551611492 90.7301627873035 90.2487524343784 91.0332773192529 91.4343539178196 94.0311148723812 91.9745296711912 94.5849056969593 92.5942958832762 93.8146333429251
86.3453801341546 78.6957997331364 0 92.830076317056 89.3103751266313 90.5527990930723 89.6067615400457 87.8814856746282 92.1038920368907 91.3608158529667 90.3614318658224 90.4821552577958 90.7953557193797 94.8122488302583 91.4556343706656 95.3808158804431 92.4957863074959 94.3774230737726
87.9921677866299 91.1559218154678 92.830076317056 0 84.4927602312071 83.0834994846471 87.1363578944901 92.5843165221546 85.3413992496673 89.4058062790789 91.3639656939715 93.436054666465 93.8747780050804 88.5473354062564 93.932340506517 88.6432228969141 93.0754592790526 90.3870554766641
84.1260579378503 87.2272264362371 89.3103751266313 84.4927602312071 0 73.2478263495168 78.2859701914819 88.3666599593055 82.3445659532709 85.0947406576928 87.1049402642099 90.0077248227725 90.6454107238026 88.9298435901867 90.8600272095335 89.7907245134303 90.1887143134889 89.2299361010872
86.0981015495578 88.8108513571896 90.5527990930723 83.0834994846471 73.2478263495168 0 78.5990080291723 89.062436939935 79.2383631908137 84.4399969767003 87.2516823140145 90.3147328832802 90.9368178278012 87.4716001613441 91.0531172574814 88.4228902048013 90.071401062347 88.1316743187726
87.0334386303324 88.2990535223773 89.6067615400457 87.1363578944901 78.2859701914819 78.5990080291723 0 86.1013060532118 80.3134982103822 80.0523988018466 83.346266964393 87.7056993033671 88.5355599551008 87.8926215438674 88.7075533165581 89.13895268023 87.6481032143226 87.2979137182326
90.1633214488167 88.5962964327146 87.8814856746282 92.5843165221546 88.3666599593055 89.062436939935 86.1013060532118 0 89.2542657484955 85.7520263726057 80.9302887188506 78.8603457614892 80.3485019850597 92.0844407010529 82.1654959184623 93.0234486246624 85.042668369047 90.593000884045
89.2932463930761 90.9468551611492 92.1038920368907 85.3413992496673 82.3445659532709 79.2383631908137 80.3134982103822 89.2542657484955 0 81.4315354456356 86.2497118452781 89.8150073446818 90.4501731327698 83.549132899128 90.3706566862872 85.3314700581926 88.6451776702471 84.324286356206
90.2119042252309 90.7301627873035 91.3608158529667 89.4058062790789 85.0947406576928 84.4399969767003 80.0523988018466 85.7520263726057 81.4315354456356 0 79.3002428506583 85.8177244942396 86.7707867926468 86.3653649600743 86.560312462274 88.0983565886669 83.8213544350363 83.8146333429251
90.6117913722832 90.2487524343784 90.3614318658224 91.3639656939715 87.1049402642099 87.2516823140145 83.346266964393 80.9302887188506 86.2497118452781 79.3002428506583 0 80.3612792201691 82.1259843966288 89.4350734667223 82.1027689051246 90.7100459419821 80.3930962198545 87.1426142386487
92.0667470590189 91.0332773192529 90.4821552577958 93.436054666465 90.0077248227725 90.3147328832802 87.7056993033671 78.8603457614892 89.8150073446818 85.8177244942396 80.3612792201691 0 67.7284771212351 91.8744992979884 72.2061922957054 92.8645112529354 80.8559656142941 89.892772872907
92.513671632346 91.4343539178196 90.7953557193797 93.8747780050804 90.6454107238026 90.9368178278012 88.5355599551008 80.3485019850597 90.4501731327698 86.7707867926468 82.1259843966288 67.7284771212351 0 92.3019752737327 69.5765657369386 93.2478263495168 81.5047597563245 90.3589483380947
92.8312162621087 94.0311148723812 94.8122488302583 88.5473354062564 88.9298435901867 87.4716001613441 87.8926215438674 92.0844407010529 83.549132899128 86.3653649600743 89.4350734667223 91.8744992979884 92.3019752737327 0 92.0154368322127 73.5201228844259 89.9333298446319 80.0281873245205
92.8759748657475 91.9745296711912 91.4556343706656 93.932340506517 90.8600272095335 91.0531172574814 88.7075533165581 82.1654959184623 90.3706566862872 86.560312462274 82.1027689051246 72.2061922957054 69.5765657369386 92.0154368322127 0 92.9902333399376 79.546717201444 89.8920337031865
93.3197797121259 94.5849056969593 95.3808158804431 88.6432228969141 89.7907245134303 88.4228902048013 89.13895268023 93.0234486246624 85.3314700581926 88.0983565886669 90.7100459419821 92.8645112529354 93.2478263495168 73.5201228844259 92.9902333399376 0 91.1411444397705 83.1365622199274
92.9436298012717 92.5942958832762 92.4957863074959 93.0754592790526 90.1887143134889 90.071401062347 87.6481032143226 85.042668369047 88.6451776702471 83.8213544350363 80.3930962198545 80.8559656142941 81.5047597563245 89.9333298446319 79.546717201444 91.1411444397705 0 86.9257690522703
93.0483950425437 93.8146333429251 94.3774230737726 90.3870554766641 89.2299361010872 88.1316743187726 87.2979137182326 90.593000884045 84.324286356206 83.8146333429251 87.1426142386487 89.892772872907 90.3589483380947 80.0281873245205 89.8920337031865 83.1365622199274 86.9257690522703 0
