0 89.8715153788298 81.2513782961511 82.9953236968373 87.4327889573908 86.3957399195837 85.2650098301599 92.4515153347507 88.4396664044566 89.0508855923016 88.9042214225407 93.2018141324677 89.2704287059626 89.2234877779738 93.1194924223973 91.3542869546194 90.7297947523487 91.350942378021
89.8715153788298 0 91.2202079657615 91.3780416941355 85.27783507335 88.4961643605394 90.6374962592738 86.2389238659457 92.9555151395382 90.9919430936581 91.2904236491447 89.0467476620648 93.2329608177204 92.459180529333 89.2849999751602 91.2522621558446 92.743725790614 93.4105381668051
81.2513782961511 91.2202079657615 0 68.7966354858417 87.1441723475836 84.1758581374509 79.3771652313595 92.3595219726805 83.5392759245935 86.0178477447537 85.5578119658472 92.7103255969197 84.9796890336395 85.3026682251442 92.5419091008989 89.4510244050228 87.7602710557797 88.4728168971177
82.9953236968373 91.3780416941355 68.7966354858417 0 86.9725811306164 83.5201228844259 77.1312902905045 92.2007044368636 81.8246980227395 84.9504435034663 84.3678278482812 92.4551963165948 83.5392759245935 83.9122505112223 92.2640502205347 88.7859429613949 86.7548660553969 87.5293539193956
87.4327889573908 85.27783507335 87.1441723475836 86.9725811306164 0 78.7927204719032 84.7254986332328 85.5372620133263 88.5855863651314 84.657275705242 85.2650098301599 86.9299634953643 88.938897414181 87.5119820512232 86.7923005771085 85.885513214171 87.9781284666207 89.1017700423667
86.3957399195837 88.4961643605394 84.1758581374509 83.5201228844259 78.7927204719032 0 78.9449765482404 88.2667407548567 85.1872526798368 79.941542160005 80.5414499602846 88.6385873374445 85.7376505077114 83.7639185922361 88.3671318611857 84.2979161426279 85.042668369047 86.5420078105975
85.2650098301599 90.6374962592738 79.3771652313595 77.1312902905045 84.7254986332328 78.9449765482404 0 90.8043333862853 80.5641783314164 80.5977524952766 79.8419543483159 90.9331525002871 82.0454342893967 80.715999260007 90.6829239968011 86.1862568898462 84.1154619100384 85.435034457386
92.4515153347507 86.2389238659457 92.3595219726805 92.2007044368636 85.5372620133263 88.2667407548567 90.8043333862853 0 92.5535829264628 89.4520349365453 89.966086340479 78.3526220500199 92.6002345452722 91.476426946975 79.546717201444 87.9593092123406 91.0607621011519 91.775495757294
88.4396664044566 92.9555151395382 83.5392759245935 81.8246980227395 88.5855863651314 85.1872526798368 80.5641783314164 92.5535829264628 0 82.4570356382086 81.1503344224216 92.2956180379946 68.7966354858417 76.0717098833617 92.0184225233188 86.9399849236182 81.8388559645986 82.3259591196647
89.0508855923016 90.9919430936581 86.0178477447537 84.9504435034663 84.657275705242 79.941542160005 80.5977524952766 89.4520349365453 82.4570356382086 0 65.4038772798793 88.922933573106 82.3105428072981 77.8348847546013 88.5065898590045 79.9360690089101 78.103370572082 81.1963288727955
88.9042214225407 91.2904236491447 85.5578119658472 84.3678278482812 85.2650098301599 80.5414499602846 79.8419543483159 89.966086340479 81.1503344224216 65.4038772798793 0 89.4833567557197 80.9835004304115 75.5523155632995 89.0924689484848 81.1660409170523 77.2613042155554 80.5098229277861
93.2018141324677 89.0467476620648 92.7103255969197 92.4551963165948 86.9299634953643 88.6385873374445 90.9331525002871 78.3526220500199 92.2956180379946 88.922933573106 89.4833567557197 0 92.2305599791183 91.0096630257877 64.557081817564 86.3852582433843 90.2272956583012 90.9106642980969
89.2704287059626 93.2329608177204 84.9796890336395 83.5392759245935 88.938897414181 85.7376505077114 82.0454342893967 92.6002345452722 68.7966354858417 82.3105428072981 80.9835004304115 92.2305599791183 0 74.6017431792039 91.9357488699243 86.5364172448041 80.4372372021832 80.5969799317725
89.2234877779738 92.459180529333 85.3026682251442 83.9122505112223 87.5119820512232 83.7639185922361 80.715999260007 91.476426946975 76.0717098833617 77.8348847546013 75.5523155632995 91.0096630257877 74.6017431792039 0 90.6676799053077 84.0640832716239 76.0654511158566 78.1860958317419
93.1194924223973 89.2849999751602 92.5419091008989 92.2640502205347 86.7923005771085 88.3671318611857 90.6829239968011 79.546717201444 92.0184225233188 88.5065898590045 89.0924689484848 64.557081817564 91.9357488699243 90.6676799053077 0 85.7096288734813 89.8118152556869 90.5150984397825
91.3542869546194 91.2522621558446 89.4510244050228 88.7859429613949 85.885513214171 84.2979161426279 86.1862568898462 87.9593092123406 86.9399849236182 79.9360690089101 81.1660409170523 86.3852582433843 86.5364172448041 84.0640832716239 85.7096288734813 0 81.3926525972256 83.0829530043581
90.7297947523487 92.743725790614 87.7602710557797 86.7548660553969 87.9781284666207 85.042668369047 84.1154619100384 91.0607621011519 81.8388559645986 78.103370572082 77.2613042155554 90.2272956583012 80.4372372021832 76.0654511158566 89.8118152556869 81.3926525972256 0 70.7842300561655
91.350942378021 93.4105381668051 88.4728168971177 87.5293539193956 89.1017700423667 86.5420078105975 85.435034457386 91.775495757294 82.3259591196647 81.1963288727955 80.5098229277861 90.9106642980969 80.5969799317725 78.1860958317419 90.5150984397825 83.0829530043581 70.7842300561655 0
