0 50.943337135734 78.8356117918795 90.9788374068978 93.1379941225869 86.1640731082805 90.0287234574536 87.9122287697948 88.8270892502456 89.5287091114304 91.3608158529667 91.5744220790243 94.759360863331 91.676854159603 94.2608932916098 93.1915810256573 92.0157413669257 94.9224419044919
50.943337135734 0 78.6603825352034 91.0036042797299 93.1635070188037 86.0712740005132 90.0303314592563 87.8433129258108 88.7885009665248 89.4833594670039 91.3454034114811 91.558491875486 94.7663898876672 91.6536838862755 94.2640604256718 93.1769758896627 91.9609995056638 94.9171677743712
78.8356117918795 78.6603825352034 0 89.580133814493 92.1900093127201 81.3769599159453 87.8474465904322 84.1613919743094 85.61053085255 86.5428976967708 89.2194243612595 89.4784941033033 93.6394685999683 89.5214655396944 92.9913175176426 91.4668131279807 89.9677176977207 93.6162280300453
90.9788374068978 91.0036042797299 89.580133814493 0 80.6234942756704 89.2021401250958 79.9031015211419 88.7737928568809 86.5840769255055 87.7674880142273 84.7096255469027 85.0612171811727 86.2745348489583 86.6236474736943 85.6282873808047 87.1227714840238 91.7962429180347 88.4691989231381
93.1379941225869 93.1635070188037 92.1900093127201 80.6234942756704 0 91.9235409978307 85.8575002029303 91.5370777263936 89.9152079015356 90.642329607564 87.8767992619129 88.015631329007 84.0867649167404 89.1962561679747 84.7635075614827 88.7088962427666 93.5538235691763 88.3784347830183
86.1640731082805 86.0712740005132 81.3769599159453 89.2021401250958 91.9235409978307 0 86.1809123423807 73.6150544197642 80.2272956583012 80.702585200659 86.4716810615054 86.7365991732866 92.6453533138528 86.3286069779939 91.7532076048429 89.1453517305904 85.9689738268077 92.064022178416
90.0287234574536 90.0303314592563 87.8474465904322 79.9031015211419 85.8575002029303 86.1809123423807 0 85.1872958755761 81.3566743804071 83.2910400873432 78.7966354858417 79.6877879505167 87.3975598292249 82.0323684124072 86.0126439634877 84.3679169854713 89.2580823969194 87.7658945001565
87.9122287697948 87.8433129258108 84.1613919743094 88.7737928568809 91.5370777263936 73.6150544197642 85.1872958755761 0 76.6136007973246 75.9266461598574 84.7133156526588 84.9796890336395 91.9452821433984 84.2567382137534 90.922877176428 87.7056993033671 84.2107909313872 91.1040553030743
88.8270892502456 88.7885009665248 85.61053085255 86.5840769255055 89.9152079015356 80.2272956583012 81.3566743804071 76.6136007973246 0 71.5062480197496 80.6706031999295 81.1963957883817 90.3313942756851 80.7633055729185 89.1084015061976 85.4304003347848 85.4841598430449 89.5166621000467
89.5287091114304 89.4833594670039 86.5428976967708 87.7674880142273 90.642329607564 80.702585200659 83.2910400873432 75.9266461598574 71.5062480197496 0 81.1676208475889 81.4622871875072 90.6435497940177 80.0814756595712 89.3950222662906 85.1266271587609 83.5721452205338 89.4639959406485
91.3608158529667 91.3454034114811 89.2194243612595 84.7096255469027 87.8767992619129 86.4716810615054 78.7966354858417 84.7133156526588 80.6706031999295 81.1676208475889 0 60.0909476521939 87.094417010166 72.5570171580838 85.1336852654988 78.8634705521992 87.2181269125304 85.6716429694618
91.5744220790243 91.558491875486 89.4784941033033 85.0612171811727 88.015631329007 86.7365991732866 79.6877879505167 84.9796890336395 81.1963957883817 81.4622871875072 60.0909476521939 0 86.9886256035992 71.2968192133948 84.9607879581046 77.8452979360192 87.1311373807962 85.3208427639379
94.759360863331 94.7663898876672 93.6394685999683 86.2745348489583 84.0867649167404 92.6453533138528 87.3975598292249 91.9452821433984 90.3313942756851 90.6435497940177 87.094417010166 86.9886256035992 0 88.0198903710459 73.8440119531416 85.769280525775 92.8493684196828 81.7822776477354
91.676854159603 91.6536838862755 89.5214655396944 86.6236474736943 89.1962561679747 86.3286069779939 82.0323684124072 84.2567382137534 80.7633055729185 80.0814756595712 72.5570171580838 71.2968192133948 88.0198903710459 0 86.179098929195 78.0166695072635 85.6816597758764 85.8720144128062
94.2608932916098 94.2640604256718 92.9913175176426 85.6282873808047 84.7635075614827 91.7532076048429 86.0126439634877 90.922877176428 89.1084015061976 89.3950222662906 85.1336852654988 84.9607879581046 73.8440119531416 86.179098929195 0 83.237595614941 91.818666893075 79.0724707021626
93.1915810256573 93.1769758896627 91.4668131279807 87.1227714840238 88.7088962427666 89.1453517305904 84.3679169854713 87.7056993033671 85.4304003347848 85.1266271587609 78.8634705521992 77.8452979360192 85.769280525775 78.0166695072635 83.237595614941 0 87.8568047770822 81.4741215705682
92.0157413669257 91.9609995056638 89.9677176977207 91.7962429180347 93.5538235691763 85.9689738268077 89.2580823969194 84.2107909313872 85.4841598430449 83.5721452205338 87.2181269125304 87.1311373807962 92.8493684196828 85.6816597758764 91.818666893075 87.8568047770822 0 91.0755025319784
94.9224419044919 94.9171677743712 93.6162280300453 88.4691989231381 88.3784347830183 92.064022178416 87.7658945001565 91.1040553030743 89.5166621000467 89.4639959406485 85.6716429694618 85.3208427639379 81.7822776477354 85.8720144128062 79.0724707021626 81.4741215705682 91.0755025319784 0
