0 87.1768639511139 89.1059053311212 86.7434582610283 86.9388930455938 87.9951295844708 88.3564292247297 88.7429076482031 89.1770387781397 90.5665568630299 91.9473872513929 91.5819226242647 93.2552285905607 92.987250454927 92.7184135576832 93.0258690664609 93.0726670528142 93.0867412389314
87.1768639511139 0 83.350322871637 84.924474053039 91.5222793329793 89.444283079601 91.5597464763509 92.0921146346624 89.2471504141231 89.8059877260316 93.8658978492988 92.6579687865725 95.4658028809384 94.9822600913282 93.0288255534401 94.3990346962979 93.9547226928842 93.6150544197642
89.1059053311212 83.350322871637 0 79.6549748783775 90.5870054601447 86.4279153654506 89.9524896518765 90.6742279429639 85.0612171811727 85.0478726725336 92.0889464241235 90.0913607852125 94.2420343355861 93.5207282680307 90.1403926893302 92.455824211622 91.635257141007 91.0168360281414
86.7434582610283 84.924474053039 79.6549748783775 0 87.6910302758883 81.9124372658146 86.9399849236182 87.9269527962851 81.1530359729623 83.0838239298534 90.1762955422891 88.0715171378125 92.6708255255615 91.885951562939 88.7716451877599 90.8719638496243 90.166438767878 89.67130753563
86.9388930455938 91.5222793329793 90.5870054601447 87.6910302758883 0 83.7056567149524 76.3715914053258 75.5673171147236 86.394482578131 88.3327274477688 85.3303424647414 86.3802934588265 87.5253596696042 87.0637545821867 88.9298435901867 87.7647878994723 88.5210920458533 89.0496941384894
87.9951295844708 89.444283079601 86.4279153654506 81.9124372658146 83.7056567149524 0 80.802090708818 82.7417264159659 74.9526368355779 80.8422827729218 85.9415820941298 82.8522543049557 89.7314264593261 88.5731220444114 85.2003092693599 87.1933731458827 86.4967004156867 86.1821018921153
88.3564292247297 91.5597464763509 89.9524896518765 86.9399849236182 76.3715914053258 80.802090708818 0 68.7966354858417 84.1244095420812 86.3653649600743 82.5420156066597 83.091775616211 86.6685681142304 85.5523155632995 86.5982734344226 85.4963548523048 86.1651703119209 86.7696515306304
88.7429076482031 92.0921146346624 90.6742279429639 87.9269527962851 75.5673171147236 82.7417264159659 68.7966354858417 0 85.4601748535311 87.3660033247608 81.9745296711912 83.760486836007 85.7520263726057 84.7544879428325 87.1342704420015 85.3208427639379 86.3653649600743 87.1426142386487
89.1770387781397 89.2471504141231 85.0612171811727 81.1530359729623 86.394482578131 74.9526368355779 84.1244095420812 85.4601748535311 0 74.8747323062801 87.0121677590597 83.0461365160813 90.6381386342679 89.4465477903708 84.153457847412 87.6459981629487 86.3980255447345 85.5924749636896
90.5665568630299 89.8059877260316 85.0478726725336 83.0838239298534 88.3327274477688 80.8422827729218 86.3653649600743 87.3660033247608 74.8747323062801 0 87.8417512271091 83.555965823659 91.2848069067945 90.0692771132551 83.0811701290871 87.9538334430254 86.2440528241078 84.9504435034663
91.9473872513929 93.8658978492988 92.0889464241235 90.1762955422891 85.3303424647414 85.9415820941298 82.5420156066597 81.9745296711912 87.0121677590597 87.8417512271091 0 80.1912970937131 81.6251957531956 77.2272264362371 84.2959097000793 75.9948369189331 80.7886102691719 83.2478263495168
91.5819226242647 92.6579687865725 90.0913607852125 88.0715171378125 86.3802934588265 82.8522543049557 83.091775616211 83.760486836007 83.0461365160813 83.555965823659 80.1912970937131 0 86.9345227862877 84.676136068509 77.3877230304124 80.0228223518567 77.2169957016613 77.5803463896305
93.2552285905607 95.4658028809384 94.2420343355861 92.6708255255615 87.5253596696042 89.7314264593261 86.6685681142304 85.7520263726057 90.6381386342679 91.2848069067945 81.6251957531956 86.9345227862877 0 74.6168963459942 88.8518161753883 83.323798167022 86.4394995309249 88.0105149591016
92.987250454927 94.9822600913282 93.5207282680307 91.885951562939 87.0637545821867 88.5731220444114 85.5523155632995 84.7544879428325 89.4465477903708 90.0692771132551 77.2272264362371 84.676136068509 74.6168963459942 0 86.9866778667631 79.3756649167141 83.8703271661733 85.9195436335469
92.7184135576832 93.0288255534401 90.1403926893302 88.7716451877599 88.9298435901867 85.2003092693599 86.5982734344226 87.1342704420015 84.153457847412 83.0811701290871 84.2959097000793 77.3877230304124 88.8518161753883 86.9866778667631 0 82.5868656935784 77.4269372455433 71.1136705287218
93.0258690664609 94.3990346962979 92.455824211622 90.8719638496243 87.7647878994723 87.1933731458827 85.4963548523048 85.3208427639379 87.6459981629487 87.9538334430254 75.9948369189331 80.0228223518567 83.323798167022 79.3756649167141 82.5868656935784 0 76.0621707455228 80.4857622301273
93.0726670528142 93.9547226928842 91.635257141007 90.166438767878 88.5210920458533 86.4967004156867 86.1651703119209 86.3653649600743 86.3980255447345 86.2440528241078 80.7886102691719 77.2169957016613 86.4394995309249 83.8703271661733 77.4269372455433 76.0621707455228 0 72.5570171580838
93.0867412389314 93.6150544197642 91.0168360281414 89.67130753563 89.0496941384894 86.1821018921153 86.7696515306304 87.1426142386487 85.5924749636896 84.9504435034663 83.2478263495168 77.5803463896305 88.0105149591016 85.9195436335469 71.1136705287218 80.4857622301273 72.5570171580838 0
