0 71.9124372658146 89.5317156500199 78.4944597996847 90.7027075605651 86.9834364598563 88.3287645450219 88.2032697249812 90.0131486680226 89.6742169916369 90.7665018326547 92.1965229169693 90.8988116304854 90.9176378737087 93.5261172881643 91.2892206728703 93.7329298425762 92.1808738232924
71.9124372658146 0 88.7666298257024 73.9968508302003 89.7617468189833 85.303372492433 86.9312422033652 86.8517554835501 88.8679544492035 88.5119793763395 89.7170505944318 91.3128182576868 90.0158379645473 90.1036632376197 92.7760355725621 90.4761005024071 92.998628646352 91.4579495789759
89.5317156500199 88.7666298257024 0 89.0051368755729 82.2531040517902 86.2440528241078 85.3208427639379 89.6426912422026 88.9042214225407 89.703782638195 88.9738092406453 89.7799514872702 92.1084183731075 92.6717007369611 90.2129320195368 92.6230052696902 91.2493343553935 93.2874975114044
78.4944597996847 73.9968508302003 89.0051368755729 0 89.3443980803016 83.6964506811521 85.8005514005498 84.7814907955383 87.4995229711462 86.9257690522703 88.5369933522933 90.3733330693944 88.5392602221938 88.6252767520647 92.0814341624635 89.0711342058237 92.2305599791183 90.2129320195368
90.7027075605651 89.7617468189833 82.2531040517902 89.3443980803016 0 83.9209422467254 81.2614598490377 87.4754622734875 85.2003092693599 86.7696515306304 84.7490671664029 85.3555738781601 89.9921148053681 90.8520511837489 85.7777836167194 90.6346994717011 87.4658005457673 91.3239724057126
86.9834364598563 85.303372492433 86.2440528241078 83.6964506811521 83.9209422467254 0 72.9023336598264 79.8920337031866 80.4372372021832 81.1136705287218 82.1259843966288 85.3978222783945 86.1703870630815 87.1185824845969 87.9994087697801 87.1394871931621 88.444562403568 88.444562403568
88.3287645450219 86.9312422033652 85.3208427639379 85.8005514005498 81.2614598490377 72.9023336598264 0 81.9332335297458 79.8026005337483 81.6658361118692 80.8110544783965 84.0608757462916 86.801327225864 87.8594558778782 86.6766955363947 87.7285209261352 87.4269372455433 88.8560319448367
88.2032697249812 86.8517554835501 89.6426912422026 84.7814907955383 87.4754622734875 79.8920337031866 81.9332335297458 0 78.4638216139284 74.4651623168477 81.2856097434395 84.9607879581046 80.7342661421173 82.1883793840769 88.2543876478932 82.3859648733539 88.0105149591016 84.6280655201376
90.0131486680226 88.8679544492035 88.9042214225407 87.4995229711462 85.2003092693599 80.4372372021832 79.8026005337483 78.4638216139284 0 72.0827706588024 70.237526392877 79.5943768821453 82.5570171580838 84.5245899885005 84.875578299347 83.9903961178617 84.7544879428325 85.435034457386
89.6742169916369 88.5119793763395 89.703782638195 86.9257690522703 86.7696515306304 81.1136705287218 81.6658361118692 74.4651623168477 72.0827706588024 0 76.706750637792 82.0052461083682 79.9085993106296 82.3326765383033 86.3951708178881 81.8388559645986 85.9744315024477 83.8681130724119
90.7665018326547 89.7170505944318 88.9738092406453 88.5369933522933 84.7490671664029 82.1259843966288 80.8110544783965 81.2856097434395 70.237526392877 76.706750637792 0 76.0487872378001 83.6033008406848 85.4673355948484 83.0970686635682 84.8172353991213 83.0277507001197 85.9209243186067
92.1965229169693 91.3128182576868 89.7799514872702 90.3733330693944 85.3555738781601 85.3978222783945 84.0608757462916 84.9607879581046 79.5943768821453 82.0052461083682 76.0487872378001 0 85.4412056055918 87.0264575627073 78.4407002914246 86.2734273606889 77.9330371790942 86.8159556326594
90.8988116304854 90.0158379645473 92.1084183731075 88.5392602221938 89.9921148053681 86.1703870630815 86.801327225864 80.7342661421173 82.5570171580838 79.9085993106296 83.6033008406848 85.4412056055918 0 71.4741215705682 88.5392602221938 67.8452979360192 87.5605177126806 75.7863355292019
90.9176378737087 90.1036632376197 92.6717007369611 88.6252767520647 90.8520511837489 87.1185824845969 87.8594558778782 82.1883793840769 84.5245899885005 82.3326765383033 85.4673355948484 87.0264575627073 71.4741215705682 0 89.6707254104607 67.9330371790942 88.7780850115565 75.0930706154422
93.5261172881643 92.7760355725621 90.2129320195368 92.0814341624635 85.7777836167194 87.9994087697801 86.6766955363947 88.2543876478932 84.875578299347 86.3951708178881 83.0970686635682 78.4407002914246 88.5392602221938 89.6707254104607 0 89.0711342058237 74.484421527208 89.3040452248854
91.2892206728703 90.4761005024071 92.6230052696902 89.0711342058237 90.6346994717011 87.1394871931621 87.7285209261352 82.3859648733539 83.9903961178617 81.8388559645986 84.8172353991213 86.2734273606889 67.8452979360192 67.9330371790942 89.0711342058237 0 88.0428173008416 72.0827706588024
93.7329298425762 92.998628646352 91.2493343553935 92.2305599791183 87.4658005457673 88.444562403568 87.4269372455433 88.0105149591016 84.7544879428325 85.9744315024477 83.0277507001197 77.9330371790942 87.5605177126806 88.7780850115565 74.484421527208 88.0428173008416 0 88.1050406143326
92.1808738232924 91.4579495789759 93.2874975114044 90.2129320195368 91.3239724057126 88.444562403568 88.8560319448367 84.6280655201376 85.435034457386 83.8681130724119 85.9209243186067 86.8159556326594 75.7863355292019 75.0930706154422 89.3040452248854 72.0827706588024 88.1050406143326 0
