0 75.2408599357581 90.5618826644186 86.1033994395945 90.2989135866642 84.6944839826563 84.3396667968128 85.5439139327075 87.1801235702248 87.4995229711462 87.59539342008 91.8304843491469 88.9082679227489 88.4104573609006 91.7040974325553 89.6333203215783 90.0862396923935 90.9639750609905
75.2408599357581 0 88.9385592953866 83.4960621867671 88.6914254388411 83.4107842329724 84.2987432784557 84.5980549993468 86.1647176859621 87.5935153898588 87.7056993033671 90.681923723046 87.926368070769 87.7864035964503 90.5953563168944 88.9308950365104 90.2313908446669 90.230946997254
90.5618826644186 88.9385592953866 0 83.7301348995207 75.4267146611838 88.5110577033824 90.4078597858648 88.9731256890866 88.5241253582302 91.5480598302211 91.6240845606943 84.5321991797927 88.2301208042432 89.7622082195025 85.4288545277498 89.5341193832037 92.9303940020239 89.4467356815688
86.1033994395945 83.4960621867671 83.7301348995207 0 82.1556516872302 81.3769599159453 85.1104968646428 82.6487547706169 82.6479913703551 87.4327889573908 87.5605177126806 85.7618783463204 83.6973007355168 85.2922183444072 85.7362762833704 85.8239969785516 89.8329905787374 86.8586285264349
90.2989135866642 88.6914254388411 75.4267146611838 82.1556516872302 0 87.1768639511139 89.3691413311854 87.5897937777911 86.8269271227045 90.4401640436861 90.5227604901881 81.1962190031084 86.1943731728855 88.1860958317419 82.3109561107235 87.7662763373627 91.8810549507213 87.5436947968866
84.6944839826563 83.4107842329724 88.5110577033824 81.3769599159453 87.1768639511139 0 76.3411743085285 67.4817607524922 75.1064964577059 81.5766707252515 81.828241837558 87.8761936768429 80.6536805266089 79.7571837034398 87.4280657322421 82.4437593076301 86.0178477447537 85.1860828767357
84.3396667968128 84.2987432784557 90.4078597858648 85.1104968646428 89.3691413311854 76.3411743085285 0 75.3681348263785 79.7342959307347 77.5785090712416 77.9311547115952 89.7291295163562 83.4033961764943 80.8448864557647 89.2970716604341 83.8325331923513 84.1251076722161 86.5075683494469
85.5439139327075 84.5980549993468 88.9731256890866 82.6487547706169 87.5897937777911 67.4817607524922 75.3681348263785 0 72.5269620566865 79.9704684421498 80.2695175294537 87.8858782559868 79.5706124189138 77.5528168206868 87.3620425904971 81.1303421223965 84.9831952489881 84.3990346962979
87.1801235702248 86.1647176859621 88.5241253582302 82.6479913703551 86.8269271227045 75.1064964577059 79.7342959307347 72.5269620566865 0 81.1096840795378 81.3415382370483 86.5376151333289 74.4651623168477 73.817473219383 85.840110052371 77.6457956664753 84.9827492926046 81.9332335297458
87.4995229711462 87.5935153898588 91.5480598302211 87.4327889573908 90.4401640436861 81.5766707252515 77.5785090712416 79.9704684421498 81.1096840795378 0 50.943337135734 90.0768250110435 83.3581057061954 79.178079427437 89.5343580317855 82.4383476687568 78.607465606858 85.449715432904
87.59539342008 87.7056993033671 91.6240845606943 87.5605177126806 90.5227604901881 81.828241837558 77.9311547115952 80.2695175294537 81.3415382370483 50.943337135734 0 90.1436317758236 83.4977477497799 79.3756649167141 89.6017030827601 82.5386901531876 78.2753097867997 85.5062434893729
91.8304843491469 90.681923723046 84.5321991797927 85.7618783463204 81.1962190031084 87.8761936768429 89.7291295163562 87.8858782559868 86.5376151333289 90.0768250110435 90.1436317758236 0 84.7109310897828 87.2149513875168 67.9330371790942 85.9539297579115 91.0492889942065 84.4651623168477
88.9082679227489 87.926368070769 88.2301208042432 83.6973007355168 86.1943731728855 80.6536805266089 83.4033961764943 79.5706124189138 74.4651623168477 83.3581057061954 83.4977477497799 84.7109310897828 0 75.232801546842 83.6687149094864 72.79025144391 85.6260128839012 77.5803463896305
88.4104573609006 87.7864035964503 89.7622082195025 85.2922183444072 88.1860958317419 79.7571837034398 80.8448864557647 77.5528168206868 73.817473219383 79.178079427437 79.3756649167141 87.2149513875168 75.232801546842 0 86.4188421914608 73.2400673615001 82.6751998198568 80.2339796001256
91.7040974325553 90.5953563168944 85.4288545277498 85.7362762833704 82.3109561107235 87.4280657322421 89.2970716604341 87.3620425904971 85.840110052371 89.5343580317855 89.6017030827601 67.9330371790942 83.6687149094864 86.4188421914608 0 84.9227372224544 90.4843804483011 83.091775616211
89.6333203215783 88.9308950365104 89.5341193832037 85.8239969785516 87.7662763373627 82.4437593076301 83.8325331923513 81.1303421223965 77.6457956664753 82.4383476687568 82.5386901531876 85.9539297579115 72.79025144391 73.2400673615001 84.9227372224544 0 83.9939589281369 75.0930706154422
90.0862396923935 90.2313908446669 92.9303940020239 89.8329905787374 91.8810549507213 86.0178477447537 84.1251076722161 84.9831952489881 84.9827492926046 78.607465606858 78.2753097867997 91.0492889942065 85.6260128839012 82.6751998198568 90.4843804483011 83.9939589281369 0 85.9924814707969
90.9639750609905 90.230946997254 89.4467356815688 86.8586285264349 87.5436947968866 85.1860828767357 86.5075683494469 84.3990346962979 81.9332335297458 85.449715432904 85.5062434893729 84.4651623168477 77.5803463896305 80.2339796001256 83.091775616211 75.0930706154422 85.9924814707969 0
