0 82.3073716170739 82.9023336598264 84.6727396812858 81.6658361118692 91.6658361118692 88.1950251683843 82.3578348697387 83.051870788883 84.7182209694953 83.6033008406848 87.8673994840703 86.301340043983 92.7097370145201 89.7107101071407 89.9769504982872 91.7542887013474 92.3633806033004
82.3073716170739 0 87.3431796161499 72.5707967928602 75.5673171147236 88.1142143850042 82.0634033608672 84.3517426338573 79.9085993106296 78.7966354858417 80.5622918724125 81.9950314157273 83.2299067168234 89.6685543684736 87.4444687801697 90.3175129505054 89.4705762436461 90.0351542282359
82.9023336598264 87.3431796161499 0 88.3703725794582 85.4719304936925 93.6291168545625 90.686832599821 79.546717201444 84.8615063718665 86.8817337465467 85.0206444159974 89.9003244053271 86.7365991732866 93.9035215738868 89.4295383100754 86.728583188484 91.7715497451273 92.5423968956076
84.6727396812858 72.5707967928602 88.3703725794582 0 77.5863807921445 86.8074881115992 78.6738840693766 85.3029397862081 80.4304489382061 77.4213685895654 80.8048264728745 78.5480850896325 82.4317137714193 88.3666599593055 86.5144036386959 90.3596248767313 88.4524925981002 88.9922245819579
81.6658361118692 75.5673171147236 85.4719304936925 77.5863807921445 0 89.3223765816634 83.7952988391309 80.738820882775 72.0827706588024 74.2066957450215 73.8213544350363 82.3921913186054 79.7571837034398 90.0594146912861 85.8203757673713 88.5716226676249 88.6148957965558 89.4136221085176
91.6658361118692 88.1142143850042 93.6291168545625 86.8074881115992 89.3223765816634 0 82.8835506914919 91.9625254725383 89.8781805979189 88.5513302520412 89.8936931102572 85.2003092693599 89.6426912422026 82.6320834618176 90.1450923558343 94.035592025582 89.7543293196242 89.3769191988009
88.1950251683843 82.0634033608672 90.686832599821 78.6738840693766 83.7952988391309 82.8835506914919 0 88.2003981474724 84.7334260318347 82.1857198262913 84.7695667790033 74.5002303179606 84.6010556175279 85.0964100579897 86.5727180462134 91.4514316414276 87.4328234421328 87.6253319777206
82.3578348697387 84.3517426338573 79.546717201444 85.3029397862081 80.738820882775 91.9625254725383 88.2003981474724 0 78.5776170713634 82.3105428072981 78.6957997331364 86.9312422033652 81.7532076048429 92.0906272797273 86.2937452682456 85.3555738781601 89.4510244050228 90.4119216202154
83.051870788883 79.9085993106296 84.8615063718665 80.4304489382061 72.0827706588024 89.8781805979189 84.7334260318347 78.5776170713634 0 73.2478263495168 59.9742370056535 82.79025144391 76.2196361444474 90.1317213697672 84.3199260459954 87.202632062897 87.7917907521781 88.7767645720301
84.7182209694953 78.7966354858417 86.8817337465467 77.4213685895654 74.2066957450215 88.5513302520412 82.1857198262913 82.3105428072981 73.2478263495168 0 73.0384872811603 79.2684262627964 75.4304003347848 88.8145686936601 83.5008850021645 88.1729652251589 86.8159556326594 87.7611507025846
83.6033008406848 80.5622918724125 85.0206444159974 80.8048264728745 73.8213544350363 89.8936931102572 84.7695667790033 78.6957997331364 59.9742370056535 73.0384872811603 0 82.6751998198568 74.8349979793794 90.03216430563 83.7944074314021 86.9312422033652 87.4716001613441 88.5082935899232
87.8673994840703 81.9950314157273 89.9003244053271 78.5480850896325 82.3921913186054 85.2003092693599 74.5002303179606 86.9312422033652 82.79025144391 79.2684262627964 82.6751998198568 0 81.6951556819209 85.4224803932125 84.1114246562642 90.1964580507305 85.6238550502764 86.120062744521
86.301340043983 83.2299067168234 86.7365991732866 82.4317137714193 79.7571837034398 89.6426912422026 84.6010556175279 81.7532076048429 76.2196361444474 75.4304003347848 74.8349979793794 81.6951556819209 0 89.1213520290148 79.9796622965764 86.2080222604288 85.2068228736091 86.590359486359
92.7097370145201 89.6685543684736 93.9035215738868 88.3666599593055 90.0594146912861 82.6320834618176 85.0964100579897 92.0906272797273 90.1317213697672 88.8145686936601 90.03216430563 85.4224803932125 89.1213520290148 0 88.2909218246195 93.2250743673397 86.4847038597307 85.3649979935812
89.7107101071407 87.4444687801697 89.4295383100754 86.5144036386959 85.8203757673713 90.1450923558343 86.5727180462134 86.2937452682456 84.3199260459954 83.5008850021645 83.7944074314021 84.1114246562642 79.9796622965764 88.2909218246195 0 85.9975504115668 79.2684262627964 82.2473682746187
89.9769504982872 90.3175129505054 86.728583188484 90.3596248767313 88.5716226676249 94.035592025582 91.4514316414276 85.3555738781601 87.202632062897 88.1729652251589 86.9312422033652 90.1964580507305 86.2080222604288 93.2250743673397 85.9975504115668 0 88.7780850115565 89.9436777336584
91.7542887013474 89.4705762436461 91.7715497451273 88.4524925981002 88.6148957965558 89.7543293196242 87.4328234421328 89.4510244050228 87.7917907521781 86.8159556326594 87.4716001613441 85.6238550502764 85.2068228736091 86.4847038597307 79.2684262627964 88.7780850115565 0 71.9753572060504
92.3633806033004 90.0351542282359 92.5423968956076 88.9922245819579 89.4136221085176 89.3769191988009 87.6253319777206 90.4119216202154 88.7767645720301 87.7611507025846 88.5082935899232 86.120062744521 86.590359486359 85.3649979935812 82.2473682746187 89.9436777336584 71.9753572060504 0
