0 79.7571837034398 88.1901910181076 88.2382248275296 86.9996193558102 81.8810549507213 84.5093314929837 87.5263136388159 84.559936467944 84.7544879428325 91.5230394528411 87.5605177126806 89.9333298446319 90.166438767878 89.2970716604341 89.6602810723124 90.6861507245123 93.555965823659
79.7571837034398 0 84.056636658772 84.2250937501173 82.5570171580838 84.5681618832458 82.5809123755536 84.6168963459942 86.5099091904703 86.2196361444474 89.3274199206759 85.7863355292019 88.1050406143326 88.5962964327146 90.4557406389774 90.0095865828729 89.7992106976306 92.2211858993557
88.1901910181076 84.056636658772 0 72.5570171580838 78.3784347830183 89.6497167678421 86.3914562533118 84.1114246562642 90.5552592676064 90.166438767878 85.5085157137867 86.9049079448957 87.1530214921769 88.036884894078 92.9436298012717 91.9413929676864 90.1466578511299 90.4881743072895
88.2382248275296 84.2250937501173 72.5570171580838 0 74.0608757462916 89.1656719381225 85.2068228736091 81.7532076048429 90.0102324476135 89.5413226105397 83.6477962159136 85.3413992496673 85.3790959332366 86.4602762870063 92.3999618428095 91.1836852352102 88.9731256890866 89.3905934154663
86.9996193558102 82.5570171580838 78.3784347830183 74.0608757462916 0 87.5878764215456 82.3921913186054 77.9330371790942 88.5358025699726 87.9607434601061 84.0417671828947 82.8298100957312 83.785387812752 84.9659509602808 91.2791828908882 89.9211829506236 87.669856364134 89.1473223627738
81.8810549507213 84.5681618832458 89.6497167678421 89.1656719381225 87.5878764215456 0 81.6251957531956 86.4797404980476 73.1512999445854 73.9968508302003 91.1324215788973 85.042668369047 88.3390605802349 88.3001243947931 84.5869706818913 85.2709523948013 88.0933368098544 92.5212279985545
84.5093314929837 82.5809123755536 86.3914562533118 85.2068228736091 82.3921913186054 81.6251957531956 0 79.1123755294906 82.8492911849247 81.5729154765791 87.5944545064845 77.0071507868401 83.4960621867671 83.8146333429251 87.4327889573908 85.6991513697068 85.015546065008 89.9267487930091
87.5263136388159 84.6168963459942 84.1114246562642 81.7532076048429 77.9330371790942 86.4797404980476 79.1123755294906 0 87.1012075410639 86.2734273606889 83.4984742639294 76.0487872378001 78.607465606858 80.3134982103822 89.7651660120367 87.7256890836092 84.2596343120333 87.6019601377656
84.559936467944 86.5099091904703 90.5552592676064 90.0102324476135 88.5358025699726 73.1512999445854 82.8492911849247 87.1012075410639 0 67.1194395602727 91.4346255699829 85.2500459273226 88.4062685420017 88.2192639530426 81.882924377539 83.237595614941 87.5311619356278 92.45190970849
84.7544879428325 86.2196361444474 90.166438767878 89.5413226105397 87.9607434601061 73.9968508302003 81.5729154765791 86.2734273606889 67.1194395602727 0 90.9176378737087 84.1239704853616 87.627196302634 87.4181448674708 82.1883793840769 82.5024603279916 86.706750637792 91.9693890769997
91.5230394528411 89.3274199206759 85.5085157137867 83.6477962159136 84.0417671828947 91.1324215788973 87.5944545064845 83.4984742639294 91.4346255699829 90.9176378737087 0 85.6985962861268 82.1654959184623 83.5008850021645 92.8357129374023 91.0616376805478 87.0382140342669 83.5392759245935
87.5605177126806 85.7863355292019 86.9049079448957 85.3413992496673 82.8298100957312 85.042668369047 77.0071507868401 76.0487872378001 85.2500459273226 84.1239704853616 85.6985962861268 0 78.3311427205777 78.5550952672913 87.929561432755 85.1166195497695 81.2209091826396 87.7998589768893
89.9333298446319 88.1050406143326 87.1530214921769 85.3790959332366 83.785387812752 88.3390605802349 83.4960621867671 78.607465606858 88.4062685420017 87.627196302634 82.1654959184623 78.3311427205777 0 68.1860958317419 89.9130061550656 87.2068026757392 80.237526392877 84.2979161426279
90.166438767878 88.5962964327146 88.036884894078 86.4602762870063 84.9659509602808 88.3001243947931 83.8146333429251 80.3134982103822 88.2192639530426 87.4181448674708 83.5008850021645 78.5550952672913 68.1860958317419 0 89.4809274664817 86.4713243504837 77.8007545217567 84.2312091392794
89.2970716604341 90.4557406389774 92.9436298012717 92.3999618428095 91.2791828908882 84.5869706818913 87.4327889573908 89.7651660120367 81.882924377539 82.1883793840769 92.8357129374023 87.929561432755 89.9130061550656 89.4809274664817 0 79.7513296523571 87.8221923842211 92.9422595709972
89.6602810723124 90.0095865828729 91.9413929676864 91.1836852352102 89.9211829506236 85.2709523948013 85.6991513697068 87.7256890836092 83.237595614941 82.5024603279916 91.0616376805478 85.1166195497695 87.2068026757392 86.4713243504837 79.7513296523571 0 83.5833084957359 90.8448272382134
90.6861507245123 89.7992106976306 90.1466578511299 88.9731256890866 87.669856364134 88.0933368098544 85.015546065008 84.2596343120333 87.5311619356278 86.706750637792 87.0382140342669 81.2209091826396 80.237526392877 77.8007545217567 87.8221923842211 83.5833084957359 0 85.9195436335469
93.555965823659 92.2211858993557 90.4881743072895 89.3905934154663 89.1473223627738 92.5212279985545 89.9267487930091 87.6019601377656 92.45190970849 91.9693890769997 83.5392759245935 87.7998589768893 84.2979161426279 84.2312091392794 92.9422595709972 90.8448272382134 85.9195436335469 0
