0 84.3139343989393 84.924474053039 84.7832850301513 86.1033994395945 91.3922609704776 88.9949461517284 90.0976779217747 90.1576005458867 91.0805549162447 91.0501520670485 91.1286778400159 90.6374962592738 90.960679650052 90.9311598340514 91.6516230123806 90.9176378737087 91.8680872649938
84.3139343989393 0 89.6648998632169 86.0621707455228 89.5214849154441 93.8525827295616 89.546717201444 90.1986104261573 90.3104847178461 89.5275059129689 92.5281682627265 92.6002308959102 91.2683159643051 92.1026151082951 91.9391077449011 90.1461036280236 91.2078525931164 90.4790012783041
84.924474053039 89.6648998632169 0 83.9536370923738 75.9126336164662 85.8203757673713 86.2581263061566 87.8524153946309 87.8293148865457 90.6801563207739 86.4210841896122 86.5268222233502 87.5186760113139 86.9436957804781 87.1561388112382 91.2024556084324 88.3327274477688 91.3096260893556
84.7832850301513 86.0621707455228 83.9536370923738 0 81.5653952239311 89.8831728078525 80.943337135734 83.3501314288069 83.5008850021645 85.9566689221897 86.9312422033652 87.0679967752654 84.8615063718665 86.172843485457 85.9140164997191 86.9282716227871 85.1626652685191 87.2169957016613
86.1033994395945 89.5214849154441 75.9126336164662 81.5653952239311 0 85.823200447028 83.201597050353 85.3626971139447 85.3208427639379 89.140092335677 83.9968508302003 84.1593214403875 84.8825972015924 84.331680412481 84.5321991797927 89.7293005107643 85.9566689221897 89.8296243895863
91.3922609704776 93.8525827295616 85.8203757673713 89.8831728078525 85.823200447028 0 89.1558514511934 89.9180333890285 89.8150073446818 92.8100758107315 84.8314512704693 84.7904545651168 88.6230543495502 86.6819118837642 87.2628453983262 93.085388896477 89.5407227977055 93.0625479788191
88.9949461517284 89.546717201444 86.2581263061566 80.943337135734 83.201597050353 89.1558514511934 0 72.4923531576992 72.5868656935784 83.6009463029101 83.1391823978766 83.3313227628732 76.3715914053258 80.8565750771145 79.9360690089101 84.5105175103351 76.8982993539898 84.5832154332189
90.0976779217747 90.1986104261573 87.8524153946309 83.3501314288069 85.3626971139447 89.9180333890285 72.4923531576992 0 54.1768740055239 81.9639867578663 83.78001408992 83.9305860875751 74.8905151563262 81.1676208475889 79.9872821168361 82.79025144391 72.1635573658431 82.7254542687503
90.1576005458867 90.3104847178461 87.8293148865457 83.5008850021645 85.3208427639379 89.8150073446818 72.5868656935784 54.1768740055239 0 82.2595237792253 83.5153213971275 83.6687149094864 74.0608757462916 80.7907204592127 79.546717201444 83.0300862509907 71.1136705287218 82.9463689655499
91.0805549162447 89.5275059129689 90.6801563207739 85.9566689221897 89.140092335677 92.8100758107315 83.6009463029101 81.9639867578663 82.2595237792253 0 88.9187822793513 88.9976660170554 84.9796890336395 87.5237269867547 86.9476203930553 67.7275499540036 83.6150544197642 70.943337135734
91.0501520670485 92.5281682627265 86.4210841896122 86.9312422033652 83.9968508302003 84.8314512704693 83.1391823978766 83.78001408992 83.5153213971275 88.9187822793513 0 50.943337135734 80.2119042252309 72.6747428903349 75.3681348263785 89.2224452261777 82.3546980369414 89.1189908313318
91.1286778400159 92.6002308959102 86.5268222233502 87.0679967752654 84.1593214403875 84.7904545651168 83.3313227628732 83.9305860875751 83.6687149094864 88.9976660170554 50.943337135734 0 80.4078597858648 73.0592474297852 75.6562542463234 89.2927402204773 82.4936594236437 89.1865483842417
90.6374962592738 91.2683159643051 87.5186760113139 84.8615063718665 84.8825972015924 88.6230543495502 76.3715914053258 74.8905151563262 74.0608757462916 84.9796890336395 80.2119042252309 80.4078597858648 0 75.6196477964855 73.091775616211 85.422535435146 69.5765657369386 85.2650098301599
90.960679650052 92.1026151082951 86.9436957804781 86.172843485457 84.331680412481 86.6819118837642 80.8565750771145 81.1676208475889 80.7907204592127 87.5237269867547 72.6747428903349 73.0592474297852 75.6196477964855 0 63.903429196504 87.8497272528937 78.9215805072772 87.7163995036483
90.9311598340514 91.9391077449011 87.1561388112382 85.9140164997191 84.5321991797927 87.2628453983262 79.9360690089101 79.9872821168361 79.546717201444 86.9476203930553 75.3681348263785 75.6562542463234 73.091775616211 63.903429196504 0 87.2852576775147 77.2272264362371 87.1394871931621
91.6516230123806 90.1461036280236 91.2024556084324 86.9282716227871 89.7293005107643 93.085388896477 84.5105175103351 82.79025144391 83.0300862509907 67.7275499540036 89.2224452261777 89.2927402204773 85.422535435146 87.8497272528937 87.2852576775147 0 84.0294180278001 62.4372196617099
90.9176378737087 91.2078525931164 88.3327274477688 85.1626652685191 85.9566689221897 89.5407227977055 76.8982993539898 72.1635573658431 71.1136705287218 83.6150544197642 82.3546980369414 82.4936594236437 69.5765657369386 78.9215805072772 77.2272264362371 84.0294180278001 0 83.7989102258118
91.8680872649938 90.4790012783041 91.3096260893556 87.2169957016613 89.8296243895863 93.0625479788191 84.5832154332189 82.7254542687503 82.9463689655499 70.943337135734 89.1189908313318 89.1865483842417 85.2650098301599 87.7163995036483 87.1394871931621 62.4372196617099 83.7989102258118 0
