0 85.4841598430449 81.4741215705682 88.7284672531233 90.1010277955709 84.1593214403875 85.9403746200111 90.2921179672588 87.2016042685911 87.7602710557797 88.4104573609006 89.4976025594798 90.891785631268 89.9491930022336 90.2584243544002 91.4250351233942 91.8694910451496 92.4126754813617
85.4841598430449 0 86.9388930455938 79.9742370056535 82.9953807752155 87.7917907521781 83.7854681252576 84.1186119129188 89.4301536759735 90.0527811932338 87.221090888027 86.892106216603 87.0764687502886 87.4142314228996 91.1419742754125 92.8162876826714 92.4808762002859 93.0483950425437
81.4741215705682 86.9388930455938 0 88.6906959612515 90.0415708322431 72.6751998198568 82.7684951714181 89.8317308686242 80.8776994407101 82.0323684124072 84.8118924275813 87.061318140245 89.4705762436461 87.5972706385311 86.3653649600743 88.1441028634154 88.7630438748595 89.519074177209
88.7284672531233 79.9742370056535 88.6906959612515 0 73.4960621867671 88.9669688788295 83.8203895974241 75.7285495012336 89.9316855164168 90.521324885034 86.2937452682456 84.6833357608518 83.1155436921792 85.1280073452 90.9450739663187 92.8253073013216 92.1147237997729 92.6941043474961
90.1010277955709 82.9953807752155 90.0415708322431 73.4960621867671 0 90.2211456292078 85.8192724548624 71.968316960849 90.9580781026514 91.476426946975 87.4716001613441 85.655621910743 83.0196808096236 85.9084823227115 91.676854159603 93.4504640003259 92.670533749229 93.2028878646942
84.1593214403875 87.7917907521781 72.6751998198568 88.9669688788295 90.2211456292078 0 82.4429537204271 89.8719669509574 76.625354376404 78.5626155199393 83.447537158823 86.2871050918536 89.0891422958372 86.8148321182775 84.3596604935146 86.6112462595499 87.2820597623173 88.170498810619
85.9403746200111 83.7854681252576 82.7684951714181 83.8203895974241 85.8192724548624 82.4429537204271 0 85.0830368532146 84.0009374819547 85.1319665992713 77.9577389701129 80.0281873245205 84.145572495239 81.3109318076063 86.3372719280138 89.188407425274 88.5056242138829 89.3865235502125
90.2921179672588 84.1186119129188 89.8317308686242 75.7285495012336 71.968316960849 89.8719669509574 85.0830368532146 0 90.4602577441591 90.9937645345654 86.4041365414434 84.0311148723812 80.195278644596 84.2387939866857 91.0139533862064 92.9313526561388 92.0106996553396 92.573414006109
87.2016042685911 89.4301536759735 80.8776994407101 89.9316855164168 90.9580781026514 76.625354376404 84.0009374819547 90.4602577441591 0 66.9639370490136 82.79025144391 86.0491244490531 89.115684439989 86.4394995309249 79.9850808185757 83.4033961764943 84.3398387118709 85.5266933956535
87.7602710557797 90.0527811932338 82.0323684124072 90.521324885034 91.476426946975 78.5626155199393 85.1319665992713 90.9937645345654 66.9639370490136 0 83.8525827295616 86.7886173101816 89.6549784637635 87.1143894407578 79.3818913619656 82.2337877346136 83.7989102258118 84.9659509602808
88.4104573609006 87.221090888027 84.8118924275813 86.2937452682456 87.4716001613441 83.447537158823 77.9577389701129 86.4041365414434 82.79025144391 83.8525827295616 0 75.9566948940184 83.4107842329724 77.2272264362371 83.3588019416995 87.3975598292249 85.9126336164662 87.0679967752654
89.4976025594798 86.892106216603 87.061318140245 84.6833357608518 85.655621910743 86.2871050918536 80.0281873245205 84.0311148723812 86.0491244490531 86.7886173101816 75.9566948940184 0 78.6571662771146 64.0982238368932 86.0014540131589 89.1847302219348 87.5888130002192 88.5049790650354
90.891785631268 87.0764687502886 89.4705762436461 83.1155436921792 83.0196808096236 89.0891422958372 84.145572495239 80.195278644596 89.115684439989 89.6549784637635 83.4107842329724 78.6571662771146 0 78.103370572082 88.9922245819579 91.3544994154289 89.9464621055713 90.607570595171
89.9491930022336 87.4142314228996 87.5972706385311 85.1280073452 85.9084823227115 86.8148321182775 81.3109318076063 84.2387939866857 86.4394995309249 87.1143894407578 77.2272264362371 64.0982238368932 78.103370572082 0 86.082168991845 89.2357314171479 87.5110249283942 88.4127912318851
90.2584243544002 91.1419742754125 86.3653649600743 90.9450739663187 91.676854159603 84.3596604935146 86.3372719280138 91.0139533862064 79.9850808185757 79.3818913619656 83.3588019416995 86.0014540131589 88.9922245819579 86.082168991845 0 78.922933573106 76.4578371154628 79.3756649167141
91.4250351233942 92.8162876826714 88.1441028634154 92.8253073013216 93.4504640003259 86.6112462595499 89.188407425274 92.9313526561388 83.4033961764943 82.2337877346136 87.3975598292249 89.1847302219348 91.3544994154289 89.2357314171479 78.922933573106 0 78.103370572082 78.2106092259997
91.8694910451496 92.4808762002859 88.7630438748595 92.1147237997729 92.670533749229 87.2820597623173 88.5056242138829 92.0106996553396 84.3398387118709 83.7989102258118 85.9126336164662 87.5888130002192 89.9464621055713 87.5110249283942 76.4578371154628 78.103370572082 0 69.0724707021626
92.4126754813617 93.0483950425437 89.519074177209 92.6941043474961 93.2028878646942 88.170498810619 89.3865235502125 92.573414006109 85.5266933956535 84.9659509602808 87.0679967752654 88.5049790650354 90.607570595171 88.4127912318851 79.3756649167141 78.2106092259997 69.0724707021626 0
