0 80.9302887188506 91.3749943378086 82.0861101013499 87.4920321667919 92.688296329487 87.5263136388159 93.3508259159149 91.8782544058433 91.4591067204594 92.845813466116 93.8599110967558 92.7425874564774 90.6188168979226 95.4683122387905 95.144509508135 95.5671009173482 96.0117684991275
80.9302887188506 0 92.3509308444377 76.8092101824516 88.0985497336677 93.4073380372769 83.5201228844259 93.6971418110084 91.955651003641 91.2274227868887 92.8990129423313 94.0268466216013 92.6394937579615 88.303315976652 95.1671674524805 94.6244964329224 95.1213055694673 95.6685613649028
91.3749943378086 92.3509308444377 0 90.9822487981031 84.5259565281409 76.1020755728508 91.8782544058433 82.3452739215203 83.3313227628732 85.4887369853822 84.3596604935146 84.9435334863856 85.5160989963473 92.0171329637785 90.5769127097547 91.2096082085705 91.4560482333623 91.6177655634978
82.0861101013499 76.8092101824516 90.9822487981031 0 85.5428726595568 92.1471019331784 80.943337135734 92.3962337262755 90.2989135866642 89.3955582000242 91.4238688668901 92.7531929436013 91.1086565453067 86.5698338578532 94.0648768257921 93.4826029338616 94.0377388973306 94.641801391596
87.4920321667919 88.0985497336677 84.5259565281409 85.5428726595568 0 86.6805154791601 87.1090294326669 87.3160481371117 83.8629327363315 83.2543725905446 86.1111291506909 88.1920690686274 85.9894815680581 88.0841461345931 91.2310824007349 91.0058576494277 91.5766707252515 92.1495302056474
92.688296329487 93.4073380372769 76.1020755728508 92.1471019331784 86.6805154791601 0 92.6932336398074 78.3073021585004 82.987250454927 85.6445006672441 82.9518421166448 82.2531040517902 84.6168963459942 92.5176025835385 89.4610963446442 90.4615063073585 90.5956595264215 90.607570595171
87.5263136388159 83.5201228844259 91.8782544058433 80.943337135734 87.1090294326669 92.6932336398074 0 92.4909233272758 90.1576005458867 88.8518161753883 91.1676208475889 92.6017133826353 90.6356319343604 80.8776994407101 93.2455429709481 92.3271447426934 93.007074412598 93.7731815370736
93.3508259159149 93.6971418110084 82.3452739215203 92.3962337262755 87.3160481371117 78.3073021585004 92.4909233272758 0 80.0708701724473 83.622091328923 77.5424991364325 73.5201228844259 80.6047544631244 91.8607099656506 86.6475845098445 88.1053704391313 88.211562619485 88.1934643891456
91.8782544058433 91.955651003641 83.3313227628732 90.2989135866642 83.8629327363315 82.987250454927 90.1576005458867 80.0708701724473 0 74.3872598725851 73.323798167022 80.6047544631244 73.7989102258118 89.3002428506583 86.6973336442486 87.0342007719966 87.6495215301215 88.2584189716943
91.4591067204594 91.2274227868887 85.4887369853822 89.3955582000242 83.2543725905446 85.6445006672441 88.8518161753883 83.622091328923 74.3872598725851 0 78.5776170713634 83.5153213971275 76.2325041385106 87.6057080946921 86.8536895589639 86.4835546561777 87.3797574636289 88.2993261327158
92.845813466116 92.8990129423313 84.3596604935146 91.4238688668901 86.1111291506909 82.9518421166448 91.1676208475889 77.5424991364325 73.323798167022 78.5776170713634 0 76.2581263061566 70.0814756595712 90.1492657565821 85.0121723410102 85.9476562772267 86.4262474966324 86.8982993539898
93.8599110967558 94.0268466216013 84.9435334863856 92.7531929436013 88.1920690686274 82.2531040517902 92.6017133826353 73.5201228844259 80.6047544631244 83.5153213971275 76.2581263061566 0 79.178079427437 91.7079210128555 84.5083120273642 86.4989655038411 86.5239985038086 86.4284596991444
92.7425874564774 92.6394937579615 85.5160989963473 91.1086565453067 85.9894815680581 84.6168963459942 90.6356319343604 80.6047544631244 73.7989102258118 76.2325041385106 70.0814756595712 79.178079427437 0 89.3675571693105 84.4982898388698 84.9584381470967 85.6846412053654 86.4505113704269
90.6188168979226 88.303315976652 92.0171329637785 86.5698338578532 88.0841461345931 92.5176025835385 80.8776994407101 91.8607099656506 89.3002428506583 87.6057080946921 90.1492657565821 91.7079210128555 89.3675571693105 0 91.6051812623165 90.2240228480414 91.1046357758752 92.111074405493
95.4683122387905 95.1671674524805 90.5769127097547 94.0648768257921 91.2310824007349 89.4610963446442 93.2455429709481 86.6475845098445 86.6973336442486 86.8536895589639 85.0121723410102 84.5083120273642 84.4982898388698 91.6051812623165 0 77.3975598292249 74.4651623168477 72.7201779501001
95.144509508135 94.6244964329224 91.2096082085705 93.4826029338616 91.0058576494277 90.4615063073585 92.3271447426934 88.1053704391313 87.0342007719966 86.4835546561777 85.9476562772267 86.4989655038411 84.9584381470967 90.2240228480414 77.3975598292249 0 70.8110544783965 78.1030245544934
95.5671009173482 95.1213055694673 91.4560482333623 94.0377388973306 91.5766707252515 90.5956595264215 93.007074412598 88.211562619485 87.6495215301215 87.3797574636289 86.4262474966324 86.5239985038086 85.6846412053654 91.1046357758752 74.4651623168477 70.8110544783965 0 73.3171078403369
96.0117684991275 95.6685613649028 91.6177655634978 94.641801391596 92.1495302056474 90.607570595171 93.7731815370736 88.1934643891456 88.2584189716943 88.2993261327158 86.8982993539898 86.4284596991444 86.4505113704269 92.111074405493 72.7201779501001 78.1030245544934 73.3171078403369 0
