0 88.8398492236681 78.5776170713634 77.7647878994723 80.4078597858648 86.3603773685769 90.1700728143196 87.3471575828297 88.2000037388758 87.8461841608603 92.7402909689791 91.124514341644 90.1762955422891 91.7282678173998 89.9985976200845 93.6225600510452 90.5150984397825 93.9296849669784
88.8398492236681 0 90.539950838469 89.5359213104071 87.2628453983262 83.8924062417859 80.4372372021832 87.0711757029314 88.4453344140258 90.5299314062634 86.5304228410657 87.7348895485676 89.0617671974988 87.8025450576794 90.1047169668058 89.062436939935 92.9436298012717 89.6689785666405
78.5776170713634 90.539950838469 0 72.3105428072981 81.3414426772175 87.2749906725731 91.155643720531 87.2180198603311 87.6392949459772 86.0981015495578 93.3099691227681 91.2331141878218 89.7907245134303 91.9183396580509 89.2202600224785 93.9414597906912 88.6906959612515 94.202186575424
77.7647878994723 89.5359213104071 72.3105428072981 0 77.5803463896305 85.5673171147236 90.1162911451909 85.5912123321934 86.2196361444474 84.9227372224544 92.4991264505033 90.2319024715531 88.7045351262639 90.9865508735604 88.1860958317419 93.197722303789 88.2688829342483 93.4847074445887
80.4078597858648 87.2628453983262 81.3414426772175 77.5803463896305 0 81.2004909747474 87.7783103125321 82.1654959184623 83.6964506811521 84.0417671828947 90.7989490134675 88.2301208042432 86.7696515306304 89.113037513307 86.6218316414651 91.7060996897762 88.3666599593055 92.0620086037787
86.3603773685769 83.8924062417859 87.2749906725731 85.5673171147236 81.2004909747474 0 82.6046768387851 77.1342704420015 80.9865508735604 85.0930706154422 87.3062096567191 83.9296849669784 83.5725918290523 85.0930706154422 84.8172353991213 88.6994416157976 89.1663258483577 89.2254232804135
90.1700728143196 80.4372372021832 91.155643720531 90.1162911451909 87.7783103125321 82.6046768387851 0 85.1757958751021 86.5304228410657 89.4839672543982 81.3493605368748 83.4206154648313 86.3715914053258 83.1600871064417 88.0715171378125 85.2003092693599 91.9745296711912 86.1192544428531
87.3471575828297 87.0711757029314 87.2180198603311 85.5912123321934 82.1654959184623 77.1342704420015 85.1757958751021 0 72.0827706588024 81.3414426772175 88.0428173008416 82.6135550936366 79.2684262627964 84.3990346962979 80.3485019850597 88.7284672531233 86.8428331489911 89.1473223627738
88.2000037388758 88.4453344140258 87.6392949459772 86.2196361444474 83.6964506811521 80.9865508735604 86.5304228410657 72.0827706588024 0 79.0724707021626 88.6030013835912 82.6488877209461 76.625354376404 84.5416919591329 76.3340981236618 88.9153198341236 85.3461292680899 89.2562745795041
87.8461841608603 90.5299314062634 86.0981015495578 84.9227372224544 84.0417671828947 85.0930706154422 89.4839672543982 81.3414426772175 79.0724707021626 0 91.1002870209992 86.8861574238521 82.8522543049557 88.103370572082 79.9742370056535 91.2392038520386 80.7750878561122 91.4637322057487
92.7402909689791 86.5304228410657 93.3099691227681 92.4991264505033 90.7989490134675 87.3062096567191 81.3493605368748 88.0428173008416 88.6030013835912 91.1002870209992 0 83.4206154648313 87.4093346529378 81.6177655634978 89.1123755294906 77.7647878994723 92.8884805545587 79.7571837034398
91.124514341644 87.7348895485676 91.2331141878218 90.2319024715531 88.2301208042432 83.9296849669784 83.4206154648313 82.6135550936366 82.6488877209461 86.8861574238521 83.4206154648313 0 78.8461887760664 70.4372372021832 82.8100758107315 83.1600871064417 89.3675571693105 83.785387812752
90.1762955422891 89.0617671974988 89.7907245134303 88.7045351262639 86.7696515306304 83.5725918290523 86.3715914053258 79.2684262627964 76.625354376404 82.8522543049557 87.4093346529378 78.8461887760664 0 81.557861926606 74.1239704853616 87.1768639511139 86.301340043983 87.4802850888848
91.7282678173998 87.8025450576794 91.9183396580509 90.9865508735604 89.113037513307 85.0930706154422 83.1600871064417 84.3990346962979 84.5416919591329 88.103370572082 81.6177655634978 70.4372372021832 81.557861926606 0 84.598216984643 80.8776994407101 90.2487524343784 81.7097415724374
89.9985976200845 90.1047169668058 89.2202600224785 88.1860958317419 86.6218316414651 84.8172353991213 88.0715171378125 80.3485019850597 76.3340981236618 79.9742370056535 89.1123755294906 82.8100758107315 74.1239704853616 84.598216984643 0 88.8567341753854 83.8525827295616 89.0704658033877
93.6225600510452 89.062436939935 93.9414597906912 93.197722303789 91.7060996897762 88.6994416157976 85.2003092693599 88.7284672531233 88.9153198341236 91.2392038520386 77.7647878994723 83.1600871064417 87.1768639511139 80.8776994407101 88.8567341753854 0 92.6941043474961 66.2581263061566
90.5150984397825 92.9436298012717 88.6906959612515 88.2688829342483 88.3666599593055 89.1663258483577 91.9745296711912 86.8428331489911 85.3461292680899 80.7750878561122 92.8884805545587 89.3675571693105 86.301340043983 90.2487524343784 83.8525827295616 92.6941043474961 0 92.8007413114836
93.9296849669784 89.6689785666405 94.202186575424 93.4847074445887 92.0620086037787 89.2254232804135 86.1192544428531 89.1473223627738 89.2562745795041 91.4637322057487 79.7571837034398 83.785387812752 87.4802850888848 81.7097415724374 89.0704658033877 66.2581263061566 92.8007413114836 0
