0 80.6234942756704 80.6607330446118 78.4944597996847 78.6738840693766 84.3616377049391 85.952559527637 82.8550516930196 87.8105933464794 83.7959106345802 88.2436746371434 90.0415708322431 89.6032551369968 88.3065052147751 89.3425148925208 89.2581955282206 90.1288824412368 91.1307580933578
80.6234942756704 0 86.625354376404 85.5613227109851 85.4304003347848 88.2511598923979 81.3096260893556 85.26340400843 90.4905850455247 84.9481030655283 87.1140877570463 91.885951562939 91.2984349866296 89.2684262627964 88.1465843099084 90.3649064204089 90.0989182898492 90.162281845025
80.6607330446118 86.625354376404 0 68.103370572082 71.8069354424815 78.607465606858 89.250506630103 83.5630990497122 84.1779208042287 85.2773394592616 89.8165603724576 87.873567814971 87.8417512271091 88.0529683256868 90.7696670796825 88.5663707686117 90.5760196509964 92.1968483408815
78.4944597996847 85.5613227109851 68.103370572082 0 66.2581263061566 79.3443980803016 88.4622840161715 82.5269620566865 84.7635075614827 84.3362083582751 89.2184781253736 88.1233688184042 87.929561432755 87.6974540728827 90.2375263928769 88.3572170605267 90.1990362311678 91.7733438314993
78.6738840693766 85.4304003347848 71.8069354424815 66.2581263061566 0 78.1860958317419 88.0983565886669 81.1220143253691 84.2066957450215 83.2602499476825 88.6569612053219 87.6253319777206 87.3242343555791 86.9312422033652 89.7388831451238 87.6689334133668 89.6338933227531 91.3414426772175
84.3616377049391 88.2511598923979 78.607465606858 79.3443980803016 78.1860958317419 0 89.6707254104607 81.8069354424815 78.1860958317419 84.0236657010526 89.0661713049447 84.2312091392794 84.2066957450215 85.5673171147236 90.0517147856609 85.8246120982086 89.0864791378086 91.4145275229358
85.952559527637 81.3096260893556 89.250506630103 88.4622840161715 88.0983565886669 89.6707254104607 0 85.6562542463234 91.2719412952555 84.3418324184267 82.9108221197043 92.0505806795431 91.2209091826396 88.2089792973565 83.9968508302003 89.56524744625 87.9477781460115 86.8428331489911
82.8550516930196 85.26340400843 83.5630990497122 82.5269620566865 81.1220143253691 81.8069354424815 85.6562542463234 0 84.8491559212384 71.1358595318753 84.2608495862063 86.6112462595499 85.3208427639379 81.676854159603 85.9566689221897 83.7056567149524 85.61053085255 88.2171228302489
87.8105933464794 90.4905850455247 84.1779208042287 84.7635075614827 84.2066957450215 78.1860958317419 91.2719412952555 84.8491559212384 0 86.2837905771868 90.0464959452798 79.178079427437 80.738820882775 85.5523155632995 90.8422827729217 84.9383437488801 89.2073249576102 91.8747511832455
83.7959106345802 84.9481030655283 85.2773394592616 84.3362083582751 83.2602499476825 84.0236657010526 84.3418324184267 71.1358595318753 86.2837905771868 0 82.1226754861304 87.4503568077611 86.0706227559308 81.1706977315906 84.2517903206974 83.6976525911123 84.4293910732587 86.9909031174357
88.2436746371434 87.1140877570463 89.8165603724576 89.2184781253736 88.6569612053219 89.0661713049447 82.9108221197043 84.2608495862063 90.0464959452798 82.1226754861304 0 90.1216099423041 88.8295446404595 83.6844863219402 71.1218219904223 85.7485655958967 81.0191574739712 80.1601072820996
90.0415708322431 91.885951562939 87.873567814971 88.1233688184042 87.6253319777206 84.2312091392794 92.0505806795431 86.6112462595499 79.178079427437 87.4503568077611 90.1216099423041 0 73.4960621867671 84.6429132091945 90.753364035148 82.8438513133261 88.303315976652 91.476426946975
89.6032551369968 91.2984349866296 87.8417512271091 87.929561432755 87.3242343555791 84.2066957450215 91.2209091826396 85.3208427639379 80.738820882775 86.0706227559308 88.8295446404595 73.4960621867671 0 81.9193804244781 89.5214849154441 79.2234877779738 86.560312462274 90.3094797554861
88.3065052147751 89.2684262627964 88.0529683256868 87.6974540728827 86.9312422033652 85.5673171147236 88.2089792973565 81.676854159603 85.5523155632995 81.1706977315906 83.6844863219402 84.6429132091945 81.9193804244781 0 84.8385417941978 72.79025144391 79.9360690089101 86.301340043983
89.3425148925208 88.1465843099084 90.7696670796825 90.2375263928769 89.7388831451238 90.0517147856609 83.9968508302003 85.9566689221897 90.8422827729217 84.2517903206974 71.1218219904223 90.753364035148 89.5214849154441 84.8385417941978 0 86.5507701462811 81.0505757896518 76.625354376404
89.2581955282206 90.3649064204089 88.5663707686117 88.3572170605267 87.6689334133668 85.8246120982086 89.56524744625 83.7056567149524 84.9383437488801 83.6976525911123 85.7485655958967 82.8438513133261 79.2234877779738 72.79025144391 86.5507701462811 0 81.6841840260165 87.4802850888848
90.1288824412368 90.0989182898492 90.5760196509964 90.1990362311678 89.6338933227531 89.0864791378086 87.9477781460115 85.61053085255 89.2073249576102 84.4293910732587 81.0191574739712 88.303315976652 86.560312462274 79.9360690089101 81.0505757896518 81.6841840260165 0 81.3926525972256
91.1307580933578 90.162281845025 92.1968483408815 91.7733438314993 91.3414426772175 91.4145275229358 86.8428331489911 88.2171228302489 91.8747511832455 86.9909031174357 80.1601072820996 91.476426946975 90.3094797554861 86.301340043983 76.625354376404 87.4802850888848 81.3926525972256 0
