0 83.4499763303665 90.3003241745767 81.6484740439244 84.9659509602808 89.5524715527656 86.1409929306026 89.546717201444 89.7952525418025 91.1902457592883 92.0827706588024 92.6559198824918 92.9322367454576 93.1281670116705 94.1830731892428 93.1089544862133 93.3191341926922 94.329694660646
83.4499763303665 0 85.0868547823711 86.3224959228546 85.2279248708898 85.2442383586926 86.8673313713071 90.6676799053077 90.5981763781854 89.8014708823389 90.3886573456538 93.3350801775148 92.3618953604489 92.7517612822008 92.8505750068157 93.3448342688587 93.6108061214056 93.0970686635682
90.3003241745767 85.0868547823711 0 91.0872822984694 89.2940747184779 82.1523653118793 90.2119042252309 92.7841886064801 92.5275908578877 89.7264183739095 89.4401614774337 94.5793293433919 92.5163934390137 93.0555326521551 91.6321539635422 94.1937392029462 94.4682495356157 92.004306164957
81.6484740439244 86.3224959228546 91.0872822984694 0 79.9128167639326 89.1453517305904 80.3733330693944 85.1414797272481 85.6629580281161 89.1062599389534 90.4696977226037 89.8070083713279 90.7406414423569 90.8707252410252 92.8262217817466 90.5410633131687 90.7953557193797 92.9336786826482
84.9659509602808 85.2279248708898 89.2940747184779 79.9128167639326 0 85.9595295981066 71.5879872800268 84.0417671828947 83.8879993973499 85.6120133392751 87.4802850888848 89.0139495349064 88.5058570537562 88.8679544492035 90.7077540295225 89.2183222170686 89.6085194710516 90.8776994407101
89.5524715527656 85.2442383586926 82.1523653118793 89.1453517305904 85.9595295981066 0 86.965022649524 90.151073563334 89.7112275260043 85.0394452722281 84.8351664756616 92.300746933678 89.3955582000242 90.147450482394 88.681620208083 91.7165288509582 92.0817683251089 89.1512927468623
86.1409929306026 86.8673313713071 90.2119042252309 80.3733330693944 71.5879872800268 86.965022649524 0 81.6782462574539 81.5040302747042 85.2117101279285 87.338208865491 87.778350943713 87.7056993033671 87.9929294356324 90.4830998647425 88.1138569125488 88.5369933522933 90.6108351507468
89.546717201444 90.6676799053077 92.7841886064801 85.1414797272481 84.0417671828947 90.151073563334 81.6782462574539 0 68.1860958317419 86.4541757875918 88.4638216139284 82.240236057727 86.2649287567272 85.9566689221897 90.6305009104019 84.0502702591676 84.4849718611211 90.593000884045
89.7952525418025 90.5981763781854 92.5275908578877 85.6629580281161 83.8879993973499 89.7112275260043 81.5040302747042 68.1860958317419 0 85.3962648299937 87.6243995150613 82.0052461083682 85.1474481172904 84.8615063718665 89.9491930022336 83.2067580073703 83.7937669511026 89.9085993106296
91.1902457592883 89.8014708823389 89.7264183739095 89.1062599389534 85.6120133392751 85.0394452722281 85.2117101279285 86.4541757875918 85.3962648299937 0 74.8349979793794 88.2000037388758 81.3214066471369 83.1155436921792 83.6710330012516 86.6766955363947 87.3241464381998 84.0311148723812
92.0827706588024 90.3886573456538 89.4401614774337 90.4696977226037 87.4802850888848 84.8351664756616 87.338208865491 88.4638216139284 87.6243995150613 74.8349979793794 0 89.6085733910625 82.7587917864549 84.4805765116235 80.8776994407101 88.0740403942904 88.6163162522165 81.6951556819209
92.6559198824918 93.3350801775148 94.5793293433919 89.8070083713279 89.0139495349064 92.300746933678 87.778350943713 82.240236057727 82.0052461083682 88.2000037388758 89.6085733910625 0 85.4180110465208 84.2066957450215 90.5797990005825 76.9312422033652 76.2190170254407 90.3688739390761
92.9322367454576 92.3618953604489 92.5163934390137 90.7406414423569 88.5058570537562 89.3955582000242 87.7056993033671 86.2649287567272 85.1474481172904 81.3214066471369 82.7587917864549 85.4180110465208 0 69.6579715983455 83.6090275974624 81.9315769998853 82.9106243619669 83.1806591062344
93.1281670116705 92.7517612822008 93.0555326521551 90.8707252410252 88.8679544492035 90.147450482394 87.9929294356324 85.9566689221897 84.8615063718665 83.1155436921792 84.4805765116235 84.2066957450215 69.6579715983455 0 84.9590655924985 79.7571837034398 80.9317607172093 84.5016820945834
94.1830731892428 92.8505750068157 91.6321539635422 92.8262217817466 90.7077540295225 88.681620208083 90.4830998647425 90.6305009104019 89.9491930022336 83.6710330012516 80.8776994407101 90.5797990005825 83.6090275974624 84.9590655924985 0 88.7608908822587 89.1809419715524 65.0930706154422
93.1089544862133 93.3448342688587 94.1937392029462 90.5410633131687 89.2183222170686 91.7165288509582 88.1138569125488 84.0502702591676 83.2067580073703 86.6766955363947 88.0740403942904 76.9312422033652 81.9315769998853 79.7571837034398 88.7608908822587 0 64.460865551658 88.4530469801072
93.3191341926922 93.6108061214056 94.4682495356157 90.7953557193797 89.6085194710516 92.0817683251089 88.5369933522933 84.4849718611211 83.7937669511026 87.3241464381998 88.6163162522165 76.2190170254407 82.9106243619669 80.9317607172093 89.1809419715524 64.460865551658 0 88.8706619709668
94.329694660646 93.0970686635682 92.004306164957 92.9336786826482 90.8776994407101 89.1512927468623 90.6108351507468 90.593000884045 89.9085993106296 84.0311148723812 81.6951556819209 90.3688739390761 83.1806591062344 84.5016820945834 65.0930706154422 88.4530469801072 88.8706619709668 0
