0 90.843616123437 79.1189908313318 87.4454406823376 92.0396677775208 83.6964506811521 84.5016820945834 85.724877978434 85.3176715737137 85.0612171811727 89.0355663526282 89.6032551369968 90.6438376957977 90.5246738924964 90.4751331463904 94.0636289359894 92.7574850982769 93.4159362227426
90.843616123437 0 88.4391544843896 82.968220306335 77.4431789829377 90.8422827729217 91.7387672097631 89.449918729513 92.6450738737967 90.8378353124009 89.1136993962343 93.622091328923 91.0287726868401 91.5495601788336 93.1811510997322 89.5598758378731 91.1963957883817 91.0851819844415
79.1189908313318 88.4391544843896 0 83.2478263495168 89.8648650828569 82.3921913186054 84.2717598056775 82.7404992855704 85.9084823227115 83.5201228844259 86.625354376404 89.3794018549791 89.0207489798504 89.0831478920987 89.7657356159223 92.4545830362408 91.2396095262082 91.9097889857529
87.4454406823376 82.968220306335 83.2478263495168 0 84.6400874188699 86.3691018983393 87.8168428313143 83.9143795244742 89.2073249576102 86.341622719513 84.3517426338573 90.6801563207739 87.6831972690757 88.2543876478932 90.2319024715531 89.3002428506583 89.0711342058237 89.4862822037552
92.0396677775208 77.4431789829377 89.8648650828569 84.6400874188699 0 91.4467283131671 92.2621794588647 89.9152079015356 93.1283660197239 91.3189667501988 88.9154176510525 93.7378110367336 90.6267654453235 91.2504511814719 93.1154424735325 87.496735148878 90.2367473232261 89.8715153788298
83.6964506811521 90.8422827729217 82.3921913186054 86.3691018983393 91.4467283131671 0 71.5879170280032 76.8369853312897 78.1117143687293 68.5776170713634 83.9536370923738 84.2312091392794 85.8834244064701 85.4519840595317 85.239245157967 92.1180387719352 89.546717201444 90.6543710804705
84.5016820945834 91.7387672097631 84.2717598056775 87.8168428313143 92.2621794588647 71.5879170280032 0 80.0804665386934 72.6751998198568 73.2478263495168 85.1395907446115 82.6459542896836 86.3168492680006 85.6854997764966 84.5016820945834 92.6441932793929 89.9448227429275 91.0715478464809
85.724877978434 89.449918729513 82.7404992855704 83.9143795244742 89.9152079015356 76.8369853312897 80.0804665386934 0 83.1083878383696 74.9392587435083 79.3485917818131 85.3992301401839 83.4206154648313 83.3892920295095 85.1016528492245 90.5000336011761 87.6809189744238 88.9208584222411
85.3176715737137 92.6450738737967 85.9084823227115 89.2073249576102 93.1283660197239 78.1117143687293 72.6751998198568 83.1083878383696 0 78.8179418809182 86.7514468623435 81.7387672097631 87.368735001447 86.6545999065771 84.6280655201376 93.3550650034345 90.6935171120628 91.7755289587517
85.0612171811727 90.8378353124009 83.5201228844259 86.341622719513 91.3189667501988 68.5776170713634 73.2478263495168 74.9392587435083 78.8179418809182 0 82.6751998198568 83.323798167022 84.6418543291063 84.1114246562642 84.0502702591676 91.6797875908655 88.7880835733592 90.0157090647578
89.0355663526282 89.1136993962343 86.625354376404 84.3517426338573 88.9154176510525 83.9536370923738 85.1395907446115 79.3485917818131 86.7514468623435 82.6751998198568 0 86.5111849588043 77.8199128589162 79.4681370721026 84.7904545651168 87.8928971582322 83.6150544197642 85.4218543391079
89.6032551369968 93.622091328923 89.3794018549791 90.6801563207739 93.7378110367336 84.2312091392794 82.6459542896836 85.3992301401839 81.7387672097631 83.323798167022 86.5111849588043 0 85.2960139073959 83.8924062417859 76.706750637792 92.7805897161898 89.1136993962343 90.4943005885081
90.6438376957977 91.0287726868401 89.0207489798504 87.6831972690757 90.6267654453235 85.8834244064701 86.3168492680006 83.4206154648313 87.368735001447 84.6418543291063 77.8199128589162 85.2960139073959 0 69.1886766357212 82.061400059462 88.0140111886712 80.7591603690684 83.8658978492988
90.5246738924964 91.5495601788336 89.0831478920987 88.2543876478932 91.2504511814719 85.4519840595317 85.6854997764966 83.3892920295095 86.6545999065771 84.1114246562642 79.4681370721026 83.8924062417859 69.1886766357212 0 79.8251320749173 88.9298435901867 82.3859648733539 85.1065702359053
90.4751331463904 93.1811510997322 89.7657356159223 90.2319024715531 93.1154424735325 85.239245157967 84.5016820945834 85.1016528492245 84.6280655201376 84.0502702591676 84.7904545651168 76.706750637792 82.061400059462 79.8251320749173 0 91.5127665924628 86.8861574238521 88.6363351216825
94.0636289359894 89.5598758378731 92.4545830362408 89.3002428506583 87.496735148878 92.1180387719352 92.6441932793929 90.5000336011761 93.3550650034345 91.6797875908655 87.8928971582322 92.7805897161898 88.0140111886712 88.9298435901867 91.5127665924628 0 84.3199260459954 81.7185822647692
92.7574850982769 91.1963957883817 91.2396095262082 89.0711342058237 90.2367473232261 89.546717201444 89.9448227429275 87.6809189744238 90.6935171120628 88.7880835733592 83.6150544197642 89.1136993962343 80.7591603690684 82.3859648733539 86.8861574238521 84.3199260459954 0 73.8616879448304
93.4159362227426 91.0851819844415 91.9097889857529 89.4862822037552 89.8715153788298 90.6543710804705 91.0715478464809 88.9208584222411 91.7755289587517 90.0157090647578 85.4218543391079 90.4943005885081 83.8658978492988 85.1065702359053 88.6363351216825 81.7185822647692 73.8616879448304 0
