0 82.2305599791183 84.575695180571 88.5843509004963 85.4535216572886 83.8681130724119 86.7239959740949 86.2899428940185 89.7248778067657 85.6821510359676 88.8986615628356 89.9579203496951 87.7566541954257 89.9573754039865 88.939499180549 90.229855602271 90.7217518148466 90.02089933656
82.2305599791183 0 85.891837352535 89.9448227429275 77.0711757029314 84.6168963459942 86.625354376404 85.3555738781601 85.5230327524557 80.3018394818733 83.6710330012516 90.2746653730014 86.393932982674 89.3955582000242 85.0947406576928 88.9021373091748 89.783104777221 85.8476930908494
84.575695180571 85.891837352535 0 81.3769599159453 88.5241253582302 69.0724707021626 75.2408599357581 77.2272264362371 91.4988542516561 83.9550216048685 90.3270331102521 83.2631274040491 80.7886102691719 83.7056567149524 86.8092101824516 85.2068228736091 85.5635913021228 89.259061745849
88.5843509004963 89.9448227429275 81.3769599159453 0 91.6841840260165 83.2067580073703 81.7711908388985 83.9968508302003 93.8222620184607 88.4762225853079 92.9067573371317 78.8179418809182 84.8349979793794 83.6291168545625 89.7657356159223 86.4578371154628 85.8415607782191 91.7369123900145
85.4535216572886 77.0711757029314 88.5241253582302 91.6841840260165 0 87.5784618398856 88.9021373091748 87.8417512271091 81.583032217677 83.3408292868552 79.4681370721026 91.8243434821606 88.4267681806095 90.903197114872 85.9744315024477 90.2375263928769 91.0783128389178 85.3390530736194
83.8681130724119 84.6168963459942 69.0724707021626 83.2067580073703 87.5784618398856 0 75.6854997764966 75.5372620133263 90.8182168726643 82.2982004462667 89.5407227977055 84.3059326558759 79.9850808185757 84.0311148723812 85.8415162187485 85.0053313723672 85.6223581787288 88.4598439735255
86.7239959740949 86.625354376404 75.2408599357581 81.7711908388985 88.9021373091748 75.6854997764966 0 71.1963957883817 91.5253008405596 83.3038042147574 90.2487524343784 80.9822487981031 75.289026176076 79.8531331056309 85.3915891308315 81.9124372658146 82.4383894544055 88.4227111972877
86.2899428940185 85.3555738781601 77.2272264362371 83.9968508302003 87.8417512271091 75.5372620133263 71.1963957883817 0 90.6764681709864 80.8649476564961 89.2428040951504 83.1574795141574 72.0827706588024 81.0632682823266 83.6501254971811 81.5729154765791 82.7645937034791 87.1808190940259
89.7248778067657 85.5230327524557 91.4988542516561 93.8222620184607 81.583032217677 90.8182168726643 91.5253008405596 90.6764681709864 0 87.3072129938656 74.8864905298349 93.7026475500569 90.8521788467 92.7229495056228 87.7416953933509 91.8894290537352 92.6565053822997 85.4841598430449
85.6821510359676 80.3018394818733 83.9550216048685 88.4762225853079 83.3408292868552 82.2982004462667 83.3038042147574 80.8649476564961 87.3072129938656 0 85.076374640188 88.0419851661822 81.4986091159144 86.2463942506489 78.8433268457684 85.0461375706032 86.4930717190664 82.8354320315571
88.8986615628356 83.6710330012516 90.3270331102521 92.9067573371317 79.4681370721026 89.5407227977055 90.2487524343784 89.2428040951504 74.8864905298349 85.076374640188 0 92.6941043474961 89.3905934154663 91.5472933089331 85.5085157137867 90.567977596313 91.4559814361651 82.7524465660484
89.9579203496951 90.2746653730014 83.2631274040491 78.8179418809182 91.8243434821606 84.3059326558759 80.9822487981031 83.1574795141574 93.7026475500569 88.0419851661822 92.6941043474961 0 82.8100758107315 77.8007545217567 88.6208308091898 83.0088975767243 81.4273395091195 90.8960610216303
87.7566541954257 86.393932982674 80.7886102691719 84.8349979793794 88.4267681806095 79.9850808185757 75.289026176076 72.0827706588024 90.8521788467 81.4986091159144 89.3905934154663 82.8100758107315 0 78.7966354858417 82.6017133826353 78.1200421657566 80.1926649637202 86.6523899807931
89.9573754039865 89.3955582000242 83.7056567149524 83.6291168545625 90.903197114872 84.0311148723812 79.8531331056309 81.0632682823266 92.7229495056228 86.2463942506489 91.5472933089331 77.8007545217567 78.7966354858417 0 86.1560258917179 76.1020755728508 72.9217388665306 89.0386266649239
88.939499180549 85.0947406576928 86.8092101824516 89.7657356159223 85.9744315024477 85.8415162187485 85.3915891308315 83.6501254971811 87.7416953933509 78.8433268457684 85.5085157137867 88.6208308091898 82.6017133826353 86.1560258917179 0 83.6964506811521 85.5814744844229 78.1474861998615
90.229855602271 88.9021373091748 85.2068228736091 86.4578371154628 90.2375263928769 85.0053313723672 81.9124372658146 81.5729154765791 91.8894290537352 85.0461375706032 90.567977596313 83.0088975767243 78.1200421657566 76.1020755728508 83.6964506811521 0 71.3937972593547 87.2239238352059
90.7217518148466 89.783104777221 85.5635913021228 85.8415607782191 91.0783128389178 85.6223581787288 82.4383894544055 82.7645937034791 92.6565053822997 86.4930717190664 91.4559814361651 81.4273395091195 80.1926649637202 72.9217388665306 85.5814744844229 71.3937972593547 0 88.5210920458533
90.02089933656 85.8476930908494 89.259061745849 91.7369123900145 85.3390530736194 88.4598439735255 88.4227111972877 87.1808190940259 85.4841598430449 82.8354320315571 82.7524465660484 90.8960610216303 86.6523899807931 89.0386266649239 78.1474861998615 87.2239238352059 88.5210920458533 0
