0 89.7929891177413 91.604732064441 89.115684439989 91.780154608477 89.5709821879917 87.868464317444 92.6579687865725 88.7711861652207 89.7107101071407 89.8887129856915 93.9893193991704 91.6801541304969 92.2202150111325 92.5776345687487 91.8526156615501 94.104089484118 93.5459595828838
89.7929891177413 0 77.2169957016613 79.2684262627964 78.5776170713634 78.8282775809227 85.986750954485 82.4600994442045 90.1247936914098 87.627196302634 87.3431796161499 87.3001847612063 90.5906463462703 89.3700534733419 88.8461887760664 91.6251957531956 88.375297950221 88.3760823708534
91.604732064441 77.2169957016613 0 83.237595614941 73.4960621867671 82.5525530357853 88.2090585963957 79.0724707021626 91.5594633158871 89.178079427437 88.8791458094156 85.9975504115668 91.5472933089331 90.1262622632876 89.4005173154006 92.5570171580838 87.6457956664753 88.2000037388758
89.115684439989 79.2684262627964 83.237595614941 0 81.9193804244781 64.0419594189712 80.9951331720074 83.6895333266464 87.3621903799308 83.447537158823 82.987250454927 86.6604254538209 87.8594558778782 86.3951708178881 85.9539297579115 89.2299361010872 87.1426142386487 86.3852582433843
91.780154608477 78.5776170713634 73.4960621867671 81.9193804244781 0 80.8748625937108 87.3856976022875 73.8213544350363 90.9399027174462 88.1498907012513 87.7783103125321 83.8525827295616 90.6374962592738 88.9069986855092 87.9899889902793 91.7840928135208 85.8005514005498 86.4345964033151
89.5709821879917 78.8282775809227 82.5525530357853 64.0419594189712 80.8748625937108 0 81.8810549507213 82.7481174179736 87.7647878994723 83.8345438308731 83.3380719308714 86.0370133639169 88.0077174406588 86.3648248457068 85.7815887551705 89.4014737491142 86.6255929882134 85.9401367425685
87.868464317444 85.986750954485 88.2090585963957 80.9951331720074 87.3856976022875 81.8810549507213 0 88.0772471220478 81.7097415724374 76.2770872470235 76.5933365020241 89.0649911409106 84.3245325893755 84.3002296045277 85.0125781008418 85.8388876394807 88.8163760635233 87.428435214032
92.6579687865725 82.4600994442045 79.0724707021626 83.6895333266464 73.8213544350363 82.7481174179736 88.0772471220478 0 91.265883858603 88.4018890874713 88.002829084837 80.802090708818 90.5556491061807 88.5513302520412 87.3975598292249 91.7532076048429 83.7262992166468 85.0002150024618
88.7711861652207 90.1247936914098 91.5594633158871 87.3621903799308 90.9399027174462 87.7647878994723 81.7097415724374 91.265883858603 0 80.5889454073724 81.5632629463557 91.4567791751564 81.6417216756922 85.0768460021283 86.6515751170814 81.3859205048605 90.9259050456844 89.5345317695474
89.7107101071407 87.627196302634 89.178079427437 83.447537158823 88.1498907012513 83.8345438308731 76.2770872470235 88.4018890874713 80.5889454073724 0 62.0827706588024 88.5369933522933 80.2272956583012 80.2119042252309 81.9124372658146 82.9845369622933 87.873567814971 85.952559527637
89.8887129856915 87.3431796161499 88.8791458094156 82.987250454927 87.7783103125321 83.3380719308714 76.5933365020241 88.002829084837 81.5632629463557 62.0827706588024 0 88.1142143850042 80.6047544631244 79.7170505944318 81.2493343553935 83.4304244917432 87.4298640870463 85.4211172286802
93.9893193991704 87.3001847612063 85.9975504115668 86.6604254538209 83.8525827295616 86.0370133639169 89.0649911409106 80.802090708818 91.4567791751564 88.5369933522933 88.1142143850042 0 89.8296243895863 87.2016042685911 85.4703994008443 91.1411444397705 74.484421527208 80.1288824412368
91.6801541304969 90.5906463462703 91.5472933089331 87.8594558778782 90.6374962592738 88.0077174406588 84.3245325893755 90.5556491061807 81.6417216756922 80.2272956583012 80.6047544631244 89.8296243895863 0 78.3390605802349 81.9401435468265 74.1239704853616 88.7737928568809 86.7514468623435
92.2202150111325 89.3700534733419 90.1262622632876 86.3951708178881 88.9069986855092 86.3648248457068 84.3002296045277 88.5513302520412 85.0768460021283 80.2119042252309 79.7170505944318 87.2016042685911 78.3390605802349 0 72.5570171580838 82.420100378145 85.6694391116945 82.6046768387851
92.5776345687487 88.8461887760664 89.4005173154006 85.9539297579115 87.9899889902793 85.7815887551705 85.0125781008418 87.3975598292249 86.6515751170814 81.9124372658146 81.2493343553935 85.4703994008443 81.9401435468265 72.5570171580838 0 84.8349979793794 83.5008850021645 79.3255293548103
91.8526156615501 91.6251957531956 92.5570171580838 89.2299361010872 91.7840928135208 89.4014737491142 85.8388876394807 91.7532076048429 81.3859205048605 82.9845369622933 83.4304244917432 91.1411444397705 74.1239704853616 82.420100378145 84.8349979793794 0 90.2129320195368 88.5241253582302
94.104089484118 88.375297950221 87.6457956664753 87.1426142386487 85.8005514005498 86.6255929882134 88.8163760635233 83.7262992166468 90.9259050456844 87.873567814971 87.4298640870463 74.484421527208 88.7737928568809 85.6694391116945 83.5008850021645 90.2129320195368 0 75.1757958751021
93.5459595828838 88.3760823708534 88.2000037388758 86.3852582433843 86.4345964033151 85.9401367425685 87.428435214032 85.0002150024618 89.5345317695474 85.952559527637 85.4211172286802 80.1288824412368 86.7514468623435 82.6046768387851 79.3255293548103 88.5241253582302 75.1757958751021 0
