0 75.5673171147236 88.9167613821323 80.6047544631244 86.4565456983176 87.4570865748645 83.0411672842192 81.7472110165445 85.9689738268077 86.4284596991444 89.0891422958372 88.1142143850042 90.6224344000039 92.7921597234021 91.9896732998006 92.68916802751 92.5680850401152 93.050534292544
75.5673171147236 0 89.7704010767687 77.2272264362371 87.0659355866849 88.0908247429846 82.6839352129843 79.0688061760148 83.6687149094864 84.7054556385607 87.0933632809799 86.3152293981705 88.9941622002623 92.8300459988529 91.6989549683661 92.3778571259503 91.4234800451146 91.9280437922403
88.9167613821323 89.7704010767687 0 88.5757172607953 79.8026005337483 77.1771413883408 85.8457302719805 88.3516992063071 89.8960621346666 89.0332427075126 92.8170956768862 90.7410116038612 93.5519184554454 86.8517554835501 88.2390343987537 89.281318475253 93.867562423062 94.4834344347471
80.6047544631244 77.2272264362371 88.5757172607953 0 84.9041508908647 86.2325041385106 77.6457956664753 64.6943884876934 79.3818913619656 80.2528274474092 85.907097675858 83.447537158823 87.9227019262937 91.4180743112277 89.9111744682843 90.7246856097169 90.1466578511299 90.8378353124009
86.4565456983176 87.0659355866849 79.8026005337483 84.9041508908647 0 69.2676079213088 80.0594889059711 84.4555005891274 86.6384166443375 85.3922330330317 90.6219626432367 87.902244364763 91.5766707252515 87.2668975981248 86.9312422033652 88.2188118604906 92.1356894771623 92.860843342641
87.4570865748645 88.0908247429846 77.1771413883408 86.2325041385106 69.2676079213088 0 82.2531040517902 85.8434601367068 87.6476512293401 86.4785265372237 91.2663005831288 88.6957997331364 92.1235951947825 86.5325456763876 86.7266770160496 88.0300950629994 92.5317848720839 93.2386197736107
83.0411672842192 82.6839352129843 85.8457302719805 77.6457956664753 80.0594889059711 82.2531040517902 0 76.4364957654535 81.9124372658146 80.6047544631244 87.8876340453048 84.598216984643 89.3334960849306 89.5965340919745 88.1558435155345 89.2202600224785 90.6374962592738 91.4121890441111
81.7472110165445 79.0688061760148 88.3516992063071 64.6943884876934 84.4555005891274 85.8434601367068 76.4364957654535 0 78.2635817047364 78.823667638893 85.733501459881 82.7131280942207 87.7239661854775 91.0632682823266 89.4344587975798 90.2865397631111 89.8407060713916 90.5836316940443
85.9689738268077 83.6687149094864 89.8960621346666 79.3818913619656 86.6384166443375 87.6476512293401 81.9124372658146 78.2635817047364 0 71.9124372658146 81.9401435468265 74.9227372224544 84.5187537940415 91.0796829323733 88.7812980408979 89.5317156500199 87.1861580940907 88.1778938560859
86.4284596991444 84.7054556385607 89.0332427075126 80.2528274474092 85.3922330330317 86.4785265372237 80.6047544631244 78.823667638893 71.9124372658146 0 83.8946079882559 76.0621707455228 85.7177398286405 90.0672560873655 87.4781281038614 88.3784347830183 87.3630331127546 88.4599765983439
89.0891422958372 87.0933632809799 92.8170956768862 85.907097675858 90.6219626432367 91.2663005831288 87.8876340453048 85.733501459881 81.9401435468265 83.8946079882559 0 80.4078597858648 74.9143176291075 93.2622380948376 91.1709497391209 91.5597464763509 84.5150597129644 85.0796871077196
88.1142143850042 86.3152293981705 90.7410116038612 83.447537158823 87.902244364763 88.6957997331364 84.598216984643 82.7131280942207 74.9227372224544 76.0621707455228 80.4078597858648 0 82.4400394560953 91.0269779280297 88.3089147130826 88.9374319318853 84.8172353991213 86.1703870630815
90.6224344000039 88.9941622002623 93.5519184554454 87.9227019262937 91.5766707252515 92.1235951947825 89.3334960849306 87.7239661854775 84.5187537940415 85.7177398286405 74.9143176291075 82.4400394560953 0 93.5538235691763 91.3887347396581 91.6595314962559 81.8990949334885 82.180272160317
92.7921597234021 92.8300459988529 86.8517554835501 91.4180743112277 87.2668975981248 86.5325456763876 89.5965340919745 91.0632682823266 91.0796829323733 90.0672560873655 93.2622380948376 91.0269779280297 93.5538235691763 0 81.1011246996244 81.8630268327687 92.7939844385054 93.5115982640984
91.9896732998006 91.6989549683661 88.2390343987537 89.9111744682843 86.9312422033652 86.7266770160496 88.1558435155345 89.4344587975798 88.7812980408979 87.4781281038614 91.1709497391209 88.3089147130826 91.3887347396581 81.1011246996244 0 71.0048541932678 90.1896051641189 91.1411753117189
92.68916802751 92.3778571259503 89.281318475253 90.7246856097169 88.2188118604906 88.0300950629994 89.2202600224785 90.2865397631111 89.5317156500199 88.3784347830183 91.5597464763509 88.9374319318853 91.6595314962559 81.8630268327687 71.0048541932678 0 90.2031581390051 91.1324215788973
92.5680850401152 91.4234800451146 93.867562423062 90.1466578511299 92.1356894771623 92.5317848720839 90.6374962592738 89.8407060713916 87.1861580940907 87.3630331127546 84.5150597129644 84.8172353991213 81.8990949334885 92.7939844385054 90.1896051641189 90.2031581390051 0 71.5879170280032
93.050534292544 91.9280437922403 94.4834344347471 90.8378353124009 92.860843342641 93.2386197736107 91.4121890441111 90.5836316940443 88.1778938560859 88.4599765983439 85.0796871077196 86.1703870630815 82.180272160317 93.5115982640984 91.1411753117189 91.1324215788973 71.5879170280032 0
