0 89.371924760187 91.8044428737472 78.2511598923979 86.1664750873007 87.4269372455433 91.5747935068004 91.700631133143 84.9659509602808 91.2343328039695 91.6000640683998 91.613301340231 90.2950654035108 93.8403412370211 92.5059570725837 91.7441879861927 90.9368178278012 89.7451826639983
89.371924760187 0 80.1288824412368 91.1676208475889 81.561630208681 80.7750878561122 83.440211413787 84.6224845236715 90.8115021815894 86.3152293981705 87.94219219072 88.6548006238839 90.0278793308302 89.6666483480365 89.4440270244265 89.5771606201419 90.0244325396595 92.2405582226928
91.8044428737472 80.1288824412368 0 93.0867412389314 85.8203757673713 84.6669329609772 80.0814756595712 82.0154368322127 92.3528148491606 85.4550587108594 87.2876256527328 88.2195629154254 90.526296698297 87.7647878994723 88.6308653817916 89.3217457522892 90.270103721958 93.0811701290871
78.2511598923979 91.1676208475889 93.0867412389314 0 88.2097943381431 89.1361436054588 92.5954835348373 92.6215300345053 82.8884805545587 91.955651003641 92.1091001191361 92.0025245385978 90.2005449578679 94.3312874520521 92.8542362364841 91.9693890769997 90.9437714085026 88.6141533493672
86.1664750873007 81.561630208681 85.8203757673713 88.2097943381431 0 70.237526392877 84.9192614761152 85.2922183444072 87.1426142386487 85.0325173442018 86.3531451203291 86.8148321182775 87.0521547321062 89.6426912422026 88.1657587650249 87.5878764215456 87.4034512316464 89.4301536759735
87.4269372455433 80.7750878561122 84.6669329609772 89.1361436054588 70.237526392877 0 83.1679005025265 83.6033008406848 87.7783103125321 83.4499763303665 85.1507132638464 85.7863355292019 86.6436423952018 88.6994416157976 87.2239249403633 86.7696515306304 86.8506411936609 89.5413226105397
91.5747935068004 83.440211413787 80.0814756595712 92.5954835348373 84.9192614761152 83.1679005025265 0 68.103370572082 91.1411444397705 78.9642297145514 82.3834941906161 83.9903961178617 87.8524548406693 83.8703271661733 84.5667262415201 85.7376505077114 87.3382020284199 91.4184221916742
91.700631133143 84.6224845236715 82.0154368322127 92.6215300345053 85.2922183444072 83.6033008406848 68.103370572082 0 90.9822487981031 76.5304228410657 80.6747067300898 82.6135550936366 87.187080308223 82.5570171580838 83.1706345254939 84.6354957098355 86.5495758812333 91.0632682823266
84.9659509602808 90.8115021815894 92.3528148491606 82.8884805545587 87.1426142386487 87.7783103125321 91.1411444397705 90.9822487981031 0 89.7170505944318 89.5501356589121 89.2047333150932 85.8381171575848 92.4600994442045 90.2982789201628 88.9021373091748 87.1112419990312 82.4108172720404
91.2343328039695 86.3152293981705 85.4550587108594 91.955651003641 85.0325173442018 83.4499763303665 78.9642297145514 76.5304228410657 89.7170505944318 0 72.9884696637254 76.9312422033652 84.2454842100644 82.1226754861304 79.0602683572236 80.4372372021832 83.2631274040491 89.3905934154663
91.6000640683998 87.94219219072 87.2876256527328 92.1091001191361 86.3531451203291 85.1507132638464 82.3834941906161 80.6747067300898 89.5501356589121 72.9884696637254 0 68.6831283835726 82.5570171580838 81.557464056209 73.7989102258118 75.9275829742376 80.9295612453604 88.6383261843344
91.613301340231 88.6548006238839 88.2195629154254 92.0025245385978 86.8148321182775 85.7863355292019 83.9903961178617 82.6135550936366 89.2047333150932 76.9312422033652 68.6831283835726 0 80.9964326306154 82.4936594236437 72.3250269157574 70.9865508735604 78.7608908822587 87.9199887622108
90.2950654035108 90.0278793308302 90.526296698297 90.2005449578679 87.0521547321062 86.6436423952018 87.8524548406693 87.187080308223 85.8381171575848 84.2454842100644 82.5570171580838 80.9964326306154 0 87.7219321683828 83.0838239298534 79.0453738154307 69.9583224175684 82.7173187497867
93.8403412370211 89.6666483480365 87.7647878994723 94.3312874520521 89.6426912422026 88.6994416157976 83.8703271661733 82.5570171580838 92.4600994442045 82.1226754861304 81.557464056209 82.4936594236437 87.7219321683828 0 80.1441829470578 83.7989102258118 86.6323912855628 91.5766707252515
92.5059570725837 89.4440270244265 88.6308653817916 92.8542362364841 88.1657587650249 87.2239249403633 84.5667262415201 83.1706345254939 90.2982789201628 79.0602683572236 73.7989102258118 72.3250269157574 83.0838239298534 80.1441829470578 0 74.5438539633256 81.075352218502 88.8726286846659
91.7441879861927 89.5771606201419 89.3217457522892 91.9693890769997 87.5878764215456 86.7696515306304 85.7376505077114 84.6354957098355 88.9021373091748 80.4372372021832 75.9275829742376 70.9865508735604 79.0453738154307 83.7989102258118 74.5438539633256 0 75.5372620133263 87.0200315026164
90.9368178278012 90.0244325396595 90.270103721958 90.9437714085026 87.4034512316464 86.8506411936609 87.3382020284199 86.5495758812333 87.1112419990312 83.2631274040491 80.9295612453604 78.7608908822587 69.9583224175684 86.6323912855628 81.075352218502 75.5372620133263 0 84.3279020717801
89.7451826639983 92.2405582226928 93.0811701290871 88.6141533493672 89.4301536759735 89.5413226105397 91.4184221916742 91.0632682823266 82.4108172720404 89.3905934154663 88.6383261843344 87.9199887622108 82.7173187497867 91.5766707252515 88.8726286846659 87.0200315026164 84.3279020717801 0
