0 83.0612101326941 89.7191444945792 83.3335333771929 86.5186987195063 90.6585684894782 89.6143424013326 90.6174064513136 92.7840952884304 93.3267091622505 93.8311251911629 95.0828623759092 96.0062181031297 96.3465161620972 97.057710532077 98.1083618489388 98.2766413234195 98.8244997797318
83.0612101326941 0 83.4292414601956 86.2919759029541 83.1259623598784 86.451907100493 90.6333976672685 89.5743815061153 90.5714370647271 93.7792346143012 93.3029861309382 93.8329117112003 96.278546373774 96.0592845362561 96.2856376531274 98.2853655044724 98.0828604002077 98.3133333160572
89.7191444945792 83.4292414601956 0 90.6518580628291 86.2910216657063 83.212477761396 92.8808970926227 90.6515256524635 89.4667320542909 95.0260476578558 93.7818285028456 93.2799482419766 97.0559985712468 96.3406098723314 95.9719366560588 98.8051546191004 98.2592318642826 98.1141721683788
83.3335333771929 86.2919759029541 90.6518580628291 0 83.1603984203911 89.4406805342645 82.9549179705803 86.0781156328871 90.4428782972252 89.4064219348453 90.4566417448635 92.7121431914898 93.2291242457424 93.7778645147667 94.9500411476867 95.9615852006507 96.2156313494564 97.0164394650081
86.5186987195063 83.1259623598784 86.2910216657063 83.1603984203911 0 82.7762975311982 86.5254519579103 83.0925763258676 86.1018662478796 90.5607742706089 89.4791968527888 90.528715507927 93.815813266037 93.3724355896169 93.7576407127219 96.3125573613383 95.9833300967498 96.3048297335713
90.6585684894782 86.451907100493 83.212477761396 89.4406805342645 82.7762975311982 0 90.595809981905 86.2657160329272 82.7738740391469 92.6526495786722 90.4235845604245 89.4002502761285 94.9776763396687 93.8123692169655 93.224680490306 97.0221599090536 96.2229079999737 95.9996419222724
89.6143424013326 90.6333976672685 92.8808970926227 82.9549179705803 86.5254519579103 90.595809981905 0 83.0753696542463 89.5851675904364 82.9238129881581 86.3502730168524 90.6750730230248 89.4531978660848 90.6147755161439 92.7661380165373 93.2972666154873 93.7770128032342 95.060474673324
90.6174064513136 89.5743815061153 90.6515256524635 86.0781156328871 83.0925763258676 86.2657160329272 83.0753696542463 0 83.1506876265656 86.0959607993887 82.9319005887304 86.401035531371 90.5164012985976 89.5998867592864 90.5539646741302 93.8062678887311 93.2815480607006 93.8525957046239
92.7840952884304 90.5714370647271 89.4667320542909 90.4428782972252 86.1018662478796 82.7738740391469 89.5851675904364 83.1506876265656 0 90.4950236203719 86.2058702096992 83.0811805918176 92.7782857133112 90.6938727239536 89.5336133843676 95.0756764126622 93.8116327832642 93.4054364871812
93.3267091622505 93.7792346143012 95.0260476578558 89.4064219348453 90.5607742706089 92.6526495786722 82.9238129881581 86.0959607993887 90.4950236203719 0 83.0224521951793 89.53753460238 83.0463287054475 86.2685404008509 90.504536037667 89.5724930047484 90.5317661675461 92.7550129353471
93.8311251911629 93.3029861309382 93.7818285028456 90.4566417448635 89.4791968527888 90.4235845604245 86.3502730168524 82.9319005887304 86.2058702096992 83.0224521951793 0 83.1082285484215 86.4061562347732 83.3265649614963 86.2396796292565 90.6750095875798 89.5430714652742 90.632265726981
95.0828623759092 93.8329117112003 93.2799482419766 92.7121431914898 90.528715507927 89.4002502761285 90.6750730230248 86.401035531371 83.0811805918176 89.53753460238 83.1082285484215 0 90.6723431192485 86.5654770722825 83.045847898996 92.8717276386394 90.6114701107255 89.6548045104545
96.0062181031297 96.278546373774 97.0559985712468 93.2291242457424 93.815813266037 94.9776763396687 89.4531978660848 90.5164012985976 92.7782857133112 83.0463287054475 86.4061562347732 90.6723431192485 0 83.0086529922339 89.5718190977339 83.1547698341037 86.3253783614443 90.6042065971913
96.3465161620972 96.0592845362561 96.3406098723314 93.7778645147667 93.3724355896169 93.8123692169655 90.6147755161439 89.5998867592864 90.6938727239536 86.2685404008509 83.3265649614963 86.5654770722825 83.0086529922339 0 83.1965381619432 86.2307790337708 82.8117128312834 86.2990342290866
97.057710532077 96.2856376531274 95.9719366560588 94.9500411476867 93.7576407127219 93.224680490306 92.7661380165373 90.5539646741302 89.5336133843676 90.504536037667 86.2396796292565 83.045847898996 89.5718190977339 83.1965381619432 0 90.6569688505147 86.313721263114 83.3175459940796
98.1083618489388 98.2853655044724 98.8051546191004 95.9615852006507 96.3125573613383 97.0221599090536 93.2972666154873 93.8062678887311 95.0756764126622 89.5724930047484 90.6750095875798 92.8717276386394 83.1547698341037 86.2307790337708 90.6569688505147 0 83.1924445067684 89.5452599270672
98.2766413234195 98.0828604002077 98.2592318642826 96.2156313494564 95.9833300967498 96.2229079999737 93.7770128032342 93.2815480607006 93.8116327832642 90.5317661675461 89.5430714652742 90.6114701107255 86.3253783614443 82.8117128312834 86.313721263114 83.1924445067684 0 82.9554175310475
98.8244997797318 98.3133333160572 98.1141721683788 97.0164394650081 96.3048297335713 95.9996419222724 95.060474673324 93.8525957046239 93.4054364871812 92.7550129353471 90.632265726981 89.6548045104545 90.6042065971913 86.2990342290866 83.3175459940796 89.5452599270672 82.9554175310475 0
