0 83.0338150845657 89.5470826072641 83.0221954054443 86.3187105085319 90.4554692540108 89.6207196928192 90.5320808564105 92.7904461287512 93.317874578442 93.8647172585881 95.0034541220325 96.0122202632765 96.3036621358001 97.034758058111 98.1035675137901 98.294479187537 98.7974255171946
83.0338150845657 0 83.1164759629274 86.3160781033273 83.1671833153913 86.2242907572929 90.6765876312753 89.5350789609277 90.6818690335054 93.8652462863711 93.4057078256898 93.8045498649779 96.3130530927446 96.0408822142287 96.3143675208404 98.3006968220173 98.1276336383663 98.3180001235559
89.5470826072641 83.1164759629274 0 90.5901034164577 86.3211708535844 83.1571760102445 92.8291063237359 90.5665736471472 89.6695876821634 95.0944788555269 93.8714368417953 93.2955580702842 97.0592035488707 96.3064927857474 96.0352347377809 98.7986712235397 98.2963950968649 98.1344863370711
83.0221954054443 86.3160781033273 90.5901034164577 0 83.1020173111906 89.3752669727078 83.2732800434825 86.259694618839 90.5738781547073 89.5509693437529 90.6664011088515 92.7424434771141 93.3412422273915 93.8448202389912 95.021300012589 96.0333423601166 96.326547499624 97.0690748433118
86.3187105085319 83.1671833153913 86.3211708535844 83.1020173111906 0 82.6999007605759 86.3926579260565 82.9579145009004 86.3190921463297 90.6352495825135 89.609991457225 90.5105174975006 93.8147237402157 93.3310781376087 93.800184244538 96.3007796343959 96.0271618450579 96.313760724041
90.4554692540108 86.2242907572929 83.1571760102445 89.3752669727078 82.6999007605759 0 90.4695099216388 86.0788777858848 83.2446225820065 92.7497401338158 90.5502009214252 89.4534485027735 94.9747516535663 93.7716697354456 93.3286220282921 97.0130831029152 96.2762060286638 96.039688077026
89.6207196928192 90.6765876312753 92.8291063237359 83.2732800434825 86.3926579260565 90.4695099216388 0 83.0288638415074 89.4553646876027 82.8830934218916 86.3103190265407 90.4984833821207 89.4587363789535 90.5368681147679 92.6728589461847 93.2849345024142 93.7965704314018 95.0004494450579
90.5320808564105 89.5350789609277 90.5665736471472 86.259694618839 82.9579145009004 86.0788777858848 83.0288638415074 0 82.9469358778755 86.4728973730926 83.3148509517021 86.2808939422428 90.6077019337233 89.6023487080031 90.5935644787405 93.850506187773 93.3824059699383 93.8735721214604
92.7904461287512 90.6818690335054 89.6695876821634 90.5738781547073 86.3190921463297 83.2446225820065 89.4553646876027 82.9469358778755 0 90.5876513849643 86.1667800286101 82.7104350248626 92.6688606011294 90.4556130155599 89.4553761090468 94.965119677195 93.7465541507332 93.3037723891156
93.317874578442 93.8652462863711 95.0944788555269 89.5509693437529 90.6352495825135 92.7497401338158 82.8830934218916 86.4728973730926 90.5876513849643 0 83.3970835305824 89.6603701083295 83.1001858703239 86.5076428629569 90.5988455423162 89.5742915864423 90.6948747419458 92.8312112387427
93.8647172585881 93.4057078256898 93.8714368417953 90.6664011088515 89.609991457225 90.5502009214252 86.3103190265407 83.3148509517021 86.1667800286101 83.3970835305824 0 82.980001161015 86.2270169713921 82.9418758103808 86.0903642298244 90.5325042815759 89.4997277310524 90.527198359208
95.0034541220325 93.8045498649779 93.2955580702842 92.7424434771141 90.5105174975006 89.4534485027735 90.4984833821207 86.2808939422428 82.7104350248626 89.6603701083295 82.980001161015 0 90.5683027429533 86.3200511079551 83.2513591451612 92.7877229659486 90.6325309512916 89.6817718540483
96.0122202632765 96.3130530927446 97.0592035488707 93.3412422273915 93.8147237402157 94.9747516535663 89.4587363789535 90.6077019337233 92.6688606011294 83.1001858703239 86.2270169713921 90.5683027429533 0 83.088891155444 89.3694603543569 83.1067843073545 86.3562752137442 90.4925963691228
96.3036621358001 96.0408822142287 96.3064927857474 93.8448202389912 93.3310781376087 93.7716697354456 90.5368681147679 89.6023487080031 90.4556130155599 86.5076428629569 82.9418758103808 86.3200511079551 83.088891155444 0 82.7017307387309 86.3115191638386 83.112513412832 86.2121141204386
97.034758058111 96.3143675208404 96.0352347377809 95.021300012589 93.800184244538 93.3286220282921 92.6728589461847 90.5935644787405 89.4553761090468 90.5988455423162 86.0903642298244 83.2513591451612 89.3694603543569 82.7017307387309 0 90.4333110220701 86.1220351242249 83.1696751078899
98.1035675137901 98.3006968220173 98.7986712235397 96.0333423601166 96.3007796343959 97.0130831029152 93.2849345024142 93.850506187773 94.965119677195 89.5742915864423 90.5325042815759 92.7877229659486 83.1067843073545 86.3115191638386 90.4333110220701 0 83.0832651073827 89.3760718445913
98.294479187537 98.1276336383663 98.2963950968649 96.326547499624 96.0271618450579 96.2762060286638 93.7965704314018 93.3824059699383 93.7465541507332 90.6948747419458 89.4997277310524 90.6325309512916 86.3562752137442 83.112513412832 86.1220351242249 83.0832651073827 0 82.7211960027657
98.7974255171946 98.3180001235559 98.1344863370711 97.0690748433118 96.313760724041 96.039688077026 95.0004494450579 93.8735721214604 93.3037723891156 92.8312112387427 90.527198359208 89.6817718540483 90.4925963691228 86.2121141204386 83.1696751078899 89.3760718445913 82.7211960027657 0
