0 82.7135725761926 89.5209474200204 82.8935048156372 86.0833727703846 90.4282136899175 89.4683010029383 90.5759135402743 92.6819440907504 93.2990429713987 93.7913466790142 94.9566974998208 96.0277670308555 96.2422507573458 97.0539598309427 98.1019236556883 98.2962453644082 98.7385626816315
82.7135725761926 0 83.3736190616318 86.238247548939 83.0505526490641 86.3030570453174 90.4853776363831 89.5656495207501 90.5980914301435 93.8157416040858 93.35751830873 93.7921467530327 96.3080673488423 95.9940218092351 96.346995159189 98.2856616494193 98.1298007167869 98.2606463495354
89.5209474200204 83.3736190616318 0 90.6464290057626 86.3800912384106 82.9161334118516 92.7137186606726 90.5308946750191 89.4868716972112 95.0564848576788 93.8330544844122 93.2427121824534 97.0500647207099 96.2608620768031 96.0249134379084 98.7788464549984 98.2832643488595 98.0444449636045
82.8935048156372 86.238247548939 90.6464290057626 0 83.0430436033772 89.5316555068174 83.1087204580808 86.5494219456544 90.6034883524253 89.5876358489748 90.6589423726536 92.7841474677346 93.4064711213353 93.8280071131299 95.1235071865492 96.0647151334748 96.3768858940148 97.0585611062987
86.0833727703846 83.0505526490641 86.3800912384106 83.0430436033772 0 83.0761264282596 86.1049452399841 83.1398183400043 86.3348497241891 90.5865466243443 89.5958905377314 90.5582025445423 93.8314770170265 93.3075664491255 93.8914761730063 96.3036312023116 96.0591052133399 96.2779824052469
90.4282136899175 86.3030570453174 82.9161334118516 89.5316555068174 83.0761264282596 0 90.434769399357 86.1540565682159 83.1147669995119 92.7805570712656 90.6231837321435 89.4927332390073 95.0275753783497 93.7972927923312 93.3944131745451 97.0431049822591 96.3197298892775 95.9869430874245
89.4683010029383 90.4853776363831 92.7137186606726 83.1087204580808 86.1049452399841 90.434769399357 0 83.0936697830254 89.3709153826931 83.134163940376 86.22328991457 90.4594633970601 89.642134891174 90.5182575203409 92.7825943619647 93.3837586437328 93.8869059360229 94.993162524199
90.5759135402743 89.5656495207501 90.5308946750191 86.5494219456544 83.1398183400043 86.1540565682159 83.0936697830254 0 82.7001704318767 86.4650514447868 83.1215838489559 86.069222297096 90.6247094861993 89.4812979145285 90.5883153177353 93.8367033902939 93.366540615382 93.7415672350911
92.6819440907504 90.5980914301435 89.4868716972112 90.6034883524253 86.3348497241891 83.1147669995119 89.3709153826931 82.7001704318767 0 90.5793816615896 86.3313269549958 82.9255172227071 92.7209983688153 90.5341272496453 89.6192400998199 95.0062408979483 93.8274626342689 93.2766067176549
93.2990429713987 93.8157416040858 95.0564848576788 89.5876358489748 90.5865466243443 92.7805570712656 83.134163940376 86.4650514447868 90.5793816615896 0 83.0890918468791 89.573080320085 83.2181210738453 86.2912683981729 90.6666347969737 89.5985193319531 90.7183962291512 92.7739247851335
93.7913466790142 93.35751830873 93.8330544844122 90.6589423726536 89.5958905377314 90.6231837321435 86.22328991457 83.1215838489559 86.3313269549958 83.0890918468791 0 83.1152220738221 86.1662606390629 82.8990944783795 86.3983931245063 90.5188015322763 89.5785970056765 90.5136820152363
94.9566974998208 93.7921467530327 93.2427121824534 92.7841474677346 90.5582025445423 89.4927332390073 90.4594633970601 86.069222297096 82.9255172227071 89.573080320085 83.1152220738221 0 90.5220331733785 86.3346327538726 83.3635380197128 92.7561185517818 90.6406642146553 89.5368145504931
96.0277670308555 96.3080673488423 97.0500647207099 93.4064711213353 93.8314770170265 95.0275753783497 89.642134891174 90.6247094861993 92.7209983688153 83.2181210738453 86.1662606390629 90.5220331733785 0 82.7641249160629 89.4252178070109 83.0363646621274 86.315189849157 90.4330009648343
96.2422507573458 95.9940218092351 96.2608620768031 93.8280071131299 93.3075664491255 93.7972927923312 90.5182575203409 89.4812979145285 90.5341272496453 86.2912683981729 82.8990944783795 86.3346327538726 82.7641249160629 0 83.1443332039825 86.2347076822739 83.3111518377286 86.312279747254
97.0539598309427 96.346995159189 96.0249134379084 95.1235071865492 93.8914761730063 93.3944131745451 92.7825943619647 90.5883153177353 89.6192400998199 90.6666347969737 86.3983931245063 83.3635380197128 89.4252178070109 83.1443332039825 0 90.4635141937184 86.1824538361646 82.7560201556024
98.1019236556883 98.2856616494193 98.7788464549984 96.0647151334748 96.3036312023116 97.0431049822591 93.3837586437328 93.8367033902939 95.0062408979483 89.5985193319531 90.5188015322763 92.7561185517818 83.0363646621274 86.2347076822739 90.4635141937184 0 83.0364834514312 89.4067672699879
98.2962453644082 98.1298007167869 98.2832643488595 96.3768858940148 96.0591052133399 96.3197298892775 93.8869059360229 93.366540615382 93.8274626342689 90.7183962291512 89.5785970056765 90.6406642146553 86.315189849157 83.3111518377286 86.1824538361646 83.0364834514312 0 82.8350278047481
98.7385626816315 98.2606463495354 98.0444449636045 97.0585611062987 96.2779824052469 95.9869430874245 94.993162524199 93.7415672350911 93.2766067176549 92.7739247851335 90.5136820152363 89.5368145504931 90.4330009648343 86.312279747254 82.7560201556024 89.4067672699879 82.8350278047481 0
