0 83.3378778040035 89.5226943228011 83.0452281093149 86.3940201321944 90.5989149879388 89.4107204467546 90.4624743486962 92.7185411985039 93.2524276587053 93.7570808503302 94.9857933668741 96.0055782277106 96.2593891395124 97.0113011783884 98.0462399513752 98.2875184352087 98.8041638176739
83.3378778040035 0 82.7541496101842 86.5162361245675 83.1175260172057 86.2605576251673 90.5389664836215 89.4724750392085 90.5064242227239 93.8283066758253 93.2775240744284 93.7647454761979 96.3404794258959 96.0136022412402 96.2492402382716 98.2585572280849 98.1308703621408 98.301376026648
89.5226943228011 82.7541496101842 0 90.6408564956987 86.2666533585363 83.3761469845976 92.718236734623 90.5965650030228 89.6175319627611 95.0685285404048 93.7986911876712 93.3610126664249 97.1114930703655 96.3384948473886 96.0109499093648 98.7795268067952 98.3424690550723 98.1533715670668
83.0452281093149 86.5162361245675 90.6408564956987 0 83.3692601192922 89.5805290445452 82.8337081565121 86.176392719996 90.5413741464257 89.4409185943245 90.5345741256172 92.7249584387219 93.32476170293 93.7812455648351 95.0130363117268 95.956090985111 96.3139752329164 97.0860567312228
86.3940201321944 83.1175260172057 86.2666533585363 83.3692601192922 0 82.8406927703003 86.2289447766465 82.8842123749153 86.0991246407087 90.5977806548303 89.4421191921038 90.4695932019499 93.8680801437629 93.3114436896597 93.7431136407129 96.2584596963513 96.043700315674 96.3115409170127
90.5989149879388 86.2605576251673 83.3761469845976 89.5805290445452 82.8406927703003 0 90.4466180590928 86.2076117416199 82.9098163322455 92.7484203596115 90.4265433602422 89.4356740086022 95.04954405379 93.7880454381516 93.2192888025647 96.982333134433 96.3033051246124 96.0060862742118
89.4107204467546 90.5389664836215 92.718236734623 82.8337081565121 86.2289447766465 90.4466180590928 0 82.7746253985009 89.3778832706516 83.1116877658462 86.2875030708676 90.4687364914125 89.6564787482328 90.5692077997515 92.7508714742556 93.3296409640161 93.886091059269 95.1020522117711
90.4624743486962 89.4724750392085 90.5965650030228 86.176392719996 82.8842123749153 86.2076117416199 82.7746253985009 0 83.035547456338 86.3454684859133 83.0643565789576 86.3294027639111 90.6819844787881 89.6104866490881 90.6153325998415 93.7971377266813 93.4296876202671 93.9256154436572
92.7185411985039 90.5064242227239 89.6175319627611 90.5413741464257 86.0991246407087 82.9098163322455 89.3778832706516 83.035547456338 0 90.5665143973955 86.0804458094437 83.0173952346994 92.8010360043789 90.5891265848344 89.4600924528481 94.9706079141406 93.8638814047858 93.3707502111396
93.2524276587053 93.8283066758253 95.0685285404048 89.4409185943245 90.5977806548303 92.7484203596115 83.1116877658462 86.3454684859133 90.5665143973955 0 83.3713012885121 89.5437624618723 83.2594410244416 86.3460422004017 90.6717424709333 89.5276106786185 90.7057058621674 92.9116054490881
93.7570808503302 93.2775240744284 93.7986911876712 90.5345741256172 89.4421191921038 90.4265433602422 86.2875030708676 83.0643565789576 86.0804458094437 83.3713012885121 0 82.7625573392807 86.5712033203629 83.2208547036047 86.2699444848404 90.5930924879545 89.6994068530558 90.6936463628099
94.9857933668741 93.7647454761979 93.3610126664249 92.7249584387219 90.4695932019499 89.4356740086022 90.4687364914125 86.3294027639111 83.0173952346994 89.5437624618723 82.7625573392807 0 90.6115520311645 86.343766693171 82.9601563643791 92.6862535051263 90.6582731702116 89.6324770147046
96.0055782277106 96.3404794258959 97.1114930703655 93.32476170293 93.8680801437629 95.04954405379 89.6564787482328 90.6819844787881 92.8010360043789 83.2594410244416 86.5712033203629 90.6115520311645 0 83.0439560555819 89.6651641277137 82.8491605689091 86.3787226872993 90.7119356628166
96.2593891395124 96.0136022412402 96.3384948473886 93.7812455648351 93.3114436896597 93.7880454381516 90.5692077997515 89.6104866490881 90.5891265848344 86.3460422004017 83.2208547036047 86.343766693171 83.0439560555819 0 83.3398630331244 86.0827885431071 83.2382486013283 86.5326257948237
97.0113011783884 96.2492402382716 96.0109499093648 95.0130363117268 93.7431136407129 93.2192888025647 92.7508714742556 90.6153325998415 89.4600924528481 90.6717424709333 86.2699444848404 82.9601563643791 89.6651641277137 83.3398630331244 0 90.5752292941721 86.5589026322208 83.3573077158686
98.0462399513752 98.2585572280849 98.7795268067952 95.956090985111 96.2584596963513 96.982333134433 93.3296409640161 93.7971377266813 94.9706079141406 89.5276106786185 90.5930924879545 92.6862535051263 82.8491605689091 86.0827885431071 90.5752292941721 0 82.8560652434796 89.552906354166
98.2875184352087 98.1308703621408 98.3424690550723 96.3139752329164 96.043700315674 96.3033051246124 93.886091059269 93.4296876202671 93.8638814047858 90.7057058621674 89.6994068530558 90.6582731702116 86.3787226872993 83.2382486013283 86.5589026322208 82.8560652434796 0 83.3033595071432
98.8041638176739 98.301376026648 98.1533715670668 97.0860567312228 96.3115409170127 96.0060862742118 95.1020522117711 93.9256154436572 93.3707502111396 92.9116054490881 90.6936463628099 89.6324770147046 90.7119356628166 86.5326257948237 83.3573077158686 89.552906354166 83.3033595071432 0
