0 83.0524082232598 89.5672658524611 82.9602272310837 86.310801004315 90.5758965898982 89.4770889266065 90.5997513561238 92.737102922918 93.3426283612809 93.8053372788033 95.0114998767689 96.0256319108606 96.2467604792677 97.016719061613 98.0859685441191 98.2881262616246 98.7900818223233
83.0524082232598 0 83.1419624554296 86.530275838713 83.3721914175589 86.4486068837891 90.6221199906962 89.7015677091279 90.6180749459398 93.9084419009622 93.4260061871821 93.8510231219926 96.3824704271078 96.024307302187 96.3112099884452 98.3158812721869 98.1650379660432 98.327859697243
89.5672658524611 83.1419624554296 0 90.7350455068356 86.4311008641076 83.2324382100215 92.7752457184847 90.6736172866994 89.4977258220074 95.0892009616885 93.8955577567151 93.3062277473172 97.1187952936474 96.2746439464371 95.9894299140568 98.7990595574166 98.3277499783071 98.1140807620048
82.9602272310837 86.530275838713 90.7350455068356 0 83.3583614270545 89.6843086462713 83.0629477005824 86.5342823181133 90.7135015729506 89.6225559207605 90.6586657703911 92.8581121508058 93.381164199221 93.8243904634967 95.0787040726148 96.0287086614837 96.3499332461402 97.1128682643277
86.310801004315 83.3721914175589 86.4311008641076 83.3583614270545 0 83.0643159685022 86.1735097417104 83.0844399091485 86.2200678616661 90.5746142814957 89.5363494734293 90.5110715594952 93.8412351490028 93.2386837883748 93.7485937553243 96.2657027239013 96.0217911118097 96.2847766906974
90.5758965898982 86.4486068837891 83.2324382100215 89.6843086462713 83.0643159685022 0 90.51157842755 86.3138177656108 82.8149054150185 92.7661209565019 90.6211205197702 89.4270930347435 95.0771323020801 93.7330305162129 93.240165343449 97.0231423060549 96.313652764869 95.9937648199699
89.4770889266065 90.6221199906962 92.7752457184847 83.0629477005824 86.1735097417104 90.51157842755 0 82.97856491507 89.5380266048849 83.2418472470829 86.2400000210113 90.5763804686022 89.6300829459084 90.5424283273698 92.754144414798 93.3515050793007 93.857483129137 95.0711628811154
90.5997513561238 89.7015677091279 90.6736172866994 86.5342823181133 83.0844399091485 86.3138177656108 82.97856491507 0 83.1579431931496 86.2740933684503 83.0450290665654 86.2356524328285 90.6198029764894 89.4003825757323 90.4894538293447 93.771889222597 93.3333220935779 93.8032457119775
92.737102922918 90.6180749459398 89.4977258220074 90.7135015729506 86.2200678616661 82.8149054150185 89.5380266048849 83.1579431931496 0 90.6493970875523 86.5687531314869 83.0930528355422 92.9137720590011 90.5817261269709 89.5368037340434 95.0735491150215 93.9281376858114 93.3845511962443
93.3426283612809 93.9084419009622 95.0892009616885 89.6225559207605 90.5746142814957 92.7661209565019 83.2418472470829 86.2740933684503 90.6493970875523 0 82.8119990067017 89.5699806917321 83.074474661231 86.1848359032879 90.5474368013354 89.4905458703584 90.5572305131582 92.7777011025529
93.8053372788033 93.4260061871821 93.8955577567151 90.6586657703911 89.5363494734293 90.6211205197702 86.2400000210113 83.0450290665654 86.5687531314869 82.8119990067017 0 83.3762203153973 86.3127701785701 82.8165204845253 86.3305997562451 90.4814075471578 89.5634029857846 90.6233107309909
95.0114998767689 93.8510231219926 93.3062277473172 92.8581121508058 90.5110715594952 89.4270930347435 90.5763804686022 86.2356524328285 83.0930528355422 89.5699806917321 83.3762203153973 0 90.7526029551734 86.3042651264608 83.0362075549496 92.8047382987445 90.737618145024 89.6152405246056
96.0256319108606 96.3824704271078 97.1187952936474 93.381164199221 93.8412351490028 95.0771323020801 89.6300829459084 90.6198029764894 92.9137720590011 83.074474661231 86.3127701785701 90.7526029551734 0 83.3475563768924 89.6892357777854 82.9713627900272 86.3500742590404 90.7014355732099
96.2467604792677 96.024307302187 96.2746439464371 93.8243904634967 93.2386837883748 93.7330305162129 90.5424283273698 89.4003825757323 90.5817261269709 86.1848359032879 82.8165204845253 86.3042651264608 83.3475563768924 0 83.0866217506486 86.3613654144835 83.3645843113139 86.4258696136136
97.016719061613 96.3112099884452 95.9894299140568 95.0787040726148 93.7485937553243 93.240165343449 92.754144414798 90.4894538293447 89.5368037340434 90.5474368013354 86.3305997562451 83.0362075549496 89.6892357777854 83.0866217506486 0 90.60182469895 86.5681732285829 83.2488576476063
98.0859685441191 98.3158812721869 98.7990595574166 96.0287086614837 96.2657027239013 97.0231423060549 93.3515050793007 93.771889222597 95.0735491150215 89.4905458703584 90.4814075471578 92.8047382987445 82.9713627900272 86.3613654144835 90.60182469895 0 82.794075130592 89.5448970184769
98.2881262616246 98.1650379660432 98.3277499783071 96.3499332461402 96.0217911118097 96.313652764869 93.857483129137 93.3333220935779 93.9281376858114 90.5572305131582 89.5634029857846 90.737618145024 86.3500742590404 83.3645843113139 86.5681732285829 82.794075130592 0 83.3449678484966
98.7900818223233 98.327859697243 98.1140807620048 97.1128682643277 96.2847766906974 95.9937648199699 95.0711628811154 93.8032457119775 93.3845511962443 92.7777011025529 90.6233107309909 89.6152405246056 90.7014355732099 86.4258696136136 83.2488576476063 89.5448970184769 83.3449678484966 0
