0 83.0999093095189 89.520609336216 82.9495744562275 86.1747244930143 90.5652234803926 89.4148875838823 90.561263292983 92.7198699536579 93.2991361909308 93.7885603442368 94.9925706144748 95.9529406226445 96.3155304211322 97.0392922828777 98.0547013174272 98.2920889517314 98.774537679457
83.0999093095189 0 82.9972138760074 86.0913664048079 82.7997967403726 86.2479323868529 90.4835807219431 89.4287320707898 90.4833925433688 93.7601870937904 93.2536525412114 93.7458420899649 96.237511230214 96.0252644394888 96.2546625651066 98.2381726235761 98.0943411617839 98.2600129958371
89.520609336216 82.9972138760074 0 90.4351460074451 86.2152329225029 83.1239581187449 92.7310939408008 90.4704356587423 89.4897510748963 94.9926993530859 93.753439983459 93.2901533000588 97.0227190758267 96.3284366995303 95.9817819533148 98.7690929119507 98.2870395939684 98.1020493673305
82.9495744562275 86.0913664048079 90.4351460074451 0 82.7390903941744 89.3719290991315 82.9470104475178 86.2570759990167 90.4299114060926 89.560348294517 90.548516515209 92.6724887557172 93.288743968546 93.8514672566308 95.0168873790844 95.9920608673759 96.3251278741028 97.0303860568692
86.1747244930143 82.7997967403726 86.2152329225029 82.7390903941744 0 83.060697187149 86.3025605843225 83.1141302730395 86.3207696077742 90.5846034111158 89.5647477559013 90.5971835006072 93.820392870117 93.4310209047071 93.8563698499601 96.3058287271368 96.0764240995513 96.3360239290647
90.5652234803926 86.2479323868529 83.1239581187449 89.3719290991315 83.060697187149 0 90.5364069380951 86.057609825529 82.9100448517686 92.6827505701804 90.4537366006936 89.4578989990323 94.9952085674527 93.8426147581602 93.2666990632243 97.0215085728091 96.2892097756474 96.0060072121113
89.4148875838823 90.4835807219431 92.7310939408008 82.9470104475178 86.3025605843225 90.5364069380951 0 83.3749584368482 89.5318187912591 83.2381884980573 86.4828952421399 90.5873420395332 89.5462436640122 90.7234746111598 92.8583210812852 93.3406043173836 93.9251604192649 95.0803909536126
90.561263292983 89.4287320707898 90.4704356587423 86.2570759990167 83.1141302730395 86.057609825529 83.3749584368482 0 82.7334010943199 86.3611410510833 83.0736522425135 86.1443368143815 90.6316107332485 89.6775576397633 90.5737445127188 93.8511538655596 93.3975617880341 93.8263765924824
92.7198699536579 90.4833925433688 89.4897510748963 90.4299114060926 86.3207696077742 82.9100448517686 89.5318187912591 82.7334010943199 0 90.469838947449 86.1392384429518 83.0608599899732 92.7609135465549 90.6703609021229 89.5301046558086 95.040682465221 93.8490612257373 93.3698393391103
93.2991361909308 93.7601870937904 94.9926993530859 89.560348294517 90.5846034111158 92.6827505701804 83.2381884980573 86.3611410510833 90.469838947449 0 83.0581068539803 89.3740388321602 82.9181039419862 86.2595195114964 90.5461426613172 89.4800633031156 90.6146045581321 92.6925490437655
93.7885603442368 93.2536525412114 93.753439983459 90.548516515209 89.5647477559013 90.4537366006936 86.4828952421399 83.0736522425135 86.1392384429518 83.0581068539803 0 82.7433693724139 86.4388756598442 83.3366955210914 86.2888556600263 90.6453971922778 89.6443281261305 90.5687630431653
94.9925706144748 93.7458420899649 93.2901533000588 92.6724887557172 90.5971835006072 89.4578989990323 90.5873420395332 86.1443368143815 83.0608599899732 89.3740388321602 82.7433693724139 0 90.5699559033098 86.4003313585738 83.0574884582688 92.7774177004431 90.6072353615012 89.6092162706199
95.9529406226445 96.237511230214 97.0227190758267 93.288743968546 93.820392870117 94.9952085674527 89.5462436640122 90.6316107332485 92.7609135465549 82.9181039419862 86.4388756598442 90.5699559033098 0 83.1430393135096 89.686491822551 83.0992891309878 86.5709093688063 90.6020317165797
96.3155304211322 96.0252644394888 96.3284366995303 93.8514672566308 93.4310209047071 93.8426147581602 90.7234746111598 89.6775576397633 90.6703609021229 86.2595195114964 83.3366955210914 86.4003313585738 83.1430393135096 0 83.2942714212014 86.2127753259185 83.0103449099397 86.182364722355
97.0392922828777 96.2546625651066 95.9817819533148 95.0168873790844 93.8563698499601 93.2666990632243 92.8583210812852 90.5737445127188 89.5301046558086 90.5461426613172 86.2888556600263 83.0574884582688 89.686491822551 83.2942714212014 0 90.7099638004157 86.4188970536588 83.2266706116151
98.0547013174272 98.2381726235761 98.7690929119507 95.9920608673759 96.3058287271368 97.0215085728091 93.3406043173836 93.8511538655596 95.040682465221 89.4800633031156 90.6453971922778 92.7774177004431 83.0992891309878 86.2127753259185 90.7099638004157 0 83.379662945175 89.5322200172186
98.2920889517314 98.0943411617839 98.2870395939684 96.3251278741028 96.0764240995513 96.2892097756474 93.9251604192649 93.3975617880341 93.8490612257373 90.6146045581321 89.6443281261305 90.6072353615012 86.5709093688063 83.0103449099397 86.4188970536588 83.379662945175 0 82.7314283511536
98.774537679457 98.2600129958371 98.1020493673305 97.0303860568692 96.3360239290647 96.0060072121113 95.0803909536126 93.8263765924824 93.3698393391103 92.6925490437655 90.5687630431653 89.6092162706199 90.6020317165797 86.182364722355 83.2266706116151 89.5322200172186 82.7314283511536 0
