0 83.0712541827336 89.7028212748188 82.7922982399569 86.4518590552201 90.7083445980018 89.4566765582291 90.5847674109104 92.7270739493304 93.2906598624323 93.8012656901194 95.036074306352 96.0087169500782 96.2648819902203 97.0366890873019 98.0840335131456 98.2705837037835 98.7893602703407
83.0712541827336 0 83.3883350581094 86.1430396224616 83.0481252524103 86.4649953477221 90.5243831326742 89.4638760674891 90.5011785736238 93.7925953091878 93.2734701444083 93.8120425002275 96.2955232038557 95.9834455747823 96.2777345205873 98.2562612442255 98.0750387032732 98.2811193845609
89.7028212748188 83.3883350581094 0 90.6760809612146 86.3913415498108 83.2741947805259 92.8749266766398 90.5992762218179 89.5365953967581 95.1225770700685 93.8304095389632 93.388223641538 97.1280842508357 96.336381428489 96.045647541782 98.8137221193158 98.2968200690164 98.1386552359471
82.7922982399569 86.1430396224616 90.6760809612146 0 83.3352336633344 89.6692448158752 83.1734491062747 86.493351033205 90.5773844991068 89.6227556842106 90.6772222529716 92.8213711821033 93.4116141530845 93.8542400688099 95.0756856073862 96.0652898327096 96.3492368504848 97.1030435941362
86.4518590552201 83.0481252524103 86.3913415498108 83.3352336633344 0 83.0579637322344 86.41708042501 82.9377678631195 86.0553330885212 90.6271881505434 89.4729828139649 90.5192682334363 93.8595737639969 93.2969022289684 93.7706130632549 96.2885093280666 95.9923494911026 96.2851351199822
90.7083445980018 86.4649953477221 83.2741947805259 89.6692448158752 83.0579637322344 0 90.6866553334031 86.2154552331772 82.8522560323584 92.8390923387497 90.5130048739225 89.5298119123878 95.0927190306021 93.8160713023815 93.3012813308052 97.0402214321533 96.2673889484063 96.0138457287231
89.4566765582291 90.5243831326742 92.8749266766398 83.1734491062747 86.41708042501 90.6866553334031 0 83.4196719117571 89.5639383324263 83.1278608331771 86.4802808717211 90.617471264579 89.6157944024383 90.5995065585208 92.8000304805793 93.3621247033402 93.8710585908481 95.0857743091974
90.5847674109104 89.4638760674891 90.5992762218179 86.493351033205 82.9377678631195 86.2154552331772 83.4196719117571 0 82.7520840740926 86.5161833403356 83.0634871422587 86.2056715569745 90.7126648699773 89.561634517223 90.5470986739333 93.848305309925 93.3426430155042 93.8353774206006
92.7270739493304 90.5011785736238 89.5365953967581 90.5773844991068 86.0553330885212 82.8522560323584 89.5639383324263 82.7520840740926 0 90.6279665887869 86.1775489107392 83.2606185983318 92.8389074724526 90.6290802873997 89.6107298333645 95.0314567002791 93.8182612061782 93.4001259519281
93.2906598624323 93.7925953091878 95.1225770700685 89.6227556842106 90.6271881505434 92.8390923387497 83.1278608331771 86.5161833403356 90.6279665887869 0 83.426285809633 89.5547241520841 83.1594260145275 86.3022679914212 90.5947490956182 89.5649191222738 90.655793139227 92.8125056270398
93.8012656901194 93.2734701444083 93.8304095389632 90.6772222529716 89.4729828139649 90.5130048739225 86.4802808717211 83.0634871422587 86.1775489107392 83.426285809633 0 82.7269326497411 86.5542516843169 83.1185986131814 86.1772315874228 90.6229044280646 89.5671900035023 90.5860494722208
95.036074306352 93.8120425002275 93.388223641538 92.8213711821033 90.5192682334363 89.5298119123878 90.617471264579 86.2056715569745 83.2606185983318 89.5547241520841 82.7269326497411 0 90.5906518989495 86.2623514914789 83.0149437863961 92.6807267667987 90.4765393339579 89.5543132377961
96.0087169500782 96.2955232038557 97.1280842508357 93.4116141530845 93.8595737639969 95.0927190306021 89.6157944024383 90.7126648699773 92.8389074724526 83.1594260145275 86.5542516843169 90.5906518989495 0 83.0700101510338 89.5429019218289 83.0289782978559 86.439796110249 90.5947724865561
96.2648819902203 95.9834455747823 96.336381428489 93.8542400688099 93.2969022289684 93.8160713023815 90.5995065585208 89.561634517223 90.6290802873997 86.3022679914212 83.1185986131814 86.2623514914789 83.0700101510338 0 83.0721483232907 86.1565050238094 83.0851326754332 86.3784215094699
97.0366890873019 96.2777345205873 96.045647541782 95.0756856073862 93.7706130632549 93.3012813308052 92.8000304805793 90.5470986739333 89.6107298333645 90.5947490956182 86.1772315874228 83.0149437863961 89.5429019218289 83.0721483232907 0 90.4419072906616 86.1046681550483 83.1489345051913
98.0840335131456 98.2562612442255 98.8137221193158 96.0652898327096 96.2885093280666 97.0402214321533 93.3621247033402 93.848305309925 95.0314567002791 89.5649191222738 90.6229044280646 92.6807267667987 83.0289782978559 86.1565050238094 90.4419072906616 0 83.0727626140159 89.3690527666714
98.2705837037835 98.0750387032732 98.2968200690164 96.3492368504848 95.9923494911026 96.2673889484063 93.8710585908481 93.3426430155042 93.8182612061782 90.655793139227 89.5671900035023 90.4765393339579 86.439796110249 83.0851326754332 86.1046681550483 83.0727626140159 0 82.7185121324355
98.7893602703407 98.2811193845609 98.1386552359471 97.1030435941362 96.2851351199822 96.0138457287231 95.0857743091974 93.8353774206006 93.4001259519281 92.8125056270398 90.5860494722208 89.5543132377961 90.5947724865561 86.3784215094699 83.1489345051913 89.3690527666714 82.7185121324355 0
