0 83.1292692774624 89.6533240191768 83.1601746224588 86.3323689386314 90.7332941447063 89.6337805135374 90.608962704863 92.8471332131339 93.3187947292954 93.8308839605766 95.1196313545933 96.0159814405165 96.3271749425342 97.1162873850274 98.1013718777156 98.2786789383856 98.7898282221595
83.1292692774624 0 83.232824863239 86.4218690965811 83.1957985593101 86.5031134560776 90.6938100046572 89.6064416514211 90.6450487324826 93.8066080151381 93.3308768562882 93.920887038204 96.2979346977964 96.0618402731807 96.357287763969 98.2976523035008 98.1051263935863 98.2850654056926
89.6533240191768 83.232824863239 0 90.7178842087339 86.5013649323532 83.2018299720622 92.9032257974536 90.6945685326579 89.5717992682958 95.0492239764424 93.8276346008469 93.4478733167456 97.0662675469003 96.3632809205321 96.0664625835408 98.8239734704812 98.3002535293786 98.1064432687949
83.1601746224588 86.4218690965811 90.7178842087339 0 83.0792174560188 89.7295715298524 83.1631409676191 86.3004989923839 90.6914975024414 89.4832680654403 90.5849100026588 92.8491765928307 93.3003656995822 93.8328744968592 95.1112263235156 95.9960268609147 96.2752630823225 97.0413212531532
86.3323689386314 83.1957985593101 86.5013649323532 83.0792174560188 0 83.4322981524452 86.3605459172993 83.0725326725168 86.4190375441534 90.48535762103 89.4835937015082 90.6841759192168 93.7692168769711 93.3494983382674 93.873977618741 96.2842618735281 95.9917811690892 96.2775026632728
90.7332941447063 86.5031134560776 83.2018299720622 89.7295715298524 83.4322981524452 0 90.7551564508307 86.5034591715679 82.9972187760164 92.7776453487737 90.565318504763 89.6571316791019 95.0430163852294 93.8841934763133 93.3537927066715 97.0858622535591 96.2998723540207 95.9922148698203
89.6337805135374 90.6938100046572 92.9032257974536 83.1631409676191 86.3605459172993 90.7551564508307 0 83.0630625532283 89.6972963936515 82.8587428275209 86.3248039022917 90.6357839179675 89.4537413488067 90.5605936547526 92.8546963295584 93.2724139921915 93.7639220232804 95.0084858087007
90.608962704863 89.6064416514211 90.6945685326579 86.3004989923839 83.0725326725168 86.5034591715679 83.0630625532283 0 83.3844833255568 86.1052427152221 82.9520331142779 86.4530678897302 90.4934708131033 89.5729514356079 90.6798625258005 93.8020390851946 93.2972430502601 93.7968617496999
92.8471332131339 90.6450487324826 89.5717992682958 90.6914975024414 86.4190375441534 82.9972187760164 89.6972963936515 83.3844833255568 0 90.5920176761502 86.3178892039562 83.3697993317232 92.7855725928442 90.7126285670055 89.6167859310626 95.1014668786087 93.8474632174183 93.32287737049
93.3187947292954 93.8066080151381 95.0492239764424 89.4832680654403 90.48535762103 92.7776453487737 82.8587428275209 86.1052427152221 90.5920176761502 0 83.0447693317841 89.4399505431472 83.1048183113068 86.2377302372661 90.6445841422013 89.5666135960994 90.5407830285853 92.728082902055
93.8308839605766 93.3308768562882 93.8276346008469 90.5849100026588 89.4835937015082 90.565318504763 86.3248039022917 82.9520331142779 86.3178892039562 83.0447693317841 0 82.8935504740206 86.3091689557862 83.2552123537824 86.4420998360254 90.6618890561456 89.557086506396 90.5545594848181
95.1196313545933 93.920887038204 93.4478733167456 92.8491765928307 90.6841759192168 89.6571316791019 90.6357839179675 86.4530678897302 83.3697993317232 89.4399505431472 82.8935504740206 0 90.436978298327 86.2850097516291 82.9209456220121 92.7324857600688 90.4705417861816 89.3815559245651
96.0159814405165 96.2979346977964 97.0662675469003 93.3003656995822 93.7692168769711 95.0430163852294 89.4537413488067 90.4934708131033 92.7855725928442 83.1048183113068 86.3091689557862 90.436978298327 0 82.7362431707666 89.5679380447906 83.0869848629661 86.1632188151556 90.4893724186019
96.3271749425342 96.0618402731807 96.3632809205321 93.8328744968592 93.3494983382674 93.8841934763133 90.5605936547526 89.5729514356079 90.7126285670055 86.2377302372661 83.2552123537824 86.2850097516291 82.7362431707666 0 83.4425269502525 86.2357580249829 82.9147616307639 86.2780214147111
97.1162873850274 96.357287763969 96.0664625835408 95.1112263235156 93.873977618741 93.3537927066715 92.8546963295584 90.6798625258005 89.6167859310626 90.6445841422013 86.4420998360254 82.9209456220121 89.5679380447906 83.4425269502525 0 90.7047833192357 86.3910405348771 82.90605630336
98.1013718777156 98.2976523035008 98.8239734704812 95.9960268609147 96.2842618735281 97.0858622535591 93.2724139921915 93.8020390851946 95.1014668786087 89.5666135960994 90.6618890561456 92.7324857600688 83.0869848629661 86.2357580249829 90.7047833192357 0 83.1155834304984 89.5885555672238
98.2786789383856 98.1051263935863 98.3002535293786 96.2752630823225 95.9917811690892 96.2998723540207 93.7639220232804 93.2972430502601 93.8474632174183 90.5407830285853 89.557086506396 90.4705417861816 86.1632188151556 82.9147616307639 86.3910405348771 83.1155834304984 0 83.117245335263
98.7898282221595 98.2850654056926 98.1064432687949 97.0413212531532 96.2775026632728 95.9922148698203 95.0084858087007 93.7968617496999 93.32287737049 92.728082902055 90.5545594848181 89.3815559245651 90.4893724186019 86.2780214147111 82.90605630336 89.5885555672238 83.117245335263 0
