0 83.05965639213 89.5329815782473 82.8738318362176 86.105480710177 90.5497087943864 89.6302363295446 90.5253436896608 92.6777162144338 93.3860846096704 93.8454135374427 95.070121688774 95.9771000602215 96.2679446243752 97.0522084935486 98.1337273315758 98.2534212557563 98.7719257290791
83.05965639213 0 83.0636799399057 86.2521105527456 82.9784130136002 86.2060953434276 90.6547984050992 89.528584544798 90.4714955381208 93.878384366957 93.3643264925608 93.8395696354942 96.2637698165859 95.9698323331606 96.2779911413891 98.306702129951 98.0591772932032 98.2620793508215
89.5329815782473 83.0636799399057 0 90.6248307288626 86.5216050673556 83.0698652826399 92.8826992223543 90.7147722962906 89.5821653403439 95.1502943363423 93.9319543072066 93.4154510734841 97.0776303242084 96.3006671707946 96.0389767135347 98.8482139828067 98.2814064068818 98.1293933805292
82.8738318362176 86.2521105527456 90.6248307288626 0 82.8611340631324 89.6084411720676 83.4347715277305 86.3194282360702 90.53493517388 89.7248510891509 90.7091422144824 92.8892763917968 93.3434956470094 93.8558806279298 95.1098481194332 96.107602404436 96.3181296591924 97.0817306363234
86.105480710177 82.9784130136002 86.5216050673556 82.8611340631324 0 83.405197092837 86.3013904218969 83.1372526115399 86.3054480152102 90.6470067596218 89.6445564598447 90.7171787256929 93.7776195332734 93.3022017947659 93.8612629507088 96.3323090230972 95.9907903103165 96.3137158738457
90.5497087943864 86.2060953434276 83.0698652826399 89.6084411720676 83.405197092837 0 90.6897430232336 86.550782454249 83.1527854049134 92.9111799908862 90.7478340032919 89.6729235546876 95.0792446830349 93.824323384071 93.3610567697047 97.1237342574072 96.2981300621123 96.0537952147489
89.6302363295446 90.6547984050992 92.8826992223543 83.4347715277305 86.3013904218969 90.6897430232336 0 82.8441148715529 89.4340571131498 83.0675670555391 86.2413443338634 90.613709325686 89.3779711033982 90.4871718752592 92.7656319203633 93.3291508582645 93.7352106710783 94.977661211827
90.5253436896608 89.528584544798 90.7147722962906 86.3194282360702 83.1372526115399 86.550782454249 82.8441148715529 0 83.0783682900858 86.327123486052 83.207692791071 86.5165223256244 90.4951737185238 89.4697762071316 90.6370635420172 93.8379835303978 93.2742906234529 93.8206164758905
92.6777162144338 90.4714955381208 89.5821653403439 90.53493517388 86.3054480152102 83.1527854049134 89.4340571131498 83.0783682900858 0 90.591529398432 86.369100670311 83.2591338331692 92.7348464678549 90.4938910832504 89.5547552169593 95.0577156163295 93.765897682973 93.3545758821292
93.3860846096704 93.878384366957 95.1502943363423 89.7248510891509 90.6470067596218 92.9111799908862 83.0675670555391 86.327123486052 90.591529398432 0 83.0706109609529 89.6499377287283 82.7415110063246 86.2768017836506 90.6543111837819 89.5456922758937 90.5029772164428 92.7188309354014
93.8454135374427 93.3643264925608 93.9319543072066 90.7091422144824 89.6445564598447 90.7478340032919 86.2413443338634 83.207692791071 86.369100670311 83.0706109609529 0 83.2837780885422 86.1579916941918 82.7831931457645 86.3476095925294 90.5546353351387 89.3910806314201 90.509238658551
95.070121688774 93.8395696354942 93.4154510734841 92.8892763917968 90.7171787256929 89.6729235546876 90.613709325686 86.5165223256244 83.2591338331692 89.6499377287283 83.2837780885422 0 90.6231064906926 86.1759884305453 82.904330205641 92.8007893431036 90.4791693072037 89.4900592801043
95.9771000602215 96.2637698165859 97.0776303242084 93.3434956470094 93.7776195332734 95.0792446830349 89.3779711033982 90.4951737185238 92.7348464678549 82.7415110063246 86.1579916941918 90.6231064906926 0 83.3117911797178 89.6889998875144 83.3952718601383 86.4260511900676 90.5911527050362
96.2679446243752 95.9698323331606 96.3006671707946 93.8558806279298 93.3022017947659 93.824323384071 90.4871718752592 89.4697762071316 90.4938910832504 86.2768017836506 82.7831931457645 86.1759884305453 83.3117911797178 0 83.1210269525954 86.4803995818262 83.054416694021 86.2229658890654
97.0522084935486 96.2779911413891 96.0389767135347 95.1098481194332 93.8612629507088 93.3610567697047 92.7656319203633 90.6370635420172 89.5547552169593 90.6543111837819 86.3476095925294 82.904330205641 89.6889998875144 83.1210269525954 0 90.6673626857547 86.2909363697522 83.1349085324051
98.1337273315758 98.306702129951 98.8482139828067 96.107602404436 96.3323090230972 97.1237342574072 93.3291508582645 93.8379835303978 95.0577156163295 89.5456922758937 90.5546353351387 92.8007893431036 83.3952718601383 86.4803995818262 90.6673626857547 0 83.1074687668034 89.4099780645062
98.2534212557563 98.0591772932032 98.2814064068818 96.3181296591924 95.9907903103165 96.2981300621123 93.7352106710783 93.2742906234529 93.765897682973 90.5029772164428 89.3910806314201 90.4791693072037 86.4260511900676 83.054416694021 86.2909363697522 83.1074687668034 0 82.7712739326897
98.7719257290791 98.2620793508215 98.1293933805292 97.0817306363234 96.3137158738457 96.0537952147489 94.977661211827 93.8206164758905 93.3545758821292 92.7188309354014 90.509238658551 89.4900592801043 90.5911527050362 86.2229658890654 83.1349085324051 89.4099780645062 82.7712739326897 0
